0.0100000000 0.0000003097
0.0200000000 0.0000038177
0.0300000000 0.0000139755
0.0400000000 0.0000318472
0.0500000000 0.0000572490
0.0600000000 0.0000898266
0.0700000000 0.0001292930
0.0800000000 0.0001755248
0.0900000000 0.0002284156
0.1000000000 0.0002880182
0.1100000000 0.0003542768
0.1200000000 0.0004272817
0.1300000000 0.0005070323
0.1400000000 0.0005937095
0.1500000000 0.0006873382
0.1600000000 0.0007879860
0.1700000000 0.0008958392
0.1800000000 0.0010109904
0.1900000000 0.0011335990
0.2000000000 0.0012637697
0.2100000000 0.0014017538
0.2200000000 0.0015476019
0.2300000000 0.0017015910
0.2400000000 0.0018638593
0.2500000000 0.0020346325
0.2600000000 0.0022142418
0.2700000000 0.0024027631
0.2800000000 0.0026006510
0.2900000000 0.0028080975
0.3000000000 0.0030252946
0.3100000000 0.0032527611
0.3200000000 0.0034908335
0.3300000000 0.0037397467
0.3400000000 0.0040000943
0.3500000000 0.0042721431
0.3600000000 0.0045564133
0.3700000000 0.0048534537
0.3800000000 0.0051638416
0.3900000000 0.0054880451
0.4000000000 0.0058268286
0.4100000000 0.0061808549
0.4200000000 0.0065506664
0.4300000000 0.0069371237
0.4400000000 0.0073408192
0.4500000000 0.0077625183
0.4600000000 0.0082030148
0.4700000000 0.0086626327
0.4800000000 0.0091420209
0.4900000000 0.0096416692
0.5000000000 0.0101622441
0.5100000000 0.0107044261
0.5200000000 0.0112692778
0.5300000000 0.0118584663
0.5400000000 0.0124739350
0.5500000000 0.0131179213
0.5600000000 0.0137931722
0.5700000000 0.0145025769
0.5800000000 0.0152489612
0.5900000000 0.0160356961
0.6000000000 0.0168660963
0.6100000000 0.0177436185
0.6200000000 0.0186725189
0.6300000000 0.0196567924
0.6400000000 0.0207010426
0.6500000000 0.0218105171
0.6600000000 0.0229899753
0.6700000000 0.0242448204
0.6800000000 0.0255804130
0.6900000000 0.0270010761
0.7000000000 0.0285107499
0.7100000000 0.0301116993
0.7200000000 0.0318046450
0.7300000000 0.0335889157
0.7400000000 0.0354636687
0.7500000000 0.0374294837
0.7600000000 0.0394911588
0.7700000000 0.0416601746
0.7800000000 0.0439551183
0.7900000000 0.0464026671
0.8000000000 0.0490357812
0.8100000000 0.0518908674
0.8200000000 0.0550067391
0.8300000000 0.0584229044
0.8400000000 0.0621801051
0.8500000000 0.0663172874
0.8600000000 0.0708714043
0.8700000000 0.0758747555
0.8800000000 0.0813496677
0.8900000000 0.0873037833
0.9000000000 0.0937212567
0.9100000000 0.1005569699
0.9200000000 0.1077307837
0.9300000000 0.1151300715
0.9400000000 0.1226175149
0.9500000000 0.1300495628
0.9600000000 0.1372954234
0.9700000000 0.1442561975
0.9800000000 0.1508761147
0.9900000000 0.1571525856
1.0000000000 0.1631385914
1.0100000000 0.1689429131
1.0200000000 0.1747168837
1.0300000000 0.1806343919
1.0400000000 0.1868709910
1.0500000000 0.1935880676
1.0600000000 0.2009374623
1.0700000000 0.2090724459
1.0800000000 0.2181604805
1.0900000000 0.2283851408
1.1000000000 0.2399321918
1.1100000000 0.2529604038
1.1200000000 0.2675645227
1.1300000000 0.2837396024
1.1400000000 0.3013449118
1.1500000000 0.3200902041
1.1600000000 0.3395432968
1.1700000000 0.3591877837
1.1800000000 0.3785270109
1.1900000000 0.3972166322
1.2000000000 0.4151912037
1.2100000000 0.4327135684
1.2200000000 0.4503347405
1.2300000000 0.4687631119
1.2400000000 0.4886921142
1.2500000000 0.5106366953
1.2600000000 0.5348052990
1.2700000000 0.5610293884
1.2800000000 0.5887529995
1.2900000000 0.6170918239
1.3000000000 0.6449697009
1.3100000000 0.6712947688
1.3200000000 0.6951399032
1.3300000000 0.7158641465
1.3400000000 0.7331584946
1.3500000000 0.7470542384
1.3600000000 0.7579248003
1.3700000000 0.7664941280
1.3800000000 0.7738070837
1.3900000000 0.7811151266
1.4000000000 0.7896827470
1.4100000000 0.8005566950
1.4200000000 0.8143601835
1.4300000000 0.8311694491
1.4400000000 0.8504888150
1.4500000000 0.8713508220
1.4600000000 0.8925504590
1.4700000000 0.9129677607
1.4800000000 0.9319099805
1.4900000000 0.9493270944
1.5000000000 0.9658086572
1.5100000000 0.9823478705
1.5200000000 0.9999564963
1.5300000000 1.0192705901
1.5400000000 1.0402662569
1.5500000000 1.0621540672
1.5600000000 1.0834861518
1.5700000000 1.1024492287
1.5800000000 1.1172865560
1.5900000000 1.1267204076
1.6000000000 1.1302504938
1.6100000000 1.1282543392
1.6200000000 1.1218941900
1.6300000000 1.1128951174
1.6400000000 1.1032687638
1.6500000000 1.0950462850
1.6600000000 1.0900670489
1.6700000000 1.0898376806
1.6800000000 1.0954518545
1.6900000000 1.1075348400
1.7000000000 1.1261913854
1.7100000000 1.1509497502
1.7200000000 1.1807287428
1.7300000000 1.2138752379
1.7400000000 1.2482965225
1.7500000000 1.2817039441
1.7600000000 1.3119241837
1.7700000000 1.3371842485
1.7800000000 1.3562945819
1.7900000000 1.3686902068
1.8000000000 1.3743742601
1.8100000000 1.3738365943
1.8200000000 1.3679947121
1.8300000000 1.3581292271
1.8400000000 1.3457644061
1.8500000000 1.3324810490
1.8600000000 1.3197070120
1.8700000000 1.3085640993
1.8800000000 1.2998136111
1.8900000000 1.2938656601
1.9000000000 1.2907853617
1.9100000000 1.2902595545
1.9200000000 1.2915418400
1.9300000000 1.2934618076
1.9400000000 1.2945602492
1.9500000000 1.2933498339
1.9600000000 1.2886201308
1.9700000000 1.2796851218
1.9800000000 1.2664824242
1.9900000000 1.2495093741
2.0000000000 1.2296389634
2.0100000000 1.2078978088
2.0200000000 1.1852940329
2.0300000000 1.1627623487
2.0400000000 1.1411969766
2.0500000000 1.1215018578
2.0600000000 1.1045808921
2.0700000000 1.0912250208
2.0800000000 1.0819365897
2.0900000000 1.0767537493
2.1000000000 1.0751483251
2.1100000000 1.0760322366
2.1200000000 1.0779047024
2.1300000000 1.0791074308
2.1400000000 1.0781484356
2.1500000000 1.0739852975
2.1600000000 1.0661812338
2.1700000000 1.0548976813
2.1800000000 1.0407172866
2.1900000000 1.0243887886
2.2000000000 1.0065704352
2.2100000000 0.9876717183
2.2200000000 0.9678486711
2.2300000000 0.9471356502
2.2400000000 0.9256434816
2.2500000000 0.9037133438
2.2600000000 0.8819515003
2.2700000000 0.8611414389
2.2800000000 0.8420927652
2.2900000000 0.8254982908
2.3000000000 0.8118423657
2.3100000000 0.8013648417
2.3200000000 0.7940648470
2.3300000000 0.7897188647
2.3400000000 0.7878931080
2.3500000000 0.7879483011
2.3600000000 0.7890711514
2.3700000000 0.7903497399
2.3800000000 0.7909139280
2.3900000000 0.7901100514
2.4000000000 0.7876681595
2.4100000000 0.7837648839
2.4200000000 0.7789839380
2.4300000000 0.7741533249
2.4400000000 0.7701355973
2.4500000000 0.7676228674
2.4600000000 0.7669859017
2.4700000000 0.7682093732
2.4800000000 0.7709090340
2.4900000000 0.7744409732
2.5000000000 0.7780617295
2.5100000000 0.7811097723
2.5200000000 0.7831322477
2.5300000000 0.7839165765
2.5400000000 0.7834047902
2.5500000000 0.7815425823
2.5600000000 0.7781596004
2.5700000000 0.7729437891
2.5800000000 0.7655484630
2.5900000000 0.7557824809
2.6000000000 0.7437732812
2.6100000000 0.7300327319
2.6200000000 0.7153643439
2.6300000000 0.7006751972
2.6400000000 0.6867663959
2.6500000000 0.6741877672
2.6600000000 0.6631709726
2.6700000000 0.6536771119
2.6800000000 0.6455001489
2.6900000000 0.6383946403
2.7000000000 0.6321810001
2.7100000000 0.6267895926
2.7200000000 0.6222295505
2.7300000000 0.6185329059
2.7400000000 0.6156935822
2.7500000000 0.6136522279
2.7600000000 0.6123058847
2.7700000000 0.6115576891
2.7800000000 0.6113491689
2.7900000000 0.6116766104
2.8000000000 0.6125753827
2.8100000000 0.6140763307
2.8200000000 0.6161790111
2.8300000000 0.6188402308
2.8400000000 0.6220220542
2.8500000000 0.6257458169
2.8600000000 0.6301312176
2.8700000000 0.6353688359
2.8800000000 0.6416385867
2.8900000000 0.6489981685
2.9000000000 0.6572987522
2.9100000000 0.6661591861
2.9200000000 0.6750215464
2.9300000000 0.6832590858
2.9400000000 0.6902934713
2.9500000000 0.6956802106
2.9600000000 0.6991356763
2.9700000000 0.7005158461
2.9800000000 0.6998019349
2.9900000000 0.6970993660
3.0000000000 0.6926482994
3.0100000000 0.6868154478
3.0200000000 0.6800466317
3.0300000000 0.6728225589
3.0400000000 0.6656115095
3.0500000000 0.6588551536
3.0600000000 0.6529690406
3.0700000000 0.6483538233
3.0800000000 0.6453969871
3.0900000000 0.6444659406
3.1000000000 0.6458977022
3.1100000000 0.6499862125
3.1200000000 0.6569748870
3.1300000000 0.6670479772
3.1400000000 0.6803174372
3.1500000000 0.6968030269
3.1600000000 0.7164221150
3.1700000000 0.7389938318
3.1800000000 0.7642811688
3.1900000000 0.7920538727
3.2000000000 0.8221902925
3.2100000000 0.8547493810
3.2200000000 0.8900189466
3.2300000000 0.9284845629
3.2400000000 0.9707301697
3.2500000000 1.0172896628
3.2600000000 1.0684659164
3.2700000000 1.1241624837
3.2800000000 1.1837581037
3.2900000000 1.2460407652
3.3000000000 1.3092270821
3.3100000000 1.3710778586
3.3200000000 1.4290897595
3.3300000000 1.4807715352
3.3400000000 1.5239485229
3.3500000000 1.5570736613
3.3600000000 1.5794682010
3.3700000000 1.5914440403
3.3800000000 1.5942241786
3.3900000000 1.5897025331
3.4000000000 1.5800781985
3.4100000000 1.5674782029
3.4200000000 1.5536556578
3.4300000000 1.5398403328
3.4400000000 1.5267348661
3.4500000000 1.5146627235
3.4600000000 1.5037822282
3.4700000000 1.4943203054
3.4800000000 1.4867088135
3.4900000000 1.4816019306
3.5000000000 1.4797574749
3.5100000000 1.4818615007
3.5200000000 1.4883800678
3.5300000000 1.4994670145
3.5400000000 1.5149607668
3.5500000000 1.5344279840
3.5600000000 1.5572241829
3.5700000000 1.5825505953
3.5800000000 1.6094996338
3.5900000000 1.6371009448
3.6000000000 1.6643444991
3.6100000000 1.6902149358
3.6200000000 1.7137645993
3.6300000000 1.7342532665
3.6400000000 1.7513333847
3.6500000000 1.7651944303
3.6600000000 1.7765557598
3.6700000000 1.7865115652
3.6800000000 1.7962451618
3.6900000000 1.8067727755
3.7000000000 1.8187932453
3.7100000000 1.8326901096
3.7200000000 1.8486063017
3.7300000000 1.8665608784
3.7400000000 1.8865407290
3.7500000000 1.9085693003
3.7600000000 1.9327813748
3.7700000000 1.9594640825
3.7800000000 1.9890571184
3.7900000000 2.0220457275
3.8000000000 2.0588057304
3.8100000000 2.0994415913
3.8200000000 2.1437020548
3.8300000000 2.1910135128
3.8400000000 2.2406064699
3.8500000000 2.2916629655
3.8600000000 2.3434418763
3.8700000000 2.3953268316
3.8800000000 2.4468037416
3.8900000000 2.4973829684
3.9000000000 2.5465036423
3.9100000000 2.5934606839
3.9200000000 2.6373823638
3.9300000000 2.6772773609
3.9400000000 2.7121533999
3.9500000000 2.7411223626
3.9600000000 2.7634587409
3.9700000000 2.7786056935
3.9800000000 2.7862307399
3.9900000000 2.7863841927
4.0000000000 2.7797544448
4.0100000000 2.7678597958
4.0200000000 2.7530598653
4.0300000000 2.7383039438
4.0400000000 2.7266667176
4.0500000000 2.7208431205
4.0600000000 2.7227276465
4.0700000000 2.7332086283
4.0800000000 2.7521762810
4.0900000000 2.7787377473
4.1000000000 2.8115358665
4.1100000000 2.8491153118
4.1200000000 2.8902320440
4.1300000000 2.9340191021
4.1400000000 2.9799958452
4.1500000000 3.0279066604
4.1600000000 3.0774402307
4.1700000000 3.1279463532
4.1800000000 3.1782046247
4.1900000000 3.2263163335
4.2000000000 3.2697411021
4.2100000000 3.3055430277
4.2200000000 3.3307795141
4.2300000000 3.3429860325
4.2400000000 3.3406031094
4.2500000000 3.3232325447
4.2600000000 3.2916761108
4.2700000000 3.2478072708
4.2800000000 3.1943579288
4.2900000000 3.1346501784
4.3000000000 3.0722921236
4.3100000000 3.0108191815
4.3200000000 2.9533234817
4.3300000000 2.9021716278
4.3400000000 2.8588786032
4.3500000000 2.8241272615
4.3600000000 2.7978807224
4.3700000000 2.7795223519
4.3800000000 2.7679572678
4.3900000000 2.7616651178
4.4000000000 2.7587468803
4.4100000000 2.7569975177
4.4200000000 2.7540799011
4.4300000000 2.7477700264
4.4400000000 2.7362702271
4.4500000000 2.7185041164
4.4600000000 2.6943476918
4.4700000000 2.6647214371
4.4800000000 2.6315139681
4.4900000000 2.5972983853
4.5000000000 2.5649114551
4.5100000000 2.5370011582
4.5200000000 2.5156426718
4.5300000000 2.5020880581
4.5400000000 2.4966768204
4.5500000000 2.4988883137
4.5600000000 2.5075308197
4.5700000000 2.5210239560
4.5800000000 2.5376897326
4.5900000000 2.5560019210
4.6000000000 2.5747400820
4.6100000000 2.5930563247
4.6200000000 2.6105005123
4.6300000000 2.6270440765
4.6400000000 2.6431259503
4.6500000000 2.6596521946
4.6600000000 2.6778828595
4.6700000000 2.6991589727
4.6800000000 2.7245430133
4.6900000000 2.7544697982
4.7000000000 2.7885252777
4.7100000000 2.8254482857
4.7200000000 2.8633242311
4.7300000000 2.8999480918
4.7400000000 2.9332546075
4.7500000000 2.9617116048
4.7600000000 2.9845244130
4.7700000000 3.0015962736
4.7800000000 3.0132870102
4.7900000000 3.0200597666
4.8000000000 3.0221912059
4.8100000000 3.0196480367
4.8200000000 3.0121271387
4.8300000000 2.9992553146
4.8400000000 2.9808610406
4.8500000000 2.9572292776
4.8600000000 2.9292308397
4.8700000000 2.8982656543
4.8800000000 2.8660324259
4.8900000000 2.8341977288
4.9000000000 2.8041050486
4.9100000000 2.7766514359
4.9200000000 2.7523815827
4.9300000000 2.7317407326
4.9400000000 2.7153432205
4.9500000000 2.7040986238
4.9600000000 2.6991410902
4.9700000000 2.7016286379
4.9800000000 2.7125077636
4.9900000000 2.7323407464
5.0000000000 2.7612056799
5.0100000000 2.7986539011
5.0200000000 2.8436819544
5.0300000000 2.8947198276
5.0400000000 2.9496587749
5.0500000000 3.0058964366
5.0600000000 3.0604136496
5.0700000000 3.1099176515
5.0800000000 3.1510767069
5.0900000000 3.1809009134
5.1000000000 3.1972277171
5.1100000000 3.1991465694
5.1200000000 3.1872178118
5.1300000000 3.1633045945
5.1400000000 3.1301323998
5.1500000000 3.0907414145
5.1600000000 3.0480689042
5.1700000000 3.0047451781
5.1800000000 2.9630398535
5.1900000000 2.9248215482
5.2000000000 2.8914954151
5.2100000000 2.8639100457
5.2200000000 2.8423596012
5.2300000000 2.8267095119
5.2400000000 2.8165880499
5.2500000000 2.8115951080
5.2600000000 2.8113922524
5.2700000000 2.8156561422
5.2800000000 2.8239429590
5.2900000000 2.8355301785
5.3000000000 2.8493154268
5.3100000000 2.8638388221
5.3200000000 2.8774086203
5.3300000000 2.8882561684
5.3400000000 2.8946846125
5.3500000000 2.8951935099
5.3600000000 2.8886725653
5.3700000000 2.8746607145
5.3800000000 2.8536112945
5.3900000000 2.8270073573
5.4000000000 2.7971945293
5.4100000000 2.7670197933
5.4200000000 2.7393694672
5.4300000000 2.7167515408
5.4400000000 2.7010095694
5.4500000000 2.6931205026
5.4600000000 2.6930866055
5.4700000000 2.6999072957
5.4800000000 2.7116614783
5.4900000000 2.7257579627
5.5000000000 2.7393783499
5.5100000000 2.7500337736
5.5200000000 2.7560719667
5.5300000000 2.7569425179
5.5400000000 2.7531538826
5.5500000000 2.7459578262
5.5600000000 2.7369360183
5.5700000000 2.7276265870
5.5800000000 2.7192562005
5.5900000000 2.7126148621
5.6000000000 2.7079723874
5.6100000000 2.7050581519
5.6200000000 2.7031031847
5.6300000000 2.7010019857
5.6400000000 2.6976313244
5.6500000000 2.6922728986
5.6600000000 2.6849514117
5.6700000000 2.6765292981
5.6800000000 2.6684938054
5.6900000000 2.6624738313
5.7000000000 2.6596836256
5.7100000000 2.6604827483
5.7200000000 2.6641854283
5.7300000000 2.6691903014
5.7400000000 2.6733895824
5.7500000000 2.6747229331
5.7600000000 2.6717304006
5.7700000000 2.6639152717
5.7800000000 2.6518204928
5.7900000000 2.6368581893
5.8000000000 2.6209877886
5.8100000000 2.6063783259
5.8200000000 2.5951460416
5.8300000000 2.5891820203
5.8400000000 2.5900813708
5.8500000000 2.5991659496
5.8600000000 2.6175173802
5.8700000000 2.6460068092
5.8800000000 2.6852227204
5.8900000000 2.7353338536
5.9000000000 2.7958795577
5.9100000000 2.8655869391
5.9200000000 2.9422648861
5.9300000000 3.0228143521
5.9400000000 3.1033833226
5.9500000000 3.1796783513
5.9600000000 3.2474507604
5.9700000000 3.3030666428
5.9800000000 3.3440742698
5.9900000000 3.3695932538
6.0000000000 3.3804040659
6.0100000000 3.3787415282
6.0200000000 3.3678574570
6.0300000000 3.3514915324
6.0400000000 3.3333653011
6.0500000000 3.3167936722
6.0600000000 3.3044336098
6.0700000000 3.2981973115
6.0800000000 3.2992570306
6.0900000000 3.3080690972
6.1000000000 3.3243754626
6.1100000000 3.3471746212
6.1200000000 3.3746999619
6.1300000000 3.4044902246
6.1400000000 3.4335680033
6.1500000000 3.4587807033
6.1600000000 3.4772800855
6.1700000000 3.4869873637
6.1800000000 3.4869479066
6.1900000000 3.4773889139
6.2000000000 3.4594492441
6.2100000000 3.4346892332
6.2200000000 3.4045440541
6.2300000000 3.3699983143
6.2400000000 3.3315962634
6.2500000000 3.2896897046
6.2600000000 3.2448014390
6.2700000000 3.1978276818
6.2800000000 3.1500182505
6.2900000000 3.1028181581
6.3000000000 3.0576874472
6.3100000000 3.0160566022
6.3200000000 2.9793989715
6.3300000000 2.9492679123
6.3400000000 2.9272428377
6.3500000000 2.9147148921
6.3600000000 2.9126487044
6.3700000000 2.9213998458
6.3800000000 2.9407240091
6.3900000000 2.9699460928
6.4000000000 3.0082258826
6.4100000000 3.0547895985
6.4200000000 3.1089744081
6.4300000000 3.1700804353
6.4400000000 3.2371175404
6.4500000000 3.3086181508
6.4600000000 3.3826682465
6.4700000000 3.4571926141
6.4800000000 3.5304041084
6.4900000000 3.6012287732
6.5000000000 3.6695151001
6.5100000000 3.7359596095
6.5200000000 3.8018341046
6.5300000000 3.8686336600
6.5400000000 3.9377880677
6.5500000000 4.0104838271
6.5600000000 4.0875051687
6.5700000000 4.1690753085
6.5800000000 4.2546493116
6.5900000000 4.3428062962
6.6000000000 4.4313623742
6.6100000000 4.5177627943
6.6200000000 4.5996323180
6.6300000000 4.6753066179
6.6400000000 4.7441584221
6.6500000000 4.8066135666
6.6600000000 4.8639557107
6.6700000000 4.9179807740
6.6800000000 4.9706511299
6.6900000000 5.0237763717
6.7000000000 5.0787823348
6.7100000000 5.1365475384
6.7200000000 5.1973376850
6.7300000000 5.2607597856
6.7400000000 5.3256890532
6.7500000000 5.3901640256
6.7600000000 5.4513454535
6.7700000000 5.5057708376
6.7800000000 5.5499274821
6.7900000000 5.5811218727
6.8000000000 5.5982882456
6.8100000000 5.6024394780
6.8200000000 5.5965831882
6.8300000000 5.5851548979
6.8400000000 5.5732034309
6.8500000000 5.5655580713
6.8600000000 5.5661748475
6.8700000000 5.5777662389
6.8800000000 5.6015912332
6.8900000000 5.6373543752
6.9000000000 5.6831209117
6.9100000000 5.7353045480
6.9200000000 5.7889452568
6.9300000000 5.8383278291
6.9400000000 5.8778920994
6.9500000000 5.9031262474
6.9600000000 5.9111495952
6.9700000000 5.9007700090
6.9800000000 5.8720816285
6.9900000000 5.8258381931
7.0000000000 5.7628823861
7.0100000000 5.6838788213
7.0200000000 5.5894513076
7.0300000000 5.4806446032
7.0400000000 5.3595200468
7.0500000000 5.2295371532
7.0600000000 5.0954834912
7.0700000000 4.9629272279
7.0800000000 4.8373758149
7.0900000000 4.7234159240
7.1000000000 4.6241172492
7.1100000000 4.5407830866
7.1200000000 4.4730596239
7.1300000000 4.4193051443
7.1400000000 4.3771480154
7.1500000000 4.3440957558
7.1600000000 4.3180804255
7.1700000000 4.2978880473
7.1800000000 4.2833110821
7.1900000000 4.2750507175
7.2000000000 4.2742937641
7.2100000000 4.2821344325
7.2200000000 4.2989722190
7.2300000000 4.3241482659
7.2400000000 4.3558683382
7.2500000000 4.3914306811
7.2600000000 4.4275990255
7.2700000000 4.4609995214
7.2800000000 4.4884606153
7.2900000000 4.5072793077
7.3000000000 4.5154452989
7.3100000000 4.5118198628
7.3200000000 4.4962946335
7.3300000000 4.4697823705
7.3400000000 4.4340166037
7.3500000000 4.3911111020
7.3600000000 4.3430403368
7.3700000000 4.2912051800
7.3800000000 4.2362355246
7.3900000000 4.1781205651
7.4000000000 4.1165428424
7.4100000000 4.0513162876
7.4200000000 3.9827320185
7.4300000000 3.9117060906
7.4400000000 3.8397132059
7.4500000000 3.7684797191
7.4600000000 3.6996169312
7.4700000000 3.6342746111
7.4800000000 3.5729882832
7.4900000000 3.5157271804
7.5000000000 3.4621121696
7.5100000000 3.4117170255
7.5200000000 3.3643145902
7.5300000000 3.3199691614
7.5400000000 3.2789323843
7.5500000000 3.2413420773
7.5600000000 3.2069171254
7.5700000000 3.1747293505
7.5800000000 3.1432326453
7.5900000000 3.1105122909
7.6000000000 3.0747468605
7.6100000000 3.0347233279
7.6200000000 2.9902086850
7.6300000000 2.9420903792
7.6400000000 2.8921802018
7.6500000000 2.8428008928
7.6600000000 2.7962842034
7.6700000000 2.7545328666
7.6800000000 2.7186714085
7.6900000000 2.6888660009
7.7000000000 2.6642522986
7.7100000000 2.6430352482
7.7200000000 2.6228091136
7.7300000000 2.6010575363
7.7400000000 2.5757750078
7.7500000000 2.5460054867
7.7600000000 2.5120789000
7.7700000000 2.4754875694
7.7800000000 2.4384550144
7.7900000000 2.4034256528
7.8000000000 2.3726499968
7.8100000000 2.3479751424
7.8200000000 2.3308097503
7.8300000000 2.3221922702
7.8400000000 2.3229055370
7.8500000000 2.3335186238
7.8600000000 2.3543950309
7.8700000000 2.3856456952
7.8800000000 2.4270160328
7.8900000000 2.4777763022
7.9000000000 2.5366077037
7.9100000000 2.6015375685
7.9200000000 2.6700111313
7.9300000000 2.7391069061
7.9400000000 2.8058811168
7.9500000000 2.8677447469
7.9600000000 2.9227593079
7.9700000000 2.9697835217
7.9800000000 3.0084295959
7.9900000000 3.0388853139
8.0000000000 3.0616865408
8.0100000000 3.0774844904
8.0200000000 3.0868255529
8.0300000000 3.0900419590
8.0400000000 3.0872296240
8.0500000000 3.0783728174
8.0600000000 3.0635071690
8.0700000000 3.0428357484
8.0800000000 3.0167926183
8.0900000000 2.9860345163
8.1000000000 2.9514083753
8.1100000000 2.9139565640
8.1200000000 2.8748896212
8.1300000000 2.8354959479
8.1400000000 2.7970446298
8.1500000000 2.7606348221
8.1600000000 2.7271388434
8.1700000000 2.6971856915
8.1800000000 2.6712269068
8.1900000000 2.6495703379
8.2000000000 2.6323868841
8.2100000000 2.6196291727
8.2200000000 2.6109359042
8.2300000000 2.6055938343
8.2400000000 2.6026189421
8.2500000000 2.6009355143
8.2600000000 2.5996370865
8.2700000000 2.5982185638
8.2800000000 2.5967041283
8.2900000000 2.5956589572
8.3000000000 2.5960167150
8.3100000000 2.5988831828
8.3200000000 2.6053269504
8.3300000000 2.6163140508
8.3400000000 2.6327149426
8.3500000000 2.6553928628
8.3600000000 2.6852420246
8.3700000000 2.7231921157
8.3800000000 2.7700721694
8.3900000000 2.8265078284
8.4000000000 2.8927851778
8.4100000000 2.9688332748
8.4200000000 3.0542862757
8.4300000000 3.1486611932
8.4400000000 3.2515354732
8.4500000000 3.3627125028
8.4600000000 3.4822376857
8.4700000000 3.6102409916
8.4800000000 3.7466830242
8.4900000000 3.8910897583
8.5000000000 4.0423879188
8.5100000000 4.1989231561
8.5200000000 4.3586141854
8.5300000000 4.5191490946
8.5400000000 4.6781785110
8.5500000000 4.8334256057
8.5600000000 4.9828126829
8.5700000000 5.1246343761
8.5800000000 5.2577640857
8.5900000000 5.3818889116
8.6000000000 5.4975703793
8.6100000000 5.6061549958
8.6200000000 5.7095355361
8.6300000000 5.8098659319
8.6400000000 5.9093128231
8.6500000000 6.0098238731
8.6600000000 6.1129289481
8.6700000000 6.2196767057
8.6800000000 6.3307332284
8.6900000000 6.4465207801
8.7000000000 6.5672406762
8.7100000000 6.6926203403
8.7200000000 6.8214625411
8.7300000000 6.9512236190
8.7400000000 7.0778838986
8.7500000000 7.1962774537
8.7600000000 7.3008702419
8.7700000000 7.3867504634
8.7800000000 7.4505002849
8.7900000000 7.4906091286
8.8000000000 7.5072999646
8.8100000000 7.5019558644
8.8200000000 7.4765530741
8.8300000000 7.4334227402
8.8400000000 7.3754082600
8.8500000000 7.3061710803
8.8600000000 7.2302974176
8.8700000000 7.1529088458
8.8800000000 7.0788828313
8.8900000000 7.0119403649
8.9000000000 6.9540286893
8.9100000000 6.9052749091
8.9200000000 6.8645264502
8.9300000000 6.8301853121
8.9400000000 6.8010185385
8.9500000000 6.7766831955
8.9600000000 6.7578892158
8.9700000000 6.7462062844
8.9800000000 6.7436183512
8.9900000000 6.7518985028
9.0000000000 6.7719596470
9.0100000000 6.8033863147
9.0200000000 6.8442374526
9.0300000000 6.8911524293
9.0400000000 6.9396037976
9.0500000000 6.9842155981
9.0600000000 7.0191101923
9.0700000000 7.0383614505
9.0800000000 7.0365160243
9.0900000000 7.0091259359
9.1000000000 6.9531943583
9.1100000000 6.8674505130
9.1200000000 6.7524835435
9.1300000000 6.6106911189
9.1400000000 6.4460848815
9.1500000000 6.2639288250
9.1600000000 6.0702599002
9.1700000000 5.8713046449
9.1800000000 5.6728723193
9.1900000000 5.4797866182
9.2000000000 5.2955562053
9.2100000000 5.1224006348
9.2200000000 4.9616010312
9.2300000000 4.8140510087
9.2400000000 4.6807446051
9.2500000000 4.5629962570
9.2600000000 4.4623532100
9.2700000000 4.3802912498
9.2800000000 4.3178440432
9.2900000000 4.2752944704
9.3000000000 4.2519865292
9.3100000000 4.2462857332
9.3200000000 4.2557413457
9.3300000000 4.2774412954
9.3400000000 4.3085457460
9.3500000000 4.3468211847
9.3600000000 4.3910367014
9.3700000000 4.4410307627
9.3800000000 4.4974424469
9.3900000000 4.5611956412
9.4000000000 4.6329434304
9.4100000000 4.7125621978
9.4200000000 4.7988483474
9.4300000000 4.8894208702
9.4400000000 4.9808311799
9.4500000000 5.0687714811
9.4600000000 5.1483845238
9.4700000000 5.2146962783
9.4800000000 5.2631377967
9.4900000000 5.2901349102
9.5000000000 5.2936182439
9.5100000000 5.2733131171
9.5200000000 5.2308137784
9.5300000000 5.1694020550
9.5400000000 5.0937437038
9.5500000000 5.0093627595
9.5600000000 4.9219806905
9.5700000000 4.8368108854
9.5800000000 4.7578620482
9.5900000000 4.6875191834
9.6000000000 4.6263474802
9.6100000000 4.5732941595
9.6200000000 4.5261929216
9.6300000000 4.4824426072
9.6400000000 4.4396881436
9.6500000000 4.3962928680
9.6600000000 4.3515023619
9.6700000000 4.3053998042
9.6800000000 4.2587195331
9.6900000000 4.2125954911
9.7000000000 4.1683001453
9.7100000000 4.1270557930
9.7200000000 4.0898971791
9.7300000000 4.0576688851
9.7400000000 4.0310958588
9.7500000000 4.0108165672
9.7600000000 3.9973591856
9.7700000000 3.9909518229
9.7800000000 3.9912934754
9.7900000000 3.9973500057
9.8000000000 4.0073069355
9.8100000000 4.0187181606
9.8200000000 4.0288571139
9.8300000000 4.0352640880
9.8400000000 4.0363496476
9.8500000000 4.0318567301
9.8600000000 4.0229507463
9.8700000000 4.0118516668
9.8800000000 4.0011481607
9.8900000000 3.9930122297
9.9000000000 3.9885913479
9.9100000000 3.9877492167
9.9200000000 3.9890878516
9.9300000000 3.9902498008
9.9400000000 3.9884395858
9.9500000000 3.9810575097
9.9600000000 3.9663460468
9.9700000000 3.9438879903
9.9800000000 3.9148204816
9.9900000000 3.8816650835
10.0000000000 3.8478239916
10.0100000000 3.8169392308
10.0200000000 3.7923020847
10.0300000000 3.7765014060
10.0400000000 3.7713416949
10.0500000000 3.7779660875
10.0600000000 3.7971205320
10.0700000000 3.8294009916
10.0800000000 3.8755054941
10.0900000000 3.9363477487
10.1000000000 4.0130444785
10.1100000000 4.1067401702
10.1200000000 4.2183595398
10.1300000000 4.3482866628
10.1400000000 4.4960329974
10.1500000000 4.6598547843
10.1600000000 4.8364110328
10.1700000000 5.0204491968
10.1800000000 5.2047843769
10.1900000000 5.3806497537
10.2000000000 5.5385172360
10.2100000000 5.6692802013
10.2200000000 5.7655502632
10.2300000000 5.8227650297
10.2400000000 5.8398309720
10.2500000000 5.8191743281
10.2600000000 5.7662628940
10.2700000000 5.6887248511
10.2800000000 5.5952670239
10.2900000000 5.4945394224
10.3000000000 5.3941340923
10.3100000000 5.2999223705
10.3200000000 5.2158133963
10.3300000000 5.1438821088
10.3400000000 5.0848069007
10.3500000000 5.0383920692
10.3600000000 5.0040749790
10.3700000000 4.9813251934
10.3800000000 4.9697724015
10.3900000000 4.9691256071
10.4000000000 4.9788486244
10.4100000000 4.9978109078
10.4200000000 5.0240713796
10.4300000000 5.0549527171
10.4400000000 5.0874593131
10.4500000000 5.1189214799
10.4600000000 5.1476291312
10.4700000000 5.1731892412
10.4800000000 5.1964612482
10.4900000000 5.2190696626
10.5000000000 5.2427087286
10.5100000000 5.2684647733
10.5200000000 5.2964805635
10.5300000000 5.3259333075
10.5400000000 5.3553573608
10.5500000000 5.3830879421
10.5600000000 5.4076918978
10.5700000000 5.4282083183
10.5800000000 5.4441187166
10.5900000000 5.4551835344
10.6000000000 5.4611946471
10.6100000000 5.4619014249
10.6200000000 5.4571144246
10.6300000000 5.4468803560
10.6400000000 5.4316349232
10.6500000000 5.4121448726
10.6600000000 5.3893993940
10.6700000000 5.3644500651
10.6800000000 5.3383509202
10.6900000000 5.3121282817
10.7000000000 5.2866991230
10.7100000000 5.2627374652
10.7200000000 5.2405701915
10.7300000000 5.2202085319
10.7400000000 5.2015405695
10.7500000000 5.1846212064
10.7600000000 5.1698993022
10.7700000000 5.1583160070
10.7800000000 5.1511389874
10.7900000000 5.1496780328
10.8000000000 5.1549158444
10.8100000000 5.1672195577
10.8200000000 5.1861587034
10.8300000000 5.2104928922
10.8400000000 5.2382643292
10.8500000000 5.2670497804
10.8600000000 5.2942988129
10.8700000000 5.3177680545
10.8800000000 5.3358759310
10.8900000000 5.3478890047
10.9000000000 5.3538438291
10.9100000000 5.3542796825
10.9200000000 5.3498845512
10.9300000000 5.3412331520
10.9400000000 5.3287244954
10.9500000000 5.3126473238
10.9600000000 5.2933397469
10.9700000000 5.2712664322
10.9800000000 5.2470197153
10.9900000000 5.2212508780
11.0000000000 5.1945693191
11.0100000000 5.1674687894
11.0200000000 5.1402774474
11.0300000000 5.1130300849
11.0400000000 5.0854096196
11.0500000000 5.0566986356
11.0600000000 5.0258398794
11.0700000000 4.9916102181
11.0800000000 4.9529269631
11.0900000000 4.9092387089
11.1000000000 4.8608779983
11.1100000000 4.8092372372
11.1200000000 4.7566584444
11.1300000000 4.7060390900
11.1400000000 4.6603387196
11.1500000000 4.6221498607
11.1600000000 4.5935220984
11.1700000000 4.5759033180
11.1800000000 4.5702041513
11.1900000000 4.5767418272
11.2000000000 4.5950811123
11.2100000000 4.6237689733
11.2200000000 4.6600934689
11.2300000000 4.7000365028
11.2400000000 4.7385810672
11.2500000000 4.7703659168
11.2600000000 4.7905373304
11.2700000000 4.7955975594
11.2800000000 4.7839196297
11.2900000000 4.7558397880
11.3000000000 4.7133353645
11.3100000000 4.6593987588
11.3200000000 4.5973467421
11.3300000000 4.5301687206
11.3400000000 4.4601389065
11.3500000000 4.3887256363
11.3600000000 4.3167814603
11.3700000000 4.2449310247
11.3800000000 4.1739310132
11.3900000000 4.1049090000
11.4000000000 4.0394045538
11.4100000000 3.9792723598
11.4200000000 3.9265083612
11.4300000000 3.8830314717
11.4400000000 3.8504470527
11.4500000000 3.8298230799
11.4600000000 3.8215219403
11.4700000000 3.8251235504
11.4800000000 3.8395276908
11.4900000000 3.8631721743
11.5000000000 3.8943396666
11.5100000000 3.9314201314
11.5200000000 3.9731428235
11.5300000000 4.0186267922
11.5400000000 4.0673289463
11.5500000000 4.1189013441
11.5600000000 4.1729580911
11.5700000000 4.2289252551
11.5800000000 4.2859700478
11.5900000000 4.3430691777
11.6000000000 4.3992421687
11.6100000000 4.4537576842
11.6200000000 4.5062379686
11.6300000000 4.5566430959
11.6400000000 4.6050941145
11.6500000000 4.6516065505
11.6600000000 4.6957942062
11.6700000000 4.7365880360
11.6800000000 4.7720858508
11.6900000000 4.7996219665
11.7000000000 4.8160558750
11.7100000000 4.8182686067
11.7200000000 4.8036734031
11.7300000000 4.7706764384
11.7400000000 4.7189370886
11.7500000000 4.6493687786
11.7600000000 4.5639916314
11.7700000000 4.4656025523
11.7800000000 4.3574429310
11.7900000000 4.2429142420
11.8000000000 4.1253518180
11.8100000000 4.0078957554
11.8200000000 3.8933877342
11.8300000000 3.7842833292
11.8400000000 3.6825148587
11.8500000000 3.5894140437
11.8600000000 3.5057163662
11.8700000000 3.4316376094
11.8800000000 3.3670474983
11.8900000000 3.3116430986
11.9000000000 3.2650225158
11.9100000000 3.2266965493
11.9200000000 3.1959898491
11.9300000000 3.1719533471
11.9400000000 3.1533438642
11.9500000000 3.1386555384
11.9600000000 3.1262191735
11.9700000000 3.1142900256
11.9800000000 3.1011516007
11.9900000000 3.0852354795
12.0000000000 3.0652974037
12.0100000000 3.0405183750
12.0200000000 3.0105586890
12.0300000000 2.9755327268
12.0400000000 2.9359440339
12.0500000000 2.8926807965
12.0600000000 2.8470036099
12.0700000000 2.8005453800
12.0800000000 2.7552138168
12.0900000000 2.7129908762
12.1000000000 2.6757374406
12.1100000000 2.6449994416
12.1200000000 2.6218527532
12.1300000000 2.6068900635
12.1400000000 2.6001881939
12.1500000000 2.6013949747
12.1600000000 2.6098790899
12.1700000000 2.6249468000
12.1800000000 2.6461128769
12.1900000000 2.6732655086
12.2000000000 2.7066343451
12.2100000000 2.7465940461
12.2200000000 2.7932831009
12.2300000000 2.8462189404
12.2400000000 2.9039922477
12.2500000000 2.9640817712
12.2600000000 3.0228786817
12.2700000000 3.0759670399
12.2800000000 3.1186982229
12.2900000000 3.1469926956
12.3000000000 3.1582126750
12.3100000000 3.1517364122
12.3200000000 3.1290066942
12.3300000000 3.0930280740
12.3400000000 3.0475879671
12.3500000000 2.9965011245
12.3600000000 2.9430752205
12.3700000000 2.8898236624
12.3800000000 2.8383758051
12.3900000000 2.7894807024
12.4000000000 2.7431399148
12.4100000000 2.6988131320
12.4200000000 2.6557182193
12.4300000000 2.6131135968
12.4400000000 2.5704661904
12.4500000000 2.5275035442
12.4600000000 2.4841614034
12.4700000000 2.4405139376
12.4800000000 2.3966990478
12.4900000000 2.3529442600
12.5000000000 2.3095547970
12.5100000000 2.2669523513
12.5200000000 2.2256717578
12.5300000000 2.1863363022
12.5400000000 2.1496411799
12.5500000000 2.1163196099
12.5600000000 2.0870700584
12.5700000000 2.0624784666
12.5800000000 2.0429270370
12.5900000000 2.0285111003
12.6000000000 2.0190115726
12.6100000000 2.0139106494
12.6200000000 2.0124595804
12.6300000000 2.0137685653
12.6400000000 2.0169143553
12.6500000000 2.0209793317
12.6600000000 2.0251078283
12.6700000000 2.0285495834
12.6800000000 2.0307334568
12.6900000000 2.0313846012
12.7000000000 2.0305773632
12.7100000000 2.0287409735
12.7200000000 2.0265831087
12.7300000000 2.0249480934
12.7400000000 2.0246829788
12.7500000000 2.0265158496
12.7600000000 2.0309942915
12.7700000000 2.0384409961
12.7800000000 2.0489093156
12.7900000000 2.0622084885
12.8000000000 2.0778116522
12.8100000000 2.0948247731
12.8200000000 2.1118990009
12.8300000000 2.1272690907
12.8400000000 2.1388873692
12.8500000000 2.1447055558
12.8600000000 2.1430483625
12.8700000000 2.1328791673
12.8800000000 2.1139322683
12.8900000000 2.0867381503
12.9000000000 2.0524841855
12.9100000000 2.0128801452
12.9200000000 1.9699439797
12.9300000000 1.9257148619
12.9400000000 1.8820201093
12.9500000000 1.8402876608
12.9600000000 1.8014581598
12.9700000000 1.7660471113
12.9800000000 1.7342390118
12.9900000000 1.7060360801
13.0000000000 1.6813683888
13.0100000000 1.6601737531
13.0200000000 1.6423888936
13.0300000000 1.6279315853
13.0400000000 1.6166692752
13.0500000000 1.6083651337
13.0600000000 1.6027090837
13.0700000000 1.5993131519
13.0800000000 1.5977607424
13.0900000000 1.5976921202
13.1000000000 1.5988182644
13.1100000000 1.6009842609
13.1200000000 1.6041653299
13.1300000000 1.6084402498
13.1400000000 1.6139375591
13.1500000000 1.6208131216
13.1600000000 1.6292411383
13.1700000000 1.6394141503
13.1800000000 1.6515294606
13.1900000000 1.6657709751
13.2000000000 1.6821959426
13.2100000000 1.7006576666
13.2200000000 1.7206873799
13.2300000000 1.7414983290
13.2400000000 1.7620080568
13.2500000000 1.7810283663
13.2600000000 1.7974690289
13.2700000000 1.8105689585
13.2800000000 1.8200917048
13.2900000000 1.8264083510
13.3000000000 1.8303948784
13.3100000000 1.8332385611
13.3200000000 1.8361935472
13.3300000000 1.8403853121
13.3400000000 1.8466869830
13.3500000000 1.8557273361
13.3600000000 1.8679171139
13.3700000000 1.8834983865
13.3800000000 1.9026079079
13.3900000000 1.9252448188
13.4000000000 1.9512704050
13.4100000000 1.9803074674
13.4200000000 2.0116991816
13.4300000000 2.0445320909
13.4400000000 2.0777003105
13.4500000000 2.1100290693
13.4600000000 2.1404072074
13.4700000000 2.1678417644
13.4800000000 2.1915307439
13.4900000000 2.2108352984
13.5000000000 2.2253206076
13.5100000000 2.2347604077
13.5200000000 2.2392426315
13.5300000000 2.2391703589
13.5400000000 2.2352586361
13.5500000000 2.2283984156
13.5600000000 2.2195015486
13.5700000000 2.2093678643
13.5800000000 2.1985697507
13.5900000000 2.1875065263
13.6000000000 2.1764590347
13.6100000000 2.1656814817
13.6200000000 2.1554197944
13.6300000000 2.1458791572
13.6400000000 2.1371589268
13.6500000000 2.1292335721
13.6600000000 2.1219799541
13.6700000000 2.1152512314
13.6800000000 2.1090069594
13.6900000000 2.1033321739
13.7000000000 2.0984332655
13.7100000000 2.0945732093
13.7200000000 2.0919504664
13.7300000000 2.0906426565
13.7400000000 2.0905359877
13.7500000000 2.0914133814
13.7600000000 2.0930336696
13.7700000000 2.0952907196
13.7800000000 2.0983216641
13.7900000000 2.1025452081
13.8000000000 2.1086014942
13.8100000000 2.1172211956
13.8200000000 2.1290939844
13.8300000000 2.1446942191
13.8400000000 2.1641720300
13.8500000000 2.1872726609
13.8600000000 2.2133125018
13.8700000000 2.2413341337
13.8800000000 2.2702475879
13.8900000000 2.2990374668
13.9000000000 2.3269041734
13.9100000000 2.3532639873
13.9200000000 2.3777632064
13.9300000000 2.4001511787
13.9400000000 2.4202238247
13.9500000000 2.4377200094
13.9600000000 2.4522742115
13.9700000000 2.4634302601
13.9800000000 2.4707823173
13.9900000000 2.4742059245
14.0000000000 2.4740570440
14.0100000000 2.4712636691
14.0200000000 2.4672291075
14.0300000000 2.4635881742
14.0400000000 2.4618576732
14.0500000000 2.4632032974
14.0600000000 2.4682385249
14.0700000000 2.4769891011
14.0800000000 2.4889814364
14.0900000000 2.5033318456
14.1000000000 2.5189503998
14.1100000000 2.5346882469
14.1200000000 2.5494898348
14.1300000000 2.5625262248
14.1400000000 2.5732905340
14.1500000000 2.5816270253
14.1600000000 2.5877033050
14.1700000000 2.5919063730
14.1800000000 2.5947002881
14.1900000000 2.5964642382
14.2000000000 2.5974111421
14.2100000000 2.5975393254
14.2200000000 2.5967753061
14.2300000000 2.5951219482
14.2400000000 2.5928599733
14.2500000000 2.5906449202
14.2600000000 2.5895661412
14.2700000000 2.5909513706
14.2800000000 2.5961364335
14.2900000000 2.6061615613
14.3000000000 2.6214858932
14.3100000000 2.6418172383
14.3200000000 2.6661109355
14.3300000000 2.6926082082
14.3400000000 2.7190337900
14.3500000000 2.7428510516
14.3600000000 2.7615403090
14.3700000000 2.7729677409
14.3800000000 2.7756677146
14.3900000000 2.7690783712
14.4000000000 2.7535290478
14.4100000000 2.7300608881
14.4200000000 2.7001756652
14.4300000000 2.6655449608
14.4400000000 2.6278529629
14.4500000000 2.5886374297
14.4600000000 2.5492698432
14.4700000000 2.5108422008
14.4800000000 2.4741257330
14.4900000000 2.4395340611
14.5000000000 2.4071498185
14.5100000000 2.3768056515
14.5200000000 2.3482446360
14.5300000000 2.3213017087
14.5400000000 2.2960569210
14.5500000000 2.2728911476
14.5600000000 2.2524482714
14.5700000000 2.2354536287
14.5800000000 2.2225706160
14.5900000000 2.2142266694
14.6000000000 2.2105721535
14.6100000000 2.2114443489
14.6200000000 2.2163565006
14.6300000000 2.2244673958
14.6400000000 2.2345809401
14.6500000000 2.2451557848
14.6600000000 2.2543644757
14.6700000000 2.2602814593
14.6800000000 2.2611803400
14.6900000000 2.2558117551
14.7000000000 2.2436975290
14.7100000000 2.2252129317
14.7200000000 2.2014962591
14.7300000000 2.1741891779
14.7400000000 2.1451006555
14.7500000000 2.1159132125
14.7600000000 2.0879314898
14.7700000000 2.0620344757
14.7800000000 2.0386021228
14.7900000000 2.0176481351
14.8000000000 1.9988833765
14.8100000000 1.9819313438
14.8200000000 1.9664491053
14.8300000000 1.9522287307
14.8400000000 1.9392233337
14.8500000000 1.9275174680
14.8600000000 1.9172465918
14.8700000000 1.9085515853
14.8800000000 1.9015584134
14.8900000000 1.8963271883
14.9000000000 1.8928874877
14.9100000000 1.8911873204
14.9200000000 1.8911539707
14.9300000000 1.8926786593
14.9400000000 1.8956062581
14.9500000000 1.8997198792
14.9600000000 1.9046692570
14.9700000000 1.9098886838
14.9800000000 1.9146271294
14.9900000000 1.9179528133
15.0000000000 1.9189060527
15.0100000000 1.9166217417
15.0200000000 1.9104778339
15.0300000000 1.9001983914
15.0400000000 1.8858906951
15.0500000000 1.8680315931
15.0600000000 1.8473924304
15.0700000000 1.8249431511
15.0800000000 1.8017712750
15.0900000000 1.7789537136
15.1000000000 1.7574636762
15.1100000000 1.7380301769
15.1200000000 1.7210328269
15.1300000000 1.7064946271
15.1400000000 1.6941061038
15.1500000000 1.6833173600
15.1600000000 1.6734827604
15.1700000000 1.6639647550
15.1800000000 1.6543162933
15.1900000000 1.6443963415
15.2000000000 1.6344129322
15.2100000000 1.6249090024
15.2200000000 1.6166174642
15.2300000000 1.6102788113
15.2400000000 1.6064838840
15.2500000000 1.6055158860
15.2600000000 1.6072862171
15.2700000000 1.6113332651
15.2800000000 1.6169001736
15.2900000000 1.6230550113
15.3000000000 1.6288165424
15.3100000000 1.6332382013
15.3200000000 1.6354711274
15.3300000000 1.6348272922
15.3400000000 1.6308217738
15.3500000000 1.6232627311
15.3600000000 1.6122576289
15.3700000000 1.5982039634
15.3800000000 1.5817009459
15.3900000000 1.5634502572
15.4000000000 1.5441191522
15.4100000000 1.5243086634
15.4200000000 1.5044684339
15.4300000000 1.4849331287
15.4400000000 1.4659218160
15.4500000000 1.4475852517
15.4600000000 1.4299682018
15.4700000000 1.4130088926
15.4800000000 1.3964957665
15.4900000000 1.3801202073
15.5000000000 1.3635349319
15.5100000000 1.3464716169
15.5200000000 1.3288270454
15.5300000000 1.3106853852
15.5400000000 1.2922385648
15.5500000000 1.2736954214
15.5600000000 1.2552710286
15.5700000000 1.2371274563
15.5800000000 1.2194382138
15.5900000000 1.2024260830
15.6000000000 1.1863309123
15.6100000000 1.1713988397
15.6200000000 1.1577956420
15.6300000000 1.1455629600
15.6400000000 1.1346122935
15.6500000000 1.1247244454
15.6600000000 1.1156196334
15.6700000000 1.1070062235
15.6800000000 1.0986732268
15.6900000000 1.0905505538
15.7000000000 1.0827041403
15.7100000000 1.0753201262
15.7200000000 1.0686070606
15.7300000000 1.0627085579
15.7400000000 1.0576428885
15.7500000000 1.0533025001
15.7600000000 1.0494590440
15.7700000000 1.0458834945
15.7800000000 1.0423680971
15.7900000000 1.0387593710
15.8000000000 1.0349528135
15.8100000000 1.0308491169
15.8200000000 1.0263706782
15.8300000000 1.0214726771
15.8400000000 1.0161321787
15.8500000000 1.0103867856
15.8600000000 1.0043348656
15.8700000000 0.9981302657
15.8800000000 0.9919880503
15.8900000000 0.9861736775
15.9000000000 0.9810308320
15.9100000000 0.9769152562
15.9200000000 0.9741614970
15.9300000000 0.9730106950
15.9400000000 0.9735769165
15.9500000000 0.9757912087
15.9600000000 0.9794177149
15.9700000000 0.9840921440
15.9800000000 0.9893604091
15.9900000000 0.9947396331
16.0000000000 0.9997348016
16.0100000000 1.0038609872
16.0200000000 1.0066823083
16.0300000000 1.0078175438
16.0400000000 1.0069847934
16.0500000000 1.0040351629
16.0600000000 0.9989754735
16.0700000000 0.9919743898
16.0800000000 0.9833295142
16.0900000000 0.9733784142
16.1000000000 0.9624260418
16.1100000000 0.9507334512
16.1200000000 0.9385176573
16.1300000000 0.9259964115
16.1400000000 0.9134107110
16.1500000000 0.9010642980
16.1600000000 0.8893013959
16.1700000000 0.8784786677
16.1800000000 0.8689257204
16.1900000000 0.8608941013
16.2000000000 0.8545456091
16.2100000000 0.8499462351
16.2200000000 0.8470997302
16.2300000000 0.8459587051
16.2400000000 0.8464584654
16.2500000000 0.8485226471
16.2600000000 0.8520972360
16.2700000000 0.8570995820
16.2800000000 0.8634240248
16.2900000000 0.8708623509
16.3000000000 0.8790865470
16.3100000000 0.8876201588
16.3200000000 0.8958778144
16.3300000000 0.9032275687
16.3400000000 0.9090647260
16.3500000000 0.9128858050
16.3600000000 0.9143741013
16.3700000000 0.9134114653
16.3800000000 0.9101016547
16.3900000000 0.9047939303
16.4000000000 0.8980211732
16.4100000000 0.8904549679
16.4200000000 0.8827975142
16.4300000000 0.8757073360
16.4400000000 0.8697073641
16.4500000000 0.8651155049
16.4600000000 0.8620438113
16.4700000000 0.8604149567
16.4800000000 0.8599903554
16.4900000000 0.8604444643
16.5000000000 0.8614451374
16.5100000000 0.8627285015
16.5200000000 0.8641164661
16.5300000000 0.8655400397
16.5400000000 0.8670165810
16.5500000000 0.8685865718
16.5600000000 0.8702905891
16.5700000000 0.8721173086
16.5800000000 0.8740033557
16.5900000000 0.8758215913
16.6000000000 0.8774214376
16.6100000000 0.8786693399
16.6200000000 0.8794546020
16.6300000000 0.8797590115
16.6400000000 0.8796281075
16.6500000000 0.8791655727
16.6600000000 0.8784985695
16.6700000000 0.8777371387
16.6800000000 0.8769683346
16.6900000000 0.8761863315
16.7000000000 0.8753620003
16.7100000000 0.8743962312
16.7200000000 0.8731780075
16.7300000000 0.8716485262
16.7400000000 0.8697838517
16.7500000000 0.8676592684
16.7600000000 0.8653970052
16.7700000000 0.8631546945
16.7800000000 0.8610845249
16.7900000000 0.8592863767
16.8000000000 0.8578193652
16.8100000000 0.8566782585
16.8200000000 0.8558284709
16.8300000000 0.8552177142
16.8400000000 0.8547994392
16.8500000000 0.8545504873
16.8600000000 0.8545064440
16.8700000000 0.8547206286
16.8800000000 0.8552935808
16.8900000000 0.8563142865
16.9000000000 0.8578719261
16.9100000000 0.8600086863
16.9200000000 0.8627137237
16.9300000000 0.8659289230
16.9400000000 0.8695310555
16.9500000000 0.8733729840
16.9600000000 0.8772954361
16.9700000000 0.8811624698
16.9800000000 0.8848911311
16.9900000000 0.8884397437
17.0000000000 0.8918494916
17.0100000000 0.8951735014
17.0200000000 0.8984472210
17.0300000000 0.9016646363
17.0400000000 0.9047484768
17.0500000000 0.9075440843
17.0600000000 0.9098905213
17.0700000000 0.9116205439
17.0800000000 0.9126319686
17.0900000000 0.9128997470
17.1000000000 0.9124821398
17.1100000000 0.9115448127
17.1200000000 0.9103373153
17.1300000000 0.9091635158
17.1400000000 0.9083638544
17.1500000000 0.9082676388
17.1600000000 0.9091571030
17.1700000000 0.9111954393
17.1800000000 0.9144324106
17.1900000000 0.9187740897
17.2000000000 0.9240004785
17.2100000000 0.9298371563
17.2200000000 0.9359671823
17.2300000000 0.9420970140
17.2400000000 0.9479925809
17.2500000000 0.9534373906
17.2600000000 0.9582505769
17.2700000000 0.9622749452
17.2800000000 0.9653409263
17.2900000000 0.9673266820
17.3000000000 0.9681762650
17.3100000000 0.9679539958
17.3200000000 0.9668448200
17.3300000000 0.9651727895
17.3400000000 0.9633110087
17.3500000000 0.9616335037
17.3600000000 0.9604366799
17.3700000000 0.9598665170
17.3800000000 0.9598999506
17.3900000000 0.9603383205
17.4000000000 0.9608553233
17.4100000000 0.9610693716
17.4200000000 0.9606283038
17.4300000000 0.9593004352
17.4400000000 0.9570416522
17.4500000000 0.9539777570
17.4600000000 0.9503928593
17.4700000000 0.9466569384
17.4800000000 0.9431591930
17.4900000000 0.9402715614
17.5000000000 0.9383059755
17.5100000000 0.9374958297
17.5200000000 0.9380139930
17.5300000000 0.9399298609
17.5400000000 0.9432334711
17.5500000000 0.9478047488
17.5600000000 0.9534499309
17.5700000000 0.9599197806
17.5800000000 0.9669156272
17.5900000000 0.9741137783
17.6000000000 0.9811593684
17.6100000000 0.9876356663
17.6200000000 0.9931006776
17.6300000000 0.9971299361
17.6400000000 0.9993839207
17.6500000000 0.9996818112
17.6600000000 0.9980509802
17.6700000000 0.9947091599
17.6800000000 0.9900035985
17.6900000000 0.9843254240
17.7000000000 0.9780298239
17.7100000000 0.9714051601
17.7200000000 0.9646542622
17.7300000000 0.9579620146
17.7400000000 0.9514891189
17.7500000000 0.9454090830
17.7600000000 0.9399020684
17.7700000000 0.9350620804
17.7800000000 0.9309461963
17.7900000000 0.9275062800
17.8000000000 0.9246072460
17.8100000000 0.9221012370
17.8200000000 0.9198213939
17.8300000000 0.9176252858
17.8400000000 0.9154136344
17.8500000000 0.9131055769
17.8600000000 0.9106387208
17.8700000000 0.9079007137
17.8800000000 0.9047415424
17.8900000000 0.9009547034
17.9000000000 0.8963206668
17.9100000000 0.8906629842
17.9200000000 0.8839233563
17.9300000000 0.8761807783
17.9400000000 0.8677083383
17.9500000000 0.8589050947
17.9600000000 0.8502777813
17.9700000000 0.8423095470
17.9800000000 0.8354284554
17.9900000000 0.8299381525
18.0000000000 0.8259796616
18.0100000000 0.8235622285
18.0200000000 0.8225440269
18.0300000000 0.8226757910
18.0400000000 0.8236320489
18.0500000000 0.8250298718
18.0600000000 0.8264917963
18.0700000000 0.8276836959
18.0800000000 0.8283906057
18.0900000000 0.8285233418
18.1000000000 0.8281756861
18.1100000000 0.8275364220
18.1200000000 0.8268706451
18.1300000000 0.8264060978
18.1400000000 0.8262824107
18.1500000000 0.8264621669
18.1600000000 0.8267430839
18.1700000000 0.8267512197
18.1800000000 0.8260102808
18.1900000000 0.8240047689
18.2000000000 0.8203068151
18.2100000000 0.8146271728
18.2200000000 0.8068664449
18.2300000000 0.7971411496
18.2400000000 0.7857335667
18.2500000000 0.7730478278
18.2600000000 0.7595594564
18.2700000000 0.7457391093
18.2800000000 0.7320078620
18.2900000000 0.7187178163
18.3000000000 0.7061581958
18.3100000000 0.6945166092
18.3200000000 0.6839170822
18.3300000000 0.6743812832
18.3400000000 0.6658987606
18.3500000000 0.6583882745
18.3600000000 0.6517618581
18.3700000000 0.6459569870
18.3800000000 0.6409173602
18.3900000000 0.6366122610
18.4000000000 0.6330559847
18.4100000000 0.6302628252
18.4200000000 0.6282406208
18.4300000000 0.6269907329
18.4400000000 0.6264627952
18.4500000000 0.6265804354
18.4600000000 0.6272153375
18.4700000000 0.6282259491
18.4800000000 0.6294509814
18.4900000000 0.6307417620
18.5000000000 0.6319881988
18.5100000000 0.6330864575
18.5200000000 0.6339908830
18.5300000000 0.6346492328
18.5400000000 0.6350481243
18.5500000000 0.6351481484
18.5600000000 0.6349293147
18.5700000000 0.6343390552
18.5800000000 0.6333116592
18.5900000000 0.6317877722
18.6000000000 0.6296948570
18.6100000000 0.6269667113
18.6200000000 0.6235826276
18.6300000000 0.6195283542
18.6400000000 0.6148679767
18.6500000000 0.6096722598
18.6600000000 0.6040644668
18.6700000000 0.5981812638
18.6800000000 0.5921727733
18.6900000000 0.5862091752
18.7000000000 0.5804479814
18.7100000000 0.5750274249
18.7200000000 0.5700598216
18.7300000000 0.5655986210
18.7400000000 0.5616447876
18.7500000000 0.5581663732
18.7600000000 0.5550786694
18.7700000000 0.5523165121
18.7800000000 0.5498211640
18.7900000000 0.5475930943
18.8000000000 0.5456591622
18.8100000000 0.5440990999
18.8200000000 0.5429994198
18.8300000000 0.5424137673
18.8400000000 0.5423760516
18.8500000000 0.5428673037
18.8600000000 0.5438155385
18.8700000000 0.5451486072
18.8800000000 0.5467875753
18.8900000000 0.5486400842
18.9000000000 0.5506533844
18.9100000000 0.5527746210
18.9200000000 0.5549574733
18.9300000000 0.5571821002
18.9400000000 0.5594153308
18.9500000000 0.5616438764
18.9600000000 0.5638211640
18.9700000000 0.5659271500
18.9800000000 0.5678951431
18.9900000000 0.5696583190
19.0000000000 0.5711430547
19.0100000000 0.5722889119
19.0200000000 0.5730686830
19.0300000000 0.5735151745
19.0400000000 0.5737080072
19.0500000000 0.5738138362
19.0600000000 0.5740130382
19.0700000000 0.5745331951
19.0800000000 0.5755755866
19.0900000000 0.5773084081
19.1000000000 0.5798197738
19.1100000000 0.5830839963
19.1200000000 0.5869680223
19.1300000000 0.5911976633
19.1400000000 0.5954109896
19.1500000000 0.5991850007
19.1600000000 0.6020959234
19.1700000000 0.6037863577
19.1800000000 0.6040326037
19.1900000000 0.6027852997
19.2000000000 0.6001362082
19.2100000000 0.5963118992
19.2200000000 0.5916000563
19.2300000000 0.5863025138
19.2400000000 0.5806813539
19.2500000000 0.5749588034
19.2600000000 0.5692900883
19.2700000000 0.5638037836
19.2800000000 0.5586017265
19.2900000000 0.5537860031
19.3000000000 0.5494453949
19.3100000000 0.5456824402
19.3200000000 0.5425727765
19.3300000000 0.5401854067
19.3400000000 0.5385623030
19.3500000000 0.5376979461
19.3600000000 0.5375188069
19.3700000000 0.5379307696
19.3800000000 0.5387918788
19.3900000000 0.5399666821
19.4000000000 0.5413466864
19.4100000000 0.5428640571
19.4200000000 0.5445326184
19.4300000000 0.5464275962
19.4400000000 0.5486652947
19.4500000000 0.5513827125
19.4600000000 0.5546692903
19.4700000000 0.5585599602
19.4800000000 0.5629598359
19.4900000000 0.5676917991
19.5000000000 0.5725100172
19.5100000000 0.5770998073
19.5200000000 0.5811733319
19.5300000000 0.5845107333
19.5400000000 0.5869739586
19.5500000000 0.5885274946
19.5600000000 0.5892454596
19.5700000000 0.5892707064
19.5800000000 0.5888150164
19.5900000000 0.5880768602
19.6000000000 0.5872551251
19.6100000000 0.5865009812
19.6200000000 0.5858971140
19.6300000000 0.5854506537
19.6400000000 0.5850998661
19.6500000000 0.5847415347
19.6600000000 0.5842446479
19.6700000000 0.5835124083
19.6800000000 0.5824754200
19.6900000000 0.5811331935
19.7000000000 0.5795059634
19.7100000000 0.5776762253
19.7200000000 0.5757128195
19.7300000000 0.5737124225
19.7400000000 0.5717719231
19.7500000000 0.5699607112
19.7600000000 0.5683413938
19.7700000000 0.5669420323
19.7800000000 0.5657768654
19.7900000000 0.5648601578
19.8000000000 0.5641714653
19.8100000000 0.5636972477
19.8200000000 0.5634169797
19.8300000000 0.5632683443
19.8400000000 0.5632028193
19.8500000000 0.5631160645
19.8600000000 0.5629453342
19.8700000000 0.5626068391
19.8800000000 0.5620654416
19.8900000000 0.5613417596
19.9000000000 0.5604774016
19.9100000000 0.5595489940
19.9200000000 0.5586473056
19.9300000000 0.5578213355
19.9400000000 0.5571131897
19.9500000000 0.5565020547
19.9600000000 0.5559740770
19.9700000000 0.5554733271
19.9800000000 0.5549157140
19.9900000000 0.5542310013
20.0000000000 0.5533277511
