124000.0000000000 0.0000003097
62000.0000000000 0.0000038177
41333.3333333333 0.0000139755
31000.0000000000 0.0000318472
24800.0000000000 0.0000572490
20666.6666666667 0.0000898266
17714.2857142857 0.0001292930
15500.0000000000 0.0001755248
13777.7777777778 0.0002284156
12400.0000000000 0.0002880182
11272.7272727273 0.0003542768
10333.3333333333 0.0004272817
9538.4615384615 0.0005070323
8857.1428571429 0.0005937095
8266.6666666667 0.0006873382
7750.0000000000 0.0007879860
7294.1176470588 0.0008958392
6888.8888888889 0.0010109904
6526.3157894737 0.0011335990
6200.0000000000 0.0012637697
5904.7619047619 0.0014017538
5636.3636363636 0.0015476019
5391.3043478261 0.0017015910
5166.6666666667 0.0018638593
4960.0000000000 0.0020346325
4769.2307692308 0.0022142418
4592.5925925926 0.0024027631
4428.5714285714 0.0026006510
4275.8620689655 0.0028080975
4133.3333333333 0.0030252946
4000.0000000000 0.0032527611
3875.0000000000 0.0034908335
3757.5757575758 0.0037397467
3647.0588235294 0.0040000943
3542.8571428571 0.0042721431
3444.4444444444 0.0045564133
3351.3513513514 0.0048534537
3263.1578947368 0.0051638416
3179.4871794872 0.0054880451
3100.0000000000 0.0058268286
3024.3902439024 0.0061808549
2952.3809523810 0.0065506664
2883.7209302326 0.0069371237
2818.1818181818 0.0073408192
2755.5555555556 0.0077625183
2695.6521739130 0.0082030148
2638.2978723404 0.0086626327
2583.3333333333 0.0091420209
2530.6122448980 0.0096416692
2480.0000000000 0.0101622441
2431.3725490196 0.0107044261
2384.6153846154 0.0112692778
2339.6226415094 0.0118584663
2296.2962962963 0.0124739350
2254.5454545455 0.0131179213
2214.2857142857 0.0137931722
2175.4385964912 0.0145025769
2137.9310344828 0.0152489612
2101.6949152542 0.0160356961
2066.6666666667 0.0168660963
2032.7868852459 0.0177436185
2000.0000000000 0.0186725189
1968.2539682540 0.0196567924
1937.5000000000 0.0207010426
1907.6923076923 0.0218105171
1878.7878787879 0.0229899753
1850.7462686567 0.0242448204
1823.5294117647 0.0255804130
1797.1014492754 0.0270010761
1771.4285714286 0.0285107499
1746.4788732394 0.0301116993
1722.2222222222 0.0318046450
1698.6301369863 0.0335889157
1675.6756756757 0.0354636687
1653.3333333333 0.0374294837
1631.5789473684 0.0394911588
1610.3896103896 0.0416601746
1589.7435897436 0.0439551183
1569.6202531646 0.0464026671
1550.0000000000 0.0490357812
1530.8641975309 0.0518908674
1512.1951219512 0.0550067391
1493.9759036145 0.0584229044
1476.1904761905 0.0621801051
1458.8235294118 0.0663172874
1441.8604651163 0.0708714043
1425.2873563218 0.0758747555
1409.0909090909 0.0813496677
1393.2584269663 0.0873037833
1377.7777777778 0.0937212567
1362.6373626374 0.1005569699
1347.8260869565 0.1077307837
1333.3333333333 0.1151300715
1319.1489361702 0.1226175149
1305.2631578947 0.1300495628
1291.6666666667 0.1372954234
1278.3505154639 0.1442561975
1265.3061224490 0.1508761147
1252.5252525253 0.1571525856
1240.0000000000 0.1631385914
1227.7227722772 0.1689429131
1215.6862745098 0.1747168837
1203.8834951456 0.1806343919
1192.3076923077 0.1868709910
1180.9523809524 0.1935880676
1169.8113207547 0.2009374623
1158.8785046729 0.2090724459
1148.1481481481 0.2181604805
1137.6146788991 0.2283851408
1127.2727272727 0.2399321918
1117.1171171171 0.2529604038
1107.1428571429 0.2675645227
1097.3451327434 0.2837396024
1087.7192982456 0.3013449118
1078.2608695652 0.3200902041
1068.9655172414 0.3395432968
1059.8290598291 0.3591877837
1050.8474576271 0.3785270109
1042.0168067227 0.3972166322
1033.3333333333 0.4151912037
1024.7933884298 0.4327135684
1016.3934426230 0.4503347405
1008.1300813008 0.4687631119
1000.0000000000 0.4886921142
992.0000000000 0.5106366953
984.1269841270 0.5348052990
976.3779527559 0.5610293884
968.7500000000 0.5887529995
961.2403100775 0.6170918239
953.8461538462 0.6449697009
946.5648854962 0.6712947688
939.3939393939 0.6951399032
932.3308270677 0.7158641465
925.3731343284 0.7331584946
918.5185185185 0.7470542384
911.7647058824 0.7579248003
905.1094890511 0.7664941280
898.5507246377 0.7738070837
892.0863309353 0.7811151266
885.7142857143 0.7896827470
879.4326241135 0.8005566950
873.2394366197 0.8143601835
867.1328671329 0.8311694491
861.1111111111 0.8504888150
855.1724137931 0.8713508220
849.3150684932 0.8925504590
843.5374149660 0.9129677607
837.8378378378 0.9319099805
832.2147651007 0.9493270944
826.6666666667 0.9658086572
821.1920529801 0.9823478705
815.7894736842 0.9999564963
810.4575163399 1.0192705901
805.1948051948 1.0402662569
800.0000000000 1.0621540672
794.8717948718 1.0834861518
789.8089171975 1.1024492287
784.8101265823 1.1172865560
779.8742138365 1.1267204076
775.0000000000 1.1302504938
770.1863354037 1.1282543392
765.4320987654 1.1218941900
760.7361963190 1.1128951174
756.0975609756 1.1032687638
751.5151515152 1.0950462850
746.9879518072 1.0900670489
742.5149700599 1.0898376806
738.0952380952 1.0954518545
733.7278106509 1.1075348400
729.4117647059 1.1261913854
725.1461988304 1.1509497502
720.9302325581 1.1807287428
716.7630057803 1.2138752379
712.6436781609 1.2482965225
708.5714285714 1.2817039441
704.5454545455 1.3119241837
700.5649717514 1.3371842485
696.6292134831 1.3562945819
692.7374301676 1.3686902068
688.8888888889 1.3743742601
685.0828729282 1.3738365943
681.3186813187 1.3679947121
677.5956284153 1.3581292271
673.9130434783 1.3457644061
670.2702702703 1.3324810490
666.6666666667 1.3197070120
663.1016042781 1.3085640993
659.5744680851 1.2998136111
656.0846560847 1.2938656601
652.6315789474 1.2907853617
649.2146596859 1.2902595545
645.8333333333 1.2915418400
642.4870466321 1.2934618076
639.1752577320 1.2945602492
635.8974358974 1.2933498339
632.6530612245 1.2886201308
629.4416243655 1.2796851218
626.2626262626 1.2664824242
623.1155778894 1.2495093741
620.0000000000 1.2296389634
616.9154228856 1.2078978088
613.8613861386 1.1852940329
610.8374384236 1.1627623487
607.8431372549 1.1411969766
604.8780487805 1.1215018578
601.9417475728 1.1045808921
599.0338164251 1.0912250208
596.1538461538 1.0819365897
593.3014354067 1.0767537493
590.4761904762 1.0751483251
587.6777251185 1.0760322366
584.9056603774 1.0779047024
582.1596244131 1.0791074308
579.4392523364 1.0781484356
576.7441860465 1.0739852975
574.0740740741 1.0661812338
571.4285714286 1.0548976813
568.8073394495 1.0407172866
566.2100456621 1.0243887886
563.6363636364 1.0065704352
561.0859728507 0.9876717183
558.5585585586 0.9678486711
556.0538116592 0.9471356502
553.5714285714 0.9256434816
551.1111111111 0.9037133438
548.6725663717 0.8819515003
546.2555066079 0.8611414389
543.8596491228 0.8420927652
541.4847161572 0.8254982908
539.1304347826 0.8118423657
536.7965367965 0.8013648417
534.4827586207 0.7940648470
532.1888412017 0.7897188647
529.9145299145 0.7878931080
527.6595744681 0.7879483011
525.4237288136 0.7890711514
523.2067510549 0.7903497399
521.0084033613 0.7909139280
518.8284518828 0.7901100514
516.6666666667 0.7876681595
514.5228215768 0.7837648839
512.3966942149 0.7789839380
510.2880658436 0.7741533249
508.1967213115 0.7701355973
506.1224489796 0.7676228674
504.0650406504 0.7669859017
502.0242914980 0.7682093732
500.0000000000 0.7709090340
497.9919678715 0.7744409732
496.0000000000 0.7780617295
494.0239043825 0.7811097723
492.0634920635 0.7831322477
490.1185770751 0.7839165765
488.1889763780 0.7834047902
486.2745098039 0.7815425823
484.3750000000 0.7781596004
482.4902723735 0.7729437891
480.6201550388 0.7655484630
478.7644787645 0.7557824809
476.9230769231 0.7437732812
475.0957854406 0.7300327319
473.2824427481 0.7153643439
471.4828897338 0.7006751972
469.6969696970 0.6867663959
467.9245283019 0.6741877672
466.1654135338 0.6631709726
464.4194756554 0.6536771119
462.6865671642 0.6455001489
460.9665427509 0.6383946403
459.2592592593 0.6321810001
457.5645756458 0.6267895926
455.8823529412 0.6222295505
454.2124542125 0.6185329059
452.5547445255 0.6156935822
450.9090909091 0.6136522279
449.2753623188 0.6123058847
447.6534296029 0.6115576891
446.0431654676 0.6113491689
444.4444444444 0.6116766104
442.8571428571 0.6125753827
441.2811387900 0.6140763307
439.7163120567 0.6161790111
438.1625441696 0.6188402308
436.6197183099 0.6220220542
435.0877192982 0.6257458169
433.5664335664 0.6301312176
432.0557491289 0.6353688359
430.5555555556 0.6416385867
429.0657439446 0.6489981685
427.5862068966 0.6572987522
426.1168384880 0.6661591861
424.6575342466 0.6750215464
423.2081911263 0.6832590858
421.7687074830 0.6902934713
420.3389830508 0.6956802106
418.9189189189 0.6991356763
417.5084175084 0.7005158461
416.1073825503 0.6998019349
414.7157190635 0.6970993660
413.3333333333 0.6926482994
411.9601328904 0.6868154478
410.5960264901 0.6800466317
409.2409240924 0.6728225589
407.8947368421 0.6656115095
406.5573770492 0.6588551536
405.2287581699 0.6529690406
403.9087947883 0.6483538233
402.5974025974 0.6453969871
401.2944983819 0.6444659406
400.0000000000 0.6458977022
398.7138263666 0.6499862125
397.4358974359 0.6569748870
396.1661341853 0.6670479772
394.9044585987 0.6803174372
393.6507936508 0.6968030269
392.4050632911 0.7164221150
391.1671924290 0.7389938318
389.9371069182 0.7642811688
388.7147335423 0.7920538727
387.5000000000 0.8221902925
386.2928348910 0.8547493810
385.0931677019 0.8900189466
383.9009287926 0.9284845629
382.7160493827 0.9707301697
381.5384615385 1.0172896628
380.3680981595 1.0684659164
379.2048929664 1.1241624837
378.0487804878 1.1837581037
376.8996960486 1.2460407652
375.7575757576 1.3092270821
374.6223564955 1.3710778586
373.4939759036 1.4290897595
372.3723723724 1.4807715352
371.2574850299 1.5239485229
370.1492537313 1.5570736613
369.0476190476 1.5794682010
367.9525222552 1.5914440403
366.8639053254 1.5942241786
365.7817109145 1.5897025331
364.7058823529 1.5800781985
363.6363636364 1.5674782029
362.5730994152 1.5536556578
361.5160349854 1.5398403328
360.4651162791 1.5267348661
359.4202898551 1.5146627235
358.3815028902 1.5037822282
357.3487031700 1.4943203054
356.3218390805 1.4867088135
355.3008595989 1.4816019306
354.2857142857 1.4797574749
353.2763532764 1.4818615007
352.2727272727 1.4883800678
351.2747875354 1.4994670145
350.2824858757 1.5149607668
349.2957746479 1.5344279840
348.3146067416 1.5572241829
347.3389355742 1.5825505953
346.3687150838 1.6094996338
345.4038997214 1.6371009448
344.4444444444 1.6643444991
343.4903047091 1.6902149358
342.5414364641 1.7137645993
341.5977961433 1.7342532665
340.6593406593 1.7513333847
339.7260273973 1.7651944303
338.7978142077 1.7765557598
337.8746594005 1.7865115652
336.9565217391 1.7962451618
336.0433604336 1.8067727755
335.1351351351 1.8187932453
334.2318059299 1.8326901096
333.3333333333 1.8486063017
332.4396782842 1.8665608784
331.5508021390 1.8865407290
330.6666666667 1.9085693003
329.7872340426 1.9327813748
328.9124668435 1.9594640825
328.0423280423 1.9890571184
327.1767810026 2.0220457275
326.3157894737 2.0588057304
325.4593175853 2.0994415913
324.6073298429 2.1437020548
323.7597911227 2.1910135128
322.9166666667 2.2406064699
322.0779220779 2.2916629655
321.2435233161 2.3434418763
320.4134366925 2.3953268316
319.5876288660 2.4468037416
318.7660668380 2.4973829684
317.9487179487 2.5465036423
317.1355498721 2.5934606839
316.3265306122 2.6373823638
315.5216284987 2.6772773609
314.7208121827 2.7121533999
313.9240506329 2.7411223626
313.1313131313 2.7634587409
312.3425692695 2.7786056935
311.5577889447 2.7862307399
310.7769423559 2.7863841927
310.0000000000 2.7797544448
309.2269326683 2.7678597958
308.4577114428 2.7530598653
307.6923076923 2.7383039438
306.9306930693 2.7266667176
306.1728395062 2.7208431205
305.4187192118 2.7227276465
304.6683046683 2.7332086283
303.9215686275 2.7521762810
303.1784841076 2.7787377473
302.4390243902 2.8115358665
301.7031630170 2.8491153118
300.9708737864 2.8902320440
300.2421307506 2.9340191021
299.5169082126 2.9799958452
298.7951807229 3.0279066604
298.0769230769 3.0774402307
297.3621103118 3.1279463532
296.6507177033 3.1782046247
295.9427207637 3.2263163335
295.2380952381 3.2697411021
294.5368171021 3.3055430277
293.8388625592 3.3307795141
293.1442080378 3.3429860325
292.4528301887 3.3406031094
291.7647058824 3.3232325447
291.0798122066 3.2916761108
290.3981264637 3.2478072708
289.7196261682 3.1943579288
289.0442890443 3.1346501784
288.3720930233 3.0722921236
287.7030162413 3.0108191815
287.0370370370 2.9533234817
286.3741339492 2.9021716278
285.7142857143 2.8588786032
285.0574712644 2.8241272615
284.4036697248 2.7978807224
283.7528604119 2.7795223519
283.1050228311 2.7679572678
282.4601366743 2.7616651178
281.8181818182 2.7587468803
281.1791383220 2.7569975177
280.5429864253 2.7540799011
279.9097065463 2.7477700264
279.2792792793 2.7362702271
278.6516853933 2.7185041164
278.0269058296 2.6943476918
277.4049217002 2.6647214371
276.7857142857 2.6315139681
276.1692650334 2.5972983853
275.5555555556 2.5649114551
274.9445676275 2.5370011582
274.3362831858 2.5156426718
273.7306843267 2.5020880581
273.1277533040 2.4966768204
272.5274725275 2.4988883137
271.9298245614 2.5075308197
271.3347921225 2.5210239560
270.7423580786 2.5376897326
270.1525054466 2.5560019210
269.5652173913 2.5747400820
268.9804772234 2.5930563247
268.3982683983 2.6105005123
267.8185745140 2.6270440765
267.2413793103 2.6431259503
266.6666666667 2.6596521946
266.0944206009 2.6778828595
265.5246252677 2.6991589727
264.9572649573 2.7245430133
264.3923240938 2.7544697982
263.8297872340 2.7885252777
263.2696390658 2.8254482857
262.7118644068 2.8633242311
262.1564482030 2.8999480918
261.6033755274 2.9332546075
261.0526315789 2.9617116048
260.5042016807 2.9845244130
259.9580712788 3.0015962736
259.4142259414 3.0132870102
258.8726513570 3.0200597666
258.3333333333 3.0221912059
257.7962577963 3.0196480367
257.2614107884 3.0121271387
256.7287784679 2.9992553146
256.1983471074 2.9808610406
255.6701030928 2.9572292776
255.1440329218 2.9292308397
254.6201232033 2.8982656543
254.0983606557 2.8660324259
253.5787321063 2.8341977288
253.0612244898 2.8041050486
252.5458248473 2.7766514359
252.0325203252 2.7523815827
251.5212981744 2.7317407326
251.0121457490 2.7153432205
250.5050505051 2.7040986238
250.0000000000 2.6991410902
249.4969818913 2.7016286379
248.9959839357 2.7125077636
248.4969939880 2.7323407464
248.0000000000 2.7612056799
247.5049900200 2.7986539011
247.0119521912 2.8436819544
246.5208747515 2.8947198276
246.0317460317 2.9496587749
245.5445544554 3.0058964366
245.0592885375 3.0604136496
244.5759368836 3.1099176515
244.0944881890 3.1510767069
243.6149312377 3.1809009134
243.1372549020 3.1972277171
242.6614481409 3.1991465694
242.1875000000 3.1872178118
241.7153996101 3.1633045945
241.2451361868 3.1301323998
240.7766990291 3.0907414145
240.3100775194 3.0480689042
239.8452611219 3.0047451781
239.3822393822 2.9630398535
238.9210019268 2.9248215482
238.4615384615 2.8914954151
238.0038387716 2.8639100457
237.5478927203 2.8423596012
237.0936902486 2.8267095119
236.6412213740 2.8165880499
236.1904761905 2.8115951080
235.7414448669 2.8113922524
235.2941176471 2.8156561422
234.8484848485 2.8239429590
234.4045368620 2.8355301785
233.9622641509 2.8493154268
233.5216572505 2.8638388221
233.0827067669 2.8774086203
232.6454033771 2.8882561684
232.2097378277 2.8946846125
231.7757009346 2.8951935099
231.3432835821 2.8886725653
230.9124767225 2.8746607145
230.4832713755 2.8536112945
230.0556586271 2.8270073573
229.6296296296 2.7971945293
229.2051756007 2.7670197933
228.7822878229 2.7393694672
228.3609576427 2.7167515408
227.9411764706 2.7010095694
227.5229357798 2.6931205026
227.1062271062 2.6930866055
226.6910420475 2.6999072957
226.2773722628 2.7116614783
225.8652094718 2.7257579627
225.4545454545 2.7393783499
225.0453720508 2.7500337736
224.6376811594 2.7560719667
224.2314647378 2.7569425179
223.8267148014 2.7531538826
223.4234234234 2.7459578262
223.0215827338 2.7369360183
222.6211849192 2.7276265870
222.2222222222 2.7192562005
221.8246869410 2.7126148621
221.4285714286 2.7079723874
221.0338680927 2.7050581519
220.6405693950 2.7031031847
220.2486678508 2.7010019857
219.8581560284 2.6976313244
219.4690265487 2.6922728986
219.0812720848 2.6849514117
218.6948853616 2.6765292981
218.3098591549 2.6684938054
217.9261862917 2.6624738313
217.5438596491 2.6596836256
217.1628721541 2.6604827483
216.7832167832 2.6641854283
216.4048865620 2.6691903014
216.0278745645 2.6733895824
215.6521739130 2.6747229331
215.2777777778 2.6717304006
214.9046793761 2.6639152717
214.5328719723 2.6518204928
214.1623488774 2.6368581893
213.7931034483 2.6209877886
213.4251290878 2.6063783259
213.0584192440 2.5951460416
212.6929674099 2.5891820203
212.3287671233 2.5900813708
211.9658119658 2.5991659496
211.6040955631 2.6175173802
211.2436115843 2.6460068092
210.8843537415 2.6852227204
210.5263157895 2.7353338536
210.1694915254 2.7958795577
209.8138747885 2.8655869391
209.4594594595 2.9422648861
209.1062394604 3.0228143521
208.7542087542 3.1033833226
208.4033613445 3.1796783513
208.0536912752 3.2474507604
207.7051926298 3.3030666428
207.3578595318 3.3440742698
207.0116861436 3.3695932538
206.6666666667 3.3804040659
206.3227953411 3.3787415282
205.9800664452 3.3678574570
205.6384742952 3.3514915324
205.2980132450 3.3333653011
204.9586776860 3.3167936722
204.6204620462 3.3044336098
204.2833607908 3.2981973115
203.9473684211 3.2992570306
203.6124794745 3.3080690972
203.2786885246 3.3243754626
202.9459901800 3.3471746212
202.6143790850 3.3746999619
202.2838499184 3.4044902246
201.9543973941 3.4335680033
201.6260162602 3.4587807033
201.2987012987 3.4772800855
200.9724473258 3.4869873637
200.6472491909 3.4869479066
200.3231017771 3.4773889139
200.0000000000 3.4594492441
199.6779388084 3.4346892332
199.3569131833 3.4045440541
199.0369181380 3.3699983143
198.7179487179 3.3315962634
198.4000000000 3.2896897046
198.0830670927 3.2448014390
197.7671451356 3.1978276818
197.4522292994 3.1500182505
197.1383147854 3.1028181581
196.8253968254 3.0576874472
196.5134706815 3.0160566022
196.2025316456 2.9793989715
195.8925750395 2.9492679123
195.5835962145 2.9272428377
195.2755905512 2.9147148921
194.9685534591 2.9126487044
194.6624803768 2.9213998458
194.3573667712 2.9407240091
194.0532081377 2.9699460928
193.7500000000 3.0082258826
193.4477379095 3.0547895985
193.1464174455 3.1089744081
192.8460342146 3.1700804353
192.5465838509 3.2371175404
192.2480620155 3.3086181508
191.9504643963 3.3826682465
191.6537867079 3.4571926141
191.3580246914 3.5304041084
191.0631741140 3.6012287732
190.7692307692 3.6695151001
190.4761904762 3.7359596095
190.1840490798 3.8018341046
189.8928024502 3.8686336600
189.6024464832 3.9377880677
189.3129770992 4.0104838271
189.0243902439 4.0875051687
188.7366818874 4.1690753085
188.4498480243 4.2546493116
188.1638846737 4.3428062962
187.8787878788 4.4313623742
187.5945537065 4.5177627943
187.3111782477 4.5996323180
187.0286576169 4.6753066179
186.7469879518 4.7441584221
186.4661654135 4.8066135666
186.1861861862 4.8639557107
185.9070464768 4.9179807740
185.6287425150 4.9706511299
185.3512705531 5.0237763717
185.0746268657 5.0787823348
184.7988077496 5.1365475384
184.5238095238 5.1973376850
184.2496285290 5.2607597856
183.9762611276 5.3256890532
183.7037037037 5.3901640256
183.4319526627 5.4513454535
183.1610044313 5.5057708376
182.8908554572 5.5499274821
182.6215022091 5.5811218727
182.3529411765 5.5982882456
182.0851688693 5.6024394780
181.8181818182 5.5965831882
181.5519765739 5.5851548979
181.2865497076 5.5732034309
181.0218978102 5.5655580713
180.7580174927 5.5661748475
180.4949053857 5.5777662389
180.2325581395 5.6015912332
179.9709724238 5.6373543752
179.7101449275 5.6831209117
179.4500723589 5.7353045480
179.1907514451 5.7889452568
178.9321789322 5.8383278291
178.6743515850 5.8778920994
178.4172661871 5.9031262474
178.1609195402 5.9111495952
177.9053084648 5.9007700090
177.6504297994 5.8720816285
177.3962804006 5.8258381931
177.1428571429 5.7628823861
176.8901569187 5.6838788213
176.6381766382 5.5894513076
176.3869132290 5.4806446032
176.1363636364 5.3595200468
175.8865248227 5.2295371532
175.6373937677 5.0954834912
175.3889674682 4.9629272279
175.1412429379 4.8373758149
174.8942172073 4.7234159240
174.6478873239 4.6241172492
174.4022503516 4.5407830866
174.1573033708 4.4730596239
173.9130434783 4.4193051443
173.6694677871 4.3771480154
173.4265734266 4.3440957558
173.1843575419 4.3180804255
172.9428172943 4.2978880473
172.7019498607 4.2833110821
172.4617524339 4.2750507175
172.2222222222 4.2742937641
171.9833564494 4.2821344325
171.7451523546 4.2989722190
171.5076071923 4.3241482659
171.2707182320 4.3558683382
171.0344827586 4.3914306811
170.7988980716 4.4275990255
170.5639614856 4.4609995214
170.3296703297 4.4884606153
170.0960219479 4.5072793077
169.8630136986 4.5154452989
169.6306429549 4.5118198628
169.3989071038 4.4962946335
169.1678035471 4.4697823705
168.9373297003 4.4340166037
168.7074829932 4.3911111020
168.4782608696 4.3430403368
168.2496607870 4.2912051800
168.0216802168 4.2362355246
167.7943166441 4.1781205651
167.5675675676 4.1165428424
167.3414304993 4.0513162876
167.1159029650 3.9827320185
166.8909825034 3.9117060906
166.6666666667 3.8397132059
166.4429530201 3.7684797191
166.2198391421 3.6996169312
165.9973226238 3.6342746111
165.7754010695 3.5729882832
165.5540720961 3.5157271804
165.3333333333 3.4621121696
165.1131824234 3.4117170255
164.8936170213 3.3643145902
164.6746347942 3.3199691614
164.4562334218 3.2789323843
164.2384105960 3.2413420773
164.0211640212 3.2069171254
163.8044914135 3.1747293505
163.5883905013 3.1432326453
163.3728590250 3.1105122909
163.1578947368 3.0747468605
162.9434954008 3.0347233279
162.7296587927 2.9902086850
162.5163826999 2.9420903792
162.3036649215 2.8921802018
162.0915032680 2.8428008928
161.8798955614 2.7962842034
161.6688396349 2.7545328666
161.4583333333 2.7186714085
161.2483745124 2.6888660009
161.0389610390 2.6642522986
160.8300907912 2.6430352482
160.6217616580 2.6228091136
160.4139715395 2.6010575363
160.2067183463 2.5757750078
160.0000000000 2.5460054867
159.7938144330 2.5120789000
159.5881595882 2.4754875694
159.3830334190 2.4384550144
159.1784338896 2.4034256528
158.9743589744 2.3726499968
158.7708066581 2.3479751424
158.5677749361 2.3308097503
158.3652618135 2.3221922702
158.1632653061 2.3229055370
157.9617834395 2.3335186238
157.7608142494 2.3543950309
157.5603557814 2.3856456952
157.3604060914 2.4270160328
157.1609632446 2.4777763022
156.9620253165 2.5366077037
156.7635903919 2.6015375685
156.5656565657 2.6700111313
156.3682219420 2.7391069061
156.1712846348 2.8058811168
155.9748427673 2.8677447469
155.7788944724 2.9227593079
155.5834378921 2.9697835217
155.3884711779 3.0084295959
155.1939924906 3.0388853139
155.0000000000 3.0616865408
154.8064918851 3.0774844904
154.6134663342 3.0868255529
154.4209215442 3.0900419590
154.2288557214 3.0872296240
154.0372670807 3.0783728174
153.8461538462 3.0635071690
153.6555142503 3.0428357484
153.4653465347 3.0167926183
153.2756489493 2.9860345163
153.0864197531 2.9514083753
152.8976572133 2.9139565640
152.7093596059 2.8748896212
152.5215252153 2.8354959479
152.3341523342 2.7970446298
152.1472392638 2.7606348221
151.9607843137 2.7271388434
151.7747858017 2.6971856915
151.5892420538 2.6712269068
151.4041514042 2.6495703379
151.2195121951 2.6323868841
151.0353227771 2.6196291727
150.8515815085 2.6109359042
150.6682867558 2.6055938343
150.4854368932 2.6026189421
150.3030303030 2.6009355143
150.1210653753 2.5996370865
149.9395405079 2.5982185638
149.7584541063 2.5967041283
149.5778045838 2.5956589572
149.3975903614 2.5960167150
149.2178098676 2.5988831828
149.0384615385 2.6053269504
148.8595438175 2.6163140508
148.6810551559 2.6327149426
148.5029940120 2.6553928628
148.3253588517 2.6852420246
148.1481481481 2.7231921157
147.9713603819 2.7700721694
147.7949940405 2.8265078284
147.6190476190 2.8927851778
147.4435196195 2.9688332748
147.2684085511 3.0542862757
147.0937129300 3.1486611932
146.9194312796 3.2515354732
146.7455621302 3.3627125028
146.5721040189 3.4822376857
146.3990554900 3.6102409916
146.2264150943 3.7466830242
146.0541813899 3.8910897583
145.8823529412 4.0423879188
145.7109283196 4.1989231561
145.5399061033 4.3586141854
145.3692848769 4.5191490946
145.1990632319 4.6781785110
145.0292397661 4.8334256057
144.8598130841 4.9828126829
144.6907817970 5.1246343761
144.5221445221 5.2577640857
144.3538998836 5.3818889116
144.1860465116 5.4975703793
144.0185830430 5.6061549958
143.8515081206 5.7095355361
143.6848203940 5.8098659319
143.5185185185 5.9093128231
143.3526011561 6.0098238731
143.1870669746 6.1129289481
143.0219146482 6.2196767057
142.8571428571 6.3307332284
142.6927502877 6.4465207801
142.5287356322 6.5672406762
142.3650975890 6.6926203403
142.2018348624 6.8214625411
142.0389461627 6.9512236190
141.8764302059 7.0778838986
141.7142857143 7.1962774537
141.5525114155 7.3008702419
141.3911060433 7.3867504634
141.2300683371 7.4505002849
141.0693970421 7.4906091286
140.9090909091 7.5072999646
140.7491486947 7.5019558644
140.5895691610 7.4765530741
140.4303510759 7.4334227402
140.2714932127 7.3754082600
140.1129943503 7.3061710803
139.9548532731 7.2302974176
139.7970687711 7.1529088458
139.6396396396 7.0788828313
139.4825646794 7.0119403649
139.3258426966 6.9540286893
139.1694725028 6.9052749091
139.0134529148 6.8645264502
138.8577827548 6.8301853121
138.7024608501 6.8010185385
138.5474860335 6.7766831955
138.3928571429 6.7578892158
138.2385730212 6.7462062844
138.0846325167 6.7436183512
137.9310344828 6.7518985028
137.7777777778 6.7719596470
137.6248612653 6.8033863147
137.4722838137 6.8442374526
137.3200442968 6.8911524293
137.1681415929 6.9396037976
137.0165745856 6.9842155981
136.8653421634 7.0191101923
136.7144432194 7.0383614505
136.5638766520 7.0365160243
136.4136413641 7.0091259359
136.2637362637 6.9531943583
136.1141602634 6.8674505130
135.9649122807 6.7524835435
135.8159912377 6.6106911189
135.6673960613 6.4460848815
135.5191256831 6.2639288250
135.3711790393 6.0702599002
135.2235550709 5.8713046449
135.0762527233 5.6728723193
134.9292709467 5.4797866182
134.7826086957 5.2955562053
134.6362649294 5.1224006348
134.4902386117 4.9616010312
134.3445287107 4.8140510087
134.1991341991 4.6807446051
134.0540540541 4.5629962570
133.9092872570 4.4623532100
133.7648327940 4.3802912498
133.6206896552 4.3178440432
133.4768568353 4.2752944704
133.3333333333 4.2519865292
133.1901181525 4.2462857332
133.0472103004 4.2557413457
132.9046087889 4.2774412954
132.7623126338 4.3085457460
132.6203208556 4.3468211847
132.4786324786 4.3910367014
132.3372465315 4.4410307627
132.1961620469 4.4974424469
132.0553780618 4.5611956412
131.9148936170 4.6329434304
131.7747077577 4.7125621978
131.6348195329 4.7988483474
131.4952279958 4.8894208702
131.3559322034 4.9808311799
131.2169312169 5.0687714811
131.0782241015 5.1483845238
130.9398099261 5.2146962783
130.8016877637 5.2631377967
130.6638566913 5.2901349102
130.5263157895 5.2936182439
130.3890641430 5.2733131171
130.2521008403 5.2308137784
130.1154249738 5.1694020550
129.9790356394 5.0937437038
129.8429319372 5.0093627595
129.7071129707 4.9219806905
129.5715778474 4.8368108854
129.4363256785 4.7578620482
129.3013555787 4.6875191834
129.1666666667 4.6263474802
129.0322580645 4.5732941595
128.8981288981 4.5261929216
128.7642782970 4.4824426072
128.6307053942 4.4396881436
128.4974093264 4.3962928680
128.3643892340 4.3515023619
128.2316442606 4.3053998042
128.0991735537 4.2587195331
127.9669762642 4.2125954911
127.8350515464 4.1683001453
127.7033985582 4.1270557930
127.5720164609 4.0898971791
127.4409044193 4.0576688851
127.3100616016 4.0310958588
127.1794871795 4.0108165672
127.0491803279 3.9973591856
126.9191402252 3.9909518229
126.7893660532 3.9912934754
126.6598569969 3.9973500057
126.5306122449 4.0073069355
126.4016309888 4.0187181606
126.2729124236 4.0288571139
126.1444557477 4.0352640880
126.0162601626 4.0363496476
125.8883248731 4.0318567301
125.7606490872 4.0229507463
125.6332320162 4.0118516668
125.5060728745 4.0011481607
125.3791708797 3.9930122297
125.2525252525 3.9885913479
125.1261352170 3.9877492167
125.0000000000 3.9890878516
124.8741188318 3.9902498008
124.7484909457 3.9884395858
124.6231155779 3.9810575097
124.4979919679 3.9663460468
124.3731193581 3.9438879903
124.2484969940 3.9148204816
124.1241241241 3.8816650835
124.0000000000 3.8478239916
123.8761238761 3.8169392308
123.7524950100 3.7923020847
123.6291126620 3.7765014060
123.5059760956 3.7713416949
123.3830845771 3.7779660875
123.2604373757 3.7971205320
123.1380337637 3.8294009916
123.0158730159 3.8755054941
122.8939544103 3.9363477487
122.7722772277 4.0130444785
122.6508407517 4.1067401702
122.5296442688 4.2183595398
122.4086870681 4.3482866628
122.2879684418 4.4960329974
122.1674876847 4.6598547843
122.0472440945 4.8364110328
121.9272369715 5.0204491968
121.8074656189 5.2047843769
121.6879293425 5.3806497537
121.5686274510 5.5385172360
121.4495592556 5.6692802013
121.3307240705 5.7655502632
121.2121212121 5.8227650297
121.0937500000 5.8398309720
120.9756097561 5.8191743281
120.8576998051 5.7662628940
120.7400194742 5.6887248511
120.6225680934 5.5952670239
120.5053449951 5.4945394224
120.3883495146 5.3941340923
120.2715809893 5.2999223705
120.1550387597 5.2158133963
120.0387221684 5.1438821088
119.9226305609 5.0848069007
119.8067632850 5.0383920692
119.6911196911 5.0040749790
119.5756991321 4.9813251934
119.4605009634 4.9697724015
119.3455245428 4.9691256071
119.2307692308 4.9788486244
119.1162343900 4.9978109078
119.0019193858 5.0240713796
118.8878235858 5.0549527171
118.7739463602 5.0874593131
118.6602870813 5.1189214799
118.5468451243 5.1476291312
118.4336198663 5.1731892412
118.3206106870 5.1964612482
118.2078169685 5.2190696626
118.0952380952 5.2427087286
117.9828734539 5.2684647733
117.8707224335 5.2964805635
117.7587844255 5.3259333075
117.6470588235 5.3553573608
117.5355450237 5.3830879421
117.4242424242 5.4076918978
117.3131504257 5.4282083183
117.2022684310 5.4441187166
117.0915958451 5.4551835344
116.9811320755 5.4611946471
116.8708765316 5.4619014249
116.7608286252 5.4571144246
116.6509877705 5.4468803560
116.5413533835 5.4316349232
116.4319248826 5.4121448726
116.3227016886 5.3893993940
116.2136832240 5.3644500651
116.1048689139 5.3383509202
115.9962581852 5.3121282817
115.8878504673 5.2866991230
115.7796451914 5.2627374652
115.6716417910 5.2405701915
115.5638397018 5.2202085319
115.4562383613 5.2015405695
115.3488372093 5.1846212064
115.2416356877 5.1698993022
115.1346332405 5.1583160070
115.0278293135 5.1511389874
114.9212233550 5.1496780328
114.8148148148 5.1549158444
114.7086031452 5.1672195577
114.6025878004 5.1861587034
114.4967682364 5.2104928922
114.3911439114 5.2382643292
114.2857142857 5.2670497804
114.1804788214 5.2942988129
114.0754369825 5.3177680545
113.9705882353 5.3358759310
113.8659320478 5.3478890047
113.7614678899 5.3538438291
113.6571952337 5.3542796825
113.5531135531 5.3498845512
113.4492223239 5.3412331520
113.3455210238 5.3287244954
113.2420091324 5.3126473238
113.1386861314 5.2933397469
113.0355515041 5.2712664322
112.9326047359 5.2470197153
112.8298453139 5.2212508780
112.7272727273 5.1945693191
112.6248864668 5.1674687894
112.5226860254 5.1402774474
112.4206708976 5.1130300849
112.3188405797 5.0854096196
112.2171945701 5.0566986356
112.1157323689 5.0258398794
112.0144534779 4.9916102181
111.9133574007 4.9529269631
111.8124436429 4.9092387089
111.7117117117 4.8608779983
111.6111611161 4.8092372372
111.5107913669 4.7566584444
111.4106019766 4.7060390900
111.3105924596 4.6603387196
111.2107623318 4.6221498607
111.1111111111 4.5935220984
111.0116383169 4.5759033180
110.9123434705 4.5702041513
110.8132260947 4.5767418272
110.7142857143 4.5950811123
110.6155218555 4.6237689733
110.5169340463 4.6600934689
110.4185218166 4.7000365028
110.3202846975 4.7385810672
110.2222222222 4.7703659168
110.1243339254 4.7905373304
110.0266193434 4.7955975594
109.9290780142 4.7839196297
109.8317094774 4.7558397880
109.7345132743 4.7133353645
109.6374889478 4.6593987588
109.5406360424 4.5973467421
109.4439541041 4.5301687206
109.3474426808 4.4601389065
109.2511013216 4.3887256363
109.1549295775 4.3167814603
109.0589270009 4.2449310247
108.9630931459 4.1739310132
108.8674275680 4.1049090000
108.7719298246 4.0394045538
108.6765994741 3.9792723598
108.5814360771 3.9265083612
108.4864391951 3.8830314717
108.3916083916 3.8504470527
108.2969432314 3.8298230799
108.2024432810 3.8215219403
108.1081081081 3.8251235504
108.0139372822 3.8395276908
107.9199303742 3.8631721743
107.8260869565 3.8943396666
107.7324066030 3.9314201314
107.6388888889 3.9731428235
107.5455333912 4.0186267922
107.4523396880 4.0673289463
107.3593073593 4.1189013441
107.2664359862 4.1729580911
107.1737251513 4.2289252551
107.0811744387 4.2859700478
106.9887834340 4.3430691777
106.8965517241 4.3992421687
106.8044788975 4.4537576842
106.7125645439 4.5062379686
106.6208082545 4.5566430959
106.5292096220 4.6050941145
106.4377682403 4.6516065505
106.3464837050 4.6957942062
106.2553556127 4.7365880360
106.1643835616 4.7720858508
106.0735671514 4.7996219665
105.9829059829 4.8160558750
105.8923996584 4.8182686067
105.8020477816 4.8036734031
105.7118499574 4.7706764384
105.6218057922 4.7189370886
105.5319148936 4.6493687786
105.4421768707 4.5639916314
105.3525913339 4.4656025523
105.2631578947 4.3574429310
105.1738761662 4.2429142420
105.0847457627 4.1253518180
104.9957662997 4.0078957554
104.9069373942 3.8933877342
104.8182586644 3.7842833292
104.7297297297 3.6825148587
104.6413502110 3.5894140437
104.5531197302 3.5057163662
104.4650379107 3.4316376094
104.3771043771 3.3670474983
104.2893187553 3.3116430986
104.2016806723 3.2650225158
104.1141897565 3.2266965493
104.0268456376 3.1959898491
103.9396479464 3.1719533471
103.8525963149 3.1533438642
103.7656903766 3.1386555384
103.6789297659 3.1262191735
103.5923141186 3.1142900256
103.5058430718 3.1011516007
103.4195162636 3.0852354795
103.3333333333 3.0652974037
103.2472939217 3.0405183750
103.1613976705 3.0105586890
103.0756442228 2.9755327268
102.9900332226 2.9359440339
102.9045643154 2.8926807965
102.8192371476 2.8470036099
102.7340513670 2.8005453800
102.6490066225 2.7552138168
102.5641025641 2.7129908762
102.4793388430 2.6757374406
102.3947151115 2.6449994416
102.3102310231 2.6218527532
102.2258862325 2.6068900635
102.1416803954 2.6001881939
102.0576131687 2.6013949747
101.9736842105 2.6098790899
101.8898931800 2.6249468000
101.8062397373 2.6461128769
101.7227235439 2.6732655086
101.6393442623 2.7066343451
101.5561015561 2.7465940461
101.4729950900 2.7932831009
101.3900245298 2.8462189404
101.3071895425 2.9039922477
101.2244897959 2.9640817712
101.1419249592 3.0228786817
101.0594947025 3.0759670399
100.9771986971 3.1186982229
100.8950366151 3.1469926956
100.8130081301 3.1582126750
100.7311129163 3.1517364122
100.6493506494 3.1290066942
100.5677210057 3.0930280740
100.4862236629 3.0475879671
100.4048582996 2.9965011245
100.3236245955 2.9430752205
100.2425222312 2.8898236624
100.1615508885 2.8383758051
100.0807102502 2.7894807024
100.0000000000 2.7431399148
99.9194198227 2.6988131320
99.8389694042 2.6557182193
99.7586484312 2.6131135968
99.6784565916 2.5704661904
99.5983935743 2.5275035442
99.5184590690 2.4841614034
99.4386527666 2.4405139376
99.3589743590 2.3966990478
99.2794235388 2.3529442600
99.2000000000 2.3095547970
99.1207034373 2.2669523513
99.0415335463 2.2256717578
98.9624900239 2.1863363022
98.8835725678 2.1496411799
98.8047808765 2.1163196099
98.7261146497 2.0870700584
98.6475735879 2.0624784666
98.5691573927 2.0429270370
98.4908657665 2.0285111003
98.4126984127 2.0190115726
98.3346550357 2.0139106494
98.2567353407 2.0124595804
98.1789390340 2.0137685653
98.1012658228 2.0169143553
98.0237154150 2.0209793317
97.9462875197 2.0251078283
97.8689818469 2.0285495834
97.7917981073 2.0307334568
97.7147360126 2.0313846012
97.6377952756 2.0305773632
97.5609756098 2.0287409735
97.4842767296 2.0265831087
97.4076983504 2.0249480934
97.3312401884 2.0246829788
97.2549019608 2.0265158496
97.1786833856 2.0309942915
97.1025841817 2.0384409961
97.0266040689 2.0489093156
96.9507427678 2.0622084885
96.8750000000 2.0778116522
96.7993754879 2.0948247731
96.7238689548 2.1118990009
96.6484801247 2.1272690907
96.5732087227 2.1388873692
96.4980544747 2.1447055558
96.4230171073 2.1430483625
96.3480963481 2.1328791673
96.2732919255 2.1139322683
96.1986035687 2.0867381503
96.1240310078 2.0524841855
96.0495739737 2.0128801452
95.9752321981 1.9699439797
95.9010054138 1.9257148619
95.8268933539 1.8820201093
95.7528957529 1.8402876608
95.6790123457 1.8014581598
95.6052428682 1.7660471113
95.5315870570 1.7342390118
95.4580446497 1.7060360801
95.3846153846 1.6813683888
95.3112990008 1.6601737531
95.2380952381 1.6423888936
95.1650038373 1.6279315853
95.0920245399 1.6166692752
95.0191570881 1.6083651337
94.9464012251 1.6027090837
94.8737566947 1.5993131519
94.8012232416 1.5977607424
94.7288006112 1.5976921202
94.6564885496 1.5988182644
94.5842868040 1.6009842609
94.5121951220 1.6041653299
94.4402132521 1.6084402498
94.3683409437 1.6139375591
94.2965779468 1.6208131216
94.2249240122 1.6292411383
94.1533788914 1.6394141503
94.0819423369 1.6515294606
94.0106141016 1.6657709751
93.9393939394 1.6821959426
93.8682816048 1.7006576666
93.7972768533 1.7206873799
93.7263794407 1.7414983290
93.6555891239 1.7620080568
93.5849056604 1.7810283663
93.5143288084 1.7974690289
93.4438583271 1.8105689585
93.3734939759 1.8200917048
93.3032355154 1.8264083510
93.2330827068 1.8303948784
93.1630353118 1.8332385611
93.0930930931 1.8361935472
93.0232558140 1.8403853121
92.9535232384 1.8466869830
92.8838951311 1.8557273361
92.8143712575 1.8679171139
92.7449513837 1.8834983865
92.6756352765 1.9026079079
92.6064227035 1.9252448188
92.5373134328 1.9512704050
92.4683072334 1.9803074674
92.3994038748 2.0116991816
92.3306031273 2.0445320909
92.2619047619 2.0777003105
92.1933085502 2.1100290693
92.1248142645 2.1404072074
92.0564216778 2.1678417644
91.9881305638 2.1915307439
91.9199406968 2.2108352984
91.8518518519 2.2253206076
91.7838638046 2.2347604077
91.7159763314 2.2392426315
91.6481892092 2.2391703589
91.5805022157 2.2352586361
91.5129151292 2.2283984156
91.4454277286 2.2195015486
91.3780397937 2.2093678643
91.3107511046 2.1985697507
91.2435614422 2.1875065263
91.1764705882 2.1764590347
91.1094783248 2.1656814817
91.0425844347 2.1554197944
90.9757887014 2.1458791572
90.9090909091 2.1371589268
90.8424908425 2.1292335721
90.7759882870 2.1219799541
90.7095830285 2.1152512314
90.6432748538 2.1090069594
90.5770635500 2.1033321739
90.5109489051 2.0984332655
90.4449307075 2.0945732093
90.3790087464 2.0919504664
90.3131828114 2.0906426565
90.2474526929 2.0905359877
90.1818181818 2.0914133814
90.1162790698 2.0930336696
90.0508351489 2.0952907196
89.9854862119 2.0983216641
89.9202320522 2.1025452081
89.8550724638 2.1086014942
89.7900072411 2.1172211956
89.7250361795 2.1290939844
89.6601590745 2.1446942191
89.5953757225 2.1641720300
89.5306859206 2.1872726609
89.4660894661 2.2133125018
89.4015861572 2.2413341337
89.3371757925 2.2702475879
89.2728581713 2.2990374668
89.2086330935 2.3269041734
89.1445003595 2.3532639873
89.0804597701 2.3777632064
89.0165111271 2.4001511787
88.9526542324 2.4202238247
88.8888888889 2.4377200094
88.8252148997 2.4522742115
88.7616320687 2.4634302601
88.6981402003 2.4707823173
88.6347390994 2.4742059245
88.5714285714 2.4740570440
88.5082084226 2.4712636691
88.4450784593 2.4672291075
88.3820384890 2.4635881742
88.3190883191 2.4618576732
88.2562277580 2.4632032974
88.1934566145 2.4682385249
88.1307746979 2.4769891011
88.0681818182 2.4889814364
88.0056777857 2.5033318456
87.9432624113 2.5189503998
87.8809355067 2.5346882469
87.8186968839 2.5494898348
87.7565463553 2.5625262248
87.6944837341 2.5732905340
87.6325088339 2.5816270253
87.5706214689 2.5877033050
87.5088214538 2.5919063730
87.4471086037 2.5947002881
87.3854827343 2.5964642382
87.3239436620 2.5974111421
87.2624912034 2.5975393254
87.2011251758 2.5967753061
87.1398453970 2.5951219482
87.0786516854 2.5928599733
87.0175438596 2.5906449202
86.9565217391 2.5895661412
86.8955851437 2.5909513706
86.8347338936 2.5961364335
86.7739678097 2.6061615613
86.7132867133 2.6214858932
86.6526904263 2.6418172383
86.5921787709 2.6661109355
86.5317515701 2.6926082082
86.4714086471 2.7190337900
86.4111498258 2.7428510516
86.3509749304 2.7615403090
86.2908837857 2.7729677409
86.2308762170 2.7756677146
86.1709520500 2.7690783712
86.1111111111 2.7535290478
86.0513532269 2.7300608881
85.9916782247 2.7001756652
85.9320859321 2.6655449608
85.8725761773 2.6278529629
85.8131487889 2.5886374297
85.7538035961 2.5492698432
85.6945404285 2.5108422008
85.6353591160 2.4741257330
85.5762594893 2.4395340611
85.5172413793 2.4071498185
85.4583046175 2.3768056515
85.3994490358 2.3482446360
85.3406744666 2.3213017087
85.2819807428 2.2960569210
85.2233676976 2.2728911476
85.1648351648 2.2524482714
85.1063829787 2.2354536287
85.0480109739 2.2225706160
84.9897189856 2.2142266694
84.9315068493 2.2105721535
84.8733744011 2.2114443489
84.8153214774 2.2163565006
84.7573479152 2.2244673958
84.6994535519 2.2345809401
84.6416382253 2.2451557848
84.5839017735 2.2543644757
84.5262440354 2.2602814593
84.4686648501 2.2611803400
84.4111640572 2.2558117551
84.3537414966 2.2436975290
84.2963970088 2.2252129317
84.2391304348 2.2014962591
84.1819416158 2.1741891779
84.1248303935 2.1451006555
84.0677966102 2.1159132125
84.0108401084 2.0879314898
83.9539607312 2.0620344757
83.8971583221 2.0386021228
83.8404327248 2.0176481351
83.7837837838 1.9988833765
83.7272113437 1.9819313438
83.6707152497 1.9664491053
83.6142953473 1.9522287307
83.5579514825 1.9392233337
83.5016835017 1.9275174680
83.4454912517 1.9172465918
83.3893745797 1.9085515853
83.3333333333 1.9015584134
83.2773673606 1.8963271883
83.2214765101 1.8928874877
83.1656606304 1.8911873204
83.1099195710 1.8911539707
83.0542531815 1.8926786593
82.9986613119 1.8956062581
82.9431438127 1.8997198792
82.8877005348 1.9046692570
82.8323313293 1.9098886838
82.7770360481 1.9146271294
82.7218145430 1.9179528133
82.6666666667 1.9189060527
82.6115922718 1.9166217417
82.5565912117 1.9104778339
82.5016633400 1.9001983914
82.4468085106 1.8858906951
82.3920265781 1.8680315931
82.3373173971 1.8473924304
82.2826808228 1.8249431511
82.2281167109 1.8017712750
82.1736249172 1.7789537136
82.1192052980 1.7574636762
82.0648577101 1.7380301769
82.0105820106 1.7210328269
81.9563780568 1.7064946271
81.9022457067 1.6941061038
81.8481848185 1.6833173600
81.7941952507 1.6734827604
81.7402768622 1.6639647550
81.6864295125 1.6543162933
81.6326530612 1.6443963415
81.5789473684 1.6344129322
81.5253122945 1.6249090024
81.4717477004 1.6166174642
81.4182534471 1.6102788113
81.3648293963 1.6064838840
81.3114754098 1.6055158860
81.2581913499 1.6072862171
81.2049770792 1.6113332651
81.1518324607 1.6169001736
81.0987573578 1.6230550113
81.0457516340 1.6288165424
80.9928151535 1.6332382013
80.9399477807 1.6354711274
80.8871493803 1.6348272922
80.8344198175 1.6308217738
80.7817589577 1.6232627311
80.7291666667 1.6122576289
80.6766428107 1.5982039634
80.6241872562 1.5817009459
80.5717998700 1.5634502572
80.5194805195 1.5441191522
80.4672290720 1.5243086634
80.4150453956 1.5044684339
80.3629293584 1.4849331287
80.3108808290 1.4659218160
80.2588996764 1.4475852517
80.2069857697 1.4299682018
80.1551389787 1.4130088926
80.1033591731 1.3964957665
80.0516462234 1.3801202073
80.0000000000 1.3635349319
79.9484203740 1.3464716169
79.8969072165 1.3288270454
79.8454603992 1.3106853852
79.7940797941 1.2922385648
79.7427652733 1.2736954214
79.6915167095 1.2552710286
79.6403339756 1.2371274563
79.5892169448 1.2194382138
79.5381654907 1.2024260830
79.4871794872 1.1863309123
79.4362588085 1.1713988397
79.3854033291 1.1577956420
79.3346129239 1.1455629600
79.2838874680 1.1346122935
79.2332268371 1.1247244454
79.1826309068 1.1156196334
79.1320995533 1.1070062235
79.0816326531 1.0986732268
79.0312300829 1.0905505538
78.9808917197 1.0827041403
78.9306174411 1.0753201262
78.8804071247 1.0686070606
78.8302606484 1.0627085579
78.7801778907 1.0576428885
78.7301587302 1.0533025001
78.6802030457 1.0494590440
78.6303107166 1.0458834945
78.5804816223 1.0423680971
78.5307156428 1.0387593710
78.4810126582 1.0349528135
78.4313725490 1.0308491169
78.3817951960 1.0263706782
78.3322804801 1.0214726771
78.2828282828 1.0161321787
78.2334384858 1.0103867856
78.1841109710 1.0043348656
78.1348456207 0.9981302657
78.0856423174 0.9919880503
78.0365009440 0.9861736775
77.9874213836 0.9810308320
77.9384035198 0.9769152562
77.8894472362 0.9741614970
77.8405524168 0.9730106950
77.7917189460 0.9735769165
77.7429467085 0.9757912087
77.6942355890 0.9794177149
77.6455854728 0.9840921440
77.5969962453 0.9893604091
77.5484677924 0.9947396331
77.5000000000 0.9997348016
77.4515927545 1.0038609872
77.4032459426 1.0066823083
77.3549594510 1.0078175438
77.3067331671 1.0069847934
77.2585669782 1.0040351629
77.2104607721 0.9989754735
77.1624144368 0.9919743898
77.1144278607 0.9833295142
77.0665009323 0.9733784142
77.0186335404 0.9624260418
76.9708255742 0.9507334512
76.9230769231 0.9385176573
76.8753874768 0.9259964115
76.8277571252 0.9134107110
76.7801857585 0.9010642980
76.7326732673 0.8893013959
76.6852195424 0.8784786677
76.6378244747 0.8689257204
76.5904879555 0.8608941013
76.5432098765 0.8545456091
76.4959901295 0.8499462351
76.4488286067 0.8470997302
76.4017252002 0.8459587051
76.3546798030 0.8464584654
76.3076923077 0.8485226471
76.2607626076 0.8520972360
76.2138905962 0.8570995820
76.1670761671 0.8634240248
76.1203192142 0.8708623509
76.0736196319 0.8790865470
76.0269773145 0.8876201588
75.9803921569 0.8958778144
75.9338640539 0.9032275687
75.8873929009 0.9090647260
75.8409785933 0.9128858050
75.7946210269 0.9143741013
75.7483200977 0.9134114653
75.7020757021 0.9101016547
75.6558877364 0.9047939303
75.6097560976 0.8980211732
75.5636806825 0.8904549679
75.5176613886 0.8827975142
75.4716981132 0.8757073360
75.4257907543 0.8697073641
75.3799392097 0.8651155049
75.3341433779 0.8620438113
75.2884031573 0.8604149567
75.2427184466 0.8599903554
75.1970891449 0.8604444643
75.1515151515 0.8614451374
75.1059963658 0.8627285015
75.0605326877 0.8641164661
75.0151240169 0.8655400397
74.9697702539 0.8670165810
74.9244712991 0.8685865718
74.8792270531 0.8702905891
74.8340374170 0.8721173086
74.7889022919 0.8740033557
74.7438215793 0.8758215913
74.6987951807 0.8774214376
74.6538229982 0.8786693399
74.6089049338 0.8794546020
74.5640408900 0.8797590115
74.5192307692 0.8796281075
74.4744744745 0.8791655727
74.4297719088 0.8784985695
74.3851229754 0.8777371387
74.3405275779 0.8769683346
74.2959856201 0.8761863315
74.2514970060 0.8753620003
74.2070616397 0.8743962312
74.1626794258 0.8731780075
74.1183502690 0.8716485262
74.0740740741 0.8697838517
74.0298507463 0.8676592684
73.9856801909 0.8653970052
73.9415623137 0.8631546945
73.8974970203 0.8610845249
73.8534842168 0.8592863767
73.8095238095 0.8578193652
73.7656157049 0.8566782585
73.7217598098 0.8558284709
73.6779560309 0.8552177142
73.6342042755 0.8547994392
73.5905044510 0.8545504873
73.5468564650 0.8545064440
73.5032602253 0.8547206286
73.4597156398 0.8552935808
73.4162226169 0.8563142865
73.3727810651 0.8578719261
73.3293908930 0.8600086863
73.2860520095 0.8627137237
73.2427643237 0.8659289230
73.1995277450 0.8695310555
73.1563421829 0.8733729840
73.1132075472 0.8772954361
73.0701237478 0.8811624698
73.0270906949 0.8848911311
72.9841082990 0.8884397437
72.9411764706 0.8918494916
72.8982951205 0.8951735014
72.8554641598 0.8984472210
72.8126834997 0.9016646363
72.7699530516 0.9047484768
72.7272727273 0.9075440843
72.6846424385 0.9098905213
72.6420620972 0.9116205439
72.5995316159 0.9126319686
72.5570509070 0.9128997470
72.5146198830 0.9124821398
72.4722384570 0.9115448127
72.4299065421 0.9103373153
72.3876240514 0.9091635158
72.3453908985 0.9083638544
72.3032069971 0.9082676388
72.2610722611 0.9091571030
72.2189866045 0.9111954393
72.1769499418 0.9144324106
72.1349621873 0.9187740897
72.0930232558 0.9240004785
72.0511330622 0.9298371563
72.0092915215 0.9359671823
71.9674985490 0.9420970140
71.9257540603 0.9479925809
71.8840579710 0.9534373906
71.8424101970 0.9582505769
71.8008106543 0.9622749452
71.7592592593 0.9653409263
71.7177559283 0.9673266820
71.6763005780 0.9681762650
71.6348931254 0.9679539958
71.5935334873 0.9668448200
71.5522215811 0.9651727895
71.5109573241 0.9633110087
71.4697406340 0.9616335037
71.4285714286 0.9604366799
71.3874496258 0.9598665170
71.3463751438 0.9598999506
71.3053479011 0.9603383205
71.2643678161 0.9608553233
71.2234348076 0.9610693716
71.1825487945 0.9606283038
71.1417096959 0.9593004352
71.1009174312 0.9570416522
71.0601719198 0.9539777570
71.0194730813 0.9503928593
70.9788208357 0.9466569384
70.9382151030 0.9431591930
70.8976558033 0.9402715614
70.8571428571 0.9383059755
70.8166761850 0.9374958297
70.7762557078 0.9380139930
70.7358813463 0.9399298609
70.6955530217 0.9432334711
70.6552706553 0.9478047488
70.6150341686 0.9534499309
70.5748434832 0.9599197806
70.5346985210 0.9669156272
70.4945992041 0.9741137783
70.4545454545 0.9811593684
70.4145371948 0.9876356663
70.3745743473 0.9931006776
70.3346568349 0.9971299361
70.2947845805 0.9993839207
70.2549575071 0.9996818112
70.2151755379 0.9980509802
70.1754385965 0.9947091599
70.1357466063 0.9900035985
70.0960994912 0.9843254240
70.0564971751 0.9780298239
70.0169395822 0.9714051601
69.9774266366 0.9646542622
69.9379582628 0.9579620146
69.8985343856 0.9514891189
69.8591549296 0.9454090830
69.8198198198 0.9399020684
69.7805289814 0.9350620804
69.7412823397 0.9309461963
69.7020798201 0.9275062800
69.6629213483 0.9246072460
69.6238068501 0.9221012370
69.5847362514 0.9198213939
69.5457094784 0.9176252858
69.5067264574 0.9154136344
69.4677871148 0.9131055769
69.4288913774 0.9106387208
69.3900391718 0.9079007137
69.3512304251 0.9047415424
69.3124650643 0.9009547034
69.2737430168 0.8963206668
69.2350642099 0.8906629842
69.1964285714 0.8839233563
69.1578360290 0.8761807783
69.1192865106 0.8677083383
69.0807799443 0.8589050947
69.0423162584 0.8502777813
69.0038953812 0.8423095470
68.9655172414 0.8354284554
68.9271817676 0.8299381525
68.8888888889 0.8259796616
68.8506385341 0.8235622285
68.8124306326 0.8225440269
68.7742651137 0.8226757910
68.7361419069 0.8236320489
68.6980609418 0.8250298718
68.6600221484 0.8264917963
68.6220254566 0.8276836959
68.5840707965 0.8283906057
68.5461580984 0.8285233418
68.5082872928 0.8281756861
68.4704583103 0.8275364220
68.4326710817 0.8268706451
68.3949255378 0.8264060978
68.3572216097 0.8262824107
68.3195592287 0.8264621669
68.2819383260 0.8267430839
68.2443588332 0.8267512197
68.2068206821 0.8260102808
68.1693238043 0.8240047689
68.1318681319 0.8203068151
68.0944535969 0.8146271728
68.0570801317 0.8068664449
68.0197476687 0.7971411496
67.9824561404 0.7857335667
67.9452054795 0.7730478278
67.9079956188 0.7595594564
67.8708264915 0.7457391093
67.8336980306 0.7320078620
67.7966101695 0.7187178163
67.7595628415 0.7061581958
67.7225559803 0.6945166092
67.6855895197 0.6839170822
67.6486633933 0.6743812832
67.6117775354 0.6658987606
67.5749318801 0.6583882745
67.5381263617 0.6517618581
67.5013609145 0.6459569870
67.4646354733 0.6409173602
67.4279499728 0.6366122610
67.3913043478 0.6330559847
67.3546985334 0.6302628252
67.3181324647 0.6282406208
67.2816060770 0.6269907329
67.2451193059 0.6264627952
67.2086720867 0.6265804354
67.1722643554 0.6272153375
67.1358960476 0.6282259491
67.0995670996 0.6294509814
67.0632774473 0.6307417620
67.0270270270 0.6319881988
66.9908157753 0.6330864575
66.9546436285 0.6339908830
66.9185105235 0.6346492328
66.8824163970 0.6350481243
66.8463611860 0.6351481484
66.8103448276 0.6349293147
66.7743672590 0.6343390552
66.7384284177 0.6333116592
66.7025282410 0.6317877722
66.6666666667 0.6296948570
66.6308436325 0.6269667113
66.5950590763 0.6235826276
66.5593129361 0.6195283542
66.5236051502 0.6148679767
66.4879356568 0.6096722598
66.4523043944 0.6040644668
66.4167113016 0.5981812638
66.3811563169 0.5921727733
66.3456393793 0.5862091752
66.3101604278 0.5804479814
66.2747194014 0.5750274249
66.2393162393 0.5700598216
66.2039508809 0.5655986210
66.1686232657 0.5616447876
66.1333333333 0.5581663732
66.0980810235 0.5550786694
66.0628662760 0.5523165121
66.0276890309 0.5498211640
65.9925492283 0.5475930943
65.9574468085 0.5456591622
65.9223817119 0.5440990999
65.8873538789 0.5429994198
65.8523632501 0.5424137673
65.8174097665 0.5423760516
65.7824933687 0.5428673037
65.7476139979 0.5438155385
65.7127715951 0.5451486072
65.6779661017 0.5467875753
65.6431974590 0.5486400842
65.6084656085 0.5506533844
65.5737704918 0.5527746210
65.5391120507 0.5549574733
65.5044902272 0.5571821002
65.4699049630 0.5594153308
65.4353562005 0.5616438764
65.4008438819 0.5638211640
65.3663679494 0.5659271500
65.3319283456 0.5678951431
65.2975250132 0.5696583190
65.2631578947 0.5711430547
65.2288269332 0.5722889119
65.1945320715 0.5730686830
65.1602732528 0.5735151745
65.1260504202 0.5737080072
65.0918635171 0.5738138362
65.0577124869 0.5740130382
65.0235972732 0.5745331951
64.9895178197 0.5755755866
64.9554740702 0.5773084081
64.9214659686 0.5798197738
64.8874934589 0.5830839963
64.8535564854 0.5869680223
64.8196549922 0.5911976633
64.7857889237 0.5954109896
64.7519582245 0.5991850007
64.7181628392 0.6020959234
64.6844027126 0.6037863577
64.6506777894 0.6040326037
64.6169880146 0.6027852997
64.5833333333 0.6001362082
64.5497136908 0.5963118992
64.5161290323 0.5916000563
64.4825793032 0.5863025138
64.4490644491 0.5806813539
64.4155844156 0.5749588034
64.3821391485 0.5692900883
64.3487285937 0.5638037836
64.3153526971 0.5586017265
64.2820114049 0.5537860031
64.2487046632 0.5494453949
64.2154324184 0.5456824402
64.1821946170 0.5425727765
64.1489912054 0.5401854067
64.1158221303 0.5385623030
64.0826873385 0.5376979461
64.0495867769 0.5375188069
64.0165203924 0.5379307696
63.9834881321 0.5387918788
63.9504899433 0.5399666821
63.9175257732 0.5413466864
63.8845955693 0.5428640571
63.8516992791 0.5445326184
63.8188368502 0.5464275962
63.7860082305 0.5486652947
63.7532133676 0.5513827125
63.7204522097 0.5546692903
63.6877247047 0.5585599602
63.6550308008 0.5629598359
63.6223704464 0.5676917991
63.5897435897 0.5725100172
63.5571501794 0.5770998073
63.5245901639 0.5811733319
63.4920634921 0.5845107333
63.4595701126 0.5869739586
63.4271099744 0.5885274946
63.3946830266 0.5892454596
63.3622892182 0.5892707064
63.3299284985 0.5888150164
63.2976008167 0.5880768602
63.2653061224 0.5872551251
63.2330443651 0.5865009812
63.2008154944 0.5858971140
63.1686194600 0.5854506537
63.1364562118 0.5850998661
63.1043256997 0.5847415347
63.0722278739 0.5842446479
63.0401626843 0.5835124083
63.0081300813 0.5824754200
62.9761300152 0.5811331935
62.9441624365 0.5795059634
62.9122272958 0.5776762253
62.8803245436 0.5757128195
62.8484541308 0.5737124225
62.8166160081 0.5717719231
62.7848101266 0.5699607112
62.7530364372 0.5683413938
62.7212948912 0.5669420323
62.6895854398 0.5657768654
62.6579080344 0.5648601578
62.6262626263 0.5641714653
62.5946491671 0.5636972477
62.5630676085 0.5634169797
62.5315179022 0.5632683443
62.5000000000 0.5632028193
62.4685138539 0.5631160645
62.4370594159 0.5629453342
62.4056366381 0.5626068391
62.3742454728 0.5620654416
62.3428858723 0.5613417596
62.3115577889 0.5604774016
62.2802611753 0.5595489940
62.2489959839 0.5586473056
62.2177621676 0.5578213355
62.1865596790 0.5571131897
62.1553884712 0.5565020547
62.1242484970 0.5559740770
62.0931397096 0.5554733271
62.0620620621 0.5549157140
62.0310155078 0.5542310013
62.0000000000 0.5533277511
