124000.0000000000 0.0000016507
62000.0000000000 0.0000192218
41333.3333333333 0.0000669715
31000.0000000000 0.0001474409
24800.0000000000 0.0002591805
20666.6666666667 0.0004007971
17714.2857142857 0.0005715979
15500.0000000000 0.0007713592
13777.7777777778 0.0010001976
12400.0000000000 0.0012584142
11272.7272727273 0.0015465241
10333.3333333333 0.0018650971
9538.4615384615 0.0022148786
8857.1428571429 0.0025966707
8266.6666666667 0.0030114624
7750.0000000000 0.0034602401
7294.1176470588 0.0039441259
6888.8888888889 0.0044643308
6526.3157894737 0.0050223523
6200.0000000000 0.0056195392
5904.7619047619 0.0062576059
5636.3636363636 0.0069382423
5391.3043478261 0.0076633992
5166.6666666667 0.0084351561
4960.0000000000 0.0092557210
4769.2307692308 0.0101276123
4592.5925925926 0.0110535053
4428.5714285714 0.0120362315
4275.8620689655 0.0130789828
4133.3333333333 0.0141851357
4000.0000000000 0.0153583606
3875.0000000000 0.0166028646
3757.5757575758 0.0179228635
3647.0588235294 0.0193233850
3542.8571428571 0.0208094937
3444.4444444444 0.0223871441
3351.3513513514 0.0240623556
3263.1578947368 0.0258422495
3179.4871794872 0.0277343294
3100.0000000000 0.0297467636
3024.3902439024 0.0318888542
2952.3809523810 0.0341703843
2883.7209302326 0.0366023769
2818.1818181818 0.0391967167
2755.5555555556 0.0419663439
2695.6521739130 0.0449259574
2638.2978723404 0.0480906427
2583.3333333333 0.0514778718
2530.6122448980 0.0551068130
2480.0000000000 0.0589985952
2431.3725490196 0.0631780348
2384.6153846154 0.0676731642
2339.6226415094 0.0725171100
2296.2962962963 0.0777472981
2254.5454545455 0.0834070584
2214.2857142857 0.0895451987
2175.4385964912 0.0962175073
2137.9310344828 0.1034865360
2101.6949152542 0.1114231940
2066.6666666667 0.1201071934
2032.7868852459 0.1296283532
2000.0000000000 0.1400868887
1968.2539682540 0.1515945643
1937.5000000000 0.1642722869
1907.6923076923 0.1782492565
1878.7878787879 0.1936571136
1850.7462686567 0.2106221203
1823.5294117647 0.2292521184
1797.1014492754 0.2496170842
1771.4285714286 0.2717279481
1746.4788732394 0.2955124263
1722.2222222222 0.3207994073
1698.6301369863 0.3473269912
1675.6756756757 0.3747839831
1653.3333333333 0.4028967100
1631.5789473684 0.4315437465
1610.3896103896 0.4608657435
1589.7435897436 0.4913256181
1569.6202531646 0.5236969547
1550.0000000000 0.5589868128
1530.8641975309 0.5983321646
1512.1951219512 0.6429051377
1493.9759036145 0.6938436474
1476.1904761905 0.7522039819
1458.8235294118 0.8189162324
1441.8604651163 0.8947240487
1425.2873563218 0.9800832581
1409.0909090909 1.0750147190
1393.2584269663 1.1789164263
1377.7777777778 1.2903598726
1362.6373626374 1.4069397410
1347.8260869565 1.5252627007
1333.3333333333 1.6411625292
1319.1489361702 1.7501656216
1305.2631578947 1.8481048739
1291.6666666667 1.9316955156
1278.3505154639 1.9988757795
1265.3061224490 2.0488554243
1252.5252525253 2.0819609442
1240.0000000000 2.0993810528
1227.7227722772 2.1028349553
1215.6862745098 2.0941174455
1203.8834951456 2.0745675860
1192.3076923077 2.0446480244
1180.9523809524 2.0038867568
1169.8113207547 1.9512911767
1158.8785046729 1.8861006134
1148.1481481481 1.8085311097
1137.6146788991 1.7201620548
1127.2727272727 1.6238139126
1117.1171171171 1.5230254683
1107.1428571429 1.4214081643
1097.3451327434 1.3221179664
1087.7192982456 1.2275663404
1078.2608695652 1.1393584944
1068.9655172414 1.0583837747
1059.8290598291 0.9849738278
1050.8474576271 0.9190663556
1042.0168067227 0.8603459453
1033.3333333333 0.8083479062
1024.7933884298 0.7625275697
1016.3934426230 0.7223023497
1008.1300813008 0.6870712836
1000.0000000000 0.6562269071
992.0000000000 0.6291672110
984.1269841270 0.6053129234
976.3779527559 0.5841415175
968.7500000000 0.5652276377
961.2403100775 0.5482784542
953.8461538462 0.5331462245
946.5648854962 0.5198167137
939.3939393939 0.5083679685
932.3308270677 0.4989249714
925.3731343284 0.4916143362
918.5185185185 0.4865391161
911.7647058824 0.4837534343
905.1094890511 0.4832514481
898.5507246377 0.4849486771
892.0863309353 0.4886665693
885.7142857143 0.4941160864
879.4326241135 0.5008966213
873.2394366197 0.5085204785
867.1328671329 0.5164791664
861.1111111111 0.5243427991
855.1724137931 0.5318772409
849.3150684932 0.5391253738
843.5374149660 0.5464232903
837.8378378378 0.5543373329
832.2147651007 0.5635553533
826.6666666667 0.5747664718
821.1920529801 0.5885650425
815.7894736842 0.6053839502
810.4575163399 0.6254631118
805.1948051948 0.6488263389
800.0000000000 0.6752843796
794.8717948718 0.7044543550
789.8089171975 0.7357978432
784.8101265823 0.7686942376
779.8742138365 0.8025162073
775.0000000000 0.8367065894
770.1863354037 0.8708330606
765.4320987654 0.9045987637
760.7361963190 0.9378145351
756.0975609756 0.9703529639
751.5151515152 1.0021220698
746.9879518072 1.0330899634
742.5149700599 1.0633514356
738.0952380952 1.0931809078
733.7278106509 1.1230172432
729.4117647059 1.1533713209
725.1461988304 1.1847026720
720.9302325581 1.2173439468
716.7630057803 1.2515050667
712.6436781609 1.2873149365
708.5714285714 1.3248434166
704.5454545455 1.3640566518
700.5649717514 1.4047522763
696.6292134831 1.4465296858
692.7374301676 1.4888206453
688.8888888889 1.5309518685
685.0828729282 1.5721727348
681.3186813187 1.6116237701
677.5956284153 1.6482909593
673.9130434783 1.6809926576
670.2702702703 1.7084095898
666.6666666667 1.7291153416
663.1016042781 1.7415874418
659.5744680851 1.7442298259
656.0846560847 1.7354691895
652.6315789474 1.7139737596
649.2146596859 1.6789686006
645.8333333333 1.6305645411
642.4870466321 1.5699617108
639.1752577320 1.4994168521
635.8974358974 1.4219346059
632.6530612245 1.3407983649
629.4416243655 1.2590892402
626.2626262626 1.1793464546
623.1155778894 1.1034128270
620.0000000000 1.0324401484
616.9154228856 0.9669958173
613.8613861386 0.9072045961
610.8374384236 0.8529055571
607.8431372549 0.8037908711
604.8780487805 0.7595143398
601.9417475728 0.7197578655
599.0338164251 0.6842545709
596.1538461538 0.6527790882
593.3014354067 0.6251212965
590.4761904762 0.6010613299
587.6777251185 0.5803518972
584.9056603774 0.5627097224
582.1596244131 0.5478202008
579.4392523364 0.5353482312
576.7441860465 0.5249652270
574.0740740741 0.5163791790
571.4285714286 0.5093731579
568.8073394495 0.5038325934
566.2100456621 0.4997409204
563.6363636364 0.4971548996
561.0859728507 0.4961496627
558.5585585586 0.4967567306
556.0538116592 0.4989097498
553.5714285714 0.5024179422
551.1111111111 0.5069634481
548.6725663717 0.5121352010
546.2555066079 0.5174948365
543.8596491228 0.5226547267
541.4847161572 0.5273499603
539.1304347826 0.5314725666
536.7965367965 0.5350838565
534.4827586207 0.5383928249
532.1888412017 0.5417363783
529.9145299145 0.5455433792
527.6595744681 0.5502811992
525.4237288136 0.5563875978
523.2067510549 0.5642000308
521.0084033613 0.5738999417
518.8284518828 0.5854876565
516.6666666667 0.5988005906
514.5228215768 0.6135573989
512.3966942149 0.6294227802
510.2880658436 0.6460789440
508.1967213115 0.6632577146
506.1224489796 0.6807373178
504.0650406504 0.6983115179
502.0242914980 0.7157442149
500.0000000000 0.7327585528
497.9919678715 0.7490501441
496.0000000000 0.7642997083
494.0239043825 0.7781605590
492.0634920635 0.7902220379
490.1185770751 0.7999535510
488.1889763780 0.8066809628
486.2745098039 0.8096192883
484.3750000000 0.8079685187
482.4902723735 0.8010608962
480.6201550388 0.7885396457
478.7644787645 0.7705070737
476.9230769231 0.7475933100
475.0957854406 0.7208959604
473.2824427481 0.6918048254
471.4828897338 0.6617684759
469.6969696970 0.6320773517
467.9245283019 0.6037178097
466.1654135338 0.5773210655
464.4194756554 0.5531783998
462.6865671642 0.5313041115
460.9665427509 0.5115221370
459.2592592593 0.4935446719
457.5645756458 0.4770462216
455.8823529412 0.4617194398
454.2124542125 0.4473188671
452.5547445255 0.4336854338
450.9090909091 0.4207550381
449.2753623188 0.4085458991
447.6534296029 0.3971426296
446.0431654676 0.3866583633
444.4444444444 0.3772136531
442.8571428571 0.3689079716
441.2811387900 0.3618093696
439.7163120567 0.3559508732
438.1625441696 0.3513338045
436.6197183099 0.3479332003
435.0877192982 0.3457103999
433.5664335664 0.3446087904
432.0557491289 0.3445555388
430.5555555556 0.3454511973
429.0657439446 0.3471591031
427.5862068966 0.3495017247
426.1168384880 0.3522692495
424.6575342466 0.3552355550
423.2081911263 0.3581899850
421.7687074830 0.3609666531
420.3389830508 0.3634732830
418.9189189189 0.3656976803
417.5084175084 0.3677007195
416.1073825503 0.3696070703
414.7157190635 0.3715778230
413.3333333333 0.3737962762
411.9601328904 0.3764428305
410.5960264901 0.3796885107
409.2409240924 0.3836798267
407.8947368421 0.3885372525
406.5573770492 0.3943483203
405.2287581699 0.4011605987
403.9087947883 0.4089777986
402.5974025974 0.4177525822
401.2944983819 0.4273999115
400.0000000000 0.4378172067
398.7138263666 0.4489212840
397.4358974359 0.4606749946
396.1661341853 0.4731011305
394.9044585987 0.4862590539
393.6507936508 0.5002098291
392.4050632911 0.5149629859
391.1671924290 0.5304535180
389.9371069182 0.5465341348
388.7147335423 0.5629942638
387.5000000000 0.5795928626
386.2928348910 0.5960951649
385.0931677019 0.6122829652
383.9009287926 0.6279605361
382.7160493827 0.6429334093
381.5384615385 0.6569947502
380.3680981595 0.6699251837
379.2048929664 0.6815246362
378.0487804878 0.6916550384
376.8996960486 0.7002998671
375.7575757576 0.7076074258
374.6223564955 0.7138932414
373.4939759036 0.7196146610
372.3723723724 0.7252995831
371.2574850299 0.7314715538
370.1492537313 0.7385922271
369.0476190476 0.7470380200
367.9525222552 0.7571081571
366.8639053254 0.7690647519
365.7817109145 0.7831712072
364.7058823529 0.7997241230
363.6363636364 0.8190702132
362.5730994152 0.8415983825
361.5160349854 0.8677184616
360.4651162791 0.8978443595
359.4202898551 0.9323805346
358.3815028902 0.9717251023
357.3487031700 1.0162789935
356.3218390805 1.0664708969
355.3008595989 1.1227800056
354.2857142857 1.1857528322
353.2763532764 1.2560236551
352.2727272727 1.3343057528
351.2747875354 1.4213628313
350.2824858757 1.5179373942
349.2957746479 1.6246444900
348.3146067416 1.7418200892
347.3389355742 1.8693562498
346.3687150838 2.0065445410
345.4038997214 2.1519868460
344.4444444444 2.3035956024
343.4903047091 2.4587497458
342.5414364641 2.6145878106
341.5977961433 2.7684123252
340.6593406593 2.9180807536
339.7260273973 3.0622670595
338.7978142077 3.2004678621
337.8746594005 3.3327180273
336.9565217391 3.4591202787
336.0433604336 3.5793227730
335.1351351351 3.6921281194
334.2318059299 3.7953153593
333.3333333333 3.8857396350
332.4396782842 3.9597616602
331.5508021390 4.0140056196
330.6666666667 4.0463460439
329.7872340426 4.0568617789
328.9124668435 4.0483133808
328.0423280423 4.0258616772
327.1767810026 3.9960328134
326.3157894737 3.9653238690
325.4593175853 3.9389685181
324.6073298429 3.9202360664
323.7597911227 3.9103362534
322.9166666667 3.9088137594
322.0779220779 3.9141749229
321.2435233161 3.9245315013
320.4134366925 3.9381196458
319.5876288660 3.9536381208
318.7660668380 3.9703158520
317.9487179487 3.9877007840
317.1355498721 4.0052080988
316.3265306122 4.0215956312
315.5216284987 4.0346562876
314.7208121827 4.0413614215
313.9240506329 4.0384936264
313.1313131313 4.0235786932
312.3425692695 3.9957265617
311.5577889447 3.9560518905
310.7769423559 3.9075038672
310.0000000000 3.8542377397
309.2269326683 3.8007932015
308.4577114428 3.7513360060
307.6923076923 3.7091427759
306.9306930693 3.6763628430
306.1728395062 3.6540202831
305.4187192118 3.6422007264
304.6683046683 3.6403144777
303.9215686275 3.6473584680
303.1784841076 3.6620908043
302.4390243902 3.6831018296
301.7031630170 3.7087902929
300.9708737864 3.7373539391
300.2421307506 3.7669069939
299.5169082126 3.7957829842
298.7951807229 3.8229436136
298.0769230769 3.8482515685
297.3621103118 3.8724012347
296.6507177033 3.8964495084
295.9427207637 3.9211451598
295.2380952381 3.9463738655
294.5368171021 3.9709724664
293.8388625592 3.9929834857
293.1442080378 4.0102102075
292.4528301887 4.0208243579
291.7647058824 4.0238117583
291.0798122066 4.0191565112
290.3981264637 4.0077454262
289.7196261682 3.9910744537
289.0442890443 3.9708253149
288.3720930233 3.9484477210
287.7030162413 3.9248805141
287.0370370370 3.9005728090
286.3741339492 3.8757987128
285.7142857143 3.8511096657
285.0574712644 3.8276962143
284.4036697248 3.8074326042
283.7528604119 3.7925772014
283.1050228311 3.7852008069
282.4601366743 3.7865332745
281.8181818182 3.7964229369
281.1791383220 3.8130349042
280.5429864253 3.8329014009
279.9097065463 3.8513067480
279.2792792793 3.8629799205
278.6516853933 3.8629590472
278.0269058296 3.8474605727
277.4049217002 3.8145920116
276.7857142857 3.7646959114
276.1692650334 3.7002534621
275.5555555556 3.6253341295
274.9445676275 3.5447332169
274.3362831858 3.4630598313
273.7306843267 3.3840281274
273.1277533040 3.3101042554
272.5274725275 3.2425746087
271.9298245614 3.1819140156
271.3347921225 3.1283021801
270.7423580786 3.0820696430
270.1525054466 3.0439307999
269.5652173913 3.0150011129
268.9804772234 2.9966534269
268.3982683983 2.9903367821
267.8185745140 2.9974256564
267.2413793103 3.0190978868
266.6666666667 3.0562317126
266.0944206009 3.1092997796
265.5246252677 3.1782376977
264.9572649573 3.2623313864
264.3923240938 3.3601271696
263.8297872340 3.4693634116
263.2696390658 3.5869869371
262.7118644068 3.7092327969
262.1564482030 3.8318428259
261.6033755274 3.9503895982
261.0526315789 4.0606732177
260.5042016807 4.1590393915
259.9580712788 4.2425046611
259.4142259414 4.3087018514
258.8726513570 4.3557801327
258.3333333333 4.3824417959
257.7962577963 4.3881596523
257.2614107884 4.3734495034
256.7287784679 4.3400569007
256.1983471074 4.2908805469
255.6701030928 4.2296791422
255.1440329218 4.1605452687
254.6201232033 4.0873128393
254.0983606557 4.0129960567
253.5787321063 3.9394239055
253.0612244898 3.8671715909
252.5458248473 3.7958287422
252.0325203252 3.7245843228
251.5212981744 3.6529298976
251.0121457490 3.5812331938
250.5050505051 3.5109482234
250.0000000000 3.4443867887
249.4969818913 3.3842287949
248.9959839357 3.3329892175
248.4969939880 3.2926702417
248.0000000000 3.2646428066
247.5049900200 3.2496906891
247.0119521912 3.2481091029
246.5208747515 3.2597550794
246.0317460317 3.2839951331
245.5445544554 3.3195974409
245.0592885375 3.3646468616
244.5759368836 3.4165599551
244.0944881890 3.4722602969
243.6149312377 3.5284885231
243.1372549020 3.5821609458
242.6614481409 3.6306371288
242.1875000000 3.6718848211
241.7153996101 3.7044703242
241.2451361868 3.7274751749
240.7766990291 3.7403710009
240.3100775194 3.7429231395
239.8452611219 3.7351383520
239.3822393822 3.7173029144
238.9210019268 3.6900834586
238.4615384615 3.6546850087
238.0038387716 3.6129800227
237.5478927203 3.5675441491
237.0936902486 3.5215218994
236.6412213740 3.4783503743
236.1904761905 3.4414221804
235.7414448669 3.4137368111
235.2941176471 3.3976496883
234.8484848485 3.3946825063
234.4045368620 3.4054504720
233.9622641509 3.4296920270
233.5216572505 3.4664026091
233.0827067669 3.5140499168
232.6454033771 3.5707978232
232.2097378277 3.6346565973
231.7757009346 3.7035087270
231.3432835821 3.7750902569
230.9124767225 3.8469835404
230.4832713755 3.9167074586
230.0556586271 3.9818875707
229.6296296296 4.0404625283
229.2051756007 4.0909046238
228.7822878229 4.1324168513
228.3609576427 4.1650034385
227.9411764706 4.1894208526
227.5229357798 4.2069993635
227.1062271062 4.2194431389
226.6910420475 4.2286591530
226.2773722628 4.2365610413
225.8652094718 4.2447401914
225.4545454545 4.2540363538
225.0453720508 4.2641304896
224.6376811594 4.2734186160
224.2314647378 4.2793006656
223.8267148014 4.2789025359
223.4234234234 4.2699715493
223.0215827338 4.2516481956
222.6211849192 4.2247487853
222.2222222222 4.1915154676
221.8246869410 4.1550181919
221.4285714286 4.1184803037
221.0338680927 4.0847912277
220.6405693950 4.0562700045
220.2486678508 4.0346375094
219.8581560284 4.0211541379
219.4690265487 4.0168227489
219.0812720848 4.0225762586
218.6948853616 4.0393177127
218.3098591549 4.0677774367
217.9261862917 4.1082007133
217.5438596491 4.1599587320
217.1628721541 4.2212400581
216.7832167832 4.2889335673
216.4048865620 4.3588139983
216.0278745645 4.4260169223
215.6521739130 4.4857041088
215.2777777778 4.5338074711
214.9046793761 4.5676390325
214.5328719723 4.5862767868
214.1623488774 4.5905472511
213.7931034483 4.5826251002
213.4251290878 4.5652897170
213.0584192440 4.5411014662
212.6929674099 4.5117954907
212.3287671233 4.4782063129
211.9658119658 4.4407306193
211.6040955631 4.4000978491
211.2436115843 4.3580310961
210.8843537415 4.3174267267
210.5263157895 4.2820120283
210.1694915254 4.2556976370
209.8138747885 4.2419322961
209.4594594595 4.2432991539
209.1062394604 4.2613743717
208.7542087542 4.2967578123
208.4033613445 4.3491590952
208.0536912752 4.4174910166
207.7051926298 4.4999385937
207.3578595318 4.5941277778
207.0116861436 4.6973613115
206.6666666667 4.8069331225
206.3227953411 4.9204694068
205.9800664452 5.0361820323
205.6384742952 5.1530386224
205.2980132450 5.2707217838
204.9586776860 5.3894041366
204.6204620462 5.5093060771
204.2833607908 5.6301257535
203.9473684211 5.7504875057
203.6124794745 5.8676050716
203.2786885246 5.9773798704
202.9459901800 6.0749691842
202.6143790850 6.1557785373
202.2838499184 6.2165220028
201.9543973941 6.2559665966
201.6260162602 6.2750953209
201.2987012987 6.2767152784
200.9724473258 6.2647788433
200.6472491909 6.2437605063
200.3231017771 6.2181622950
200.0000000000 6.1921364245
199.6779388084 6.1690831826
199.3569131833 6.1512811037
199.0369181380 6.1396922373
198.7179487179 6.1340252144
198.4000000000 6.1330313751
198.0830670927 6.1349053852
197.7671451356 6.1376787386
197.4522292994 6.1395305068
197.1383147854 6.1390120909
196.8253968254 6.1351499872
196.5134706815 6.1274059783
196.2025316456 6.1155504855
195.8925750395 6.0995684125
195.5835962145 6.0797303202
195.2755905512 6.0567500270
194.9685534591 6.0318571910
194.6624803768 6.0066779662
194.3573667712 5.9829462914
194.0532081377 5.9622528161
193.7500000000 5.9459963680
193.4477379095 5.9355051012
193.1464174455 5.9321628627
192.8460342146 5.9373916393
192.5465838509 5.9523774663
192.2480620155 5.9777356400
191.9504643963 6.0132293589
191.6537867079 6.0577033234
191.3580246914 6.1092783946
191.0631741140 6.1656739985
190.7692307692 6.2244972680
190.4761904762 6.2833964977
190.1840490798 6.3400498336
189.8928024502 6.3921243876
189.6024464832 6.4373251014
189.3129770992 6.4735783112
189.0243902439 6.4992923844
188.7366818874 6.5136221476
188.4498480243 6.5165905648
188.1638846737 6.5090147812
187.8787878788 6.4923038013
187.5945537065 6.4681496479
187.3111782477 6.4382216432
187.0286576169 6.4039344324
186.7469879518 6.3663293868
186.4661654135 6.3261722465
186.1861861862 6.2841943472
185.9070464768 6.2413744428
185.6287425150 6.1990873880
185.3512705531 6.1590693053
185.0746268657 6.1231853147
184.7988077496 6.0931554663
184.5238095238 6.0702449705
184.2496285290 6.0550369076
183.9762611276 6.0472203973
183.7037037037 6.0454902500
183.4319526627 6.0476060219
183.1610044313 6.0507126767
182.8908554572 6.0519259690
182.6215022091 6.0490018483
182.3529411765 6.0408621374
182.0851688693 6.0277429548
181.8181818182 6.0109799586
181.5519765739 5.9925942866
181.2865497076 5.9749191105
181.0218978102 5.9604033322
180.7580174927 5.9514976884
180.4949053857 5.9505125425
180.2325581395 5.9592904029
179.9709724238 5.9787508493
179.7101449275 6.0084364989
179.4500723589 6.0462525078
179.1907514451 6.0885698583
178.9321789322 6.1307630227
178.6743515850 6.1680585489
178.4172661871 6.1964079549
178.1609195402 6.2131552578
177.9053084648 6.2172298953
177.6504297994 6.2089157509
177.3962804006 6.1893106021
177.1428571429 6.1596837270
176.8901569187 6.1209562169
176.6381766382 6.0734563889
176.3869132290 6.0170456638
176.1363636364 5.9515531589
175.8865248227 5.8773426928
175.6373937677 5.7957221330
175.3889674682 5.7089708053
175.1412429379 5.6199381482
174.8942172073 5.5313520204
174.6478873239 5.4451341927
174.4022503516 5.3619536813
174.1573033708 5.2811199826
173.9130434783 5.2008451321
173.6694677871 5.1187843172
173.4265734266 5.0327595643
173.1843575419 4.9415101230
172.9428172943 4.8452095949
172.7019498607 4.7455962340
172.4617524339 4.6456400831
172.2222222222 4.5488939704
171.9833564494 4.4587470977
171.7451523546 4.3778339218
171.5076071923 4.3077006126
171.2707182320 4.2487707386
171.0344827586 4.2005095928
170.7988980716 4.1616584484
170.5639614856 4.1305220235
170.3296703297 4.1052252913
170.0960219479 4.0839686384
169.8630136986 4.0652947480
169.6306429549 4.0482573330
169.3989071038 4.0324404540
169.1678035471 4.0177670764
168.9373297003 4.0041617483
168.7074829932 3.9911954808
168.4782608696 3.9778618293
168.2496607870 3.9625578214
168.0216802168 3.9432958062
167.7943166441 3.9180277109
167.5675675676 3.8850904739
167.3414304993 3.8436176134
167.1159029650 3.7938817806
166.8909825034 3.7374371610
166.6666666667 3.6769902941
166.4429530201 3.6159538273
166.2198391421 3.5578325126
165.9973226238 3.5056219389
165.7754010695 3.4613767697
165.5540720961 3.4260676187
165.3333333333 3.3997282940
165.1131824234 3.3817987915
164.8936170213 3.3714989193
164.6746347942 3.3680993280
164.4562334218 3.3709355018
164.2384105960 3.3792293043
164.0211640212 3.3917966939
163.8044914135 3.4068288748
163.5883905013 3.4218827577
163.3728590250 3.4341141512
163.1578947368 3.4407319415
162.9434954008 3.4395164913
162.7296587927 3.4292833995
162.5163826999 3.4100902647
162.3036649215 3.3831249278
162.0915032680 3.3502890922
161.8798955614 3.3135985095
161.6688396349 3.2746418800
161.4583333333 3.2342104682
161.2483745124 3.1921954920
161.0389610390 3.1477448039
160.8300907912 3.0996444173
160.6217616580 3.0467561162
160.4139715395 2.9884428730
160.2067183463 2.9248586785
160.0000000000 2.8570079411
159.7938144330 2.7866015526
159.5881595882 2.7157207574
159.3830334190 2.6464488916
159.1784338896 2.5805617130
158.9743589744 2.5193592368
158.7708066581 2.4637030299
158.5677749361 2.4141363698
158.3652618135 2.3710966494
158.1632653061 2.3350461355
157.9617834395 2.3065353353
157.7608142494 2.2861205664
157.5603557814 2.2742458567
157.3604060914 2.2710731273
157.1609632446 2.2763301804
156.9620253165 2.2892307510
156.7635903919 2.3084541016
156.5656565657 2.3322487069
156.3682219420 2.3586280202
156.1712846348 2.3856419714
155.9748427673 2.4116542908
155.7788944724 2.4355478020
155.5834378921 2.4568174265
155.3884711779 2.4755534781
155.1939924906 2.4923283229
155.0000000000 2.5080261691
154.8064918851 2.5236207553
154.6134663342 2.5399084815
154.4209215442 2.5572399168
154.2288557214 2.5753716042
154.0372670807 2.5934688608
153.8461538462 2.6103010728
153.6555142503 2.6245191932
153.4653465347 2.6349696862
153.2756489493 2.6409421350
153.0864197531 2.6423424471
152.8976572133 2.6397398507
152.7093596059 2.6342758821
152.5215252153 2.6274201383
152.3341523342 2.6206720394
152.1472392638 2.6153200290
151.9607843137 2.6123081883
151.7747858017 2.6122610140
151.5892420538 2.6155415064
151.4041514042 2.6223071424
151.2195121951 2.6325609424
151.0353227771 2.6461561481
150.8515815085 2.6628287025
150.6682867558 2.6822631921
150.4854368932 2.7041508877
150.3030303030 2.7282535878
150.1210653753 2.7544704628
149.9395405079 2.7828967799
149.7584541063 2.8138356026
149.5778045838 2.8477677691
149.3975903614 2.8852799595
149.2178098676 2.9269784787
149.0384615385 2.9734610050
148.8595438175 3.0253798263
148.6810551559 3.0835549907
148.5029940120 3.1491038284
148.3253588517 3.2234809065
148.1481481481 3.3083642870
147.9713603819 3.4054272406
147.7949940405 3.5159827696
147.6190476190 3.6406775928
147.4435196195 3.7792208852
147.2684085511 3.9302926080
147.0937129300 4.0916355104
146.9194312796 4.2603683532
146.7455621302 4.4334381728
146.5721040189 4.6081169985
146.3990554900 4.7823589208
146.2264150943 4.9548628017
146.0541813899 5.1248358517
145.8823529412 5.2914826523
145.7109283196 5.4534261121
145.5399061033 5.6081840804
145.3692848769 5.7519802104
145.1990632319 5.8799693530
145.0292397661 5.9869681988
144.8598130841 6.0685215297
144.6907817970 6.1219871841
144.5221445221 6.1472644636
144.3538998836 6.1468477929
144.1860465116 6.1253080228
144.0185830430 6.0883579702
143.8515081206 6.0418799424
143.6848203940 5.9911389491
143.5185185185 5.9402725078
143.3526011561 5.8920953321
143.1870669746 5.8481403875
143.0219146482 5.8088067203
142.8571428571 5.7735896218
142.6927502877 5.7414161061
142.5287356322 5.7110972784
142.3650975890 5.6818159785
142.2018348624 5.6534628962
142.0389461627 5.6267531066
141.8764302059 5.6031201817
141.7142857143 5.5845035178
141.5525114155 5.5731323214
141.3911060433 5.5713199686
141.2300683371 5.5811833078
141.0693970421 5.6042541548
140.9090909091 5.6410538958
140.7491486947 5.6907450136
140.5895691610 5.7509149238
140.4303510759 5.8175785779
140.2714932127 5.8854082792
140.1129943503 5.9482409573
139.9548532731 5.9998687265
139.7970687711 6.0350115265
139.6396396396 6.0501279271
139.4825646794 6.0438461545
139.3258426966 6.0168278597
139.1694725028 5.9712880091
139.0134529148 5.9103331739
138.8577827548 5.8374025364
138.7024608501 5.7558860499
138.5474860335 5.6689114543
138.3928571429 5.5792320270
138.2385730212 5.4891381019
138.0846325167 5.4003794426
137.9310344828 5.3141394863
137.7777777778 5.2311662894
137.6248612653 5.1519691544
137.4722838137 5.0769728792
137.3200442968 5.0064670848
137.1681415929 4.9404334451
137.0165745856 4.8783590599
136.8653421634 4.8192161784
136.7144432194 4.7615936311
136.5638766520 4.7039732850
136.4136413641 4.6450452104
136.2637362637 4.5840620951
136.1141602634 4.5211427516
135.9649122807 4.4573975455
135.8159912377 4.3947840175
135.6673960613 4.3356962892
135.5191256831 4.2824285853
135.3711790393 4.2367789590
135.2235550709 4.1999368899
135.0762527233 4.1726660737
134.9292709467 4.1556278833
134.7826086957 4.1496605405
134.6362649294 4.1558413759
134.4902386117 4.1753296191
134.3445287107 4.2090366172
134.1991341991 4.2572833408
134.0540540541 4.3195164085
133.9092872570 4.3941835975
133.7648327940 4.4787123703
133.6206896552 4.5696022456
133.4768568353 4.6625925546
133.3333333333 4.7528816235
133.1901181525 4.8354125822
133.0472103004 4.9051971836
132.9046087889 4.9576658590
132.7623126338 4.9890791772
132.6203208556 4.9969277385
132.4786324786 4.9803476306
132.3372465315 4.9403902735
132.1961620469 4.8800653476
132.0553780618 4.8040207912
131.9148936170 4.7178481618
131.7747077577 4.6271736673
131.6348195329 4.5368129251
131.4952279958 4.4502578819
131.3559322034 4.3696249853
131.2169312169 4.2959456839
131.0782241015 4.2295862603
130.9398099261 4.1705957853
130.8016877637 4.1189305306
130.6638566913 4.0744807992
130.5263157895 4.0370766033
130.3890641430 4.0064128548
130.2521008403 3.9820268393
130.1154249738 3.9632819895
129.9790356394 3.9494079018
129.8429319372 3.9395751946
129.7071129707 3.9329490592
129.5715778474 3.9287712564
129.4363256785 3.9263547823
129.3013555787 3.9250877453
129.1666666667 3.9244559622
129.0322580645 3.9240781758
128.8981288981 3.9237760126
128.7642782970 3.9236222880
128.6307053942 3.9239296813
128.4974093264 3.9251446375
128.3643892340 3.9277184512
128.2316442606 3.9319427709
128.0991735537 3.9378632910
127.9669762642 3.9452817682
127.8350515464 3.9538310717
127.7033985582 3.9630157874
127.5720164609 3.9721291852
127.4409044193 3.9800839476
127.3100616016 3.9852832185
127.1794871795 3.9856942059
127.0491803279 3.9792144056
126.9191402252 3.9642465114
126.7893660532 3.9402487538
126.6598569969 3.9080324027
126.5306122449 3.8696546794
126.4016309888 3.8279692250
126.2729124236 3.7860658587
126.1444557477 3.7467575337
126.0162601626 3.7123345703
125.8883248731 3.6845386536
125.7606490872 3.6646467524
125.6332320162 3.6535433535
125.5060728745 3.6516250806
125.3791708797 3.6585724718
125.2525252525 3.6730896953
125.1261352170 3.6928243924
125.0000000000 3.7145267140
124.8741188318 3.7345478715
124.7484909457 3.7494688589
124.6231155779 3.7566931384
124.4979919679 3.7548188192
124.3731193581 3.7436675248
124.2484969940 3.7240576530
124.1241241241 3.6974311434
124.0000000000 3.6655148778
123.8761238761 3.6301076849
123.7524950100 3.5929604720
123.6291126620 3.5556973908
123.5059760956 3.5196858211
123.3830845771 3.4858746682
123.2604373757 3.4547072927
123.1380337637 3.4261469568
123.0158730159 3.3998629110
122.8939544103 3.3754485660
122.7722772277 3.3526116439
122.6508407517 3.3312186555
122.5296442688 3.3111887813
122.4086870681 3.2922894528
122.2879684418 3.2739470742
122.1674876847 3.2552212297
122.0472440945 3.2349370920
121.9272369715 3.2119739825
121.8074656189 3.1855358405
121.6879293425 3.1553157015
121.5686274510 3.1214517114
121.4495592556 3.0843472495
121.3307240705 3.0444180389
121.2121212121 3.0018673651
121.0937500000 2.9566056707
120.9756097561 2.9083437173
120.8576998051 2.8568685319
120.7400194742 2.8023742320
120.6225680934 2.7457179291
120.5053449951 2.6884788937
120.3883495146 2.6327692581
120.2715809893 2.5808196013
120.1550387597 2.5345721963
120.0387221684 2.4952896135
119.9226305609 2.4633895933
119.8067632850 2.4384264396
119.6911196911 2.4192420276
119.5756991321 2.4042666985
119.4605009634 2.3918336465
119.3455245428 2.3805446046
119.2307692308 2.3695075853
119.1162343900 2.3584210368
119.0019193858 2.3475527244
118.8878235858 2.3375737817
118.7739463602 2.3293808853
118.6602870813 2.3239346712
118.5468451243 2.3221499257
118.4336198663 2.3248203439
118.3206106870 2.3326349867
118.2078169685 2.3461877642
118.0952380952 2.3660118804
117.9828734539 2.3925434577
117.8707224335 2.4261277908
117.7587844255 2.4669831523
117.6470588235 2.5152287158
117.5355450237 2.5709730868
117.4242424242 2.6343780137
117.3131504257 2.7056864389
117.2022684310 2.7851120384
117.0915958451 2.8725909972
116.9811320755 2.9674717359
116.8708765316 3.0682252000
116.7608286252 3.1723314398
116.6509877705 3.2764004591
116.5413533835 3.3765096056
116.4319248826 3.4686695016
116.3227016886 3.5493186642
116.2136832240 3.6156305028
116.1048689139 3.6657138125
115.9962581852 3.6986257448
115.8878504673 3.7144206824
115.7796451914 3.7141269733
115.6716417910 3.6997498466
115.5638397018 3.6741163963
115.4562383613 3.6405946782
115.3488372093 3.6026617613
115.2416356877 3.5634728012
115.1346332405 3.5255297406
115.0278293135 3.4905724328
114.9212233550 3.4596960728
114.8148148148 3.4335770468
114.7086031452 3.4127049042
114.6025878004 3.3974878207
114.4967682364 3.3882766535
114.3911439114 3.3852350471
114.2857142857 3.3882053822
114.1804788214 3.3965637197
114.0754369825 3.4091466526
113.9705882353 3.4243115848
113.8659320478 3.4401126306
113.7614678899 3.4546064137
113.6571952337 3.4661618518
113.5531135531 3.4736551760
113.4492223239 3.4765791490
113.3455210238 3.4749907837
113.2420091324 3.4693619156
113.1386861314 3.4604222786
113.0355515041 3.4490018993
112.9326047359 3.4359015046
112.8298453139 3.4218273011
112.7272727273 3.4073796929
112.6248864668 3.3930855042
112.5226860254 3.3794303522
112.4206708976 3.3669131054
112.3188405797 3.3560531643
112.2171945701 3.3473245562
112.1157323689 3.3411115314
112.0144534779 3.3375905676
111.9133574007 3.3367218668
111.8124436429 3.3382703640
111.7117117117 3.3419409596
111.6111611161 3.3475586542
111.5107913669 3.3552053267
111.4106019766 3.3652427937
111.3105924596 3.3781993814
111.2107623318 3.3946410961
111.1111111111 3.4150016174
111.0116383169 3.4395299200
110.9123434705 3.4682157871
110.8132260947 3.5006526856
110.7142857143 3.5359193303
110.6155218555 3.5724652504
110.5169340463 3.6081959169
110.4185218166 3.6407496063
110.3202846975 3.6679471758
110.2222222222 3.6882008450
110.1243339254 3.7008128916
110.0266193434 3.7060433198
109.9290780142 3.7050168171
109.8317094774 3.6995272324
109.7345132743 3.6917787722
109.6374889478 3.6840883109
109.5406360424 3.6785961446
109.4439541041 3.6769777152
109.3474426808 3.6802613169
109.2511013216 3.6887347050
109.1549295775 3.7019343527
109.0589270009 3.7186470303
108.9630931459 3.7369758262
108.8674275680 3.7544402634
108.7719298246 3.7681583098
108.6765994741 3.7752183016
108.5814360771 3.7731028936
108.4864391951 3.7601515955
108.3916083916 3.7358768983
108.2969432314 3.7010489057
108.2024432810 3.6575247623
108.1081081081 3.6078681310
108.0139372822 3.5548786909
107.9199303742 3.5010889386
107.8260869565 3.4484016855
107.7324066030 3.3978972230
107.6388888889 3.3498706439
107.5455333912 3.3039846084
107.4523396880 3.2595430101
107.3593073593 3.2157371982
107.2664359862 3.1718602928
107.1737251513 3.1274736450
107.0811744387 3.0824747643
106.9887834340 3.0371466794
106.8965517241 2.9921111136
106.8044788975 2.9482617245
106.7125645439 2.9066343357
106.6208082545 2.8682716353
106.5292096220 2.8341252144
106.4377682403 2.8049994256
106.3464837050 2.7815338195
106.2553556127 2.7641268881
106.1643835616 2.7528791368
106.0735671514 2.7474539501
105.9829059829 2.7470010980
105.8923996584 2.7501355659
105.8020477816 2.7550504101
105.7118499574 2.7597009017
105.6218057922 2.7621266633
105.5319148936 2.7607390696
105.4421768707 2.7545899152
105.3525913339 2.7434721102
105.2631578947 2.7279270393
105.1738761662 2.7090868480
105.0847457627 2.6884925215
104.9957662997 2.6678393005
104.9069373942 2.6487991998
104.8182586644 2.6328058427
104.7297297297 2.6209368502
104.6413502110 2.6138073676
104.5531197302 2.6114912175
104.4650379107 2.6135101780
104.3771043771 2.6188639283
104.2893187553 2.6261566534
104.2016806723 2.6338083395
104.1141897565 2.6403547265
104.0268456376 2.6446519107
103.9396479464 2.6460494922
103.8525963149 2.6443640033
103.7656903766 2.6397441254
103.6789297659 2.6325234706
103.5923141186 2.6231009015
103.5058430718 2.6119047951
103.4195162636 2.5993812693
103.3333333333 2.5860146023
103.2472939217 2.5722911600
103.1613976705 2.5586589932
103.0756442228 2.5455114270
102.9900332226 2.5331826705
102.9045643154 2.5219149599
102.8192371476 2.5118376844
102.7340513670 2.5028731887
102.6490066225 2.4947112877
102.5641025641 2.4868774555
102.4793388430 2.4788299969
102.3947151115 2.4700863417
102.3102310231 2.4602355613
102.2258862325 2.4489018166
102.1416803954 2.4356420101
102.0576131687 2.4199493893
101.9736842105 2.4013392397
101.8898931800 2.3794926996
101.8062397373 2.3544058182
101.7227235439 2.3264369157
101.6393442623 2.2962307466
101.5561015561 2.2645760583
101.4729950900 2.2322536482
101.3900245298 2.1999908342
101.3071895425 2.1684320131
101.2244897959 2.1381754251
101.1419249592 2.1098143380
101.0594947025 2.0839284527
100.9771986971 2.0610459381
100.8950366151 2.0416511408
100.8130081301 2.0261672231
100.7311129163 2.0149764246
100.6493506494 2.0084153071
100.5677210057 2.0067322161
100.4862236629 2.0100824180
100.4048582996 2.0184476604
100.3236245955 2.0316692104
100.2425222312 2.0494559908
100.1615508885 2.0714729330
100.0807102502 2.0973875119
100.0000000000 2.1269037319
99.9194198227 2.1597160621
99.8389694042 2.1954548706
99.7586484312 2.2335981422
99.6784565916 2.2734211564
99.5983935743 2.3140178404
99.5184590690 2.3543642121
99.4386527666 2.3934322095
99.3589743590 2.4302443106
99.2794235388 2.4639279634
99.2000000000 2.4937109200
99.1207034373 2.5188912311
99.0415335463 2.5388367013
98.9624900239 2.5529801343
98.8835725678 2.5608737023
98.8047808765 2.5622182768
98.7261146497 2.5569607790
98.6475735879 2.5453416281
98.5691573927 2.5279853877
98.4908657665 2.5058950224
98.4126984127 2.4803531402
98.3346550357 2.4527460622
98.2567353407 2.4242797878
98.1789390340 2.3957700614
98.1012658228 2.3675201394
98.0237154150 2.3393343711
97.9462875197 2.3106732945
97.8689818469 2.2808357374
97.7917981073 2.2491681227
97.7147360126 2.2152625548
97.6377952756 2.1790273976
97.5609756098 2.1407068517
97.4842767296 2.1007841929
97.4076983504 2.0598279203
97.3312401884 2.0184231797
97.2549019608 1.9770981136
97.1786833856 1.9363973840
97.1025841817 1.8968778871
97.0266040689 1.8591436528
96.9507427678 1.8237410754
96.8750000000 1.7910969155
96.7993754879 1.7613900081
96.7238689548 1.7345405773
96.6484801247 1.7101909013
96.5732087227 1.6878093016
96.4980544747 1.6668082678
96.4230171073 1.6466634609
96.3480963481 1.6270423378
96.2732919255 1.6078628517
96.1986035687 1.5893215102
96.1240310078 1.5718639437
96.0495739737 1.5560708660
95.9752321981 1.5425786941
95.9010054138 1.5319150475
95.8268933539 1.5244311324
95.7528957529 1.5202338316
95.6790123457 1.5191978796
95.6052428682 1.5210229527
95.5315870570 1.5252733418
95.4580446497 1.5314447058
95.3846153846 1.5389730044
95.3112990008 1.5472523901
95.2380952381 1.5556441657
95.1650038373 1.5635528819
95.0920245399 1.5704981528
95.0191570881 1.5761956594
94.9464012251 1.5805756550
94.8737566947 1.5837701749
94.8012232416 1.5860059023
94.7288006112 1.5875730680
94.6564885496 1.5887942212
94.5842868040 1.5900378886
94.5121951220 1.5917863542
94.4402132521 1.5946134921
94.3683409437 1.5991624298
94.2965779468 1.6060597962
94.2249240122 1.6158566620
94.1533788914 1.6289647201
94.0819423369 1.6456330248
94.0106141016 1.6659971845
93.9393939394 1.6900744993
93.8682816048 1.7178180600
93.7972768533 1.7490759607
93.7263794407 1.7835732044
93.6555891239 1.8207986539
93.5849056604 1.8599328566
93.5143288084 1.8998484298
93.4438583271 1.9391692598
93.3734939759 1.9764108907
93.3032355154 2.0101159253
93.2330827068 2.0389437351
93.1630353118 2.0617508627
93.0930930931 2.0776352261
93.0232558140 2.0860259366
92.9535232384 2.0867875072
92.8838951311 2.0802753959
92.8143712575 2.0673156255
92.7449513837 2.0491170066
92.6756352765 2.0271105059
92.6064227035 2.0027967150
92.5373134328 1.9776056151
92.4683072334 1.9528097107
92.3994038748 1.9294635710
92.3306031273 1.9083426720
92.2619047619 1.8899230383
92.1933085502 1.8743838305
92.1248142645 1.8616239672
92.0564216778 1.8512975102
91.9881305638 1.8428080086
91.9199406968 1.8353167782
91.8518518519 1.8277927914
91.7838638046 1.8191458688
91.7159763314 1.8084667245
91.6481892092 1.7952311810
91.5805022157 1.7794917679
91.5129151292 1.7618250091
91.4454277286 1.7431997728
91.3780397937 1.7247007441
91.3107511046 1.7072731742
91.2435614422 1.6915496046
91.1764705882 1.6777453826
91.1094783248 1.6657357321
91.0425844347 1.6551475150
90.9757887014 1.6455405306
90.9090909091 1.6365009336
90.8424908425 1.6277351407
90.7759882870 1.6190751072
90.7095830285 1.6104929944
90.6432748538 1.6020736213
90.5770635500 1.5939961623
90.5109489051 1.5864451343
90.4449307075 1.5795350284
90.3790087464 1.5732581213
90.3131828114 1.5674603479
90.2474526929 1.5619020862
90.1818181818 1.5563476221
90.1162790698 1.5507165611
90.0508351489 1.5451270989
89.9854862119 1.5399537222
89.9202320522 1.5357903176
89.8550724638 1.5333465620
89.7900072411 1.5333341867
89.7250361795 1.5363288428
89.6601590745 1.5426218633
89.5953757225 1.5521525232
89.5306859206 1.5644689470
89.4660894661 1.5787702009
89.4015861572 1.5940535357
89.3371757925 1.6092191049
89.2728581713 1.6232319865
89.2086330935 1.6352605468
89.1445003595 1.6447291435
89.0804597701 1.6514140059
89.0165111271 1.6553819250
88.9526542324 1.6569241856
88.8888888889 1.6564425721
88.8252148997 1.6542727147
88.7616320687 1.6506504208
88.6981402003 1.6457209633
88.6347390994 1.6396491884
88.5714285714 1.6326869110
88.5082084226 1.6252406623
88.4450784593 1.6178194532
88.3820384890 1.6109340598
88.3190883191 1.6050150247
88.2562277580 1.6003543360
88.1934566145 1.5971240965
88.1307746979 1.5954678181
88.0681818182 1.5956018305
88.0056777857 1.5979122695
87.9432624113 1.6029797289
87.8809355067 1.6114972335
87.8186968839 1.6241101670
87.7565463553 1.6412119849
87.6944837341 1.6628026489
87.6325088339 1.6884491100
87.5706214689 1.7173044998
87.5088214538 1.7482733255
87.4471086037 1.7801768809
87.3854827343 1.8118846033
87.3239436620 1.8424355116
87.2624912034 1.8710963847
87.2011251758 1.8973470814
87.1398453970 1.9208755958
87.0786516854 1.9415537909
87.0175438596 1.9593403640
86.9565217391 1.9742274837
86.8955851437 1.9861435899
86.8347338936 1.9949240330
86.7739678097 2.0003253581
86.7132867133 2.0021467137
86.6526904263 2.0003468304
86.5921787709 1.9951372224
86.5317515701 1.9869735075
86.4714086471 1.9764638227
86.4111498258 1.9641936940
86.3509749304 1.9506233417
86.2908837857 1.9360382085
86.2308762170 1.9205530784
86.1709520500 1.9041898325
86.1111111111 1.8869064812
86.0513532269 1.8685820606
85.9916782247 1.8490605403
85.9320859321 1.8281407362
85.8725761773 1.8056105834
85.8131487889 1.7812915160
85.7538035961 1.7550633592
85.6945404285 1.7269191657
85.6353591160 1.6969808057
85.5762594893 1.6655743851
85.5172413793 1.6332018190
85.4583046175 1.6005470980
85.3994490358 1.5684276796
85.3406744666 1.5377004011
85.2819807428 1.5091614831
85.2233676976 1.4834656706
85.1648351648 1.4610397291
85.1063829787 1.4420607112
85.0480109739 1.4264694809
84.9897189856 1.4139896070
84.9315068493 1.4042120471
84.8733744011 1.3966703555
84.8153214774 1.3908810144
84.7573479152 1.3864394619
84.6994535519 1.3830306486
84.6416382253 1.3803991416
84.5839017735 1.3782937605
84.5262440354 1.3764423193
84.4686648501 1.3744958509
84.4111640572 1.3721094444
84.3537414966 1.3689980492
84.2963970088 1.3649823572
84.2391304348 1.3600145774
84.1819416158 1.3540924867
84.1248303935 1.3472850535
84.0677966102 1.3396818008
84.0108401084 1.3314540777
83.9539607312 1.3228911380
83.8971583221 1.3143955581
83.8404327248 1.3064223955
83.7837837838 1.2993105867
83.7272113437 1.2931851485
83.6707152497 1.2878538115
83.6142953473 1.2828672972
83.5579514825 1.2776414951
83.5016835017 1.2716828854
83.4454912517 1.2647173379
83.3893745797 1.2568041105
83.3333333333 1.2483423733
83.2773673606 1.2399438696
83.2214765101 1.2323564798
83.1656606304 1.2263098928
83.1099195710 1.2224533736
83.0542531815 1.2212673361
82.9986613119 1.2230883313
82.9431438127 1.2280824823
82.8877005348 1.2362759040
82.8323313293 1.2475853642
82.7770360481 1.2618387880
82.7218145430 1.2788114469
82.6666666667 1.2982778333
82.6115922718 1.3200428904
82.5565912117 1.3439732707
82.5016633400 1.3700182147
82.4468085106 1.3981888995
82.3920265781 1.4285273516
82.3373173971 1.4611220049
82.2826808228 1.4960350497
82.2281167109 1.5333283387
82.1736249172 1.5729751980
82.1192052980 1.6148345610
82.0648577101 1.6585059751
82.0105820106 1.7032470893
81.9563780568 1.7478654374
81.9022457067 1.7907449676
81.8481848185 1.8299704978
81.7941952507 1.8635081892
81.7402768622 1.8894678293
81.6864295125 1.9063282500
81.6326530612 1.9131216630
81.5789473684 1.9095260839
81.5253122945 1.8959079429
81.4717477004 1.8732474201
81.4182534471 1.8430183026
81.3648293963 1.8070368461
81.3114754098 1.7672575738
81.2581913499 1.7255774251
81.2049770792 1.6836531317
81.1518324607 1.6427371798
81.0987573578 1.6036063677
81.0457516340 1.5665790574
80.9928151535 1.5316433527
80.9399477807 1.4986498712
80.8871493803 1.4674587096
80.8344198175 1.4380400146
80.7817589577 1.4104641283
80.7291666667 1.3848597992
80.6766428107 1.3613402134
80.6241872562 1.3399816109
80.5717998700 1.3208017770
80.5194805195 1.3037863269
80.4672290720 1.2888885474
80.4150453956 1.2760132614
80.3629293584 1.2649792852
80.3108808290 1.2554924009
80.2588996764 1.2471716916
80.2069857697 1.2395706797
80.1551389787 1.2322521005
80.1033591731 1.2248683628
80.0516462234 1.2172316358
80.0000000000 1.2093520554
79.9484203740 1.2014492658
79.8969072165 1.1938887617
79.8454603992 1.1871286619
79.7940797941 1.1815638899
79.7427652733 1.1774504159
79.6915167095 1.1748076140
79.6403339756 1.1734389719
79.5892169448 1.1729367848
79.5381654907 1.1728003733
79.4871794872 1.1725385454
79.4362588085 1.1717345536
79.3854033291 1.1701383339
79.3346129239 1.1676616122
79.2838874680 1.1643730207
79.2332268371 1.1604335611
79.1826309068 1.1560698138
79.1320995533 1.1515524664
79.0816326531 1.1471475622
79.0312300829 1.1431328018
78.9808917197 1.1397703502
78.9306174411 1.1372522754
78.8804071247 1.1356675626
78.8302606484 1.1349471937
78.7801778907 1.1348636276
78.7301587302 1.1350521587
78.6802030457 1.1351198119
78.6303107166 1.1347765089
78.5804816223 1.1339010549
78.5307156428 1.1325854840
78.4810126582 1.1310864510
78.4313725490 1.1297380587
78.3817951960 1.1288862703
78.3322804801 1.1288450022
78.2828282828 1.1298355448
78.2334384858 1.1320027173
78.1841109710 1.1353761008
78.1348456207 1.1399192154
78.0856423174 1.1455403534
78.0365009440 1.1521695679
77.9874213836 1.1597918125
77.9384035198 1.1684470826
77.8894472362 1.1781919302
77.8405524168 1.1890884520
77.7917189460 1.2011159659
77.7429467085 1.2142094996
77.6942355890 1.2282210532
77.6455854728 1.2429084246
77.5969962453 1.2579627257
77.5484677924 1.2729861822
77.5000000000 1.2875196595
77.4515927545 1.3011199987
77.4032459426 1.3133931948
77.3549594510 1.3240331568
77.3067331671 1.3328273291
77.2585669782 1.3396623515
77.2104607721 1.3445519687
77.1624144368 1.3476373448
77.1144278607 1.3492596283
77.0665009323 1.3499050726
77.0186335404 1.3501333165
76.9708255742 1.3504664389
76.9230769231 1.3512886773
76.8753874768 1.3527457400
76.8277571252 1.3547329201
76.7801857585 1.3568943579
76.7326732673 1.3586781080
76.6852195424 1.3594304433
76.6378244747 1.3585183357
76.5904879555 1.3554243711
76.5432098765 1.3498420142
76.4959901295 1.3417433729
76.4488286067 1.3313410005
76.4017252002 1.3191057640
76.3546798030 1.3056446393
76.3076923077 1.2916902416
76.2607626076 1.2779665661
76.2138905962 1.2651101761
76.1670761671 1.2535739912
76.1203192142 1.2434967342
76.0736196319 1.2347071898
76.0269773145 1.2267681338
75.9803921569 1.2190827043
75.9338640539 1.2110634721
75.8873929009 1.2022513125
75.8409785933 1.1924121455
75.7946210269 1.1815151267
75.7483200977 1.1697221262
75.7020757021 1.1573601774
75.6558877364 1.1448881251
75.6097560976 1.1328915314
75.5636806825 1.1220091895
75.5176613886 1.1128876654
75.4716981132 1.1060671121
75.4257907543 1.1019121618
75.3799392097 1.1005368736
75.3341433779 1.1018095119
75.2884031573 1.1053518329
75.2427184466 1.1106243116
75.1970891449 1.1170060113
75.1515151515 1.1239147468
75.1059963658 1.1309160733
75.0605326877 1.1377294018
75.0151240169 1.1441710524
74.9697702539 1.1500741976
74.9244712991 1.1552028336
74.8792270531 1.1591539949
74.8340374170 1.1614319075
74.7889022919 1.1615050612
74.7438215793 1.1588979090
74.6987951807 1.1532828797
74.6538229982 1.1445555579
74.6089049338 1.1328411958
74.5640408900 1.1184956924
74.5192307692 1.1020952150
74.4744744745 1.0843854278
74.4297719088 1.0661841645
74.3851229754 1.0483008337
74.3405275779 1.0314378337
74.2959856201 1.0161087080
74.2514970060 1.0025848534
74.2070616397 0.9909466308
74.1626794258 0.9810824960
74.1183502690 0.9727755524
74.0740740741 0.9657731071
74.0298507463 0.9598274148
73.9856801909 0.9547424303
73.9415623137 0.9503915484
73.8974970203 0.9467353976
73.8534842168 0.9437870747
73.8095238095 0.9416123211
73.7656157049 0.9402770118
73.7217598098 0.9398061501
73.6779560309 0.9401720171
73.6342042755 0.9412705612
73.5905044510 0.9429563884
73.5468564650 0.9450544005
73.5032602253 0.9474184575
73.4597156398 0.9499608490
73.4162226169 0.9526465828
73.3727810651 0.9555111773
73.3293908930 0.9586078834
73.2860520095 0.9619429579
73.2427643237 0.9654578606
73.1995277450 0.9690467704
73.1563421829 0.9725446649
73.1132075472 0.9758274784
73.0701237478 0.9788535324
73.0270906949 0.9816873819
72.9841082990 0.9845178327
72.9411764706 0.9875340996
72.8982951205 0.9909021384
72.8554641598 0.9946165917
72.8126834997 0.9984884909
72.7699530516 1.0022040398
72.7272727273 1.0053954318
72.6846424385 1.0077652511
72.6420620972 1.0091519063
72.5995316159 1.0095656098
72.5570509070 1.0090700257
72.5146198830 1.0077408199
72.4722384570 1.0055229215
72.4299065421 1.0022301080
72.3876240514 0.9975802874
72.3453908985 0.9913143438
72.3032069971 0.9833094923
72.2610722611 0.9737110883
72.2189866045 0.9629038052
72.1769499418 0.9514588501
72.1349621873 0.9399732085
72.0930232558 0.9289380025
72.0511330622 0.9187020644
72.0092915215 0.9093993213
71.9674985490 0.9010319746
71.9257540603 0.8934940217
71.8840579710 0.8866249804
71.8424101970 0.8802758991
71.8008106543 0.8742973780
71.7592592593 0.8685877853
71.7177559283 0.8630271095
71.6763005780 0.8575251705
71.6348931254 0.8519794621
71.5935334873 0.8462751087
71.5522215811 0.8403271446
71.5109573241 0.8340624626
71.4697406340 0.8274803997
71.4285714286 0.8206408766
71.3874496258 0.8136888709
71.3463751438 0.8068061841
71.3053479011 0.8001872854
71.2643678161 0.7939907387
71.2234348076 0.7883573023
71.1825487945 0.7833794298
71.1417096959 0.7791010905
71.1009174312 0.7754993219
71.0601719198 0.7724840107
71.0194730813 0.7698854836
70.9788208357 0.7674970003
70.9382151030 0.7651174026
70.8976558033 0.7625939193
70.8571428571 0.7598467810
70.8166761850 0.7568449715
70.7762557078 0.7536186253
70.7358813463 0.7501611922
70.6955530217 0.7464538400
70.6552706553 0.7424531446
70.6150341686 0.7381155621
70.5748434832 0.7334711451
70.5346985210 0.7286053451
70.4945992041 0.7236899597
70.4545454545 0.7189711134
70.4145371948 0.7147017467
70.3745743473 0.7111354562
70.3346568349 0.7084771272
70.2947845805 0.7068580595
70.2549575071 0.7063295356
70.2151755379 0.7068625713
70.1754385965 0.7083353238
70.1357466063 0.7105823329
70.0960994912 0.7134068083
70.0564971751 0.7166177176
70.0169395822 0.7200669844
69.9774266366 0.7236558048
69.9379582628 0.7273905740
69.8985343856 0.7313025118
69.8591549296 0.7354663395
69.8198198198 0.7399320861
69.7805289814 0.7447126032
69.7412823397 0.7497523995
69.7020798201 0.7549647893
69.6629213483 0.7602256017
69.6238068501 0.7654353278
69.5847362514 0.7704880500
69.5457094784 0.7753212542
69.5067264574 0.7798785418
69.4677871148 0.7841283434
69.4288913774 0.7879953626
69.3900391718 0.7914103911
69.3512304251 0.7942728529
69.3124650643 0.7965069403
69.2737430168 0.7980741697
69.2350642099 0.7989984881
69.1964285714 0.7993539315
69.1578360290 0.7992397239
69.1192865106 0.7987490387
69.0807799443 0.7979752534
69.0423162584 0.7969743291
69.0038953812 0.7957960793
68.9655172414 0.7944590410
68.9271817676 0.7929252526
68.8888888889 0.7910686562
68.8506385341 0.7886748277
68.8124306326 0.7854281041
68.7742651137 0.7810119953
68.7361419069 0.7751406296
68.6980609418 0.7676533831
68.6600221484 0.7585657503
68.6220254566 0.7480762959
68.5840707965 0.7365105001
68.5461580984 0.7243023438
68.5082872928 0.7118998366
68.4704583103 0.6997397573
68.4326710817 0.6881905289
68.3949255378 0.6775074869
68.3572216097 0.6678196911
68.3195592287 0.6591421248
68.2819383260 0.6514007046
68.2443588332 0.6444637920
68.2068206821 0.6381865940
68.1693238043 0.6324238875
68.1318681319 0.6271001855
68.0944535969 0.6221716932
68.0570801317 0.6176838840
68.0197476687 0.6137078954
67.9824561404 0.6103661764
67.9452054795 0.6077558660
67.9079956188 0.6059679064
67.8708264915 0.6050613883
67.8336980306 0.6050762641
67.7966101695 0.6060396986
67.7595628415 0.6079852727
67.7225559803 0.6108888171
67.6855895197 0.6146939527
67.6486633933 0.6192606340
67.6117775354 0.6243971040
67.5749318801 0.6298533756
67.5381263617 0.6353468481
67.5013609145 0.6406072941
67.4646354733 0.6453897567
67.4279499728 0.6494939132
67.3913043478 0.6528028157
67.3546985334 0.6552508361
67.3181324647 0.6568560299
67.2816060770 0.6577138955
67.2451193059 0.6579717577
67.2086720867 0.6578160047
67.1722643554 0.6574269575
67.1358960476 0.6569659294
67.0995670996 0.6565816494
67.0632774473 0.6563584234
67.0270270270 0.6563742630
66.9908157753 0.6566749359
66.9546436285 0.6572738751
66.9185105235 0.6581650696
66.8824163970 0.6593295044
66.8463611860 0.6607286343
66.8103448276 0.6623173292
66.7743672590 0.6640308591
66.7384284177 0.6658238760
66.7025282410 0.6676183959
66.6666666667 0.6693818588
66.6308436325 0.6710490652
66.5950590763 0.6725937912
66.5593129361 0.6740093254
66.5236051502 0.6753019916
66.4879356568 0.6764781281
66.4523043944 0.6775702132
66.4167113016 0.6785781170
66.3811563169 0.6795082504
66.3456393793 0.6803343279
66.3101604278 0.6809972842
66.2747194014 0.6813986371
66.2393162393 0.6813676182
66.2039508809 0.6807068570
66.1686232657 0.6791922886
66.1333333333 0.6766518068
66.0980810235 0.6729850840
66.0628662760 0.6682163373
66.0276890309 0.6624947154
65.9925492283 0.6560486646
65.9574468085 0.6491796375
65.9223817119 0.6422228327
65.8873538789 0.6354682022
65.8523632501 0.6291998774
65.8174097665 0.6236103016
65.7824933687 0.6188263287
65.7476139979 0.6149089925
65.7127715951 0.6118202151
65.6779661017 0.6094754566
65.6431974590 0.6077435874
65.6084656085 0.6064732736
65.5737704918 0.6055061947
65.5391120507 0.6047367317
65.5044902272 0.6040656653
65.4699049630 0.6034267578
65.4353562005 0.6027934873
65.4008438819 0.6021259805
65.3663679494 0.6014042296
65.3319283456 0.6006081836
65.2975250132 0.5997177453
65.2631578947 0.5987660653
65.2288269332 0.5977996956
65.1945320715 0.5969186418
65.1602732528 0.5962498175
65.1260504202 0.5958937079
65.0918635171 0.5959443302
65.0577124869 0.5964424287
65.0235972732 0.5973953892
64.9895178197 0.5987503950
64.9554740702 0.6004143537
64.9214659686 0.6022671968
64.8874934589 0.6041752173
64.8535564854 0.6059776361
64.8196549922 0.6075535919
64.7857889237 0.6087618548
64.7519582245 0.6094810452
64.7181628392 0.6095962386
64.6844027126 0.6089922514
64.6506777894 0.6075805193
64.6169880146 0.6052991546
64.5833333333 0.6021466662
64.5497136908 0.5981619284
64.5161290323 0.5934647415
64.4825793032 0.5882021462
64.4490644491 0.5825687693
64.4155844156 0.5767664779
64.3821391485 0.5709841412
64.3487285937 0.5654043515
64.3153526971 0.5601763382
64.2820114049 0.5554226232
64.2487046632 0.5511915135
64.2154324184 0.5474771988
64.1821946170 0.5441992439
64.1489912054 0.5412023734
64.1158221303 0.5382902066
64.0826873385 0.5352455245
64.0495867769 0.5318709907
64.0165203924 0.5280164043
63.9834881321 0.5236128549
63.9504899433 0.5186457240
63.9175257732 0.5131752883
63.8845955693 0.5073301410
63.8516992791 0.5012733052
63.8188368502 0.4952228312
63.7860082305 0.4893768365
63.7532133676 0.4839476093
63.7204522097 0.4790864094
63.6877247047 0.4749106328
63.6550308008 0.4715036912
63.6223704464 0.4688806437
63.5897435897 0.4670565424
63.5571501794 0.4660189964
63.5245901639 0.4657349617
63.4920634921 0.4661918835
63.4595701126 0.4673290640
63.4271099744 0.4691131428
63.3946830266 0.4714900425
63.3622892182 0.4743986816
63.3299284985 0.4777640862
63.2976008167 0.4815180181
63.2653061224 0.4855576716
63.2330443651 0.4897731670
63.2008154944 0.4940406465
63.1686194600 0.4982222474
63.1364562118 0.5021522736
63.1043256997 0.5056923467
63.0722278739 0.5087245529
63.0401626843 0.5111791124
63.0081300813 0.5130413923
62.9761300152 0.5143382054
62.9441624365 0.5151379090
62.9122272958 0.5155228281
62.8803245436 0.5155754420
62.8484541308 0.5153645352
62.8166160081 0.5149590289
62.7848101266 0.5144141136
62.7530364372 0.5137642744
62.7212948912 0.5130440675
62.6895854398 0.5122533881
62.6579080344 0.5113643256
62.6262626263 0.5103489125
62.5946491671 0.5091512867
62.5630676085 0.5077224270
62.5315179022 0.5060271358
62.5000000000 0.5040510419
62.4685138539 0.5017936863
62.4370594159 0.4992894888
62.4056366381 0.4966008662
62.3742454728 0.4938043434
62.3428858723 0.4910255373
62.3115577889 0.4883903497
62.2802611753 0.4860389564
62.2489959839 0.4840488386
62.2177621676 0.4824626202
62.1865596790 0.4812248985
62.1553884712 0.4802591092
62.1242484970 0.4794253841
62.0931397096 0.4786186528
62.0620620621 0.4777266008
62.0310155078 0.4766999109
62.0000000000 0.4755172799
