0.0100000000 90.0459526200
0.0200000000 69.3378036825
0.0300000000 50.1221224729
0.0400000000 36.1079521334
0.0500000000 26.5567428696
0.0600000000 20.0657329544
0.0700000000 15.5661567625
0.0800000000 12.3643888541
0.0900000000 10.0252116886
0.1000000000 8.2739122596
0.1100000000 6.9336238864
0.1200000000 5.8877037953
0.1300000000 5.0573198375
0.1400000000 4.3879338099
0.1500000000 3.8409870578
0.1600000000 3.3886709812
0.1700000000 3.0105632075
0.1800000000 2.6914164354
0.1900000000 2.4196750507
0.2000000000 2.1864606736
0.2100000000 1.9848662626
0.2200000000 1.8094565720
0.2300000000 1.6559094515
0.2400000000 1.5207545350
0.2500000000 1.4011804558
0.2600000000 1.2948908336
0.2700000000 1.1999955873
0.2800000000 1.1149279138
0.2900000000 1.0383804165
0.3000000000 0.9692553503
0.3100000000 0.9066256997
0.3200000000 0.8497043349
0.3300000000 0.7978195174
0.3400000000 0.7503952203
0.3500000000 0.7069352788
0.3600000000 0.6670104403
0.3700000000 0.6302479227
0.3800000000 0.5963226631
0.3900000000 0.5649502467
0.4000000000 0.5358809483
0.4100000000 0.5088947731
0.4200000000 0.4837973325
0.4300000000 0.4604163453
0.4400000000 0.4385986833
0.4500000000 0.4182079183
0.4600000000 0.3991221123
0.4700000000 0.3812320983
0.4800000000 0.3644398086
0.4900000000 0.3486570091
0.5000000000 0.3338041419
0.5100000000 0.3198092474
0.5200000000 0.3066072018
0.5300000000 0.2941388939
0.5400000000 0.2823505832
0.5500000000 0.2711933791
0.5600000000 0.2606226703
0.5700000000 0.2505977195
0.5800000000 0.2410812672
0.5900000000 0.2320391496
0.6000000000 0.2234400340
0.6100000000 0.2152551079
0.6200000000 0.2074578605
0.6300000000 0.2000238722
0.6400000000 0.1929306090
0.6500000000 0.1861572593
0.6600000000 0.1796846063
0.6700000000 0.1734948615
0.6800000000 0.1675715587
0.6900000000 0.1618994264
0.7000000000 0.1564643175
0.7100000000 0.1512530539
0.7200000000 0.1462533115
0.7300000000 0.1414535282
0.7400000000 0.1368427953
0.7500000000 0.1324107349
0.7600000000 0.1281474984
0.7700000000 0.1240437898
0.7800000000 0.1200908961
0.7900000000 0.1162807706
0.8000000000 0.1126060553
0.8100000000 0.1090601003
0.8200000000 0.1056368730
0.8300000000 0.1023310077
0.8400000000 0.0991376710
0.8500000000 0.0960526355
0.8600000000 0.0930722259
0.8700000000 0.0901933579
0.8800000000 0.0874135376
0.8900000000 0.0847307558
0.9000000000 0.0821434106
0.9100000000 0.0796500624
0.9200000000 0.0772490471
0.9300000000 0.0749380674
0.9400000000 0.0727138309
0.9500000000 0.0705718517
0.9600000000 0.0685064766
0.9700000000 0.0665112028
0.9800000000 0.0645790707
0.9900000000 0.0627030779
1.0000000000 0.0608766349
1.0100000000 0.0590940520
1.0200000000 0.0573509379
1.0300000000 0.0556444069
1.0400000000 0.0539728848
1.0500000000 0.0523356778
1.0600000000 0.0507325572
1.0700000000 0.0491636315
1.0800000000 0.0476294778
1.0900000000 0.0461316045
1.1000000000 0.0446728270
1.1100000000 0.0432574029
1.1200000000 0.0418908287
1.1300000000 0.0405793080
1.1400000000 0.0393287914
1.1500000000 0.0381437465
1.1600000000 0.0370257247
1.1700000000 0.0359720414
1.1800000000 0.0349753145
1.1900000000 0.0340242631
1.2000000000 0.0331060216
1.2100000000 0.0322094192
1.2200000000 0.0313280640
1.2300000000 0.0304621431
1.2400000000 0.0296184470
1.2500000000 0.0288088209
1.2600000000 0.0280477035
1.2700000000 0.0273491370
1.2800000000 0.0267238560
1.2900000000 0.0261767316
1.3000000000 0.0257053115
1.3100000000 0.0252998424
1.3200000000 0.0249448944
1.3300000000 0.0246219663
1.3400000000 0.0243118719
1.3500000000 0.0239966051
1.3600000000 0.0236606936
1.3700000000 0.0232928446
1.3800000000 0.0228878910
1.3900000000 0.0224483715
1.4000000000 0.0219847580
1.4100000000 0.0215138258
1.4200000000 0.0210555972
1.4300000000 0.0206293947
1.4400000000 0.0202498781
1.4500000000 0.0199237781
1.4600000000 0.0196483337
1.4700000000 0.0194121845
1.4800000000 0.0191991241
1.4900000000 0.0189937610
1.5000000000 0.0187871190
1.5100000000 0.0185798983
1.5200000000 0.0183822614
1.5300000000 0.0182103510
1.5400000000 0.0180808474
1.5500000000 0.0180051602
1.5600000000 0.0179848437
1.5700000000 0.0180094124
1.5800000000 0.0180573802
1.5900000000 0.0181004260
1.6000000000 0.0181091899
1.6100000000 0.0180590568
1.6200000000 0.0179342620
1.6300000000 0.0177297741
1.6400000000 0.0174511068
1.6500000000 0.0171126121
1.6600000000 0.0167350176
1.6700000000 0.0163428433
1.6800000000 0.0159622181
1.6900000000 0.0156191188
1.7000000000 0.0153376812
1.7100000000 0.0151382515
1.7200000000 0.0150351236
1.7300000000 0.0150342960
1.7400000000 0.0151318294
1.7500000000 0.0153137541
1.7600000000 0.0155578276
1.7700000000 0.0158369565
1.7800000000 0.0161231631
1.7900000000 0.0163908652
1.8000000000 0.0166187720
1.8100000000 0.0167907510
1.8200000000 0.0168964995
1.8300000000 0.0169323014
1.8400000000 0.0169015212
1.8500000000 0.0168140438
1.8600000000 0.0166844022
1.8700000000 0.0165292880
1.8800000000 0.0163653948
1.8900000000 0.0162082622
1.9000000000 0.0160716677
1.9100000000 0.0159668127
1.9200000000 0.0159006872
1.9300000000 0.0158740922
1.9400000000 0.0158802819
1.9500000000 0.0159054335
1.9600000000 0.0159310992
1.9700000000 0.0159379849
1.9800000000 0.0159097884
1.9900000000 0.0158357615
2.0000000000 0.0157115157
2.0100000000 0.0155380328
2.0200000000 0.0153197531
2.0300000000 0.0150628688
2.0400000000 0.0147747623
2.0500000000 0.0144644290
2.0600000000 0.0141433509
2.0700000000 0.0138255958
2.0800000000 0.0135267086
2.0900000000 0.0132614898
2.1000000000 0.0130412656
2.1100000000 0.0128714001
2.1200000000 0.0127497917
2.1300000000 0.0126668762
2.1400000000 0.0126075474
2.1500000000 0.0125543977
2.1600000000 0.0124914346
2.1700000000 0.0124070930
2.1800000000 0.0122955480
2.1900000000 0.0121563014
2.2000000000 0.0119921447
2.2100000000 0.0118065336
2.2200000000 0.0116014056
2.2300000000 0.0113763830
2.2400000000 0.0111295345
2.2500000000 0.0108592578
2.2600000000 0.0105660616
2.2700000000 0.0102535079
2.2800000000 0.0099279508
2.2900000000 0.0095974932
2.3000000000 0.0092707401
2.3100000000 0.0089557713
2.3200000000 0.0086594576
2.3300000000 0.0083871010
2.3400000000 0.0081421441
2.3500000000 0.0079258047
2.3600000000 0.0077366775
2.3700000000 0.0075704348
2.3800000000 0.0074201170
2.3900000000 0.0072772052
2.4000000000 0.0071333770
2.4100000000 0.0069823943
2.4200000000 0.0068215311
2.4300000000 0.0066520195
2.4400000000 0.0064784366
2.4500000000 0.0063073575
2.4600000000 0.0061456831
2.4700000000 0.0059990316
2.4800000000 0.0058705702
2.4900000000 0.0057604980
2.5000000000 0.0056662728
2.5100000000 0.0055836341
2.5200000000 0.0055079709
2.5300000000 0.0054355667
2.5400000000 0.0053641212
2.5500000000 0.0052923357
2.5600000000 0.0052188875
2.5700000000 0.0051413736
2.5800000000 0.0050559733
2.5900000000 0.0049581367
2.6000000000 0.0048439449
2.6100000000 0.0047115683
2.6200000000 0.0045620322
2.6300000000 0.0043989872
2.6400000000 0.0042276618
2.6500000000 0.0040535427
2.6600000000 0.0038811938
2.6700000000 0.0037135841
2.6800000000 0.0035520207
2.6900000000 0.0033965805
2.7000000000 0.0032468230
2.7100000000 0.0031024151
2.7200000000 0.0029634467
2.7300000000 0.0028303404
2.7400000000 0.0027035644
2.7500000000 0.0025833635
2.7600000000 0.0024696235
2.7700000000 0.0023619916
2.7800000000 0.0022600994
2.7900000000 0.0021637423
2.8000000000 0.0020729855
2.8100000000 0.0019880441
2.8200000000 0.0019090847
2.8300000000 0.0018360546
2.8400000000 0.0017687397
2.8500000000 0.0017070203
2.8600000000 0.0016511880
2.8700000000 0.0016020594
2.8800000000 0.0015607774
2.8900000000 0.0015283250
2.9000000000 0.0015049728
2.9100000000 0.0014898802
2.9200000000 0.0014810796
2.9300000000 0.0014758005
2.9400000000 0.0014710061
2.9500000000 0.0014639272
2.9600000000 0.0014523802
2.9700000000 0.0014348320
2.9800000000 0.0014104133
2.9900000000 0.0013789397
3.0000000000 0.0013409995
3.0100000000 0.0012979575
3.0200000000 0.0012517900
3.0300000000 0.0012048755
3.0400000000 0.0011597452
3.0500000000 0.0011189655
3.0600000000 0.0010850829
3.0700000000 0.0010606328
3.0800000000 0.0010481178
3.0900000000 0.0010499511
3.1000000000 0.0010683813
3.1100000000 0.0011054114
3.1200000000 0.0011627314
3.1300000000 0.0012416569
3.1400000000 0.0013430405
3.1500000000 0.0014671852
3.1600000000 0.0016138243
3.1700000000 0.0017822012
3.1800000000 0.0019713687
3.1900000000 0.0021805820
3.2000000000 0.0024098315
3.2100000000 0.0026601523
3.2200000000 0.0029336831
3.2300000000 0.0032332476
3.2400000000 0.0035615301
3.2500000000 0.0039199902
3.2600000000 0.0043077204
3.2700000000 0.0047204729
3.2800000000 0.0051500900
3.2900000000 0.0055844219
3.3000000000 0.0060079295
3.3100000000 0.0064029140
3.3200000000 0.0067512905
3.3300000000 0.0070367863
3.3400000000 0.0072472393
3.3500000000 0.0073766144
3.3600000000 0.0074262650
3.3700000000 0.0074050446
3.3800000000 0.0073278293
3.3900000000 0.0072129723
3.4000000000 0.0070791688
3.4100000000 0.0069426377
3.4200000000 0.0068153120
3.4300000000 0.0067043729
3.4400000000 0.0066129634
3.4500000000 0.0065419419
3.4600000000 0.0064918142
3.4700000000 0.0064644652
3.4800000000 0.0064637585
3.4900000000 0.0064950793
3.5000000000 0.0065638732
3.5100000000 0.0066740614
3.5200000000 0.0068269479
3.5300000000 0.0070207920
3.5400000000 0.0072511545
3.5500000000 0.0075114925
3.5600000000 0.0077938218
3.5700000000 0.0080893088
3.5800000000 0.0083886941
3.5900000000 0.0086827563
3.6000000000 0.0089625693
3.6100000000 0.0092200542
3.6200000000 0.0094488855
3.6300000000 0.0096459810
3.6400000000 0.0098130073
3.6500000000 0.0099570071
3.6600000000 0.0100892885
3.6700000000 0.0102230269
3.6800000000 0.0103702273
3.6900000000 0.0105395824
3.7000000000 0.0107358310
3.7100000000 0.0109605715
3.7200000000 0.0112135274
3.7300000000 0.0114938747
3.7400000000 0.0118011348
3.7500000000 0.0121358146
3.7600000000 0.0124999428
3.7700000000 0.0128970968
3.7800000000 0.0133318370
3.7900000000 0.0138079759
3.8000000000 0.0143267427
3.8100000000 0.0148853404
3.8200000000 0.0154767407
3.8300000000 0.0160909342
3.8400000000 0.0167168146
3.8500000000 0.0173439635
3.8600000000 0.0179637369
3.8700000000 0.0185692331
3.8800000000 0.0191545697
3.8900000000 0.0197136046
3.9000000000 0.0202387874
3.9100000000 0.0207205253
3.9200000000 0.0211474771
3.9300000000 0.0215076194
3.9400000000 0.0217900599
3.9500000000 0.0219862942
3.9600000000 0.0220907182
3.9700000000 0.0221006644
3.9800000000 0.0220174192
3.9900000000 0.0218486828
4.0000000000 0.0216118186
4.0100000000 0.0213354250
4.0200000000 0.0210578728
4.0300000000 0.0208223437
4.0400000000 0.0206695419
4.0500000000 0.0206309468
4.0600000000 0.0207240546
4.0700000000 0.0209511116
4.0800000000 0.0213008637
4.0900000000 0.0217529010
4.1000000000 0.0222828641
4.1100000000 0.0228676989
4.1200000000 0.0234895833
4.1300000000 0.0241372747
4.1400000000 0.0248052370
4.1500000000 0.0254903087
4.1600000000 0.0261871993
4.1700000000 0.0268843483
4.1800000000 0.0275610089
4.1900000000 0.0281863938
4.2000000000 0.0287210718
4.2100000000 0.0291214728
4.2200000000 0.0293461783
4.2300000000 0.0293631994
4.2400000000 0.0291558417
4.2500000000 0.0287256151
4.2600000000 0.0280918171
4.2700000000 0.0272887857
4.2800000000 0.0263621798
4.2900000000 0.0253646726
4.3000000000 0.0243513112
4.3100000000 0.0233742208
4.3200000000 0.0224773182
4.3300000000 0.0216925464
4.3400000000 0.0210385386
4.3500000000 0.0205214186
4.3600000000 0.0201368671
4.3700000000 0.0198724569
4.3800000000 0.0197093078
4.3900000000 0.0196229745
4.4000000000 0.0195842358
4.4100000000 0.0195602672
4.4200000000 0.0195172532
4.4300000000 0.0194239559
4.4400000000 0.0192561325
4.4500000000 0.0190005436
4.4600000000 0.0186578988
4.4700000000 0.0182437178
4.4800000000 0.0177867573
4.4900000000 0.0173245723
4.5000000000 0.0168973133
4.5100000000 0.0165413136
4.5200000000 0.0162838566
4.5300000000 0.0161399934
4.5400000000 0.0161117004
4.5500000000 0.0161890649
4.5600000000 0.0163532990
4.5700000000 0.0165809440
4.5800000000 0.0168480169
4.5900000000 0.0171334141
4.6000000000 0.0174208961
4.6100000000 0.0176998685
4.6200000000 0.0179656174
4.6300000000 0.0182195383
4.6400000000 0.0184695982
4.6500000000 0.0187299764
4.6600000000 0.0190190254
4.6700000000 0.0193550076
4.6800000000 0.0197508746
4.6900000000 0.0202095645
4.7000000000 0.0207214095
4.7100000000 0.0212648711
4.7200000000 0.0218100323
4.7300000000 0.0223242397
4.7400000000 0.0227784623
4.7500000000 0.0231526904
4.7600000000 0.0234382721
4.7700000000 0.0236366002
4.7800000000 0.0237550520
4.7900000000 0.0238015922
4.8000000000 0.0237807186
4.8100000000 0.0236920451
4.8200000000 0.0235313602
4.8300000000 0.0232938984
4.8400000000 0.0229784734
4.8500000000 0.0225911122
4.8600000000 0.0221466122
4.8700000000 0.0216672670
4.8800000000 0.0211791143
4.8900000000 0.0207069248
4.9000000000 0.0202700613
4.9100000000 0.0198810252
4.9200000000 0.0195472390
4.9300000000 0.0192749841
4.9400000000 0.0190732923
4.9500000000 0.0189555098
4.9600000000 0.0189379024
4.9700000000 0.0190364655
4.9800000000 0.0192634203
4.9900000000 0.0196247555
5.0000000000 0.0201189139
5.0100000000 0.0207362855
5.0200000000 0.0214589282
5.0300000000 0.0222605348
5.0400000000 0.0231070123
5.0500000000 0.0239572989
5.0600000000 0.0247647180
5.0700000000 0.0254793251
5.0800000000 0.0260517405
5.0900000000 0.0264390878
5.1000000000 0.0266123739
5.1100000000 0.0265625854
5.1200000000 0.0263033404
5.1300000000 0.0258675390
5.1400000000 0.0253000550
5.1500000000 0.0246491711
5.1600000000 0.0239603443
5.1700000000 0.0232734026
5.1800000000 0.0226220122
5.1900000000 0.0220332557
5.2000000000 0.0215268297
5.2100000000 0.0211137904
5.2200000000 0.0207967846
5.2300000000 0.0205721333
5.2400000000 0.0204328310
5.2500000000 0.0203716767
5.2600000000 0.0203825325
5.2700000000 0.0204595105
5.2800000000 0.0205948726
5.2900000000 0.0207767121
5.3000000000 0.0209875714
5.3100000000 0.0212049490
5.3200000000 0.0214033387
5.3300000000 0.0215566113
5.3400000000 0.0216402666
5.3500000000 0.0216333001
5.3600000000 0.0215210910
5.3700000000 0.0212991510
5.3800000000 0.0209767903
5.3900000000 0.0205783760
5.4000000000 0.0201403699
5.4100000000 0.0197056153
5.4200000000 0.0193163618
5.4300000000 0.0190081624
5.4400000000 0.0188058547
5.4500000000 0.0187208788
5.4600000000 0.0187500553
5.4700000000 0.0188756106
5.4800000000 0.0190669053
5.4900000000 0.0192846228
5.5000000000 0.0194876181
5.5100000000 0.0196411075
5.5200000000 0.0197237030
5.5300000000 0.0197305836
5.5400000000 0.0196721016
5.5500000000 0.0195685864
5.5600000000 0.0194440615
5.5700000000 0.0193208366
5.5800000000 0.0192158241
5.5900000000 0.0191390001
5.6000000000 0.0190925036
5.6100000000 0.0190707002
5.6200000000 0.0190612304
5.6300000000 0.0190478582
5.6400000000 0.0190154093
5.6500000000 0.0189557909
5.6600000000 0.0188722473
5.6700000000 0.0187797357
5.6800000000 0.0187007883
5.6900000000 0.0186579494
5.7000000000 0.0186657712
5.7100000000 0.0187252424
5.7200000000 0.0188222569
5.7300000000 0.0189308862
5.7400000000 0.0190203753
5.7500000000 0.0190636063
5.7600000000 0.0190447639
5.7700000000 0.0189635682
5.7800000000 0.0188350616
5.7900000000 0.0186859371
5.8000000000 0.0185491304
5.8100000000 0.0184586806
5.8200000000 0.0184460113
5.8300000000 0.0185377895
5.8400000000 0.0187552211
5.8500000000 0.0191146717
5.8600000000 0.0196281144
5.8700000000 0.0203032485
5.8800000000 0.0211420059
5.8900000000 0.0221381414
5.9000000000 0.0232741192
5.9100000000 0.0245188928
5.9200000000 0.0258271973
5.9300000000 0.0271410432
5.9400000000 0.0283936393
5.9500000000 0.0295156355
5.9600000000 0.0304439204
5.9700000000 0.0311308884
5.9800000000 0.0315527413
5.9900000000 0.0317137831
6.0000000000 0.0316453482
6.0100000000 0.0314000285
6.0200000000 0.0310428371
6.0300000000 0.0306417460
6.0400000000 0.0302594029
6.0500000000 0.0299475666
6.0600000000 0.0297439605
6.0700000000 0.0296719752
6.0800000000 0.0297415731
6.0900000000 0.0299501635
6.1000000000 0.0302829896
6.1100000000 0.0307129989
6.1200000000 0.0312011043
6.1300000000 0.0316983451
6.1400000000 0.0321499299
6.1500000000 0.0325020324
6.1600000000 0.0327102885
6.1700000000 0.0327472862
6.1800000000 0.0326071761
6.1900000000 0.0323046193
6.2000000000 0.0318681452
6.2100000000 0.0313306176
6.2200000000 0.0307198995
6.2300000000 0.0300544976
6.2400000000 0.0293453132
6.2500000000 0.0286010182
6.2600000000 0.0278344506
6.2700000000 0.0270654111
6.2800000000 0.0263193401
6.2900000000 0.0256240751
6.3000000000 0.0250067790
6.3100000000 0.0244934556
6.3200000000 0.0241102025
6.3300000000 0.0238833279
6.3400000000 0.0238376843
6.3500000000 0.0239924929
6.3600000000 0.0243575104
6.3700000000 0.0249308375
6.3800000000 0.0257004941
6.3900000000 0.0266484110
6.4000000000 0.0277553380
6.4100000000 0.0290041123
6.4200000000 0.0303790828
6.4300000000 0.0318623829
6.4400000000 0.0334294434
6.4500000000 0.0350472329
6.4600000000 0.0366771684
6.4700000000 0.0382825395
6.4800000000 0.0398375220
6.4900000000 0.0413340509
6.5000000000 0.0427831428
6.5100000000 0.0442105556
6.5200000000 0.0456495238
6.5300000000 0.0471331793
6.5400000000 0.0486891708
6.5500000000 0.0503366928
6.5600000000 0.0520833656
6.5700000000 0.0539222621
6.5800000000 0.0558282301
6.5900000000 0.0577577273
6.6000000000 0.0596541719
6.6100000000 0.0614590846
6.6200000000 0.0631253668
6.6300000000 0.0646280602
6.6400000000 0.0659689765
6.6500000000 0.0671739840
6.6600000000 0.0682861345
6.6700000000 0.0693561645
6.6800000000 0.0704342288
6.6900000000 0.0715626355
6.7000000000 0.0727712105
6.7100000000 0.0740742764
6.7200000000 0.0754699341
6.7300000000 0.0769392734
6.7400000000 0.0784445385
6.7500000000 0.0799267054
6.7600000000 0.0813051060
6.7700000000 0.0824857813
6.7800000000 0.0833779487
6.7900000000 0.0839175203
6.8000000000 0.0840876336
6.8100000000 0.0839285485
6.8200000000 0.0835330531
6.8300000000 0.0830295170
6.8400000000 0.0825594294
6.8500000000 0.0822553522
6.8600000000 0.0822243511
6.8700000000 0.0825392703
6.8800000000 0.0832339749
6.8900000000 0.0843009928
6.9000000000 0.0856889123
6.9100000000 0.0873011437
6.9200000000 0.0890024988
6.9300000000 0.0906352318
6.9400000000 0.0920437117
6.9500000000 0.0930993224
6.9600000000 0.0937174646
6.9700000000 0.0938602097
6.9800000000 0.0935258108
6.9900000000 0.0927312721
7.0000000000 0.0914953228
7.0100000000 0.0898291932
7.0200000000 0.0877383418
7.0300000000 0.0852341730
7.0400000000 0.0823513069
7.0500000000 0.0791610236
7.0600000000 0.0757738134
7.0700000000 0.0723286828
7.0800000000 0.0689727805
7.0900000000 0.0658383815
7.1000000000 0.0630248105
7.1100000000 0.0605884488
7.1200000000 0.0585420706
7.1300000000 0.0568612576
7.1400000000 0.0554965522
7.1500000000 0.0543883580
7.1600000000 0.0534813094
7.1700000000 0.0527371627
7.1800000000 0.0521415964
7.1900000000 0.0517053871
7.2000000000 0.0514569795
7.2100000000 0.0514298182
7.2200000000 0.0516470945
7.2300000000 0.0521102247
7.2400000000 0.0527936707
7.2500000000 0.0536471478
7.2600000000 0.0546025874
7.2700000000 0.0555826114
7.2800000000 0.0565087474
7.2900000000 0.0573079629
7.3000000000 0.0579187533
7.3100000000 0.0582963278
7.3200000000 0.0584181858
7.3300000000 0.0582865726
7.3400000000 0.0579268756
7.3500000000 0.0573796737
7.3600000000 0.0566893106
7.3700000000 0.0558922231
7.3800000000 0.0550090550
7.3900000000 0.0540440374
7.4000000000 0.0529900505
7.4100000000 0.0518377424
7.4200000000 0.0505845427
7.4300000000 0.0492404449
7.4400000000 0.0478298892
7.4500000000 0.0463874110
7.4600000000 0.0449506516
7.4700000000 0.0435519578
7.4800000000 0.0422127530
7.4900000000 0.0409420485
7.5000000000 0.0397387423
7.5100000000 0.0385972614
7.5200000000 0.0375133106
7.5300000000 0.0364879551
7.5400000000 0.0355279292
7.5500000000 0.0346412959
7.5600000000 0.0338312737
7.5700000000 0.0330899626
7.5800000000 0.0323959155
7.5900000000 0.0317158975
7.6000000000 0.0310115952
7.6100000000 0.0302492208
7.6200000000 0.0294083856
7.6300000000 0.0284882086
7.6400000000 0.0275073953
7.6500000000 0.0264994960
7.6600000000 0.0255050364
7.6700000000 0.0245633622
7.6800000000 0.0237051637
7.6900000000 0.0229474652
7.7000000000 0.0222903116
7.7100000000 0.0217159924
7.7200000000 0.0211921422
7.7300000000 0.0206783800
7.7400000000 0.0201361564
7.7500000000 0.0195389720
7.7600000000 0.0188789667
7.7700000000 0.0181681555
7.7800000000 0.0174337031
7.7900000000 0.0167106839
7.8000000000 0.0160349664
7.8100000000 0.0154386552
7.8200000000 0.0149482897
7.8300000000 0.0145849619
7.8400000000 0.0143655208
7.8500000000 0.0143031784
7.8600000000 0.0144076136
7.8700000000 0.0146842791
7.8800000000 0.0151327502
7.8900000000 0.0157449125
7.9000000000 0.0165030519
7.9100000000 0.0173786291
7.9200000000 0.0183330753
7.9300000000 0.0193208844
7.9400000000 0.0202948761
7.9500000000 0.0212122115
7.9600000000 0.0220393735
7.9700000000 0.0227549101
7.9800000000 0.0233492263
7.9900000000 0.0238221392
8.0000000000 0.0241794868
8.0100000000 0.0244295232
8.0200000000 0.0245793999
8.0300000000 0.0246333487
8.0400000000 0.0245922315
8.0500000000 0.0244554561
8.0600000000 0.0242235414
8.0700000000 0.0238999693
8.0800000000 0.0234921978
8.0900000000 0.0230115288
8.1000000000 0.0224725413
8.1100000000 0.0218931146
8.1200000000 0.0212938944
8.1300000000 0.0206967778
8.1400000000 0.0201232568
8.1500000000 0.0195920097
8.1600000000 0.0191179480
8.1700000000 0.0187119616
8.1800000000 0.0183818956
8.1900000000 0.0181330282
8.2000000000 0.0179680928
8.2100000000 0.0178860427
8.2200000000 0.0178808090
8.2300000000 0.0179411675
8.2400000000 0.0180525577
8.2500000000 0.0182003985
8.2600000000 0.0183743943
8.2700000000 0.0185720213
8.2800000000 0.0187999631
8.2900000000 0.0190734930
8.3000000000 0.0194131250
8.3100000000 0.0198411615
8.3200000000 0.0203786480
8.3300000000 0.0210447013
8.3400000000 0.0218570418
8.3500000000 0.0228333115
8.3600000000 0.0239912914
8.3700000000 0.0253480561
8.3800000000 0.0269172183
8.3900000000 0.0287070483
8.4000000000 0.0307187620
8.4100000000 0.0329472440
8.4200000000 0.0353832014
8.4300000000 0.0380172321
8.4400000000 0.0408429459
8.4500000000 0.0438586284
8.4600000000 0.0470655914
8.4700000000 0.0504628537
8.4800000000 0.0540410833
8.4900000000 0.0577778712
8.5000000000 0.0616360079
8.5100000000 0.0655666129
8.5200000000 0.0695137460
8.5300000000 0.0734198998
8.5400000000 0.0772299274
8.5500000000 0.0808937418
8.5600000000 0.0843694327
8.5700000000 0.0876285671
8.5800000000 0.0906612799
8.5900000000 0.0934813967
8.6000000000 0.0961255259
8.6100000000 0.0986483740
8.6200000000 0.1011147349
8.6300000000 0.1035914491
8.6400000000 0.1061407618
8.6500000000 0.1088147898
8.6600000000 0.1116508661
8.6700000000 0.1146718303
8.6800000000 0.1178905832
8.6900000000 0.1213144136
8.7000000000 0.1249436767
8.7100000000 0.1287613576
8.7200000000 0.1327169582
8.7300000000 0.1367135051
8.7400000000 0.1406054701
8.7500000000 0.1442126336
8.7600000000 0.1473480193
8.7700000000 0.1498514998
8.7800000000 0.1516177428
8.7900000000 0.1526072029
8.8000000000 0.1528370000
8.8100000000 0.1523589787
8.8200000000 0.1512396601
8.8300000000 0.1495530477
8.8400000000 0.1473882562
8.8500000000 0.1448628107
8.8600000000 0.1421289108
8.8700000000 0.1393615345
8.8800000000 0.1367317103
8.8900000000 0.1343734661
8.9000000000 0.1323597594
8.9100000000 0.1306980537
8.9200000000 0.1293471994
8.9300000000 0.1282462827
8.9400000000 0.1273443957
8.9500000000 0.1266216016
8.9600000000 0.1260979617
8.9700000000 0.1258300530
8.9800000000 0.1258979637
8.9900000000 0.1263847044
9.0000000000 0.1273526128
9.0100000000 0.1288242745
9.0200000000 0.1307715239
9.0300000000 0.1331151184
9.0400000000 0.1357301333
9.0500000000 0.1384537054
9.0600000000 0.1410938795
9.0700000000 0.1434421728
9.0800000000 0.1452896782
9.0900000000 0.1464453112
9.1000000000 0.1467529834
9.1100000000 0.1461042548
9.1200000000 0.1444474285
9.1300000000 0.1417905698
9.1400000000 0.1382007262
9.1500000000 0.1337969394
9.1600000000 0.1287390168
9.1700000000 0.1232112839
9.1800000000 0.1174034343
9.1900000000 0.1114896250
9.2000000000 0.1056110948
9.2100000000 0.0998692865
9.2200000000 0.0943294059
9.2300000000 0.0890348809
9.2400000000 0.0840240079
9.2500000000 0.0793426694
9.2600000000 0.0750471542
9.2700000000 0.0711996681
9.2800000000 0.0678582924
9.2900000000 0.0650665012
9.3000000000 0.0628442950
9.3100000000 0.0611826256
9.3200000000 0.0600430394
9.3300000000 0.0593631273
9.3400000000 0.0590691457
9.3500000000 0.0590920279
9.3600000000 0.0593830727
9.3700000000 0.0599227476
9.3800000000 0.0607199357
9.3900000000 0.0618024930
9.4000000000 0.0632030667
9.4100000000 0.0649433885
9.4200000000 0.0670217499
9.4300000000 0.0694049844
9.4400000000 0.0720263552
9.4500000000 0.0747866420
9.4600000000 0.0775585690
9.4700000000 0.0801954747
9.4800000000 0.0825434477
9.4900000000 0.0844582173
9.5000000000 0.0858224805
9.5100000000 0.0865597197
9.5200000000 0.0866430051
9.5300000000 0.0860972835
9.5400000000 0.0849972997
9.5500000000 0.0834592873
9.5600000000 0.0816268212
9.5700000000 0.0796523655
9.5800000000 0.0776756912
9.5900000000 0.0758064751
9.6000000000 0.0741103856
9.6100000000 0.0726055594
9.6200000000 0.0712681333
9.6300000000 0.0700461487
9.6400000000 0.0688779664
9.6500000000 0.0677083657
9.6600000000 0.0664987756
9.6700000000 0.0652312065
9.6800000000 0.0639072126
9.6900000000 0.0625438531
9.7000000000 0.0611676883
9.7100000000 0.0598095108
9.7200000000 0.0584993704
9.7300000000 0.0572647922
9.7400000000 0.0561315953
9.7500000000 0.0551251383
9.7600000000 0.0542710673
9.7700000000 0.0535919321
9.7800000000 0.0531011202
9.7900000000 0.0527957151
9.8000000000 0.0526517266
9.8100000000 0.0526228774
9.8200000000 0.0526453539
9.8300000000 0.0526484596
9.8400000000 0.0525703558
9.8500000000 0.0523738227
9.8600000000 0.0520564216
9.8700000000 0.0516497557
9.8800000000 0.0512081936
9.8900000000 0.0507910102
9.9000000000 0.0504443445
9.9100000000 0.0501889928
9.9200000000 0.0500145394
9.9300000000 0.0498805824
9.9400000000 0.0497247998
9.9500000000 0.0494760653
9.9600000000 0.0490707018
9.9700000000 0.0484682197
9.9800000000 0.0476625437
9.9900000000 0.0466848571
10.0000000000 0.0455970734
10.0100000000 0.0444791208
10.0200000000 0.0434142125
10.0300000000 0.0424773996
10.0400000000 0.0417296525
10.0500000000 0.0412176826
10.0600000000 0.0409778778
10.0700000000 0.0410417246
10.0800000000 0.0414422646
10.0900000000 0.0422182628
10.1000000000 0.0434159338
10.1100000000 0.0450863885
10.1200000000 0.0472805354
10.1300000000 0.0500413210
10.1400000000 0.0533946131
10.1500000000 0.0573376950
10.1600000000 0.0618271755
10.1700000000 0.0667658653
10.1800000000 0.0719953511
10.1900000000 0.0772975947
10.2000000000 0.0824099439
10.2100000000 0.0870530110
10.2200000000 0.0909664563
10.2300000000 0.0939448482
10.2400000000 0.0958651598
10.2500000000 0.0966998891
10.2600000000 0.0965155760
10.2700000000 0.0954575077
10.2800000000 0.0937259932
10.2900000000 0.0915463300
10.3000000000 0.0891386191
10.3100000000 0.0866930412
10.3200000000 0.0843552583
10.3300000000 0.0822222037
10.3400000000 0.0803486230
10.3500000000 0.0787584066
10.3600000000 0.0774584213
10.3700000000 0.0764517155
10.3800000000 0.0757443102
10.3900000000 0.0753466133
10.4000000000 0.0752660031
10.4100000000 0.0754957333
10.4200000000 0.0760049827
10.4300000000 0.0767347136
10.4400000000 0.0776047433
10.4500000000 0.0785296627
10.4600000000 0.0794398021
10.4700000000 0.0802978700
10.4800000000 0.0811061076
10.4900000000 0.0818991982
10.5000000000 0.0827276911
10.5100000000 0.0836363811
10.5200000000 0.0846491014
10.5300000000 0.0857608927
10.5400000000 0.0869418038
10.5500000000 0.0881469324
10.5600000000 0.0893297775
10.5700000000 0.0904522608
10.5800000000 0.0914881344
10.5900000000 0.0924204273
10.6000000000 0.0932342854
10.6100000000 0.0939128194
10.6200000000 0.0944378137
10.6300000000 0.0947951917
10.6400000000 0.0949809840
10.6500000000 0.0950028546
10.6600000000 0.0948784577
10.6700000000 0.0946311439
10.6800000000 0.0942875212
10.6900000000 0.0938770910
10.7000000000 0.0934300120
10.7100000000 0.0929729972
10.7200000000 0.0925239841
10.7300000000 0.0920898774
10.7400000000 0.0916690304
10.7500000000 0.0912592977
10.7600000000 0.0908673238
10.7700000000 0.0905158282
10.7800000000 0.0902442657
10.7900000000 0.0901033252
10.8000000000 0.0901451344
10.8100000000 0.0904123305
10.8200000000 0.0909284751
10.8300000000 0.0916924834
10.8400000000 0.0926759592
10.8500000000 0.0938257413
10.8600000000 0.0950704367
10.8700000000 0.0963326315
10.8800000000 0.0975422608
10.8900000000 0.0986483985
10.9000000000 0.0996236596
10.9100000000 0.1004616658
10.9200000000 0.1011684385
10.9300000000 0.1017524208
10.9400000000 0.1022192964
10.9500000000 0.1025708795
10.9600000000 0.1028090405
10.9700000000 0.1029394441
10.9800000000 0.1029733566
10.9900000000 0.1029272234
11.0000000000 0.1028202165
11.0100000000 0.1026720056
11.0200000000 0.1025012175
11.0300000000 0.1023210914
11.0400000000 0.1021357469
11.0500000000 0.1019359583
11.0600000000 0.1016961216
11.0700000000 0.1013749180
11.0800000000 0.1009211145
11.0900000000 0.1002838224
11.1000000000 0.0994271986
11.1100000000 0.0983434106
11.1200000000 0.0970605940
11.1300000000 0.0956395405
11.1400000000 0.0941636301
11.1500000000 0.0927247238
11.1600000000 0.0914133024
11.1700000000 0.0903130291
11.1800000000 0.0895004191
11.1900000000 0.0890439497
11.2000000000 0.0890000123
11.2100000000 0.0894041971
11.2200000000 0.0902574279
11.2300000000 0.0915139086
11.2400000000 0.0930756540
11.2500000000 0.0947987864
11.2600000000 0.0965125883
11.2700000000 0.0980468938
11.2800000000 0.0992592673
11.2900000000 0.1000549543
11.3000000000 0.1003947531
11.3100000000 0.1002899615
11.3200000000 0.0997885774
11.3300000000 0.0989558586
11.3400000000 0.0978562400
11.3500000000 0.0965395302
11.3600000000 0.0950367225
11.3700000000 0.0933641569
11.3800000000 0.0915332261
11.3900000000 0.0895601497
11.4000000000 0.0874733323
11.4100000000 0.0853159898
11.4200000000 0.0831451598
11.4300000000 0.0810283475
11.4400000000 0.0790381122
11.4500000000 0.0772449920
11.4600000000 0.0757091214
11.4700000000 0.0744726164
11.4800000000 0.0735559700
11.4900000000 0.0729581087
11.5000000000 0.0726611280
11.5100000000 0.0726375020
11.5200000000 0.0728590837
11.5300000000 0.0733024766
11.5400000000 0.0739533482
11.5500000000 0.0748055349
11.5600000000 0.0758570429
11.5700000000 0.0771047367
11.5800000000 0.0785386101
11.5900000000 0.0801395779
11.6000000000 0.0818830584
11.6100000000 0.0837449679
11.6200000000 0.0857085608
11.6300000000 0.0877691013
11.6400000000 0.0899339675
11.6500000000 0.0922185847
11.6600000000 0.0946389964
11.6700000000 0.0972005550
11.6800000000 0.0998864954
11.6900000000 0.1026498481
11.7000000000 0.1054106663
11.7100000000 0.1080624301
11.7200000000 0.1104841017
11.7300000000 0.1125565929
11.7400000000 0.1141782089
11.7500000000 0.1152752880
11.7600000000 0.1158092571
11.7700000000 0.1157746284
11.7800000000 0.1151954656
11.7900000000 0.1141180828
11.8000000000 0.1126046633
11.8100000000 0.1107280060
11.8200000000 0.1085681659
11.8300000000 0.1062090573
11.8400000000 0.1037332166
11.8500000000 0.1012167370
11.8600000000 0.0987249224
11.8700000000 0.0963086735
11.8800000000 0.0940060984
11.8900000000 0.0918458827
11.9000000000 0.0898513208
11.9100000000 0.0880432656
11.9200000000 0.0864392689
11.9300000000 0.0850512804
11.9400000000 0.0838821064
11.9500000000 0.0829236037
11.9600000000 0.0821562699
11.9700000000 0.0815501144
11.9800000000 0.0810653223
11.9900000000 0.0806544839
12.0000000000 0.0802658849
12.0100000000 0.0798485607
12.0200000000 0.0793567121
12.0300000000 0.0787524582
12.0400000000 0.0780063184
12.0500000000 0.0770983398
12.0600000000 0.0760192106
12.0700000000 0.0747728247
12.0800000000 0.0733783196
12.0900000000 0.0718694346
12.1000000000 0.0702909241
12.1100000000 0.0686938678
12.1200000000 0.0671298220
12.1300000000 0.0656459525
12.1400000000 0.0642813486
12.1500000000 0.0630639742
12.1600000000 0.0620094149
12.1700000000 0.0611234264
12.1800000000 0.0604069441
12.1900000000 0.0598645593
12.2000000000 0.0595112228
12.2100000000 0.0593751683
12.2200000000 0.0594948488
12.2300000000 0.0599111793
12.2400000000 0.0606567935
12.2500000000 0.0617437702
12.2600000000 0.0631525612
12.2700000000 0.0648240090
12.2800000000 0.0666586873
12.2900000000 0.0685256616
12.3000000000 0.0702827802
12.3100000000 0.0718030855
12.3200000000 0.0729974977
12.3300000000 0.0738258385
12.3400000000 0.0742941522
12.3500000000 0.0744435834
12.3600000000 0.0743347334
12.3700000000 0.0740347402
12.3800000000 0.0736082794
12.3900000000 0.0731088643
12.4000000000 0.0725746862
12.4100000000 0.0720262776
12.4200000000 0.0714681619
12.4300000000 0.0708941571
12.4400000000 0.0702930547
12.4500000000 0.0696540179
12.4600000000 0.0689685659
12.4700000000 0.0682308306
12.4800000000 0.0674365449
12.4900000000 0.0665826034
12.5000000000 0.0656670641
12.5100000000 0.0646900381
12.5200000000 0.0636547574
12.5300000000 0.0625676065
12.5400000000 0.0614392405
12.5500000000 0.0602847117
12.5600000000 0.0591232944
12.5700000000 0.0579777961
12.5800000000 0.0568724209
12.5900000000 0.0558307838
12.6000000000 0.0548728397
12.6100000000 0.0540124298
12.6200000000 0.0532564299
12.6300000000 0.0526046008
12.6400000000 0.0520508068
12.6500000000 0.0515840723
12.6600000000 0.0511892389
12.6700000000 0.0508477501
12.6800000000 0.0505386324
12.6900000000 0.0502407884
12.7000000000 0.0499363853
12.7100000000 0.0496136234
12.7200000000 0.0492691614
12.7300000000 0.0489081739
12.7400000000 0.0485426393
12.7500000000 0.0481895947
12.7600000000 0.0478687934
12.7700000000 0.0476009150
12.7800000000 0.0474059697
12.7900000000 0.0473030268
12.8000000000 0.0473079095
12.8100000000 0.0474321147
12.8200000000 0.0476785881
12.8300000000 0.0480383773
12.8400000000 0.0484870784
12.8500000000 0.0489854602
12.8600000000 0.0494835058
12.8700000000 0.0499277450
12.8800000000 0.0502683610
12.8900000000 0.0504651692
12.9000000000 0.0504911277
12.9100000000 0.0503345857
12.9200000000 0.0499997553
12.9300000000 0.0495041868
12.9400000000 0.0488755095
12.9500000000 0.0481453839
12.9600000000 0.0473448598
12.9700000000 0.0465005015
12.9800000000 0.0456326687
12.9900000000 0.0447564546
13.0000000000 0.0438825576
13.0100000000 0.0430196791
13.0200000000 0.0421753298
13.0300000000 0.0413571415
13.0400000000 0.0405719845
13.0500000000 0.0398252027
13.0600000000 0.0391203770
13.0700000000 0.0384582480
13.0800000000 0.0378366817
13.0900000000 0.0372516669
13.1000000000 0.0366978957
13.1100000000 0.0361698801
13.1200000000 0.0356637801
13.1300000000 0.0351774899
13.1400000000 0.0347107314
13.1500000000 0.0342647558
13.1600000000 0.0338420825
13.1700000000 0.0334465478
13.1800000000 0.0330836945
13.1900000000 0.0327612496
13.2000000000 0.0324885573
13.2100000000 0.0322750040
13.2200000000 0.0321274370
13.2300000000 0.0320472473
13.2400000000 0.0320279846
13.2500000000 0.0320547335
13.2600000000 0.0321052475
13.2700000000 0.0321533429
13.2800000000 0.0321734470
13.2900000000 0.0321463416
13.3000000000 0.0320622851
13.3100000000 0.0319219171
13.3200000000 0.0317351066
13.3300000000 0.0315169748
13.3400000000 0.0312850006
13.3500000000 0.0310565051
13.3600000000 0.0308476203
13.3700000000 0.0306728575
13.3800000000 0.0305458113
13.3900000000 0.0304795119
13.4000000000 0.0304862308
13.4100000000 0.0305762284
13.4200000000 0.0307559450
13.4300000000 0.0310260274
13.4400000000 0.0313810202
13.4500000000 0.0318090459
13.4600000000 0.0322942805
13.4700000000 0.0328177100
13.4800000000 0.0333594565
13.4900000000 0.0338991393
13.5000000000 0.0344166322
13.5100000000 0.0348921949
13.5200000000 0.0353088596
13.5300000000 0.0356538806
13.5400000000 0.0359211687
13.5500000000 0.0361115569
13.5600000000 0.0362316554
13.5700000000 0.0362911362
13.5800000000 0.0362999690
13.5900000000 0.0362664222
13.6000000000 0.0361970033
13.6100000000 0.0360974618
13.6200000000 0.0359734164
13.6300000000 0.0358314745
13.6400000000 0.0356774152
13.6500000000 0.0355153982
13.6600000000 0.0353468596
13.6700000000 0.0351704994
13.6800000000 0.0349844154
13.6900000000 0.0347874814
13.7000000000 0.0345812085
13.7100000000 0.0343696263
13.7200000000 0.0341582760
13.7300000000 0.0339526456
13.7400000000 0.0337557397
13.7500000000 0.0335671295
13.7600000000 0.0333829532
13.7700000000 0.0331977902
13.7800000000 0.0330075186
13.7900000000 0.0328121322
13.8000000000 0.0326173368
13.8100000000 0.0324347065
13.8200000000 0.0322805082
13.8300000000 0.0321733896
13.8400000000 0.0321313964
13.8500000000 0.0321687952
13.8600000000 0.0322926866
13.8700000000 0.0325024050
13.8800000000 0.0327894123
13.8900000000 0.0331404162
13.9000000000 0.0335405125
13.9100000000 0.0339754746
13.9200000000 0.0344338016
13.9300000000 0.0349061812
13.9400000000 0.0353849190
13.9500000000 0.0358624803
13.9600000000 0.0363293458
13.9700000000 0.0367717166
13.9800000000 0.0371718950
13.9900000000 0.0375105896
14.0000000000 0.0377721032
14.0100000000 0.0379495830
14.0200000000 0.0380488880
14.0300000000 0.0380884198
14.0400000000 0.0380956543
14.0500000000 0.0381022851
14.0600000000 0.0381380550
14.0700000000 0.0382264995
14.0800000000 0.0383824804
14.0900000000 0.0386103663
14.1000000000 0.0389058833
14.1100000000 0.0392566873
14.1200000000 0.0396452560
14.1300000000 0.0400518139
14.1400000000 0.0404572726
14.1500000000 0.0408458088
14.1600000000 0.0412074403
14.1700000000 0.0415384363
14.1800000000 0.0418402425
14.1900000000 0.0421169766
14.2000000000 0.0423725482
14.2100000000 0.0426070505
14.2200000000 0.0428165503
14.2300000000 0.0429941775
14.2400000000 0.0431337533
14.2500000000 0.0432342471
14.2600000000 0.0433045480
14.2700000000 0.0433649758
14.2800000000 0.0434468683
14.2900000000 0.0435884530
14.3000000000 0.0438282955
14.3100000000 0.0441987689
14.3200000000 0.0447206651
14.3300000000 0.0453990214
14.3400000000 0.0462209084
14.3500000000 0.0471563087
14.3600000000 0.0481595079
14.3700000000 0.0491749661
14.3800000000 0.0501441596
14.3900000000 0.0510143182
14.4000000000 0.0517451502
14.4100000000 0.0523127046
14.4200000000 0.0527087832
14.4300000000 0.0529377102
14.4400000000 0.0530132824
14.4500000000 0.0529552249
14.4600000000 0.0527872808
14.4700000000 0.0525347818
14.4800000000 0.0522224882
14.4900000000 0.0518717631
14.5000000000 0.0514980951
14.5100000000 0.0511097839
14.5200000000 0.0507084540
14.5300000000 0.0502913496
14.5400000000 0.0498551455
14.5500000000 0.0494006149
14.5600000000 0.0489353534
14.5700000000 0.0484741500
14.5800000000 0.0480376467
14.5900000000 0.0476486918
14.6000000000 0.0473301214
14.6100000000 0.0471026992
14.6200000000 0.0469836186
14.6300000000 0.0469845933
14.6400000000 0.0471103641
14.6500000000 0.0473559711
14.6600000000 0.0477038730
14.6700000000 0.0481238797
14.6800000000 0.0485741426
14.6900000000 0.0490063468
14.7000000000 0.0493731730
14.7100000000 0.0496367110
14.7200000000 0.0497742012
14.7300000000 0.0497802121
14.7400000000 0.0496654253
14.7500000000 0.0494515555
14.7600000000 0.0491658227
14.7700000000 0.0488363967
14.7800000000 0.0484871306
14.7900000000 0.0481358834
14.8000000000 0.0477928606
14.8100000000 0.0474615266
14.8200000000 0.0471406073
14.8300000000 0.0468271621
14.8400000000 0.0465191901
14.8500000000 0.0462168918
14.8600000000 0.0459223588
14.8700000000 0.0456395243
14.8800000000 0.0453736637
14.8900000000 0.0451301218
14.9000000000 0.0449147523
14.9100000000 0.0447326546
14.9200000000 0.0445886558
14.9300000000 0.0444875708
14.9400000000 0.0444343119
14.9500000000 0.0444342488
14.9600000000 0.0444922560
14.9700000000 0.0446106745
14.9800000000 0.0447876339
14.9900000000 0.0450146198
15.0000000000 0.0452767016
15.0100000000 0.0455532354
15.0200000000 0.0458198752
15.0300000000 0.0460523391
15.0400000000 0.0462289615
15.0500000000 0.0463333976
15.0600000000 0.0463564015
15.0700000000 0.0462955257
15.0800000000 0.0461559246
15.0900000000 0.0459491375
15.1000000000 0.0456926405
15.1100000000 0.0454069551
15.1200000000 0.0451128967
15.1300000000 0.0448281275
15.1400000000 0.0445650952
15.1500000000 0.0443292124
15.1600000000 0.0441190813
15.1700000000 0.0439270606
15.1800000000 0.0437415662
15.1900000000 0.0435499075
15.2000000000 0.0433425560
15.2100000000 0.0431161227
15.2200000000 0.0428749951
15.2300000000 0.0426308731
15.2400000000 0.0424010112
15.2500000000 0.0422048552
15.2600000000 0.0420604250
15.2700000000 0.0419813037
15.2800000000 0.0419747518
15.2900000000 0.0420406557
15.3000000000 0.0421730348
15.3100000000 0.0423603961
15.3200000000 0.0425879344
15.3300000000 0.0428373865
15.3400000000 0.0430892449
15.3500000000 0.0433238131
15.3600000000 0.0435240503
15.3700000000 0.0436773979
15.3800000000 0.0437769135
15.3900000000 0.0438214375
15.4000000000 0.0438145805
15.4100000000 0.0437627590
15.4200000000 0.0436737753
15.4300000000 0.0435555705
15.4400000000 0.0434156295
15.4500000000 0.0432612479
15.4600000000 0.0430992914
15.4700000000 0.0429358047
15.4800000000 0.0427748026
15.4900000000 0.0426170850
15.5000000000 0.0424595942
15.5100000000 0.0422961907
15.5200000000 0.0421201878
15.5300000000 0.0419261228
15.5400000000 0.0417113072
15.5500000000 0.0414751202
15.5600000000 0.0412185120
15.5700000000 0.0409424848
15.5800000000 0.0406478598
15.5900000000 0.0403364425
15.6000000000 0.0400113426
15.6100000000 0.0396776317
15.6200000000 0.0393416335
15.6300000000 0.0390101710
15.6400000000 0.0386888910
15.6500000000 0.0383813673
15.6600000000 0.0380882778
15.6700000000 0.0378075997
15.6800000000 0.0375353280
15.6900000000 0.0372671285
15.7000000000 0.0369996244
15.7100000000 0.0367321204
15.7200000000 0.0364664674
15.7300000000 0.0362069955
15.7400000000 0.0359583682
15.7500000000 0.0357243769
15.7600000000 0.0355063756
15.7700000000 0.0353038111
15.7800000000 0.0351145518
15.7900000000 0.0349359634
15.8000000000 0.0347656823
15.8100000000 0.0346010956
15.8200000000 0.0344395223
15.8300000000 0.0342777689
15.8400000000 0.0341125744
15.8500000000 0.0339406964
15.8600000000 0.0337593027
15.8700000000 0.0335661371
15.8800000000 0.0333597352
15.8900000000 0.0331399550
15.9000000000 0.0329085838
15.9100000000 0.0326692063
15.9200000000 0.0324281071
15.9300000000 0.0321933278
15.9400000000 0.0319738147
15.9500000000 0.0317778951
15.9600000000 0.0316124854
15.9700000000 0.0314822203
15.9800000000 0.0313888826
15.9900000000 0.0313319970
16.0000000000 0.0313089260
16.0100000000 0.0313148925
16.0200000000 0.0313437498
16.0300000000 0.0313876315
16.0400000000 0.0314373562
16.0500000000 0.0314835436
16.0600000000 0.0315168069
16.0700000000 0.0315298836
16.0800000000 0.0315177518
16.0900000000 0.0314778722
16.1000000000 0.0314098494
16.1100000000 0.0313137415
16.1200000000 0.0311897768
16.1300000000 0.0310376907
16.1400000000 0.0308573094
16.1500000000 0.0306492952
16.1600000000 0.0304156131
16.1700000000 0.0301596846
16.1800000000 0.0298867836
16.1900000000 0.0296027607
16.2000000000 0.0293140916
16.2100000000 0.0290266194
16.2200000000 0.0287456070
16.2300000000 0.0284752271
16.2400000000 0.0282189936
16.2500000000 0.0279800718
16.2600000000 0.0277617897
16.2700000000 0.0275676175
16.2800000000 0.0274018296
16.2900000000 0.0272687082
16.3000000000 0.0271719102
16.3100000000 0.0271132440
16.3200000000 0.0270917405
16.3300000000 0.0271030160
16.3400000000 0.0271393308
16.3500000000 0.0271906528
16.3600000000 0.0272451319
16.3700000000 0.0272908917
16.3800000000 0.0273165855
16.3900000000 0.0273134134
16.4000000000 0.0272754817
16.4100000000 0.0272011543
16.4200000000 0.0270927587
16.4300000000 0.0269563502
16.4400000000 0.0268003977
16.4500000000 0.0266343914
16.4600000000 0.0264675610
16.4700000000 0.0263076719
16.4800000000 0.0261597883
16.4900000000 0.0260262334
16.5000000000 0.0259067572
16.5100000000 0.0257994035
16.5200000000 0.0257014072
16.5300000000 0.0256101973
16.5400000000 0.0255244727
16.5500000000 0.0254436655
16.5600000000 0.0253685576
16.5700000000 0.0253002514
16.5800000000 0.0252395392
16.5900000000 0.0251866740
16.6000000000 0.0251408255
16.6100000000 0.0251000743
16.6200000000 0.0250617089
16.6300000000 0.0250230563
16.6400000000 0.0249818085
16.6500000000 0.0249367991
16.6600000000 0.0248879448
16.6700000000 0.0248358922
16.6800000000 0.0247822584
16.6900000000 0.0247283559
16.7000000000 0.0246750411
16.7100000000 0.0246224311
16.7200000000 0.0245695286
16.7300000000 0.0245143153
16.7400000000 0.0244546589
16.7500000000 0.0243886696
16.7600000000 0.0243153667
16.7700000000 0.0242349812
16.7800000000 0.0241487813
16.7900000000 0.0240586092
16.8000000000 0.0239662206
16.8100000000 0.0238732761
16.8200000000 0.0237806932
16.8300000000 0.0236887859
16.8400000000 0.0235971009
16.8500000000 0.0235051082
16.8600000000 0.0234121723
16.8700000000 0.0233179982
16.8800000000 0.0232231872
16.8900000000 0.0231287307
16.9000000000 0.0230365770
16.9100000000 0.0229488231
16.9200000000 0.0228675997
16.9300000000 0.0227949176
16.9400000000 0.0227318995
16.9500000000 0.0226787800
16.9600000000 0.0226350438
16.9700000000 0.0225990614
16.9800000000 0.0225692544
16.9900000000 0.0225437053
17.0000000000 0.0225214577
17.0100000000 0.0225023861
17.0200000000 0.0224872388
17.0300000000 0.0224769301
17.0400000000 0.0224723220
17.0500000000 0.0224731614
17.0600000000 0.0224779597
17.0700000000 0.0224840784
17.0800000000 0.0224882158
17.0900000000 0.0224866349
17.1000000000 0.0224757085
17.1100000000 0.0224528895
17.1200000000 0.0224165225
17.1300000000 0.0223668346
17.1400000000 0.0223054267
17.1500000000 0.0222357514
17.1600000000 0.0221627797
17.1700000000 0.0220921629
17.1800000000 0.0220297354
17.1900000000 0.0219803449
17.2000000000 0.0219474102
17.2100000000 0.0219326366
17.2200000000 0.0219358977
17.2300000000 0.0219558750
17.2400000000 0.0219903964
17.2500000000 0.0220371886
17.2600000000 0.0220937049
17.2700000000 0.0221572436
17.2800000000 0.0222242639
17.2900000000 0.0222906623
17.3000000000 0.0223519413
17.3100000000 0.0224034620
17.3200000000 0.0224415666
17.3300000000 0.0224647067
17.3400000000 0.0224736356
17.3500000000 0.0224713655
17.3600000000 0.0224628970
17.3700000000 0.0224538447
17.3800000000 0.0224494852
17.3900000000 0.0224534227
17.4000000000 0.0224667641
17.4100000000 0.0224879275
17.4200000000 0.0225125929
17.4300000000 0.0225349890
17.4400000000 0.0225488080
17.4500000000 0.0225492159
17.4600000000 0.0225328836
17.4700000000 0.0224994057
17.4800000000 0.0224500328
17.4900000000 0.0223880353
17.5000000000 0.0223177225
17.5100000000 0.0222439244
17.5200000000 0.0221721620
17.5300000000 0.0221078402
17.5400000000 0.0220560074
17.5500000000 0.0220212997
17.5600000000 0.0220071454
17.5700000000 0.0220158469
17.5800000000 0.0220487798
17.5900000000 0.0221063306
17.6000000000 0.0221879531
17.6100000000 0.0222918427
17.6200000000 0.0224142272
17.6300000000 0.0225492932
17.6400000000 0.0226896698
17.6500000000 0.0228267670
17.6600000000 0.0229526778
17.6700000000 0.0230615995
17.6800000000 0.0231500818
17.6900000000 0.0232173451
17.7000000000 0.0232647430
17.7100000000 0.0232941977
17.7200000000 0.0233077630
17.7300000000 0.0233073170
17.7400000000 0.0232946228
17.7500000000 0.0232721352
17.7600000000 0.0232427898
17.7700000000 0.0232101292
17.7800000000 0.0231779902
17.7900000000 0.0231494740
17.8000000000 0.0231269439
17.8100000000 0.0231113595
17.8200000000 0.0231027915
17.8300000000 0.0231007030
17.8400000000 0.0231042103
17.8500000000 0.0231128813
17.8600000000 0.0231264626
17.8700000000 0.0231449454
17.8800000000 0.0231677103
17.8900000000 0.0231931731
17.9000000000 0.0232179644
17.9100000000 0.0232375334
17.9200000000 0.0232461807
17.9300000000 0.0232382253
17.9400000000 0.0232095173
17.9500000000 0.0231577777
17.9600000000 0.0230839910
17.9700000000 0.0229915831
17.9800000000 0.0228861163
17.9900000000 0.0227746484
18.0000000000 0.0226640257
18.0100000000 0.0225611108
18.0200000000 0.0224712446
18.0300000000 0.0223983373
18.0400000000 0.0223446307
18.0500000000 0.0223101360
18.0600000000 0.0222929768
18.0700000000 0.0222895378
18.0800000000 0.0222952199
18.0900000000 0.0223051022
18.1000000000 0.0223156282
18.1100000000 0.0223248957
18.1200000000 0.0223335004
18.1300000000 0.0223443671
18.1400000000 0.0223619169
18.1500000000 0.0223908073
18.1600000000 0.0224350721
18.1700000000 0.0224965354
18.1800000000 0.0225743475
18.1900000000 0.0226643005
18.2000000000 0.0227598653
18.2100000000 0.0228527366
18.2200000000 0.0229341181
18.2300000000 0.0229963822
18.2400000000 0.0230334124
18.2500000000 0.0230416433
18.2600000000 0.0230199614
18.2700000000 0.0229693318
18.2800000000 0.0228925578
18.2900000000 0.0227931867
18.3000000000 0.0226755458
18.3100000000 0.0225439625
18.3200000000 0.0224028136
18.3300000000 0.0222561263
18.3400000000 0.0221067828
18.3500000000 0.0219572546
18.3600000000 0.0218086868
18.3700000000 0.0216620326
18.3800000000 0.0215175263
18.3900000000 0.0213755823
18.4000000000 0.0212368467
18.4100000000 0.0211020589
18.4200000000 0.0209724919
18.4300000000 0.0208499459
18.4400000000 0.0207358774
18.4500000000 0.0206319353
18.4600000000 0.0205389701
18.4700000000 0.0204576091
18.4800000000 0.0203875108
18.4900000000 0.0203279210
18.5000000000 0.0202775703
18.5100000000 0.0202353061
18.5200000000 0.0201997934
18.5300000000 0.0201700467
18.5400000000 0.0201453827
18.5500000000 0.0201251351
18.5600000000 0.0201087899
18.5700000000 0.0200960109
18.5800000000 0.0200860636
18.5900000000 0.0200779651
18.6000000000 0.0200705169
18.6100000000 0.0200620908
18.6200000000 0.0200506541
18.6300000000 0.0200341965
18.6400000000 0.0200108492
18.6500000000 0.0199790341
18.6600000000 0.0199375950
18.6700000000 0.0198857720
18.6800000000 0.0198235638
18.6900000000 0.0197512884
18.7000000000 0.0196700346
18.7100000000 0.0195812795
18.7200000000 0.0194869611
18.7300000000 0.0193892078
18.7400000000 0.0192899082
18.7500000000 0.0191904957
18.7600000000 0.0190916326
18.7700000000 0.0189934059
18.7800000000 0.0188953856
18.7900000000 0.0187968542
18.8000000000 0.0186973469
18.8100000000 0.0185968946
18.8200000000 0.0184964340
18.8300000000 0.0183970786
18.8400000000 0.0183005925
18.8500000000 0.0182082422
18.8600000000 0.0181211512
18.8700000000 0.0180400838
18.8800000000 0.0179650804
18.8900000000 0.0178960584
18.9000000000 0.0178326868
18.9100000000 0.0177747232
18.9200000000 0.0177216815
18.9300000000 0.0176733205
18.9400000000 0.0176293658
18.9500000000 0.0175895963
18.9600000000 0.0175540506
18.9700000000 0.0175225775
18.9800000000 0.0174949874
18.9900000000 0.0174706568
19.0000000000 0.0174486835
19.0100000000 0.0174276823
19.0200000000 0.0174059266
19.0300000000 0.0173815102
19.0400000000 0.0173529177
19.0500000000 0.0173193084
19.0600000000 0.0172804890
19.0700000000 0.0172376096
19.0800000000 0.0171928748
19.0900000000 0.0171493500
19.1000000000 0.0171108300
19.1100000000 0.0170814837
19.1200000000 0.0170648343
19.1300000000 0.0170634908
19.1400000000 0.0170786046
19.1500000000 0.0171092539
19.1600000000 0.0171525269
19.1700000000 0.0172034504
19.1800000000 0.0172563014
19.1900000000 0.0173052407
19.2000000000 0.0173449935
19.2100000000 0.0173721320
19.2200000000 0.0173845187
19.2300000000 0.0173819601
19.2400000000 0.0173651002
19.2500000000 0.0173351629
19.2600000000 0.0172936193
19.2700000000 0.0172416895
19.2800000000 0.0171806066
19.2900000000 0.0171116016
19.3000000000 0.0170357801
19.3100000000 0.0169545414
19.3200000000 0.0168694715
19.3300000000 0.0167824807
19.3400000000 0.0166955763
19.3500000000 0.0166108100
19.3600000000 0.0165300521
19.3700000000 0.0164545104
19.3800000000 0.0163846649
19.3900000000 0.0163202382
19.4000000000 0.0162603376
19.4100000000 0.0162036659
19.4200000000 0.0161488871
19.4300000000 0.0160954285
19.4400000000 0.0160433430
19.4500000000 0.0159939339
19.4600000000 0.0159493172
19.4700000000 0.0159122280
19.4800000000 0.0158853058
19.4900000000 0.0158704526
19.5000000000 0.0158684442
19.5100000000 0.0158785881
19.5200000000 0.0158987298
19.5300000000 0.0159258771
19.5400000000 0.0159561556
19.5500000000 0.0159859705
19.5600000000 0.0160122846
19.5700000000 0.0160328460
19.5800000000 0.0160467869
19.5900000000 0.0160540545
19.6000000000 0.0160557072
19.6100000000 0.0160533548
19.6200000000 0.0160491016
19.6300000000 0.0160447587
19.6400000000 0.0160418629
19.6500000000 0.0160408120
19.6600000000 0.0160415005
19.6700000000 0.0160428925
19.6800000000 0.0160435999
19.6900000000 0.0160422537
19.7000000000 0.0160377121
19.7100000000 0.0160292609
19.7200000000 0.0160164893
19.7300000000 0.0159995762
19.7400000000 0.0159787850
19.7500000000 0.0159549895
19.7600000000 0.0159289579
19.7700000000 0.0159016218
19.7800000000 0.0158737893
19.7900000000 0.0158462681
19.8000000000 0.0158196867
19.8100000000 0.0157946925
19.8200000000 0.0157719999
19.8300000000 0.0157518685
19.8400000000 0.0157347669
19.8500000000 0.0157205004
19.8600000000 0.0157085581
19.8700000000 0.0156981162
19.8800000000 0.0156879675
19.8900000000 0.0156769680
19.9000000000 0.0156643727
19.9100000000 0.0156499580
19.9200000000 0.0156341373
19.9300000000 0.0156174694
19.9400000000 0.0156010092
19.9500000000 0.0155854727
19.9600000000 0.0155715092
19.9700000000 0.0155595713
19.9800000000 0.0155496952
19.9900000000 0.0155414396
20.0000000000 0.0155341371
