124000.0000000000 87.4971528096
62000.0000000000 63.6267704256
41333.3333333333 43.7334693707
31000.0000000000 30.4129353685
24800.0000000000 21.8494468273
20666.6666666667 16.2509679779
17714.2857142857 12.4701166857
15500.0000000000 9.8279937027
13777.7777777778 7.9224417806
12400.0000000000 6.5092383622
11272.7272727273 5.4353773844
10333.3333333333 4.6019474085
9538.4615384615 3.9430992821
8857.1428571429 3.4138039526
8266.6666666667 2.9825165812
7750.0000000000 2.6266538398
7294.1176470588 2.3297298952
6888.8888888889 2.0794972212
6526.3157894737 1.8667118708
6200.0000000000 1.6842962940
5904.7619047619 1.5267606396
5636.3636363636 1.3897958692
5391.3043478261 1.2699829075
5166.6666666667 1.1645816935
4960.0000000000 1.0713762059
4769.2307692308 0.9885590070
4592.5925925926 0.9146443407
4428.5714285714 0.8484020325
4275.8620689655 0.7888065695
4133.3333333333 0.7349977231
4000.0000000000 0.6862495954
3875.0000000000 0.6419463110
3757.5757575758 0.6015625873
3647.0588235294 0.5646482547
3542.8571428571 0.5308157570
3444.4444444444 0.4997299719
3351.3513513514 0.4710999276
3263.1578947368 0.4446720493
3179.4871794872 0.4202245026
3100.0000000000 0.3975625436
3024.3902439024 0.3765146794
2952.3809523810 0.3569293907
2883.7209302326 0.3386723932
2818.1818181818 0.3216243526
2755.5555555556 0.3056789455
2695.6521739130 0.2907411392
2638.2978723404 0.2767258270
2583.3333333333 0.2635565589
2530.6122448980 0.2511645062
2480.0000000000 0.2394875765
2431.3725490196 0.2284696057
2384.6153846154 0.2180597130
2339.6226415094 0.2082117095
2296.2962962963 0.1988836513
2254.5454545455 0.1900373823
2214.2857142857 0.1816381695
2175.4385964912 0.1736543778
2137.9310344828 0.1660571886
2101.6949152542 0.1588203373
2066.6666666667 0.1519199503
2032.7868852459 0.1453344006
2000.0000000000 0.1390441675
1968.2539682540 0.1330317852
1937.5000000000 0.1272818556
1907.6923076923 0.1217809931
1878.7878787879 0.1165178902
1850.7462686567 0.1114832975
1823.5294117647 0.1066699675
1797.1014492754 0.1020724006
1771.4285714286 0.0976863233
1746.4788732394 0.0935077755
1722.2222222222 0.0895317067
1698.6301369863 0.0857502301
1675.6756756757 0.0821510862
1653.3333333333 0.0787168401
1631.5789473684 0.0754258573
1610.3896103896 0.0722550591
1589.7435897436 0.0691839401
1569.6202531646 0.0661985062
1550.0000000000 0.0632938136
1530.8641975309 0.0604747278
1512.1951219512 0.0577553035
1493.9759036145 0.0551576931
1476.1904761905 0.0527111477
1458.8235294118 0.0504515242
1441.8604651163 0.0484209418
1425.2873563218 0.0466672881
1409.0909090909 0.0452426764
1393.2584269663 0.0442001489
1377.7777777778 0.0435879227
1362.6373626374 0.0434411420
1347.8260869565 0.0437722861
1333.3333333333 0.0445628574
1319.1489361702 0.0457600976
1305.2631578947 0.0472811274
1291.6666666667 0.0490244076
1278.3505154639 0.0508843046
1265.3061224490 0.0527640642
1252.5252525253 0.0545845359
1240.0000000000 0.0562892968
1227.7227722772 0.0578471298
1215.6862745098 0.0592505881
1203.8834951456 0.0605082142
1192.3076923077 0.0616302957
1180.9523809524 0.0626129449
1169.8113207547 0.0634278055
1158.8785046729 0.0640235234
1148.1481481481 0.0643388523
1137.6146788991 0.0643215595
1127.2727272727 0.0639442234
1117.1171171171 0.0632109504
1107.1428571429 0.0621543378
1097.3451327434 0.0608261706
1087.7192982456 0.0592866459
1078.2608695652 0.0575954665
1068.9655172414 0.0558062122
1059.8290598291 0.0539636656
1050.8474576271 0.0521034305
1042.0168067227 0.0502527121
1033.3333333333 0.0484316509
1024.7933884298 0.0466547432
1016.3934426230 0.0449320137
1008.1300813008 0.0432699500
1000.0000000000 0.0416720378
992.0000000000 0.0401390202
984.1269841270 0.0386691470
976.3779527559 0.0372583618
968.7500000000 0.0359009733
961.2403100775 0.0345905483
953.8461538462 0.0333210608
946.5648854962 0.0320878679
939.3939393939 0.0308882182
932.3308270677 0.0297213120
925.3731343284 0.0285880034
918.5185185185 0.0274903024
911.7647058824 0.0264310010
905.1094890511 0.0254132538
898.5507246377 0.0244402653
892.0863309353 0.0235148302
885.7142857143 0.0226387737
879.4326241135 0.0218121931
873.2394366197 0.0210327231
867.1328671329 0.0202950677
861.1111111111 0.0195911989
855.1724137931 0.0189115059
849.3150684932 0.0182466420
843.5374149660 0.0175895421
837.8378378378 0.0169368880
832.2147651007 0.0162895621
826.6666666667 0.0156521291
821.1920529801 0.0150318246
815.7894736842 0.0144373515
810.4575163399 0.0138777779
805.1948051948 0.0133615405
800.0000000000 0.0128955676
794.8717948718 0.0124845542
789.8089171975 0.0121304805
784.8101265823 0.0118324615
779.8742138365 0.0115871263
775.0000000000 0.0113893256
770.1863354037 0.0112331441
765.4320987654 0.0111127827
760.7361963190 0.0110230798
756.0975609756 0.0109594820
751.5151515152 0.0109176435
746.9879518072 0.0108932428
742.5149700599 0.0108824276
738.0952380952 0.0108828673
733.7278106509 0.0108947535
729.4117647059 0.0109210156
725.1461988304 0.0109665146
720.9302325581 0.0110368170
716.7630057803 0.0111373921
712.6436781609 0.0112735570
708.5714285714 0.0114508636
704.5454545455 0.0116750290
700.5649717514 0.0119512150
696.6292134831 0.0122831205
692.7374301676 0.0126724499
688.8888888889 0.0131192116
685.0828729282 0.0136221966
681.3186813187 0.0141789533
677.5956284153 0.0147851584
673.9130434783 0.0154338322
670.2702702703 0.0161150340
666.6666666667 0.0168157041
663.1016042781 0.0175192535
659.5744680851 0.0182047190
656.0846560847 0.0188460308
652.6315789474 0.0194123812
649.2146596859 0.0198705622
645.8333333333 0.0201893240
642.4870466321 0.0203449137
639.1752577320 0.0203258835
635.8974358974 0.0201352117
632.6530612245 0.0197891597
629.4416243655 0.0193132152
626.2626262626 0.0187371087
623.1155778894 0.0180903521
620.0000000000 0.0173992150
616.9154228856 0.0166851522
613.8613861386 0.0159644032
610.8374384236 0.0152483880
607.8431372549 0.0145445528
604.8780487805 0.0138575327
601.9417475728 0.0131902219
599.0338164251 0.0125446802
596.1538461538 0.0119226801
593.3014354067 0.0113258282
590.4761904762 0.0107555515
587.6777251185 0.0102129550
584.9056603774 0.0096986373
582.1596244131 0.0092125526
579.4392523364 0.0087539759
576.7441860465 0.0083214650
574.0740740741 0.0079130455
571.4285714286 0.0075265009
568.8073394495 0.0071598154
566.2100456621 0.0068115905
563.6363636364 0.0064813066
561.0859728507 0.0061693351
558.5585585586 0.0058766441
556.0538116592 0.0056043268
553.5714285714 0.0053530987
551.1111111111 0.0051227927
548.6725663717 0.0049120914
546.2555066079 0.0047185273
543.8596491228 0.0045387566
541.4847161572 0.0043691412
539.1304347826 0.0042062847
536.7965367965 0.0040475075
534.4827586207 0.0038911068
532.1888412017 0.0037365063
529.9145299145 0.0035843291
527.6595744681 0.0034363183
525.4237288136 0.0032951078
523.2067510549 0.0031637780
521.0084033613 0.0030453084
518.8284518828 0.0029420807
516.6666666667 0.0028555591
514.5228215768 0.0027861592
512.3966942149 0.0027334079
510.2880658436 0.0026962974
508.1967213115 0.0026736565
506.1224489796 0.0026644122
504.0650406504 0.0026676214
502.0242914980 0.0026822731
500.0000000000 0.0027071656
497.9919678715 0.0027408649
496.0000000000 0.0027817989
494.0239043825 0.0028283043
492.0634920635 0.0028785165
490.1185770751 0.0029300248
488.1889763780 0.0029794750
486.2745098039 0.0030223581
484.3750000000 0.0030531032
482.4902723735 0.0030655668
480.6201550388 0.0030539451
478.7644787645 0.0030138722
476.9230769231 0.0029434300
475.0957854406 0.0028436893
473.2824427481 0.0027185368
471.4828897338 0.0025738707
469.6969696970 0.0024164714
467.9245283019 0.0022529115
466.1654135338 0.0020887959
464.4194756554 0.0019283493
462.6865671642 0.0017743495
460.9665427509 0.0016282998
459.2592592593 0.0014907100
457.5645756458 0.0013614078
455.8823529412 0.0012398427
454.2124542125 0.0011253680
452.5547445255 0.0010174446
450.9090909091 0.0009157821
449.2753623188 0.0008203781
447.6534296029 0.0007315177
446.0431654676 0.0006496785
444.4444444444 0.0005754312
442.8571428571 0.0005093329
441.2811387900 0.0004518533
439.7163120567 0.0004033327
438.1625441696 0.0003639675
436.6197183099 0.0003338250
435.0877192982 0.0003128661
433.5664335664 0.0003009471
432.0557491289 0.0002978250
430.5555555556 0.0003031377
429.0657439446 0.0003163871
427.5862068966 0.0003369490
426.1168384880 0.0003641230
424.6575342466 0.0003972154
423.2081911263 0.0004356599
421.7687074830 0.0004791246
420.3389830508 0.0005275856
418.9189189189 0.0005813347
417.5084175084 0.0006409261
416.1073825503 0.0007071083
414.7157190635 0.0007807210
413.3333333333 0.0008626087
411.9601328904 0.0009535503
410.5960264901 0.0010541973
409.2409240924 0.0011650533
407.8947368421 0.0012864354
406.5573770492 0.0014184762
405.2287581699 0.0015610868
403.9087947883 0.0017139776
402.5974025974 0.0018767081
401.2944983819 0.0020487932
400.0000000000 0.0022298687
398.7138263666 0.0024197878
397.4358974359 0.0026186454
396.1661341853 0.0028266703
394.9044585987 0.0030439534
393.6507936508 0.0032702556
392.4050632911 0.0035048374
391.1671924290 0.0037465167
389.9371069182 0.0039938712
388.7147335423 0.0042454616
387.5000000000 0.0045000750
386.2928348910 0.0047568716
385.0931677019 0.0050153033
383.9009287926 0.0052750976
382.7160493827 0.0055361438
381.5384615385 0.0057985644
380.3680981595 0.0060629889
379.2048929664 0.0063309122
378.0487804878 0.0066049923
376.8996960486 0.0068892775
375.7575757576 0.0071890248
374.6223564955 0.0075102674
373.4939759036 0.0078591111
372.3723723724 0.0082411272
371.2574850299 0.0086609082
370.1492537313 0.0091221042
369.0476190476 0.0096276971
367.9525222552 0.0101805088
366.8639053254 0.0107835912
365.7817109145 0.0114405980
364.7058823529 0.0121556990
363.6363636364 0.0129334754
362.5730994152 0.0137785940
361.5160349854 0.0146955927
360.4651162791 0.0156887218
359.4202898551 0.0167620254
358.3815028902 0.0179195590
357.3487031700 0.0191655478
356.3218390805 0.0205046007
355.3008595989 0.0219417373
354.2857142857 0.0234821988
353.2763532764 0.0251311318
352.2727272727 0.0268927449
351.2747875354 0.0287690104
350.2824858757 0.0307580851
349.2957746479 0.0328522807
348.3146067416 0.0350361686
347.3389355742 0.0372852838
346.3687150838 0.0395657122
345.4038997214 0.0418356687
344.4444444444 0.0440488268
343.4903047091 0.0461596635
342.5414364641 0.0481298119
341.5977961433 0.0499336790
340.6593406593 0.0515615817
339.7260273973 0.0530182153
338.7978142077 0.0543165555
337.8746594005 0.0554683876
336.9565217391 0.0564749335
336.0433604336 0.0573201895
335.1351351351 0.0579691977
334.2318059299 0.0583716806
333.3333333333 0.0584706293
332.4396782842 0.0582160224
331.5508021390 0.0575818917
330.6666666667 0.0565829630
329.7872340426 0.0552845796
328.9124668435 0.0537985614
328.0423280423 0.0522640112
327.1767810026 0.0508186039
326.3157894737 0.0495710374
325.4593175853 0.0485842121
324.6073298429 0.0478725269
323.7597911227 0.0474108623
322.9166666667 0.0471499151
322.0779220779 0.0470319202
321.2435233161 0.0470033583
320.4134366925 0.0470226948
319.5876288660 0.0470633606
318.7660668380 0.0471108037
317.9487179487 0.0471548632
317.1355498721 0.0471791167
316.3265306122 0.0471518152
315.5216284987 0.0470236630
314.7208121827 0.0467357068
313.9240506329 0.0462354547
313.1313131313 0.0454955525
312.3425692695 0.0445267061
311.5577889447 0.0433797531
310.7769423559 0.0421359182
310.0000000000 0.0408901280
309.2269326683 0.0397335265
308.4577114428 0.0387399183
307.6923076923 0.0379585830
306.9306930693 0.0374130499
306.1728395062 0.0371042249
305.4187192118 0.0370163034
304.6683046683 0.0371231309
303.9215686275 0.0373935938
303.1784841076 0.0377945926
302.4390243902 0.0382919083
301.7031630170 0.0388495092
300.9708737864 0.0394297607
300.2421307506 0.0399966091
299.5169082126 0.0405219949
298.7951807229 0.0409931934
298.0769230769 0.0414159266
297.3621103118 0.0418100227
296.6507177033 0.0421979004
295.9427207637 0.0425910581
295.2380952381 0.0429809500
294.5368171021 0.0433384490
293.8388625592 0.0436217679
293.1442080378 0.0437890235
292.4528301887 0.0438101150
291.7647058824 0.0436740017
291.0798122066 0.0433902599
290.3981264637 0.0429851261
289.7196261682 0.0424942614
289.0442890443 0.0419537271
288.3720930233 0.0413921047
287.7030162413 0.0408261755
287.0370370370 0.0402629752
286.3741339492 0.0397072082
285.7142857143 0.0391704200
285.0574712644 0.0386772119
284.4036697248 0.0382645681
283.7528604119 0.0379744893
283.1050228311 0.0378420632
282.4601366743 0.0378829449
281.8181818182 0.0380840833
281.1791383220 0.0383997569
280.5429864253 0.0387547395
279.9097065463 0.0390536276
279.2792792793 0.0391955504
278.6516853933 0.0390911206
278.0269058296 0.0386784097
277.4049217002 0.0379349089
276.7857142857 0.0368816935
276.1692650334 0.0355790537
275.5555555556 0.0341139427
274.9445676275 0.0325824858
274.3362831858 0.0310728024
273.7306843267 0.0296527390
273.1277533040 0.0283649068
272.5274725275 0.0272296429
271.9298245614 0.0262530754
271.3347921225 0.0254371624
270.7423580786 0.0247876433
270.1525054466 0.0243176223
269.5652173913 0.0240470988
268.9804772234 0.0239997949
268.3982683983 0.0241995766
267.8185745140 0.0246676122
267.2413793103 0.0254200786
266.6666666667 0.0264662176
266.0944206009 0.0278063707
265.5246252677 0.0294296344
264.9572649573 0.0313120201
264.3923240938 0.0334152224
263.8297872340 0.0356858725
263.2696390658 0.0380566741
262.7118644068 0.0404487690
262.1564482030 0.0427769148
261.6033755274 0.0449562873
261.0526315789 0.0469101063
260.5042016807 0.0485749650
259.9580712788 0.0499019583
259.4142259414 0.0508546168
258.8726513570 0.0514067068
258.3333333333 0.0515433349
257.7962577963 0.0512656987
257.2614107884 0.0505962173
256.7287784679 0.0495814107
256.1983471074 0.0482890060
255.6701030928 0.0468009927
255.1440329218 0.0452023563
254.6201232033 0.0435692609
254.0983606557 0.0419585356
253.5787321063 0.0404016449
253.0612244898 0.0389048376
252.5458248473 0.0374558498
252.0325203252 0.0360363638
251.5212981744 0.0346359527
251.0121457490 0.0332626173
250.5050505051 0.0319456657
250.0000000000 0.0307300502
249.4969818913 0.0296661160
248.9959839357 0.0287991892
248.4969939880 0.0281632237
248.0000000000 0.0277790455
247.5049900200 0.0276555905
247.0119521912 0.0277919860
246.5208747515 0.0281785289
246.0317460317 0.0287957276
245.5445544554 0.0296125555
245.0592885375 0.0305853918
244.5759368836 0.0316591300
244.0944881890 0.0327713349
243.6149312377 0.0338586174
243.1372549020 0.0348634711
242.6614481409 0.0357389548
242.1875000000 0.0364511212
241.7153996101 0.0369781540
241.2451361868 0.0373083412
240.7766990291 0.0374374813
240.3100775194 0.0373671373
239.8452611219 0.0371038301
239.3822393822 0.0366600282
238.9210019268 0.0360562414
238.4615384615 0.0353238599
238.0038387716 0.0345070532
237.5478927203 0.0336624908
237.0936902486 0.0328556260
236.6412213740 0.0321545439
236.1904761905 0.0316230381
235.7414448669 0.0313139675
235.2941176471 0.0312648780
234.8484848485 0.0314950777
234.4045368620 0.0320052009
233.9622641509 0.0327787546
233.5216572505 0.0337856464
233.0827067669 0.0349869491
232.6454033771 0.0363393391
232.2097378277 0.0377976360
231.7757009346 0.0393150126
231.3432835821 0.0408425602
230.9124767225 0.0423296659
230.4832713755 0.0437264062
230.0556586271 0.0449874699
229.6296296296 0.0460765465
229.2051756007 0.0469706056
228.7822878229 0.0476632704
228.3609576427 0.0481651449
227.9411764706 0.0485015231
227.5229357798 0.0487078031
227.1062271062 0.0488248503
226.6910420475 0.0488951248
226.2773722628 0.0489581360
225.8652094718 0.0490429036
225.4545454545 0.0491590857
225.0453720508 0.0492896665
224.6376811594 0.0493909523
224.2314647378 0.0494018759
223.8267148014 0.0492618883
223.4234234234 0.0489306336
223.0215827338 0.0484028588
222.6211849192 0.0477110577
222.2222222222 0.0469166608
221.8246869410 0.0460947831
221.4285714286 0.0453190487
221.0338680927 0.0446517458
220.6405693950 0.0441400845
220.2486678508 0.0438169335
219.8581560284 0.0437048538
219.4690265487 0.0438209333
219.0812720848 0.0441805231
218.6948853616 0.0447971665
218.3098591549 0.0456783061
217.9261862917 0.0468176036
217.5438596491 0.0481865344
217.1628721541 0.0497287350
216.7832167832 0.0513595536
216.4048865620 0.0529728502
216.0278745645 0.0544540051
215.6521739130 0.0556963365
215.2777777778 0.0566180747
214.9046793761 0.0571748030
214.5328719723 0.0573656686
214.1623488774 0.0572296029
213.7931034483 0.0568328611
213.4251290878 0.0562498336
213.0584192440 0.0555439940
212.6929674099 0.0547561365
212.3287671233 0.0539062529
211.9658119658 0.0530076347
211.6040955631 0.0520860088
211.2436115843 0.0511935215
210.8843537415 0.0504095766
210.5263157895 0.0498293703
210.1694915254 0.0495466704
209.8138747885 0.0496385379
209.4594594595 0.0501570071
209.1062394604 0.0511273295
208.7542087542 0.0525499619
208.4033613445 0.0544034313
208.0536912752 0.0566471280
207.7051926298 0.0592238071
207.3578595318 0.0620647965
207.0116861436 0.0650967952
206.6666666667 0.0682504975
206.3227953411 0.0714690701
205.9800664452 0.0747138431
205.6384742952 0.0779670981
205.2980132450 0.0812288686
204.9586776860 0.0845086559
204.6204620462 0.0878115316
204.2833607908 0.0911217732
203.9473684211 0.0943884346
203.6124794745 0.0975184795
203.2786885246 0.1003834360
202.9459901800 0.1028394487
202.6143790850 0.1047582698
202.2838499184 0.1060578881
201.9543973941 0.1067216157
201.6260162602 0.1067988961
201.2987012987 0.1063902621
200.9724473258 0.1056255126
200.6472491909 0.1046451601
200.3231017771 0.1035864613
200.0000000000 0.1025730153
199.6779388084 0.1017031320
199.3569131833 0.1010391689
199.0369181380 0.1006023486
198.7179487179 0.1003755804
198.4000000000 0.1003132271
198.0830670927 0.1003537945
197.7671451356 0.1004320650
197.4522292994 0.1004884954
197.1383147854 0.1004759338
196.8253968254 0.1003625426
196.5134706815 0.1001302609
196.2025316456 0.0997705349
195.8925750395 0.0992811415
195.5835962145 0.0986684819
195.2755905512 0.0979528670
194.9685534591 0.0971712701
194.6624803768 0.0963739850
194.3573667712 0.0956155570
194.0532081377 0.0949466802
193.7500000000 0.0944124899
193.4477379095 0.0940565512
193.1464174455 0.0939253319
192.8460342146 0.0940682733
192.5465838509 0.0945293259
192.2480620155 0.0953359936
191.9504643963 0.0964894623
191.6537867079 0.0979613102
191.3580246914 0.0996987144
191.0631741140 0.1016342883
190.7692307692 0.1036953304
190.4761904762 0.1058089474
190.1840490798 0.1079015504
189.8928024502 0.1098970305
189.6024464832 0.1117175747
189.3129770992 0.1132891707
189.0243902439 0.1145501489
188.7366818874 0.1154608271
188.4498480243 0.1160090671
188.1638846737 0.1162095871
187.8787878788 0.1160987364
187.5945537065 0.1157251058
187.3111782477 0.1151393667
187.0286576169 0.1143857949
186.7469879518 0.1134967457
186.4661654135 0.1124943010
186.1861861862 0.1113974370
185.9070464768 0.1102321555
185.6287425150 0.1090382982
185.3512705531 0.1078708710
185.0746268657 0.1067941664
184.7988077496 0.1058735897
184.5238095238 0.1051652541
184.2496285290 0.1047073697
183.9762611276 0.1045114247
183.7037037037 0.1045557333
183.4319526627 0.1047831605
183.1610044313 0.1051071668
182.8908554572 0.1054281671
182.6215022091 0.1056557148
182.3529411765 0.1057295567
182.0851688693 0.1056306351
181.8181818182 0.1053794796
181.5519765739 0.1050259492
181.2865497076 0.1046377303
181.0218978102 0.1042938160
180.7580174927 0.1040813646
180.4949053857 0.1040929122
180.2325581395 0.1044173631
179.9709724238 0.1051251719
179.7101449275 0.1062499619
179.4500723589 0.1077730618
179.1907514451 0.1096176360
178.9321789322 0.1116571951
178.6743515850 0.1137383557
178.4172661871 0.1157098047
178.1609195402 0.1174501150
177.9053084648 0.1188837291
177.6504297994 0.1199827400
177.3962804006 0.1207558502
177.1428571429 0.1212293129
176.8901569187 0.1214271336
176.6381766382 0.1213566442
176.3869132290 0.1210047599
176.1363636364 0.1203464160
175.8865248227 0.1193628205
175.6373937677 0.1180605509
175.3889674682 0.1164825830
175.1412429379 0.1147056615
174.8942172073 0.1128238356
174.6478873239 0.1109253617
174.4022503516 0.1090715312
174.1573033708 0.1072826433
173.9130434783 0.1055347701
173.6694677871 0.1037669464
173.4265734266 0.1018982289
173.1843575419 0.0998511986
172.9428172943 0.0975761010
172.7019498607 0.0950674849
172.4617524339 0.0923679112
172.2222222222 0.0895588893
171.9833564494 0.0867422992
171.7451523546 0.0840202547
171.5076071923 0.0814784704
171.2707182320 0.0791769539
171.0344827586 0.0771476902
170.7988980716 0.0753963277
170.5639614856 0.0739074019
170.3296703297 0.0726497445
170.0960219479 0.0715831022
169.8630136986 0.0706663972
169.6306429549 0.0698658920
169.3989071038 0.0691608454
169.1678035471 0.0685445578
168.9373297003 0.0680186963
168.7074829932 0.0675839618
168.4782608696 0.0672302651
168.2496607870 0.0669301177
168.0216802168 0.0666376758
167.7943166441 0.0662921968
167.5675675676 0.0658267912
167.3414304993 0.0651795915
167.1159029650 0.0643060672
166.8909825034 0.0631904518
166.6666666667 0.0618515596
166.4429530201 0.0603412098
166.2198391421 0.0587341257
165.9973226238 0.0571137858
165.7754010695 0.0555572681
165.5540720961 0.0541242335
165.3333333333 0.0528525990
165.1131824234 0.0517609308
164.8936170213 0.0508553017
164.6746347942 0.0501377503
164.4562334218 0.0496109041
164.2384105960 0.0492776585
164.0211640212 0.0491356618
163.8044914135 0.0491697029
163.5883905013 0.0493460316
163.3728590250 0.0496114826
163.1578947368 0.0498986945
162.9434954008 0.0501365067
162.7296587927 0.0502630963
162.5163826999 0.0502376390
162.3036649215 0.0500467174
162.0915032680 0.0497031365
161.8798955614 0.0492376198
161.6688396349 0.0486869204
161.4583333333 0.0480816321
161.2483745124 0.0474373265
161.0389610390 0.0467510534
160.8300907912 0.0460034961
160.6217616580 0.0451652559
160.4139715395 0.0442059657
160.2067183463 0.0431037417
160.0000000000 0.0418514251
159.7938144330 0.0404594986
159.5881595882 0.0389536938
159.3830334190 0.0373695929
159.1784338896 0.0357452588
158.9743589744 0.0341154562
158.7708066581 0.0325085142
158.5677749361 0.0309458905
158.3652618135 0.0294447826
158.1632653061 0.0280209386
157.9617834395 0.0266914546
157.7608142494 0.0254750302
157.5603557814 0.0243910504
157.3604060914 0.0234570095
157.1609632446 0.0226853361
156.9620253165 0.0220804313
156.7635903919 0.0216363973
156.5656565657 0.0213365418
156.3682219420 0.0211547436
156.1712846348 0.0210589872
155.9748427673 0.0210162448
155.7788944724 0.0209971995
155.5834378921 0.0209801475
155.3884711779 0.0209529429
155.1939924906 0.0209131067
155.0000000000 0.0208666573
154.8064918851 0.0208254007
154.6134663342 0.0208029608
154.4209215442 0.0208095946
154.2288557214 0.0208479198
154.0372670807 0.0209106032
153.8461538462 0.0209812373
153.6555142503 0.0210375630
153.4653465347 0.0210563595
153.2756489493 0.0210181966
153.0864197531 0.0209115922
152.8976572133 0.0207356334
152.7093596059 0.0205004339
152.5215252153 0.0202245220
152.3341523342 0.0199306718
152.1472392638 0.0196413566
151.9607843137 0.0193755694
151.7747858017 0.0191480675
151.5892420538 0.0189695597
151.4041514042 0.0188472578
151.2195121951 0.0187855362
151.0353227771 0.0187858921
150.8515815085 0.0188473529
150.6682867558 0.0189674512
150.4854368932 0.0191432332
150.3030303030 0.0193724487
150.1210653753 0.0196548615
149.9395405079 0.0199935075
149.7584541063 0.0203952269
149.5778045838 0.0208704676
149.3975903614 0.0214322817
149.2178098676 0.0220949744
149.0384615385 0.0228736625
148.8595438175 0.0237854218
148.6810551559 0.0248514370
148.5029940120 0.0260994440
148.3253588517 0.0275645320
148.1481481481 0.0292869407
147.9713603819 0.0313073736
147.7949940405 0.0336596286
147.6190476190 0.0363637899
147.4435196195 0.0394200638
147.2684085511 0.0428062311
147.0937129300 0.0464790822
146.9194312796 0.0503809975
146.7455621302 0.0544498417
146.5721040189 0.0586302074
146.3990554900 0.0628815126
146.2264150943 0.0671794802
146.0541813899 0.0715101739
145.8823529412 0.0758571685
145.7109283196 0.0801863627
145.5399061033 0.0844315682
145.3692848769 0.0884881351
145.1990632319 0.0922171640
145.0292397661 0.0954638245
144.8598130841 0.0980860129
144.6907817970 0.0999854942
144.5221445221 0.1011312879
144.3538998836 0.1015652112
144.1860465116 0.1013916388
144.0185830430 0.1007540522
143.8515081206 0.0998089880
143.6848203940 0.0987033702
143.5185185185 0.0975583102
143.3526011561 0.0964614051
143.1870669746 0.0954654979
143.0219146482 0.0945906973
142.8571428571 0.0938286234
142.6927502877 0.0931499036
142.5287356322 0.0925161374
142.3650975890 0.0918946958
142.2018348624 0.0912708902
142.0389461627 0.0906544856
141.8764302059 0.0900796989
141.7142857143 0.0896010809
141.5525114155 0.0892886129
141.3911060433 0.0892233273
141.2300683371 0.0894906399
141.0693970421 0.0901693455
140.9090909091 0.0913179870
140.7491486947 0.0929610062
140.5895691610 0.0950772063
140.4303510759 0.0975931565
140.2714932127 0.1003826080
140.1129943503 0.1032744001
139.9548532731 0.1060709831
139.7970687711 0.1085769222
139.6396396396 0.1106288756
139.4825646794 0.1121182404
139.3258426966 0.1129980647
139.1694725028 0.1132770698
139.0134529148 0.1130038433
138.8577827548 0.1122506734
138.7024608501 0.1111003639
138.5474860335 0.1096380862
138.3928571429 0.1079459686
138.2385730212 0.1060995700
138.0846325167 0.1041635088
137.9310344828 0.1021877592
137.7777777778 0.1002086963
137.6248612653 0.0982535367
137.4722838137 0.0963469418
137.3200442968 0.0945121007
137.1681415929 0.0927671683
137.0165745856 0.0911174923
136.8653421634 0.0895511562
136.7144432194 0.0880378731
136.5638766520 0.0865336976
136.4136413641 0.0849881102
136.2637362637 0.0833544654
136.1141602634 0.0816019895
135.9649122807 0.0797258965
135.8159912377 0.0777516385
135.6673960613 0.0757300725
135.5191256831 0.0737244712
135.3711790393 0.0717964858
135.2235550709 0.0699966489
135.0762527233 0.0683630686
134.9292709467 0.0669278168
134.7826086957 0.0657258456
134.6362649294 0.0648017196
134.4902386117 0.0642101117
134.3445287107 0.0640103373
134.1991341991 0.0642571476
134.0540540541 0.0649905680
133.9092872570 0.0662281284
133.7648327940 0.0679592281
133.6206896552 0.0701425900
133.4768568353 0.0727062330
133.3333333333 0.0755490739
133.1901181525 0.0785449237
133.0472103004 0.0815486270
132.9046087889 0.0844034820
132.7623126338 0.0869519732
132.6203208556 0.0890478482
132.4786324786 0.0905718457
132.3372465315 0.0914469610
132.1961620469 0.0916515395
132.0553780618 0.0912242325
131.9148936170 0.0902571741
131.7747077577 0.0888772286
131.6348195329 0.0872210213
131.4952279958 0.0854116565
131.3559322034 0.0835451758
131.2169312169 0.0816881739
131.0782241015 0.0798838555
130.9398099261 0.0781604202
130.8016877637 0.0765386913
130.6638566913 0.0750354745
130.5263157895 0.0736653511
130.3890641430 0.0724392154
130.2521008403 0.0713634327
130.1154249738 0.0704385368
129.9790356394 0.0696591329
129.8429319372 0.0690146357
129.7071129707 0.0684908472
129.5715778474 0.0680721964
129.4363256785 0.0677426007
129.3013555787 0.0674855065
129.1666666667 0.0672847051
129.0322580645 0.0671246901
128.8981288981 0.0669929947
128.7642782970 0.0668826274
128.6307053942 0.0667942142
128.4974093264 0.0667355459
128.3643892340 0.0667200205
128.2316442606 0.0667620188
128.0991735537 0.0668734617
127.9669762642 0.0670614182
127.8350515464 0.0673288607
127.7033985582 0.0676759266
127.5720164609 0.0680996895
127.4409044193 0.0685890081
127.3100616016 0.0691178243
127.1794871795 0.0696399079
127.0491803279 0.0700902229
126.9191402252 0.0703957324
126.7893660532 0.0704917324
126.6598569969 0.0703385689
126.5306122449 0.0699311220
126.4016309888 0.0692984827
126.2729124236 0.0684950652
126.1444557477 0.0675876616
126.0162601626 0.0666448529
125.8883248731 0.0657309984
125.7606490872 0.0649055494
125.6332320162 0.0642246995
125.5060728745 0.0637408734
125.3791708797 0.0634976447
125.2525252525 0.0635205710
125.1261352170 0.0638075329
125.0000000000 0.0643226795
124.8741188318 0.0649990249
124.7484909457 0.0657488815
124.6231155779 0.0664800704
124.4979919679 0.0671119256
124.3731193581 0.0675862924
124.2484969940 0.0678714713
124.1241241241 0.0679595544
124.0000000000 0.0678600090
123.8761238761 0.0675942481
123.7524950100 0.0671919622
123.6291126620 0.0666888101
123.5059760956 0.0661237015
123.3830845771 0.0655338439
123.2604373757 0.0649495283
123.1380337637 0.0643901981
123.0158730159 0.0638645571
122.8939544103 0.0633737114
122.7722772277 0.0629171590
122.6508407517 0.0624967439
122.5296442688 0.0621184973
122.4086870681 0.0617893499
122.2879684418 0.0615115904
122.1674876847 0.0612778995
122.0472440945 0.0610688014
121.9272369715 0.0608564027
121.8074656189 0.0606104846
121.6879293425 0.0603059542
121.5686274510 0.0599272508
121.4495592556 0.0594688324
121.3307240705 0.0589322050
121.2121212121 0.0583191937
121.0937500000 0.0576268435
120.9756097561 0.0568436062
120.8576998051 0.0559509287
120.7400194742 0.0549293883
120.6225680934 0.0537671407
120.5053449951 0.0524679505
120.3883495146 0.0510549937
120.2715809893 0.0495689154
120.1550387597 0.0480606760
120.0387221684 0.0465821243
119.9226305609 0.0451771950
119.8067632850 0.0438749874
119.6911196911 0.0426865968
119.5756991321 0.0416054519
119.4605009634 0.0406105921
119.3455245428 0.0396734855
119.2307692308 0.0387649528
119.1162343900 0.0378613412
119.0019193858 0.0369485168
118.8878235858 0.0360224165
118.7739463602 0.0350880614
118.6602870813 0.0341570483
118.5468451243 0.0332447666
118.4336198663 0.0323683402
118.3206106870 0.0315451462
118.2078169685 0.0307926645
118.0952380952 0.0301287773
117.9828734539 0.0295710829
117.8707224335 0.0291371662
117.7587844255 0.0288431759
117.6470588235 0.0287038118
117.5355450237 0.0287333131
117.4242424242 0.0289473228
117.3131504257 0.0293649500
117.2022684310 0.0300093626
117.0915958451 0.0309049633
116.9811320755 0.0320716769
116.8708765316 0.0335167674
116.7608286252 0.0352274376
116.6509877705 0.0371666493
116.5413533835 0.0392738103
116.4319248826 0.0414702258
116.3227016886 0.0436684250
116.2136832240 0.0457805209
116.1048689139 0.0477259594
115.9962581852 0.0494353406
115.8878504673 0.0508546361
115.7796451914 0.0519481740
115.6716417910 0.0527026644
115.5638397018 0.0531292368
115.4562383613 0.0532623362
115.3488372093 0.0531543142
115.2416356877 0.0528665671
115.1346332405 0.0524594235
115.0278293135 0.0519848483
114.9212233550 0.0514836601
114.8148148148 0.0509871524
114.7086031452 0.0505211723
114.6025878004 0.0501098636
114.4967682364 0.0497774928
114.3911439114 0.0495480171
114.2857142857 0.0494420370
114.1804788214 0.0494727038
114.0754369825 0.0496414324
113.9705882353 0.0499349808
113.8659320478 0.0503253458
113.7614678899 0.0507739796
113.6571952337 0.0512378695
113.5531135531 0.0516765037
113.4492223239 0.0520573846
113.3455210238 0.0523590416
113.2420091324 0.0525711227
113.1386861314 0.0526927047
113.0355515041 0.0527297872
112.9326047359 0.0526920662
112.8298453139 0.0525903924
112.7272727273 0.0524356201
112.6248864668 0.0522377959
112.5226860254 0.0520066966
112.4206708976 0.0517530306
112.3188405797 0.0514893180
112.2171945701 0.0512294965
112.1157323689 0.0509879886
112.0144534779 0.0507772022
111.9133574007 0.0506053834
111.8124436429 0.0504749226
111.7117117117 0.0503832781
111.6111611161 0.0503265170
111.5107913669 0.0503034902
111.4106019766 0.0503196338
111.3105924596 0.0503870270
111.2107623318 0.0505234218
111.1111111111 0.0507487112
111.0116383169 0.0510833199
110.9123434705 0.0515463491
110.8132260947 0.0521523194
110.7142857143 0.0529072517
110.6155218555 0.0538020588
110.5169340463 0.0548087097
110.4185218166 0.0558804321
110.3202846975 0.0569583107
110.2222222222 0.0579811266
110.1243339254 0.0588960342
110.0266193434 0.0596668302
109.9290780142 0.0602777626
109.8317094774 0.0607349915
109.7345132743 0.0610646280
109.6374889478 0.0613092010
109.5406360424 0.0615221361
109.4439541041 0.0617603547
109.3474426808 0.0620776197
109.2511013216 0.0625186917
109.1549295775 0.0631153348
109.0589270009 0.0638827177
108.9630931459 0.0648169654
108.8674275680 0.0658922594
108.7719298246 0.0670599467
108.6765994741 0.0682514168
108.5814360771 0.0693853645
108.4864391951 0.0703795313
108.3916083916 0.0711639508
108.2969432314 0.0716924188
108.2024432810 0.0719484887
108.1081081081 0.0719462606
108.0139372822 0.0717245518
107.9199303742 0.0713371837
107.8260869565 0.0708414479
107.7324066030 0.0702873761
107.6388888889 0.0697107483
107.5455333912 0.0691307796
107.4523396880 0.0685507011
107.3593073593 0.0679621316
107.2664359862 0.0673491679
107.1737251513 0.0666936441
107.0811744387 0.0659794601
106.9887834340 0.0651958758
106.8965517241 0.0643398161
106.8044788975 0.0634175517
106.7125645439 0.0624435493
106.6208082545 0.0614391282
106.5292096220 0.0604297306
106.4377682403 0.0594433551
106.3464837050 0.0585092380
106.2553556127 0.0576573145
106.1643835616 0.0569165894
106.0735671514 0.0563119848
105.9829059829 0.0558599038
105.8923996584 0.0555642313
105.8020477816 0.0554131486
105.7118499574 0.0553782043
105.6218057922 0.0554178331
105.5319148936 0.0554827118
105.4421768707 0.0555236236
105.3525913339 0.0554985204
105.2631578947 0.0553784850
105.1738761662 0.0551503290
105.0847457627 0.0548171363
104.9957662997 0.0543957822
104.9069373942 0.0539145025
104.8182586644 0.0534079779
104.7297297297 0.0529142590
104.6413502110 0.0524699856
104.5531197302 0.0521070115
104.4650379107 0.0518483108
104.3771043771 0.0517049779
104.2893187553 0.0516737413
104.2016806723 0.0517377495
104.1141897565 0.0518702024
104.0268456376 0.0520395235
103.9396479464 0.0522160839
103.8525963149 0.0523767955
103.7656903766 0.0525061968
103.6789297659 0.0525957803
103.5923141186 0.0526414636
103.5058430718 0.0526420273
103.4195162636 0.0525984945
103.3333333333 0.0525145628
103.2472939217 0.0523963742
103.1613976705 0.0522519281
103.0756442228 0.0520903412
102.9900332226 0.0519217374
102.9045643154 0.0517568547
102.8192371476 0.0516070538
102.7340513670 0.0514818969
102.6490066225 0.0513871357
102.5641025641 0.0513233124
102.4793388430 0.0512858835
102.3947151115 0.0512679844
102.3102310231 0.0512621571
102.2258862325 0.0512614847
102.1416803954 0.0512572149
102.0576131687 0.0512372997
101.9736842105 0.0511854250
101.8898931800 0.0510823730
101.8062397373 0.0509099673
101.7227235439 0.0506549787
101.6393442623 0.0503114280
101.5561015561 0.0498799789
101.4729950900 0.0493660924
101.3900245298 0.0487779070
101.3071895425 0.0481240745
101.2244897959 0.0474136452
101.1419249592 0.0466566172
101.0594947025 0.0458644913
100.9771986971 0.0450494647
100.8950366151 0.0442244400
100.8130081301 0.0434026903
100.7311129163 0.0425977534
100.6493506494 0.0418240009
100.5677210057 0.0410959540
100.4862236629 0.0404285862
100.4048582996 0.0398352646
100.3236245955 0.0393273173
100.2425222312 0.0389130109
100.1615508885 0.0385978342
100.0807102502 0.0383861358
100.0000000000 0.0382822481
99.9194198227 0.0382909643
99.8389694042 0.0384179316
99.7586484312 0.0386675699
99.6784565916 0.0390410885
99.5983935743 0.0395352953
99.5184590690 0.0401415646
99.4386527666 0.0408470595
99.3589743590 0.0416358031
99.2794235388 0.0424904854
99.2000000000 0.0433930060
99.1207034373 0.0443246122
99.0415335463 0.0452657342
98.9624900239 0.0461952151
98.8835725678 0.0470909261
98.8047808765 0.0479298142
98.7261146497 0.0486894887
98.6475735879 0.0493496195
98.5691573927 0.0498953370
98.4908657665 0.0503202048
98.4126984127 0.0506281590
98.3346550357 0.0508341838
98.2567353407 0.0509609519
98.1789390340 0.0510336710
98.1012658228 0.0510743881
98.0237154150 0.0510973934
97.9462875197 0.0511073032
97.8689818469 0.0510992108
97.7917981073 0.0510606970
97.7147360126 0.0509765087
97.6377952756 0.0508317462
97.5609756098 0.0506159963
97.4842767296 0.0503245438
97.4076983504 0.0499577149
97.3312401884 0.0495192106
97.2549019608 0.0490138178
97.1786833856 0.0484474830
97.1025841817 0.0478277058
97.0266040689 0.0471649029
96.9507427678 0.0464722749
96.8750000000 0.0457655174
96.7993754879 0.0450600687
96.7238689548 0.0443690530
96.6484801247 0.0437005830
96.5732087227 0.0430568397
96.4980544747 0.0424345199
96.4230171073 0.0418253247
96.3480963481 0.0412190088
96.2732919255 0.0406055950
96.1986035687 0.0399776998
96.1240310078 0.0393328445
96.0495739737 0.0386738263
95.9752321981 0.0380089484
95.9010054138 0.0373501452
95.8268933539 0.0367113311
95.7528957529 0.0361055170
95.6790123457 0.0355435601
95.6052428682 0.0350330496
95.5315870570 0.0345781973
95.4580446497 0.0341803216
95.3846153846 0.0338381237
95.3112990008 0.0335475639
95.2380952381 0.0333015989
95.1650038373 0.0330902172
95.0920245399 0.0329012903
95.0191570881 0.0327223890
94.9464012251 0.0325423170
94.8737566947 0.0323528127
94.8012232416 0.0321485102
94.7288006112 0.0319259271
94.6564885496 0.0316830540
94.5842868040 0.0314187940
94.5121951220 0.0311339411
94.4402132521 0.0308318811
94.3683409437 0.0305196273
94.2965779468 0.0302070271
94.2249240122 0.0299065215
94.1533788914 0.0296312185
94.0819423369 0.0293940868
94.0106141016 0.0292075405
93.9393939394 0.0290828277
93.8682816048 0.0290310260
93.7972768533 0.0290630996
93.7263794407 0.0291901194
93.6555891239 0.0294218011
93.5849056604 0.0297645192
93.5143288084 0.0302187997
93.4438583271 0.0307779038
93.3734939759 0.0314278950
93.3032355154 0.0321485426
93.2330827068 0.0329152581
93.1630353118 0.0337001514
93.0930930931 0.0344731294
93.0232558140 0.0352033211
92.9535232384 0.0358615214
92.8838951311 0.0364231893
92.8143712575 0.0368710300
92.7449513837 0.0371969080
92.6756352765 0.0374016744
92.6064227035 0.0374941564
92.5373134328 0.0374893059
92.4683072334 0.0374057946
92.3994038748 0.0372650153
92.3306031273 0.0370887357
92.2619047619 0.0368979085
92.1933085502 0.0367112838
92.1248142645 0.0365440484
92.0564216778 0.0364078811
91.9881305638 0.0363100646
91.9199406968 0.0362520165
91.8518518519 0.0362281129
91.7838638046 0.0362246116
91.7159763314 0.0362214608
91.6481892092 0.0361961661
91.5805022157 0.0361290007
91.5129151292 0.0360080895
91.4454277286 0.0358313887
91.3780397937 0.0356068399
91.3107511046 0.0353488257
91.2435614422 0.0350744456
91.1764705882 0.0347989887
91.1094783248 0.0345331883
91.0425844347 0.0342820099
90.9757887014 0.0340454169
90.9090909091 0.0338201146
90.8424908425 0.0336011064
90.7759882870 0.0333834560
90.7095830285 0.0331630104
90.6432748538 0.0329374074
90.5770635500 0.0327065269
90.5109489051 0.0324723836
90.4449307075 0.0322383600
90.3790087464 0.0320075505
90.3131828114 0.0317811163
90.2474526929 0.0315570124
90.1818181818 0.0313303360
90.1162790698 0.0310948355
90.0508351489 0.0308446393
89.9854862119 0.0305767572
89.9202320522 0.0302925981
89.8550724638 0.0299988037
89.7900072411 0.0297070013
89.7250361795 0.0294327581
89.6601590745 0.0291928070
89.5953757225 0.0290028275
89.5306859206 0.0288744280
89.4660894661 0.0288132317
89.4015861572 0.0288178236
89.3371757925 0.0288803126
89.2728581713 0.0289875081
89.2086330935 0.0291231744
89.1445003595 0.0292699633
89.0804597701 0.0294120600
89.0165111271 0.0295372791
88.9526542324 0.0296378671
88.8888888889 0.0297106113
88.8252148997 0.0297549530
88.7616320687 0.0297705709
88.6981402003 0.0297561232
88.6347390994 0.0297089609
88.5714285714 0.0296264160
88.5082084226 0.0295079849
88.4450784593 0.0293558600
88.3820384890 0.0291750746
88.3190883191 0.0289720948
88.2562277580 0.0287533871
88.1934566145 0.0285235816
88.1307746979 0.0282855613
88.0681818182 0.0280413020
88.0056777857 0.0277939993
87.9432624113 0.0275504024
87.8809355067 0.0273224037
87.8186968839 0.0271267915
87.7565463553 0.0269828678
87.6944837341 0.0269094558
87.6325088339 0.0269213839
87.5706214689 0.0270265578
87.5088214538 0.0272257103
87.4471086037 0.0275128736
87.3854827343 0.0278768796
87.3239436620 0.0283041494
87.2624912034 0.0287802708
87.2011251758 0.0292913360
87.1398453970 0.0298253754
87.0786516854 0.0303731365
87.0175438596 0.0309275099
86.9565217391 0.0314838643
86.8955851437 0.0320380490
86.8347338936 0.0325849198
86.7739678097 0.0331169416
86.7132867133 0.0336244103
86.6526904263 0.0340965124
86.5921787709 0.0345244787
86.5317515701 0.0349038232
86.4714086471 0.0352351448
86.4111498258 0.0355232270
86.3509749304 0.0357748951
86.2908837857 0.0359967049
86.2308762170 0.0361934983
86.1709520500 0.0363687673
86.1111111111 0.0365246827
86.0513532269 0.0366618628
85.9916782247 0.0367795322
85.9320859321 0.0368752469
85.8725761773 0.0369446828
85.8131487889 0.0369820018
85.7538035961 0.0369802835
85.6945404285 0.0369317733
85.6353591160 0.0368288937
85.5762594893 0.0366655876
85.5172413793 0.0364377648
85.4583046175 0.0361455555
85.3994490358 0.0357931135
85.3406744666 0.0353893306
85.2819807428 0.0349468953
85.2233676976 0.0344809312
85.1648351648 0.0340073726
85.1063829787 0.0335411508
85.0480109739 0.0330946475
84.9897189856 0.0326771374
84.9315068493 0.0322940808
84.8733744011 0.0319475330
84.8153214774 0.0316366327
84.7573479152 0.0313592083
84.6994535519 0.0311124366
84.6416382253 0.0308943026
84.5839017735 0.0307030368
84.5262440354 0.0305370176
84.4686648501 0.0303929833
84.4111640572 0.0302657641
84.3537414966 0.0301491654
84.2963970088 0.0300363604
84.2391304348 0.0299216206
84.1819416158 0.0298002194
84.1248303935 0.0296682614
84.0677966102 0.0295220076
84.0108401084 0.0293584391
83.9539607312 0.0291755595
83.8971583221 0.0289744694
83.8404327248 0.0287597502
83.7837837838 0.0285388345
83.7272113437 0.0283202244
83.6707152497 0.0281102500
83.6142953473 0.0279104269
83.5579514825 0.0277166082
83.5016835017 0.0275201541
83.4454912517 0.0273096754
83.3893745797 0.0270747284
83.3333333333 0.0268083841
83.2773673606 0.0265082210
83.2214765101 0.0261767433
83.1656606304 0.0258204494
83.1099195710 0.0254486858
83.0542531815 0.0250718168
82.9986613119 0.0247005655
82.9431438127 0.0243446794
82.8877005348 0.0240126486
82.8323313293 0.0237113618
82.7770360481 0.0234461613
82.7218145430 0.0232201952
82.6666666667 0.0230355117
82.6115922718 0.0228928587
82.5565912117 0.0227929491
82.5016633400 0.0227369308
82.4468085106 0.0227268674
82.3920265781 0.0227660517
82.3373173971 0.0228592115
82.2826808228 0.0230123712
82.2281167109 0.0232332666
82.1736249172 0.0235311290
82.1192052980 0.0239166946
82.0648577101 0.0244008955
82.0105820106 0.0249929691
81.9563780568 0.0256971260
81.9022457067 0.0265097305
81.8481848185 0.0274174838
81.7941952507 0.0283965703
81.7402768622 0.0294148294
81.6864295125 0.0304338174
81.6326530612 0.0314135980
81.5789473684 0.0323156712
81.5253122945 0.0331074421
81.4717477004 0.0337646660
81.4182534471 0.0342730531
81.3648293963 0.0346289925
81.3114754098 0.0348391786
81.2581913499 0.0349188007
81.2049770792 0.0348893036
81.1518324607 0.0347745716
81.0987573578 0.0345975044
81.0457516340 0.0343767786
80.9928151535 0.0341249801
80.9399477807 0.0338490538
80.8871493803 0.0335523471
80.8344198175 0.0332369614
80.7817589577 0.0329055570
80.7291666667 0.0325620638
80.6766428107 0.0322114022
80.6241872562 0.0318587035
80.5717998700 0.0315089952
80.5194805195 0.0311666682
80.4672290720 0.0308365482
80.4150453956 0.0305229015
80.3629293584 0.0302300059
80.3108808290 0.0299604107
80.2588996764 0.0297148672
80.2069857697 0.0294914352
80.1551389787 0.0292853557
80.1033591731 0.0290899010
80.0516462234 0.0288976605
80.0000000000 0.0287017858
79.9484203740 0.0284978383
79.8969072165 0.0282845732
79.8454603992 0.0280648723
79.7940797941 0.0278448799
79.7427652733 0.0276326010
79.6915167095 0.0274361402
79.6403339756 0.0272617073
79.5892169448 0.0271120641
79.5381654907 0.0269864763
79.4871794872 0.0268807422
79.4362588085 0.0267881813
79.3854033291 0.0267016870
79.3346129239 0.0266142008
79.2838874680 0.0265205200
79.2332268371 0.0264169138
79.1826309068 0.0263015432
79.1320995533 0.0261741578
79.0816326531 0.0260357269
79.0312300829 0.0258884399
78.9808917197 0.0257359600
78.9306174411 0.0255831092
78.8804071247 0.0254350965
78.8302606484 0.0252966316
78.7801778907 0.0251706885
78.7301587302 0.0250571576
78.6802030457 0.0249526523
78.6303107166 0.0248514279
78.5804816223 0.0247469953
78.5307156428 0.0246340904
78.4810126582 0.0245098671
78.4313725490 0.0243741323
78.3817951960 0.0242288028
78.3322804801 0.0240776455
78.2828282828 0.0239249564
78.2334384858 0.0237753175
78.1841109710 0.0236327310
78.1348456207 0.0235001682
78.0856423174 0.0233793160
78.0365009440 0.0232707793
77.9874213836 0.0231751572
77.9384035198 0.0230935296
77.8894472362 0.0230280312
77.8405524168 0.0229817058
77.7917189460 0.0229579855
77.7429467085 0.0229601953
77.6942355890 0.0229913938
77.6455854728 0.0230536639
77.5969962453 0.0231483419
77.5484677924 0.0232746977
77.5000000000 0.0234301605
77.4515927545 0.0236100100
77.4032459426 0.0238082844
77.3549594510 0.0240179514
77.3067331671 0.0242319691
77.2585669782 0.0244430913
77.2104607721 0.0246445280
77.1624144368 0.0248301099
77.1144278607 0.0249958222
77.0665009323 0.0251409178
77.0186335404 0.0252683735
76.9708255742 0.0253846089
76.9230769231 0.0254982147
76.8753874768 0.0256181731
76.8277571252 0.0257522355
76.7801857585 0.0259053502
76.7326732673 0.0260781860
76.6852195424 0.0262673858
76.6378244747 0.0264652470
76.5904879555 0.0266614577
76.5432098765 0.0268441750
76.4959901295 0.0270021035
76.4488286067 0.0271261557
76.4017252002 0.0272104049
76.3546798030 0.0272529148
76.3076923077 0.0272556930
76.2607626076 0.0272249007
76.2138905962 0.0271698872
76.1670761671 0.0271023874
76.1203192142 0.0270339534
76.0736196319 0.0269736955
76.0269773145 0.0269265897
75.9803921569 0.0268921356
75.9338640539 0.0268655397
75.8873929009 0.0268388286
75.8409785933 0.0268033003
75.7946210269 0.0267510131
75.7483200977 0.0266752997
75.7020757021 0.0265718062
75.6558877364 0.0264383665
75.6097560976 0.0262760083
75.5636806825 0.0260887906
75.5176613886 0.0258844217
75.4716981132 0.0256733671
75.4257907543 0.0254676935
75.3799392097 0.0252794560
75.3341433779 0.0251191762
75.2884031573 0.0249948133
75.2427184466 0.0249101688
75.1970891449 0.0248652489
75.1515151515 0.0248570993
75.1059963658 0.0248811830
75.0605326877 0.0249333121
75.0151240169 0.0250108835
74.9697702539 0.0251127877
74.9244712991 0.0252387657
74.8792270531 0.0253871423
74.8340374170 0.0255539403
74.7889022919 0.0257318857
74.7438215793 0.0259111542
74.6987951807 0.0260798510
74.6538229982 0.0262258774
74.6089049338 0.0263380677
74.5640408900 0.0264071278
74.5192307692 0.0264268763
74.4744744745 0.0263951947
74.4297719088 0.0263138589
74.3851229754 0.0261888478
74.3405275779 0.0260289627
74.2959856201 0.0258448243
74.2514970060 0.0256465920
74.2070616397 0.0254435479
74.1626794258 0.0252424301
74.1183502690 0.0250475285
74.0740740741 0.0248610346
74.0298507463 0.0246829792
73.9856801909 0.0245125205
73.9415623137 0.0243481995
73.8974970203 0.0241889841
73.8534842168 0.0240341878
73.8095238095 0.0238843374
73.7656157049 0.0237409207
73.7217598098 0.0236058437
73.6779560309 0.0234814592
73.6342042755 0.0233692427
73.5905044510 0.0232699566
73.5468564650 0.0231831894
73.5032602253 0.0231076301
73.4597156398 0.0230414686
73.4162226169 0.0229832321
73.3727810651 0.0229323818
73.3293908930 0.0228893259
73.2860520095 0.0228552006
73.2427643237 0.0228308409
73.1995277450 0.0228167734
73.1563421829 0.0228118756
73.1132075472 0.0228140168
73.0701237478 0.0228205987
73.0270906949 0.0228295273
72.9841082990 0.0228405881
72.9411764706 0.0228555485
72.8982951205 0.0228781354
72.8554641598 0.0229128154
72.8126834997 0.0229627587
72.7699530516 0.0230287400
72.7272727273 0.0231086938
72.6846424385 0.0231987355
72.6420620972 0.0232939858
72.5995316159 0.0233910789
72.5570509070 0.0234882855
72.5146198830 0.0235859370
72.4722384570 0.0236845259
72.4299065421 0.0237837559
72.3876240514 0.0238804320
72.3453908985 0.0239688387
72.3032069971 0.0240409830
72.2610722611 0.0240894817
72.2189866045 0.0241092489
72.1769499418 0.0240991875
72.1349621873 0.0240619793
72.0930232558 0.0240033317
72.0511330622 0.0239303275
72.0092915215 0.0238493428
71.9674985490 0.0237657307
71.9257540603 0.0236832254
71.8840579710 0.0236038271
71.8424101970 0.0235283570
71.8008106543 0.0234569402
71.7592592593 0.0233895631
71.7177559283 0.0233257912
71.6763005780 0.0232651485
71.6348931254 0.0232069408
71.5935334873 0.0231498102
71.5522215811 0.0230922658
71.5109573241 0.0230319829
71.4697406340 0.0229664897
71.4285714286 0.0228936473
71.3874496258 0.0228121831
71.3463751438 0.0227219363
71.3053479011 0.0226237576
71.2643678161 0.0225194984
71.2234348076 0.0224113684
71.1825487945 0.0223020876
71.1417096959 0.0221944452
71.1009174312 0.0220912343
71.0601719198 0.0219949023
71.0194730813 0.0219065416
70.9788208357 0.0218264094
70.9382151030 0.0217532977
70.8976558033 0.0216849599
70.8571428571 0.0216191670
70.8166761850 0.0215542294
70.7762557078 0.0214888610
70.7358813463 0.0214226107
70.6955530217 0.0213546360
70.6552706553 0.0212838371
70.6150341686 0.0212082481
70.5748434832 0.0211257368
70.5346985210 0.0210340261
70.4945992041 0.0209316695
70.4545454545 0.0208184358
70.4145371948 0.0206954138
70.3745743473 0.0205648959
70.3346568349 0.0204302017
70.2947845805 0.0202951566
70.2549575071 0.0201633780
70.2151755379 0.0200385337
70.1754385965 0.0199231844
70.1357466063 0.0198188724
70.0960994912 0.0197261692
70.0564971751 0.0196443843
70.0169395822 0.0195720415
69.9774266366 0.0195074163
69.9379582628 0.0194490727
69.8985343856 0.0193963472
69.8591549296 0.0193494958
69.8198198198 0.0193093682
69.7805289814 0.0192775254
69.7412823397 0.0192549476
69.7020798201 0.0192424992
69.6629213483 0.0192401487
69.6238068501 0.0192474468
69.5847362514 0.0192636660
69.5457094784 0.0192878172
69.5067264574 0.0193192699
69.4677871148 0.0193575717
69.4288913774 0.0194021911
69.3900391718 0.0194526198
69.3512304251 0.0195075546
69.3124650643 0.0195652753
69.2737430168 0.0196238604
69.2350642099 0.0196813663
69.1964285714 0.0197368003
69.1578360290 0.0197895181
69.1192865106 0.0198398741
69.0807799443 0.0198883963
69.0423162584 0.0199360714
69.0038953812 0.0199840405
68.9655172414 0.0200340218
68.9271817676 0.0200877046
68.8888888889 0.0201467212
68.8506385341 0.0202117029
68.8124306326 0.0202816256
68.7742651137 0.0203534903
68.7361419069 0.0204221631
68.6980609418 0.0204814041
68.6600221484 0.0205247286
68.6220254566 0.0205468964
68.5840707965 0.0205443044
68.5461580984 0.0205153492
68.5082872928 0.0204608869
68.4704583103 0.0203836221
68.4326710817 0.0202875683
68.3949255378 0.0201776491
68.3572216097 0.0200587023
68.3195592287 0.0199348327
68.2819383260 0.0198092450
68.2443588332 0.0196839163
68.2068206821 0.0195594806
68.1693238043 0.0194356266
68.1318681319 0.0193113998
68.0944535969 0.0191857833
68.0570801317 0.0190576912
68.0197476687 0.0189269029
67.9824561404 0.0187939540
67.9452054795 0.0186597343
67.9079956188 0.0185258841
67.8708264915 0.0183940281
67.8336980306 0.0182658141
67.7966101695 0.0181431010
67.7595628415 0.0180279276
67.7225559803 0.0179226646
67.6855895197 0.0178296601
67.6486633933 0.0177512554
67.6117775354 0.0176887818
67.5749318801 0.0176430477
67.5381263617 0.0176132427
67.5013609145 0.0175978320
67.4646354733 0.0175942656
67.4279499728 0.0175995433
67.3913043478 0.0176100886
67.3546985334 0.0176224873
67.3181324647 0.0176334233
67.2816060770 0.0176403302
67.2451193059 0.0176413112
67.2086720867 0.0176357700
67.1722643554 0.0176236815
67.1358960476 0.0176057182
67.0995670996 0.0175832701
67.0632774473 0.0175574417
67.0270270270 0.0175296542
66.9908157753 0.0175013953
66.9546436285 0.0174737995
66.9185105235 0.0174480239
66.8824163970 0.0174248490
66.8463611860 0.0174052448
66.8103448276 0.0173894898
66.7743672590 0.0173779678
66.7384284177 0.0173708721
66.7025282410 0.0173679568
66.6666666667 0.0173688695
66.6308436325 0.0173733200
66.5950590763 0.0173806398
66.5593129361 0.0173904747
66.5236051502 0.0174023444
66.4879356568 0.0174162727
66.4523043944 0.0174324533
66.4167113016 0.0174511441
66.3811563169 0.0174731316
66.3456393793 0.0174990160
66.3101604278 0.0175296328
66.2747194014 0.0175655272
66.2393162393 0.0176067621
66.2039508809 0.0176523047
66.1686232657 0.0176999372
66.1333333333 0.0177463363
66.0980810235 0.0177872987
66.0628662760 0.0178187542
66.0276890309 0.0178371002
65.9925492283 0.0178400768
65.9574468085 0.0178266604
65.9223817119 0.0177972822
65.8873538789 0.0177536736
65.8523632501 0.0176985627
65.8174097665 0.0176349875
65.7824933687 0.0175663820
65.7476139979 0.0174963217
65.7127715951 0.0174274867
65.6779661017 0.0173623364
65.6431974590 0.0173023403
65.6084656085 0.0172480594
65.5737704918 0.0171992716
65.5391120507 0.0171555715
65.5044902272 0.0171160653
65.4699049630 0.0170799588
65.4353562005 0.0170465747
65.4008438819 0.0170151999
65.3663679494 0.0169852649
65.3319283456 0.0169562012
65.2975250132 0.0169269319
65.2631578947 0.0168967032
65.2288269332 0.0168646306
65.1945320715 0.0168305765
65.1602732528 0.0167949038
65.1260504202 0.0167585777
65.0918635171 0.0167232223
65.0577124869 0.0166905638
65.0235972732 0.0166624021
64.9895178197 0.0166405352
64.9554740702 0.0166261387
64.9214659686 0.0166199734
64.8874934589 0.0166222548
64.8535564854 0.0166328683
64.8196549922 0.0166511385
64.7857889237 0.0166760789
64.7519582245 0.0167067622
64.7181628392 0.0167417723
64.6844027126 0.0167792679
64.6506777894 0.0168173146
64.6169880146 0.0168534561
64.5833333333 0.0168851492
64.5497136908 0.0169100445
64.5161290323 0.0169261855
64.4825793032 0.0169321955
64.4490644491 0.0169274201
64.4155844156 0.0169120721
64.3821391485 0.0168870052
64.3487285937 0.0168536486
64.3153526971 0.0168138484
64.2820114049 0.0167699750
64.2487046632 0.0167245414
64.2154324184 0.0166800890
64.1821946170 0.0166387940
64.1489912054 0.0166021284
64.1158221303 0.0165705217
64.0826873385 0.0165433308
64.0495867769 0.0165190315
64.0165203924 0.0164951999
63.9834881321 0.0164691114
63.9504899433 0.0164381838
63.9175257732 0.0164000234
63.8845955693 0.0163528327
63.8516992791 0.0162954086
63.8188368502 0.0162274439
63.7860082305 0.0161495171
63.7532133676 0.0160627410
63.7204522097 0.0159689299
63.6877247047 0.0158702350
63.6550308008 0.0157685467
63.6223704464 0.0156657639
63.5897435897 0.0155635219
63.5571501794 0.0154631355
63.5245901639 0.0153658687
63.4920634921 0.0152727737
63.4595701126 0.0151848767
63.4271099744 0.0151030090
63.3946830266 0.0150280366
63.3622892182 0.0149605567
63.3299284985 0.0149012989
63.2976008167 0.0148508384
63.2653061224 0.0148095863
63.2330443651 0.0147778513
63.2008154944 0.0147556581
63.1686194600 0.0147426661
63.1364562118 0.0147381353
63.1043256997 0.0147406454
63.0722278739 0.0147484106
63.0401626843 0.0147595128
63.0081300813 0.0147718375
62.9761300152 0.0147838677
62.9441624365 0.0147942717
62.9122272958 0.0148025815
62.8803245436 0.0148083309
62.8484541308 0.0148116014
62.8166160081 0.0148124761
62.7848101266 0.0148113369
62.7530364372 0.0148085990
62.7212948912 0.0148046784
62.6895854398 0.0148003229
62.6579080344 0.0147956316
62.6262626263 0.0147910375
62.5946491671 0.0147862414
62.5630676085 0.0147807122
62.5315179022 0.0147738700
62.5000000000 0.0147646857
62.4685138539 0.0147524139
62.4370594159 0.0147361427
62.4056366381 0.0147151088
62.3742454728 0.0146888315
62.3428858723 0.0146570263
62.3115577889 0.0146203234
62.2802611753 0.0145797984
62.2489959839 0.0145370434
62.2177621676 0.0144939822
62.1865596790 0.0144521441
62.1553884712 0.0144125925
62.1242484970 0.0143754169
62.0931397096 0.0143403731
62.0620620621 0.0143063741
62.0310155078 0.0142721488
62.0000000000 0.0142364107
