124000.0000000000 90.0459526200
62000.0000000000 69.3378036825
41333.3333333333 50.1221224729
31000.0000000000 36.1079521334
24800.0000000000 26.5567428696
20666.6666666667 20.0657329544
17714.2857142857 15.5661567625
15500.0000000000 12.3643888541
13777.7777777778 10.0252116886
12400.0000000000 8.2739122596
11272.7272727273 6.9336238864
10333.3333333333 5.8877037953
9538.4615384615 5.0573198375
8857.1428571429 4.3879338099
8266.6666666667 3.8409870578
7750.0000000000 3.3886709812
7294.1176470588 3.0105632075
6888.8888888889 2.6914164354
6526.3157894737 2.4196750507
6200.0000000000 2.1864606736
5904.7619047619 1.9848662626
5636.3636363636 1.8094565720
5391.3043478261 1.6559094515
5166.6666666667 1.5207545350
4960.0000000000 1.4011804558
4769.2307692308 1.2948908336
4592.5925925926 1.1999955873
4428.5714285714 1.1149279138
4275.8620689655 1.0383804165
4133.3333333333 0.9692553503
4000.0000000000 0.9066256997
3875.0000000000 0.8497043349
3757.5757575758 0.7978195174
3647.0588235294 0.7503952203
3542.8571428571 0.7069352788
3444.4444444444 0.6670104403
3351.3513513514 0.6302479227
3263.1578947368 0.5963226631
3179.4871794872 0.5649502467
3100.0000000000 0.5358809483
3024.3902439024 0.5088947731
2952.3809523810 0.4837973325
2883.7209302326 0.4604163453
2818.1818181818 0.4385986833
2755.5555555556 0.4182079183
2695.6521739130 0.3991221123
2638.2978723404 0.3812320983
2583.3333333333 0.3644398086
2530.6122448980 0.3486570091
2480.0000000000 0.3338041419
2431.3725490196 0.3198092474
2384.6153846154 0.3066072018
2339.6226415094 0.2941388939
2296.2962962963 0.2823505832
2254.5454545455 0.2711933791
2214.2857142857 0.2606226703
2175.4385964912 0.2505977195
2137.9310344828 0.2410812672
2101.6949152542 0.2320391496
2066.6666666667 0.2234400340
2032.7868852459 0.2152551079
2000.0000000000 0.2074578605
1968.2539682540 0.2000238722
1937.5000000000 0.1929306090
1907.6923076923 0.1861572593
1878.7878787879 0.1796846063
1850.7462686567 0.1734948615
1823.5294117647 0.1675715587
1797.1014492754 0.1618994264
1771.4285714286 0.1564643175
1746.4788732394 0.1512530539
1722.2222222222 0.1462533115
1698.6301369863 0.1414535282
1675.6756756757 0.1368427953
1653.3333333333 0.1324107349
1631.5789473684 0.1281474984
1610.3896103896 0.1240437898
1589.7435897436 0.1200908961
1569.6202531646 0.1162807706
1550.0000000000 0.1126060553
1530.8641975309 0.1090601003
1512.1951219512 0.1056368730
1493.9759036145 0.1023310077
1476.1904761905 0.0991376710
1458.8235294118 0.0960526355
1441.8604651163 0.0930722259
1425.2873563218 0.0901933579
1409.0909090909 0.0874135376
1393.2584269663 0.0847307558
1377.7777777778 0.0821434106
1362.6373626374 0.0796500624
1347.8260869565 0.0772490471
1333.3333333333 0.0749380674
1319.1489361702 0.0727138309
1305.2631578947 0.0705718517
1291.6666666667 0.0685064766
1278.3505154639 0.0665112028
1265.3061224490 0.0645790707
1252.5252525253 0.0627030779
1240.0000000000 0.0608766349
1227.7227722772 0.0590940520
1215.6862745098 0.0573509379
1203.8834951456 0.0556444069
1192.3076923077 0.0539728848
1180.9523809524 0.0523356778
1169.8113207547 0.0507325572
1158.8785046729 0.0491636315
1148.1481481481 0.0476294778
1137.6146788991 0.0461316045
1127.2727272727 0.0446728270
1117.1171171171 0.0432574029
1107.1428571429 0.0418908287
1097.3451327434 0.0405793080
1087.7192982456 0.0393287914
1078.2608695652 0.0381437465
1068.9655172414 0.0370257247
1059.8290598291 0.0359720414
1050.8474576271 0.0349753145
1042.0168067227 0.0340242631
1033.3333333333 0.0331060216
1024.7933884298 0.0322094192
1016.3934426230 0.0313280640
1008.1300813008 0.0304621431
1000.0000000000 0.0296184470
992.0000000000 0.0288088209
984.1269841270 0.0280477035
976.3779527559 0.0273491370
968.7500000000 0.0267238560
961.2403100775 0.0261767316
953.8461538462 0.0257053115
946.5648854962 0.0252998424
939.3939393939 0.0249448944
932.3308270677 0.0246219663
925.3731343284 0.0243118719
918.5185185185 0.0239966051
911.7647058824 0.0236606936
905.1094890511 0.0232928446
898.5507246377 0.0228878910
892.0863309353 0.0224483715
885.7142857143 0.0219847580
879.4326241135 0.0215138258
873.2394366197 0.0210555972
867.1328671329 0.0206293947
861.1111111111 0.0202498781
855.1724137931 0.0199237781
849.3150684932 0.0196483337
843.5374149660 0.0194121845
837.8378378378 0.0191991241
832.2147651007 0.0189937610
826.6666666667 0.0187871190
821.1920529801 0.0185798983
815.7894736842 0.0183822614
810.4575163399 0.0182103510
805.1948051948 0.0180808474
800.0000000000 0.0180051602
794.8717948718 0.0179848437
789.8089171975 0.0180094124
784.8101265823 0.0180573802
779.8742138365 0.0181004260
775.0000000000 0.0181091899
770.1863354037 0.0180590568
765.4320987654 0.0179342620
760.7361963190 0.0177297741
756.0975609756 0.0174511068
751.5151515152 0.0171126121
746.9879518072 0.0167350176
742.5149700599 0.0163428433
738.0952380952 0.0159622181
733.7278106509 0.0156191188
729.4117647059 0.0153376812
725.1461988304 0.0151382515
720.9302325581 0.0150351236
716.7630057803 0.0150342960
712.6436781609 0.0151318294
708.5714285714 0.0153137541
704.5454545455 0.0155578276
700.5649717514 0.0158369565
696.6292134831 0.0161231631
692.7374301676 0.0163908652
688.8888888889 0.0166187720
685.0828729282 0.0167907510
681.3186813187 0.0168964995
677.5956284153 0.0169323014
673.9130434783 0.0169015212
670.2702702703 0.0168140438
666.6666666667 0.0166844022
663.1016042781 0.0165292880
659.5744680851 0.0163653948
656.0846560847 0.0162082622
652.6315789474 0.0160716677
649.2146596859 0.0159668127
645.8333333333 0.0159006872
642.4870466321 0.0158740922
639.1752577320 0.0158802819
635.8974358974 0.0159054335
632.6530612245 0.0159310992
629.4416243655 0.0159379849
626.2626262626 0.0159097884
623.1155778894 0.0158357615
620.0000000000 0.0157115157
616.9154228856 0.0155380328
613.8613861386 0.0153197531
610.8374384236 0.0150628688
607.8431372549 0.0147747623
604.8780487805 0.0144644290
601.9417475728 0.0141433509
599.0338164251 0.0138255958
596.1538461538 0.0135267086
593.3014354067 0.0132614898
590.4761904762 0.0130412656
587.6777251185 0.0128714001
584.9056603774 0.0127497917
582.1596244131 0.0126668762
579.4392523364 0.0126075474
576.7441860465 0.0125543977
574.0740740741 0.0124914346
571.4285714286 0.0124070930
568.8073394495 0.0122955480
566.2100456621 0.0121563014
563.6363636364 0.0119921447
561.0859728507 0.0118065336
558.5585585586 0.0116014056
556.0538116592 0.0113763830
553.5714285714 0.0111295345
551.1111111111 0.0108592578
548.6725663717 0.0105660616
546.2555066079 0.0102535079
543.8596491228 0.0099279508
541.4847161572 0.0095974932
539.1304347826 0.0092707401
536.7965367965 0.0089557713
534.4827586207 0.0086594576
532.1888412017 0.0083871010
529.9145299145 0.0081421441
527.6595744681 0.0079258047
525.4237288136 0.0077366775
523.2067510549 0.0075704348
521.0084033613 0.0074201170
518.8284518828 0.0072772052
516.6666666667 0.0071333770
514.5228215768 0.0069823943
512.3966942149 0.0068215311
510.2880658436 0.0066520195
508.1967213115 0.0064784366
506.1224489796 0.0063073575
504.0650406504 0.0061456831
502.0242914980 0.0059990316
500.0000000000 0.0058705702
497.9919678715 0.0057604980
496.0000000000 0.0056662728
494.0239043825 0.0055836341
492.0634920635 0.0055079709
490.1185770751 0.0054355667
488.1889763780 0.0053641212
486.2745098039 0.0052923357
484.3750000000 0.0052188875
482.4902723735 0.0051413736
480.6201550388 0.0050559733
478.7644787645 0.0049581367
476.9230769231 0.0048439449
475.0957854406 0.0047115683
473.2824427481 0.0045620322
471.4828897338 0.0043989872
469.6969696970 0.0042276618
467.9245283019 0.0040535427
466.1654135338 0.0038811938
464.4194756554 0.0037135841
462.6865671642 0.0035520207
460.9665427509 0.0033965805
459.2592592593 0.0032468230
457.5645756458 0.0031024151
455.8823529412 0.0029634467
454.2124542125 0.0028303404
452.5547445255 0.0027035644
450.9090909091 0.0025833635
449.2753623188 0.0024696235
447.6534296029 0.0023619916
446.0431654676 0.0022600994
444.4444444444 0.0021637423
442.8571428571 0.0020729855
441.2811387900 0.0019880441
439.7163120567 0.0019090847
438.1625441696 0.0018360546
436.6197183099 0.0017687397
435.0877192982 0.0017070203
433.5664335664 0.0016511880
432.0557491289 0.0016020594
430.5555555556 0.0015607774
429.0657439446 0.0015283250
427.5862068966 0.0015049728
426.1168384880 0.0014898802
424.6575342466 0.0014810796
423.2081911263 0.0014758005
421.7687074830 0.0014710061
420.3389830508 0.0014639272
418.9189189189 0.0014523802
417.5084175084 0.0014348320
416.1073825503 0.0014104133
414.7157190635 0.0013789397
413.3333333333 0.0013409995
411.9601328904 0.0012979575
410.5960264901 0.0012517900
409.2409240924 0.0012048755
407.8947368421 0.0011597452
406.5573770492 0.0011189655
405.2287581699 0.0010850829
403.9087947883 0.0010606328
402.5974025974 0.0010481178
401.2944983819 0.0010499511
400.0000000000 0.0010683813
398.7138263666 0.0011054114
397.4358974359 0.0011627314
396.1661341853 0.0012416569
394.9044585987 0.0013430405
393.6507936508 0.0014671852
392.4050632911 0.0016138243
391.1671924290 0.0017822012
389.9371069182 0.0019713687
388.7147335423 0.0021805820
387.5000000000 0.0024098315
386.2928348910 0.0026601523
385.0931677019 0.0029336831
383.9009287926 0.0032332476
382.7160493827 0.0035615301
381.5384615385 0.0039199902
380.3680981595 0.0043077204
379.2048929664 0.0047204729
378.0487804878 0.0051500900
376.8996960486 0.0055844219
375.7575757576 0.0060079295
374.6223564955 0.0064029140
373.4939759036 0.0067512905
372.3723723724 0.0070367863
371.2574850299 0.0072472393
370.1492537313 0.0073766144
369.0476190476 0.0074262650
367.9525222552 0.0074050446
366.8639053254 0.0073278293
365.7817109145 0.0072129723
364.7058823529 0.0070791688
363.6363636364 0.0069426377
362.5730994152 0.0068153120
361.5160349854 0.0067043729
360.4651162791 0.0066129634
359.4202898551 0.0065419419
358.3815028902 0.0064918142
357.3487031700 0.0064644652
356.3218390805 0.0064637585
355.3008595989 0.0064950793
354.2857142857 0.0065638732
353.2763532764 0.0066740614
352.2727272727 0.0068269479
351.2747875354 0.0070207920
350.2824858757 0.0072511545
349.2957746479 0.0075114925
348.3146067416 0.0077938218
347.3389355742 0.0080893088
346.3687150838 0.0083886941
345.4038997214 0.0086827563
344.4444444444 0.0089625693
343.4903047091 0.0092200542
342.5414364641 0.0094488855
341.5977961433 0.0096459810
340.6593406593 0.0098130073
339.7260273973 0.0099570071
338.7978142077 0.0100892885
337.8746594005 0.0102230269
336.9565217391 0.0103702273
336.0433604336 0.0105395824
335.1351351351 0.0107358310
334.2318059299 0.0109605715
333.3333333333 0.0112135274
332.4396782842 0.0114938747
331.5508021390 0.0118011348
330.6666666667 0.0121358146
329.7872340426 0.0124999428
328.9124668435 0.0128970968
328.0423280423 0.0133318370
327.1767810026 0.0138079759
326.3157894737 0.0143267427
325.4593175853 0.0148853404
324.6073298429 0.0154767407
323.7597911227 0.0160909342
322.9166666667 0.0167168146
322.0779220779 0.0173439635
321.2435233161 0.0179637369
320.4134366925 0.0185692331
319.5876288660 0.0191545697
318.7660668380 0.0197136046
317.9487179487 0.0202387874
317.1355498721 0.0207205253
316.3265306122 0.0211474771
315.5216284987 0.0215076194
314.7208121827 0.0217900599
313.9240506329 0.0219862942
313.1313131313 0.0220907182
312.3425692695 0.0221006644
311.5577889447 0.0220174192
310.7769423559 0.0218486828
310.0000000000 0.0216118186
309.2269326683 0.0213354250
308.4577114428 0.0210578728
307.6923076923 0.0208223437
306.9306930693 0.0206695419
306.1728395062 0.0206309468
305.4187192118 0.0207240546
304.6683046683 0.0209511116
303.9215686275 0.0213008637
303.1784841076 0.0217529010
302.4390243902 0.0222828641
301.7031630170 0.0228676989
300.9708737864 0.0234895833
300.2421307506 0.0241372747
299.5169082126 0.0248052370
298.7951807229 0.0254903087
298.0769230769 0.0261871993
297.3621103118 0.0268843483
296.6507177033 0.0275610089
295.9427207637 0.0281863938
295.2380952381 0.0287210718
294.5368171021 0.0291214728
293.8388625592 0.0293461783
293.1442080378 0.0293631994
292.4528301887 0.0291558417
291.7647058824 0.0287256151
291.0798122066 0.0280918171
290.3981264637 0.0272887857
289.7196261682 0.0263621798
289.0442890443 0.0253646726
288.3720930233 0.0243513112
287.7030162413 0.0233742208
287.0370370370 0.0224773182
286.3741339492 0.0216925464
285.7142857143 0.0210385386
285.0574712644 0.0205214186
284.4036697248 0.0201368671
283.7528604119 0.0198724569
283.1050228311 0.0197093078
282.4601366743 0.0196229745
281.8181818182 0.0195842358
281.1791383220 0.0195602672
280.5429864253 0.0195172532
279.9097065463 0.0194239559
279.2792792793 0.0192561325
278.6516853933 0.0190005436
278.0269058296 0.0186578988
277.4049217002 0.0182437178
276.7857142857 0.0177867573
276.1692650334 0.0173245723
275.5555555556 0.0168973133
274.9445676275 0.0165413136
274.3362831858 0.0162838566
273.7306843267 0.0161399934
273.1277533040 0.0161117004
272.5274725275 0.0161890649
271.9298245614 0.0163532990
271.3347921225 0.0165809440
270.7423580786 0.0168480169
270.1525054466 0.0171334141
269.5652173913 0.0174208961
268.9804772234 0.0176998685
268.3982683983 0.0179656174
267.8185745140 0.0182195383
267.2413793103 0.0184695982
266.6666666667 0.0187299764
266.0944206009 0.0190190254
265.5246252677 0.0193550076
264.9572649573 0.0197508746
264.3923240938 0.0202095645
263.8297872340 0.0207214095
263.2696390658 0.0212648711
262.7118644068 0.0218100323
262.1564482030 0.0223242397
261.6033755274 0.0227784623
261.0526315789 0.0231526904
260.5042016807 0.0234382721
259.9580712788 0.0236366002
259.4142259414 0.0237550520
258.8726513570 0.0238015922
258.3333333333 0.0237807186
257.7962577963 0.0236920451
257.2614107884 0.0235313602
256.7287784679 0.0232938984
256.1983471074 0.0229784734
255.6701030928 0.0225911122
255.1440329218 0.0221466122
254.6201232033 0.0216672670
254.0983606557 0.0211791143
253.5787321063 0.0207069248
253.0612244898 0.0202700613
252.5458248473 0.0198810252
252.0325203252 0.0195472390
251.5212981744 0.0192749841
251.0121457490 0.0190732923
250.5050505051 0.0189555098
250.0000000000 0.0189379024
249.4969818913 0.0190364655
248.9959839357 0.0192634203
248.4969939880 0.0196247555
248.0000000000 0.0201189139
247.5049900200 0.0207362855
247.0119521912 0.0214589282
246.5208747515 0.0222605348
246.0317460317 0.0231070123
245.5445544554 0.0239572989
245.0592885375 0.0247647180
244.5759368836 0.0254793251
244.0944881890 0.0260517405
243.6149312377 0.0264390878
243.1372549020 0.0266123739
242.6614481409 0.0265625854
242.1875000000 0.0263033404
241.7153996101 0.0258675390
241.2451361868 0.0253000550
240.7766990291 0.0246491711
240.3100775194 0.0239603443
239.8452611219 0.0232734026
239.3822393822 0.0226220122
238.9210019268 0.0220332557
238.4615384615 0.0215268297
238.0038387716 0.0211137904
237.5478927203 0.0207967846
237.0936902486 0.0205721333
236.6412213740 0.0204328310
236.1904761905 0.0203716767
235.7414448669 0.0203825325
235.2941176471 0.0204595105
234.8484848485 0.0205948726
234.4045368620 0.0207767121
233.9622641509 0.0209875714
233.5216572505 0.0212049490
233.0827067669 0.0214033387
232.6454033771 0.0215566113
232.2097378277 0.0216402666
231.7757009346 0.0216333001
231.3432835821 0.0215210910
230.9124767225 0.0212991510
230.4832713755 0.0209767903
230.0556586271 0.0205783760
229.6296296296 0.0201403699
229.2051756007 0.0197056153
228.7822878229 0.0193163618
228.3609576427 0.0190081624
227.9411764706 0.0188058547
227.5229357798 0.0187208788
227.1062271062 0.0187500553
226.6910420475 0.0188756106
226.2773722628 0.0190669053
225.8652094718 0.0192846228
225.4545454545 0.0194876181
225.0453720508 0.0196411075
224.6376811594 0.0197237030
224.2314647378 0.0197305836
223.8267148014 0.0196721016
223.4234234234 0.0195685864
223.0215827338 0.0194440615
222.6211849192 0.0193208366
222.2222222222 0.0192158241
221.8246869410 0.0191390001
221.4285714286 0.0190925036
221.0338680927 0.0190707002
220.6405693950 0.0190612304
220.2486678508 0.0190478582
219.8581560284 0.0190154093
219.4690265487 0.0189557909
219.0812720848 0.0188722473
218.6948853616 0.0187797357
218.3098591549 0.0187007883
217.9261862917 0.0186579494
217.5438596491 0.0186657712
217.1628721541 0.0187252424
216.7832167832 0.0188222569
216.4048865620 0.0189308862
216.0278745645 0.0190203753
215.6521739130 0.0190636063
215.2777777778 0.0190447639
214.9046793761 0.0189635682
214.5328719723 0.0188350616
214.1623488774 0.0186859371
213.7931034483 0.0185491304
213.4251290878 0.0184586806
213.0584192440 0.0184460113
212.6929674099 0.0185377895
212.3287671233 0.0187552211
211.9658119658 0.0191146717
211.6040955631 0.0196281144
211.2436115843 0.0203032485
210.8843537415 0.0211420059
210.5263157895 0.0221381414
210.1694915254 0.0232741192
209.8138747885 0.0245188928
209.4594594595 0.0258271973
209.1062394604 0.0271410432
208.7542087542 0.0283936393
208.4033613445 0.0295156355
208.0536912752 0.0304439204
207.7051926298 0.0311308884
207.3578595318 0.0315527413
207.0116861436 0.0317137831
206.6666666667 0.0316453482
206.3227953411 0.0314000285
205.9800664452 0.0310428371
205.6384742952 0.0306417460
205.2980132450 0.0302594029
204.9586776860 0.0299475666
204.6204620462 0.0297439605
204.2833607908 0.0296719752
203.9473684211 0.0297415731
203.6124794745 0.0299501635
203.2786885246 0.0302829896
202.9459901800 0.0307129989
202.6143790850 0.0312011043
202.2838499184 0.0316983451
201.9543973941 0.0321499299
201.6260162602 0.0325020324
201.2987012987 0.0327102885
200.9724473258 0.0327472862
200.6472491909 0.0326071761
200.3231017771 0.0323046193
200.0000000000 0.0318681452
199.6779388084 0.0313306176
199.3569131833 0.0307198995
199.0369181380 0.0300544976
198.7179487179 0.0293453132
198.4000000000 0.0286010182
198.0830670927 0.0278344506
197.7671451356 0.0270654111
197.4522292994 0.0263193401
197.1383147854 0.0256240751
196.8253968254 0.0250067790
196.5134706815 0.0244934556
196.2025316456 0.0241102025
195.8925750395 0.0238833279
195.5835962145 0.0238376843
195.2755905512 0.0239924929
194.9685534591 0.0243575104
194.6624803768 0.0249308375
194.3573667712 0.0257004941
194.0532081377 0.0266484110
193.7500000000 0.0277553380
193.4477379095 0.0290041123
193.1464174455 0.0303790828
192.8460342146 0.0318623829
192.5465838509 0.0334294434
192.2480620155 0.0350472329
191.9504643963 0.0366771684
191.6537867079 0.0382825395
191.3580246914 0.0398375220
191.0631741140 0.0413340509
190.7692307692 0.0427831428
190.4761904762 0.0442105556
190.1840490798 0.0456495238
189.8928024502 0.0471331793
189.6024464832 0.0486891708
189.3129770992 0.0503366928
189.0243902439 0.0520833656
188.7366818874 0.0539222621
188.4498480243 0.0558282301
188.1638846737 0.0577577273
187.8787878788 0.0596541719
187.5945537065 0.0614590846
187.3111782477 0.0631253668
187.0286576169 0.0646280602
186.7469879518 0.0659689765
186.4661654135 0.0671739840
186.1861861862 0.0682861345
185.9070464768 0.0693561645
185.6287425150 0.0704342288
185.3512705531 0.0715626355
185.0746268657 0.0727712105
184.7988077496 0.0740742764
184.5238095238 0.0754699341
184.2496285290 0.0769392734
183.9762611276 0.0784445385
183.7037037037 0.0799267054
183.4319526627 0.0813051060
183.1610044313 0.0824857813
182.8908554572 0.0833779487
182.6215022091 0.0839175203
182.3529411765 0.0840876336
182.0851688693 0.0839285485
181.8181818182 0.0835330531
181.5519765739 0.0830295170
181.2865497076 0.0825594294
181.0218978102 0.0822553522
180.7580174927 0.0822243511
180.4949053857 0.0825392703
180.2325581395 0.0832339749
179.9709724238 0.0843009928
179.7101449275 0.0856889123
179.4500723589 0.0873011437
179.1907514451 0.0890024988
178.9321789322 0.0906352318
178.6743515850 0.0920437117
178.4172661871 0.0930993224
178.1609195402 0.0937174646
177.9053084648 0.0938602097
177.6504297994 0.0935258108
177.3962804006 0.0927312721
177.1428571429 0.0914953228
176.8901569187 0.0898291932
176.6381766382 0.0877383418
176.3869132290 0.0852341730
176.1363636364 0.0823513069
175.8865248227 0.0791610236
175.6373937677 0.0757738134
175.3889674682 0.0723286828
175.1412429379 0.0689727805
174.8942172073 0.0658383815
174.6478873239 0.0630248105
174.4022503516 0.0605884488
174.1573033708 0.0585420706
173.9130434783 0.0568612576
173.6694677871 0.0554965522
173.4265734266 0.0543883580
173.1843575419 0.0534813094
172.9428172943 0.0527371627
172.7019498607 0.0521415964
172.4617524339 0.0517053871
172.2222222222 0.0514569795
171.9833564494 0.0514298182
171.7451523546 0.0516470945
171.5076071923 0.0521102247
171.2707182320 0.0527936707
171.0344827586 0.0536471478
170.7988980716 0.0546025874
170.5639614856 0.0555826114
170.3296703297 0.0565087474
170.0960219479 0.0573079629
169.8630136986 0.0579187533
169.6306429549 0.0582963278
169.3989071038 0.0584181858
169.1678035471 0.0582865726
168.9373297003 0.0579268756
168.7074829932 0.0573796737
168.4782608696 0.0566893106
168.2496607870 0.0558922231
168.0216802168 0.0550090550
167.7943166441 0.0540440374
167.5675675676 0.0529900505
167.3414304993 0.0518377424
167.1159029650 0.0505845427
166.8909825034 0.0492404449
166.6666666667 0.0478298892
166.4429530201 0.0463874110
166.2198391421 0.0449506516
165.9973226238 0.0435519578
165.7754010695 0.0422127530
165.5540720961 0.0409420485
165.3333333333 0.0397387423
165.1131824234 0.0385972614
164.8936170213 0.0375133106
164.6746347942 0.0364879551
164.4562334218 0.0355279292
164.2384105960 0.0346412959
164.0211640212 0.0338312737
163.8044914135 0.0330899626
163.5883905013 0.0323959155
163.3728590250 0.0317158975
163.1578947368 0.0310115952
162.9434954008 0.0302492208
162.7296587927 0.0294083856
162.5163826999 0.0284882086
162.3036649215 0.0275073953
162.0915032680 0.0264994960
161.8798955614 0.0255050364
161.6688396349 0.0245633622
161.4583333333 0.0237051637
161.2483745124 0.0229474652
161.0389610390 0.0222903116
160.8300907912 0.0217159924
160.6217616580 0.0211921422
160.4139715395 0.0206783800
160.2067183463 0.0201361564
160.0000000000 0.0195389720
159.7938144330 0.0188789667
159.5881595882 0.0181681555
159.3830334190 0.0174337031
159.1784338896 0.0167106839
158.9743589744 0.0160349664
158.7708066581 0.0154386552
158.5677749361 0.0149482897
158.3652618135 0.0145849619
158.1632653061 0.0143655208
157.9617834395 0.0143031784
157.7608142494 0.0144076136
157.5603557814 0.0146842791
157.3604060914 0.0151327502
157.1609632446 0.0157449125
156.9620253165 0.0165030519
156.7635903919 0.0173786291
156.5656565657 0.0183330753
156.3682219420 0.0193208844
156.1712846348 0.0202948761
155.9748427673 0.0212122115
155.7788944724 0.0220393735
155.5834378921 0.0227549101
155.3884711779 0.0233492263
155.1939924906 0.0238221392
155.0000000000 0.0241794868
154.8064918851 0.0244295232
154.6134663342 0.0245793999
154.4209215442 0.0246333487
154.2288557214 0.0245922315
154.0372670807 0.0244554561
153.8461538462 0.0242235414
153.6555142503 0.0238999693
153.4653465347 0.0234921978
153.2756489493 0.0230115288
153.0864197531 0.0224725413
152.8976572133 0.0218931146
152.7093596059 0.0212938944
152.5215252153 0.0206967778
152.3341523342 0.0201232568
152.1472392638 0.0195920097
151.9607843137 0.0191179480
151.7747858017 0.0187119616
151.5892420538 0.0183818956
151.4041514042 0.0181330282
151.2195121951 0.0179680928
151.0353227771 0.0178860427
150.8515815085 0.0178808090
150.6682867558 0.0179411675
150.4854368932 0.0180525577
150.3030303030 0.0182003985
150.1210653753 0.0183743943
149.9395405079 0.0185720213
149.7584541063 0.0187999631
149.5778045838 0.0190734930
149.3975903614 0.0194131250
149.2178098676 0.0198411615
149.0384615385 0.0203786480
148.8595438175 0.0210447013
148.6810551559 0.0218570418
148.5029940120 0.0228333115
148.3253588517 0.0239912914
148.1481481481 0.0253480561
147.9713603819 0.0269172183
147.7949940405 0.0287070483
147.6190476190 0.0307187620
147.4435196195 0.0329472440
147.2684085511 0.0353832014
147.0937129300 0.0380172321
146.9194312796 0.0408429459
146.7455621302 0.0438586284
146.5721040189 0.0470655914
146.3990554900 0.0504628537
146.2264150943 0.0540410833
146.0541813899 0.0577778712
145.8823529412 0.0616360079
145.7109283196 0.0655666129
145.5399061033 0.0695137460
145.3692848769 0.0734198998
145.1990632319 0.0772299274
145.0292397661 0.0808937418
144.8598130841 0.0843694327
144.6907817970 0.0876285671
144.5221445221 0.0906612799
144.3538998836 0.0934813967
144.1860465116 0.0961255259
144.0185830430 0.0986483740
143.8515081206 0.1011147349
143.6848203940 0.1035914491
143.5185185185 0.1061407618
143.3526011561 0.1088147898
143.1870669746 0.1116508661
143.0219146482 0.1146718303
142.8571428571 0.1178905832
142.6927502877 0.1213144136
142.5287356322 0.1249436767
142.3650975890 0.1287613576
142.2018348624 0.1327169582
142.0389461627 0.1367135051
141.8764302059 0.1406054701
141.7142857143 0.1442126336
141.5525114155 0.1473480193
141.3911060433 0.1498514998
141.2300683371 0.1516177428
141.0693970421 0.1526072029
140.9090909091 0.1528370000
140.7491486947 0.1523589787
140.5895691610 0.1512396601
140.4303510759 0.1495530477
140.2714932127 0.1473882562
140.1129943503 0.1448628107
139.9548532731 0.1421289108
139.7970687711 0.1393615345
139.6396396396 0.1367317103
139.4825646794 0.1343734661
139.3258426966 0.1323597594
139.1694725028 0.1306980537
139.0134529148 0.1293471994
138.8577827548 0.1282462827
138.7024608501 0.1273443957
138.5474860335 0.1266216016
138.3928571429 0.1260979617
138.2385730212 0.1258300530
138.0846325167 0.1258979637
137.9310344828 0.1263847044
137.7777777778 0.1273526128
137.6248612653 0.1288242745
137.4722838137 0.1307715239
137.3200442968 0.1331151184
137.1681415929 0.1357301333
137.0165745856 0.1384537054
136.8653421634 0.1410938795
136.7144432194 0.1434421728
136.5638766520 0.1452896782
136.4136413641 0.1464453112
136.2637362637 0.1467529834
136.1141602634 0.1461042548
135.9649122807 0.1444474285
135.8159912377 0.1417905698
135.6673960613 0.1382007262
135.5191256831 0.1337969394
135.3711790393 0.1287390168
135.2235550709 0.1232112839
135.0762527233 0.1174034343
134.9292709467 0.1114896250
134.7826086957 0.1056110948
134.6362649294 0.0998692865
134.4902386117 0.0943294059
134.3445287107 0.0890348809
134.1991341991 0.0840240079
134.0540540541 0.0793426694
133.9092872570 0.0750471542
133.7648327940 0.0711996681
133.6206896552 0.0678582924
133.4768568353 0.0650665012
133.3333333333 0.0628442950
133.1901181525 0.0611826256
133.0472103004 0.0600430394
132.9046087889 0.0593631273
132.7623126338 0.0590691457
132.6203208556 0.0590920279
132.4786324786 0.0593830727
132.3372465315 0.0599227476
132.1961620469 0.0607199357
132.0553780618 0.0618024930
131.9148936170 0.0632030667
131.7747077577 0.0649433885
131.6348195329 0.0670217499
131.4952279958 0.0694049844
131.3559322034 0.0720263552
131.2169312169 0.0747866420
131.0782241015 0.0775585690
130.9398099261 0.0801954747
130.8016877637 0.0825434477
130.6638566913 0.0844582173
130.5263157895 0.0858224805
130.3890641430 0.0865597197
130.2521008403 0.0866430051
130.1154249738 0.0860972835
129.9790356394 0.0849972997
129.8429319372 0.0834592873
129.7071129707 0.0816268212
129.5715778474 0.0796523655
129.4363256785 0.0776756912
129.3013555787 0.0758064751
129.1666666667 0.0741103856
129.0322580645 0.0726055594
128.8981288981 0.0712681333
128.7642782970 0.0700461487
128.6307053942 0.0688779664
128.4974093264 0.0677083657
128.3643892340 0.0664987756
128.2316442606 0.0652312065
128.0991735537 0.0639072126
127.9669762642 0.0625438531
127.8350515464 0.0611676883
127.7033985582 0.0598095108
127.5720164609 0.0584993704
127.4409044193 0.0572647922
127.3100616016 0.0561315953
127.1794871795 0.0551251383
127.0491803279 0.0542710673
126.9191402252 0.0535919321
126.7893660532 0.0531011202
126.6598569969 0.0527957151
126.5306122449 0.0526517266
126.4016309888 0.0526228774
126.2729124236 0.0526453539
126.1444557477 0.0526484596
126.0162601626 0.0525703558
125.8883248731 0.0523738227
125.7606490872 0.0520564216
125.6332320162 0.0516497557
125.5060728745 0.0512081936
125.3791708797 0.0507910102
125.2525252525 0.0504443445
125.1261352170 0.0501889928
125.0000000000 0.0500145394
124.8741188318 0.0498805824
124.7484909457 0.0497247998
124.6231155779 0.0494760653
124.4979919679 0.0490707018
124.3731193581 0.0484682197
124.2484969940 0.0476625437
124.1241241241 0.0466848571
124.0000000000 0.0455970734
123.8761238761 0.0444791208
123.7524950100 0.0434142125
123.6291126620 0.0424773996
123.5059760956 0.0417296525
123.3830845771 0.0412176826
123.2604373757 0.0409778778
123.1380337637 0.0410417246
123.0158730159 0.0414422646
122.8939544103 0.0422182628
122.7722772277 0.0434159338
122.6508407517 0.0450863885
122.5296442688 0.0472805354
122.4086870681 0.0500413210
122.2879684418 0.0533946131
122.1674876847 0.0573376950
122.0472440945 0.0618271755
121.9272369715 0.0667658653
121.8074656189 0.0719953511
121.6879293425 0.0772975947
121.5686274510 0.0824099439
121.4495592556 0.0870530110
121.3307240705 0.0909664563
121.2121212121 0.0939448482
121.0937500000 0.0958651598
120.9756097561 0.0966998891
120.8576998051 0.0965155760
120.7400194742 0.0954575077
120.6225680934 0.0937259932
120.5053449951 0.0915463300
120.3883495146 0.0891386191
120.2715809893 0.0866930412
120.1550387597 0.0843552583
120.0387221684 0.0822222037
119.9226305609 0.0803486230
119.8067632850 0.0787584066
119.6911196911 0.0774584213
119.5756991321 0.0764517155
119.4605009634 0.0757443102
119.3455245428 0.0753466133
119.2307692308 0.0752660031
119.1162343900 0.0754957333
119.0019193858 0.0760049827
118.8878235858 0.0767347136
118.7739463602 0.0776047433
118.6602870813 0.0785296627
118.5468451243 0.0794398021
118.4336198663 0.0802978700
118.3206106870 0.0811061076
118.2078169685 0.0818991982
118.0952380952 0.0827276911
117.9828734539 0.0836363811
117.8707224335 0.0846491014
117.7587844255 0.0857608927
117.6470588235 0.0869418038
117.5355450237 0.0881469324
117.4242424242 0.0893297775
117.3131504257 0.0904522608
117.2022684310 0.0914881344
117.0915958451 0.0924204273
116.9811320755 0.0932342854
116.8708765316 0.0939128194
116.7608286252 0.0944378137
116.6509877705 0.0947951917
116.5413533835 0.0949809840
116.4319248826 0.0950028546
116.3227016886 0.0948784577
116.2136832240 0.0946311439
116.1048689139 0.0942875212
115.9962581852 0.0938770910
115.8878504673 0.0934300120
115.7796451914 0.0929729972
115.6716417910 0.0925239841
115.5638397018 0.0920898774
115.4562383613 0.0916690304
115.3488372093 0.0912592977
115.2416356877 0.0908673238
115.1346332405 0.0905158282
115.0278293135 0.0902442657
114.9212233550 0.0901033252
114.8148148148 0.0901451344
114.7086031452 0.0904123305
114.6025878004 0.0909284751
114.4967682364 0.0916924834
114.3911439114 0.0926759592
114.2857142857 0.0938257413
114.1804788214 0.0950704367
114.0754369825 0.0963326315
113.9705882353 0.0975422608
113.8659320478 0.0986483985
113.7614678899 0.0996236596
113.6571952337 0.1004616658
113.5531135531 0.1011684385
113.4492223239 0.1017524208
113.3455210238 0.1022192964
113.2420091324 0.1025708795
113.1386861314 0.1028090405
113.0355515041 0.1029394441
112.9326047359 0.1029733566
112.8298453139 0.1029272234
112.7272727273 0.1028202165
112.6248864668 0.1026720056
112.5226860254 0.1025012175
112.4206708976 0.1023210914
112.3188405797 0.1021357469
112.2171945701 0.1019359583
112.1157323689 0.1016961216
112.0144534779 0.1013749180
111.9133574007 0.1009211145
111.8124436429 0.1002838224
111.7117117117 0.0994271986
111.6111611161 0.0983434106
111.5107913669 0.0970605940
111.4106019766 0.0956395405
111.3105924596 0.0941636301
111.2107623318 0.0927247238
111.1111111111 0.0914133024
111.0116383169 0.0903130291
110.9123434705 0.0895004191
110.8132260947 0.0890439497
110.7142857143 0.0890000123
110.6155218555 0.0894041971
110.5169340463 0.0902574279
110.4185218166 0.0915139086
110.3202846975 0.0930756540
110.2222222222 0.0947987864
110.1243339254 0.0965125883
110.0266193434 0.0980468938
109.9290780142 0.0992592673
109.8317094774 0.1000549543
109.7345132743 0.1003947531
109.6374889478 0.1002899615
109.5406360424 0.0997885774
109.4439541041 0.0989558586
109.3474426808 0.0978562400
109.2511013216 0.0965395302
109.1549295775 0.0950367225
109.0589270009 0.0933641569
108.9630931459 0.0915332261
108.8674275680 0.0895601497
108.7719298246 0.0874733323
108.6765994741 0.0853159898
108.5814360771 0.0831451598
108.4864391951 0.0810283475
108.3916083916 0.0790381122
108.2969432314 0.0772449920
108.2024432810 0.0757091214
108.1081081081 0.0744726164
108.0139372822 0.0735559700
107.9199303742 0.0729581087
107.8260869565 0.0726611280
107.7324066030 0.0726375020
107.6388888889 0.0728590837
107.5455333912 0.0733024766
107.4523396880 0.0739533482
107.3593073593 0.0748055349
107.2664359862 0.0758570429
107.1737251513 0.0771047367
107.0811744387 0.0785386101
106.9887834340 0.0801395779
106.8965517241 0.0818830584
106.8044788975 0.0837449679
106.7125645439 0.0857085608
106.6208082545 0.0877691013
106.5292096220 0.0899339675
106.4377682403 0.0922185847
106.3464837050 0.0946389964
106.2553556127 0.0972005550
106.1643835616 0.0998864954
106.0735671514 0.1026498481
105.9829059829 0.1054106663
105.8923996584 0.1080624301
105.8020477816 0.1104841017
105.7118499574 0.1125565929
105.6218057922 0.1141782089
105.5319148936 0.1152752880
105.4421768707 0.1158092571
105.3525913339 0.1157746284
105.2631578947 0.1151954656
105.1738761662 0.1141180828
105.0847457627 0.1126046633
104.9957662997 0.1107280060
104.9069373942 0.1085681659
104.8182586644 0.1062090573
104.7297297297 0.1037332166
104.6413502110 0.1012167370
104.5531197302 0.0987249224
104.4650379107 0.0963086735
104.3771043771 0.0940060984
104.2893187553 0.0918458827
104.2016806723 0.0898513208
104.1141897565 0.0880432656
104.0268456376 0.0864392689
103.9396479464 0.0850512804
103.8525963149 0.0838821064
103.7656903766 0.0829236037
103.6789297659 0.0821562699
103.5923141186 0.0815501144
103.5058430718 0.0810653223
103.4195162636 0.0806544839
103.3333333333 0.0802658849
103.2472939217 0.0798485607
103.1613976705 0.0793567121
103.0756442228 0.0787524582
102.9900332226 0.0780063184
102.9045643154 0.0770983398
102.8192371476 0.0760192106
102.7340513670 0.0747728247
102.6490066225 0.0733783196
102.5641025641 0.0718694346
102.4793388430 0.0702909241
102.3947151115 0.0686938678
102.3102310231 0.0671298220
102.2258862325 0.0656459525
102.1416803954 0.0642813486
102.0576131687 0.0630639742
101.9736842105 0.0620094149
101.8898931800 0.0611234264
101.8062397373 0.0604069441
101.7227235439 0.0598645593
101.6393442623 0.0595112228
101.5561015561 0.0593751683
101.4729950900 0.0594948488
101.3900245298 0.0599111793
101.3071895425 0.0606567935
101.2244897959 0.0617437702
101.1419249592 0.0631525612
101.0594947025 0.0648240090
100.9771986971 0.0666586873
100.8950366151 0.0685256616
100.8130081301 0.0702827802
100.7311129163 0.0718030855
100.6493506494 0.0729974977
100.5677210057 0.0738258385
100.4862236629 0.0742941522
100.4048582996 0.0744435834
100.3236245955 0.0743347334
100.2425222312 0.0740347402
100.1615508885 0.0736082794
100.0807102502 0.0731088643
100.0000000000 0.0725746862
99.9194198227 0.0720262776
99.8389694042 0.0714681619
99.7586484312 0.0708941571
99.6784565916 0.0702930547
99.5983935743 0.0696540179
99.5184590690 0.0689685659
99.4386527666 0.0682308306
99.3589743590 0.0674365449
99.2794235388 0.0665826034
99.2000000000 0.0656670641
99.1207034373 0.0646900381
99.0415335463 0.0636547574
98.9624900239 0.0625676065
98.8835725678 0.0614392405
98.8047808765 0.0602847117
98.7261146497 0.0591232944
98.6475735879 0.0579777961
98.5691573927 0.0568724209
98.4908657665 0.0558307838
98.4126984127 0.0548728397
98.3346550357 0.0540124298
98.2567353407 0.0532564299
98.1789390340 0.0526046008
98.1012658228 0.0520508068
98.0237154150 0.0515840723
97.9462875197 0.0511892389
97.8689818469 0.0508477501
97.7917981073 0.0505386324
97.7147360126 0.0502407884
97.6377952756 0.0499363853
97.5609756098 0.0496136234
97.4842767296 0.0492691614
97.4076983504 0.0489081739
97.3312401884 0.0485426393
97.2549019608 0.0481895947
97.1786833856 0.0478687934
97.1025841817 0.0476009150
97.0266040689 0.0474059697
96.9507427678 0.0473030268
96.8750000000 0.0473079095
96.7993754879 0.0474321147
96.7238689548 0.0476785881
96.6484801247 0.0480383773
96.5732087227 0.0484870784
96.4980544747 0.0489854602
96.4230171073 0.0494835058
96.3480963481 0.0499277450
96.2732919255 0.0502683610
96.1986035687 0.0504651692
96.1240310078 0.0504911277
96.0495739737 0.0503345857
95.9752321981 0.0499997553
95.9010054138 0.0495041868
95.8268933539 0.0488755095
95.7528957529 0.0481453839
95.6790123457 0.0473448598
95.6052428682 0.0465005015
95.5315870570 0.0456326687
95.4580446497 0.0447564546
95.3846153846 0.0438825576
95.3112990008 0.0430196791
95.2380952381 0.0421753298
95.1650038373 0.0413571415
95.0920245399 0.0405719845
95.0191570881 0.0398252027
94.9464012251 0.0391203770
94.8737566947 0.0384582480
94.8012232416 0.0378366817
94.7288006112 0.0372516669
94.6564885496 0.0366978957
94.5842868040 0.0361698801
94.5121951220 0.0356637801
94.4402132521 0.0351774899
94.3683409437 0.0347107314
94.2965779468 0.0342647558
94.2249240122 0.0338420825
94.1533788914 0.0334465478
94.0819423369 0.0330836945
94.0106141016 0.0327612496
93.9393939394 0.0324885573
93.8682816048 0.0322750040
93.7972768533 0.0321274370
93.7263794407 0.0320472473
93.6555891239 0.0320279846
93.5849056604 0.0320547335
93.5143288084 0.0321052475
93.4438583271 0.0321533429
93.3734939759 0.0321734470
93.3032355154 0.0321463416
93.2330827068 0.0320622851
93.1630353118 0.0319219171
93.0930930931 0.0317351066
93.0232558140 0.0315169748
92.9535232384 0.0312850006
92.8838951311 0.0310565051
92.8143712575 0.0308476203
92.7449513837 0.0306728575
92.6756352765 0.0305458113
92.6064227035 0.0304795119
92.5373134328 0.0304862308
92.4683072334 0.0305762284
92.3994038748 0.0307559450
92.3306031273 0.0310260274
92.2619047619 0.0313810202
92.1933085502 0.0318090459
92.1248142645 0.0322942805
92.0564216778 0.0328177100
91.9881305638 0.0333594565
91.9199406968 0.0338991393
91.8518518519 0.0344166322
91.7838638046 0.0348921949
91.7159763314 0.0353088596
91.6481892092 0.0356538806
91.5805022157 0.0359211687
91.5129151292 0.0361115569
91.4454277286 0.0362316554
91.3780397937 0.0362911362
91.3107511046 0.0362999690
91.2435614422 0.0362664222
91.1764705882 0.0361970033
91.1094783248 0.0360974618
91.0425844347 0.0359734164
90.9757887014 0.0358314745
90.9090909091 0.0356774152
90.8424908425 0.0355153982
90.7759882870 0.0353468596
90.7095830285 0.0351704994
90.6432748538 0.0349844154
90.5770635500 0.0347874814
90.5109489051 0.0345812085
90.4449307075 0.0343696263
90.3790087464 0.0341582760
90.3131828114 0.0339526456
90.2474526929 0.0337557397
90.1818181818 0.0335671295
90.1162790698 0.0333829532
90.0508351489 0.0331977902
89.9854862119 0.0330075186
89.9202320522 0.0328121322
89.8550724638 0.0326173368
89.7900072411 0.0324347065
89.7250361795 0.0322805082
89.6601590745 0.0321733896
89.5953757225 0.0321313964
89.5306859206 0.0321687952
89.4660894661 0.0322926866
89.4015861572 0.0325024050
89.3371757925 0.0327894123
89.2728581713 0.0331404162
89.2086330935 0.0335405125
89.1445003595 0.0339754746
89.0804597701 0.0344338016
89.0165111271 0.0349061812
88.9526542324 0.0353849190
88.8888888889 0.0358624803
88.8252148997 0.0363293458
88.7616320687 0.0367717166
88.6981402003 0.0371718950
88.6347390994 0.0375105896
88.5714285714 0.0377721032
88.5082084226 0.0379495830
88.4450784593 0.0380488880
88.3820384890 0.0380884198
88.3190883191 0.0380956543
88.2562277580 0.0381022851
88.1934566145 0.0381380550
88.1307746979 0.0382264995
88.0681818182 0.0383824804
88.0056777857 0.0386103663
87.9432624113 0.0389058833
87.8809355067 0.0392566873
87.8186968839 0.0396452560
87.7565463553 0.0400518139
87.6944837341 0.0404572726
87.6325088339 0.0408458088
87.5706214689 0.0412074403
87.5088214538 0.0415384363
87.4471086037 0.0418402425
87.3854827343 0.0421169766
87.3239436620 0.0423725482
87.2624912034 0.0426070505
87.2011251758 0.0428165503
87.1398453970 0.0429941775
87.0786516854 0.0431337533
87.0175438596 0.0432342471
86.9565217391 0.0433045480
86.8955851437 0.0433649758
86.8347338936 0.0434468683
86.7739678097 0.0435884530
86.7132867133 0.0438282955
86.6526904263 0.0441987689
86.5921787709 0.0447206651
86.5317515701 0.0453990214
86.4714086471 0.0462209084
86.4111498258 0.0471563087
86.3509749304 0.0481595079
86.2908837857 0.0491749661
86.2308762170 0.0501441596
86.1709520500 0.0510143182
86.1111111111 0.0517451502
86.0513532269 0.0523127046
85.9916782247 0.0527087832
85.9320859321 0.0529377102
85.8725761773 0.0530132824
85.8131487889 0.0529552249
85.7538035961 0.0527872808
85.6945404285 0.0525347818
85.6353591160 0.0522224882
85.5762594893 0.0518717631
85.5172413793 0.0514980951
85.4583046175 0.0511097839
85.3994490358 0.0507084540
85.3406744666 0.0502913496
85.2819807428 0.0498551455
85.2233676976 0.0494006149
85.1648351648 0.0489353534
85.1063829787 0.0484741500
85.0480109739 0.0480376467
84.9897189856 0.0476486918
84.9315068493 0.0473301214
84.8733744011 0.0471026992
84.8153214774 0.0469836186
84.7573479152 0.0469845933
84.6994535519 0.0471103641
84.6416382253 0.0473559711
84.5839017735 0.0477038730
84.5262440354 0.0481238797
84.4686648501 0.0485741426
84.4111640572 0.0490063468
84.3537414966 0.0493731730
84.2963970088 0.0496367110
84.2391304348 0.0497742012
84.1819416158 0.0497802121
84.1248303935 0.0496654253
84.0677966102 0.0494515555
84.0108401084 0.0491658227
83.9539607312 0.0488363967
83.8971583221 0.0484871306
83.8404327248 0.0481358834
83.7837837838 0.0477928606
83.7272113437 0.0474615266
83.6707152497 0.0471406073
83.6142953473 0.0468271621
83.5579514825 0.0465191901
83.5016835017 0.0462168918
83.4454912517 0.0459223588
83.3893745797 0.0456395243
83.3333333333 0.0453736637
83.2773673606 0.0451301218
83.2214765101 0.0449147523
83.1656606304 0.0447326546
83.1099195710 0.0445886558
83.0542531815 0.0444875708
82.9986613119 0.0444343119
82.9431438127 0.0444342488
82.8877005348 0.0444922560
82.8323313293 0.0446106745
82.7770360481 0.0447876339
82.7218145430 0.0450146198
82.6666666667 0.0452767016
82.6115922718 0.0455532354
82.5565912117 0.0458198752
82.5016633400 0.0460523391
82.4468085106 0.0462289615
82.3920265781 0.0463333976
82.3373173971 0.0463564015
82.2826808228 0.0462955257
82.2281167109 0.0461559246
82.1736249172 0.0459491375
82.1192052980 0.0456926405
82.0648577101 0.0454069551
82.0105820106 0.0451128967
81.9563780568 0.0448281275
81.9022457067 0.0445650952
81.8481848185 0.0443292124
81.7941952507 0.0441190813
81.7402768622 0.0439270606
81.6864295125 0.0437415662
81.6326530612 0.0435499075
81.5789473684 0.0433425560
81.5253122945 0.0431161227
81.4717477004 0.0428749951
81.4182534471 0.0426308731
81.3648293963 0.0424010112
81.3114754098 0.0422048552
81.2581913499 0.0420604250
81.2049770792 0.0419813037
81.1518324607 0.0419747518
81.0987573578 0.0420406557
81.0457516340 0.0421730348
80.9928151535 0.0423603961
80.9399477807 0.0425879344
80.8871493803 0.0428373865
80.8344198175 0.0430892449
80.7817589577 0.0433238131
80.7291666667 0.0435240503
80.6766428107 0.0436773979
80.6241872562 0.0437769135
80.5717998700 0.0438214375
80.5194805195 0.0438145805
80.4672290720 0.0437627590
80.4150453956 0.0436737753
80.3629293584 0.0435555705
80.3108808290 0.0434156295
80.2588996764 0.0432612479
80.2069857697 0.0430992914
80.1551389787 0.0429358047
80.1033591731 0.0427748026
80.0516462234 0.0426170850
80.0000000000 0.0424595942
79.9484203740 0.0422961907
79.8969072165 0.0421201878
79.8454603992 0.0419261228
79.7940797941 0.0417113072
79.7427652733 0.0414751202
79.6915167095 0.0412185120
79.6403339756 0.0409424848
79.5892169448 0.0406478598
79.5381654907 0.0403364425
79.4871794872 0.0400113426
79.4362588085 0.0396776317
79.3854033291 0.0393416335
79.3346129239 0.0390101710
79.2838874680 0.0386888910
79.2332268371 0.0383813673
79.1826309068 0.0380882778
79.1320995533 0.0378075997
79.0816326531 0.0375353280
79.0312300829 0.0372671285
78.9808917197 0.0369996244
78.9306174411 0.0367321204
78.8804071247 0.0364664674
78.8302606484 0.0362069955
78.7801778907 0.0359583682
78.7301587302 0.0357243769
78.6802030457 0.0355063756
78.6303107166 0.0353038111
78.5804816223 0.0351145518
78.5307156428 0.0349359634
78.4810126582 0.0347656823
78.4313725490 0.0346010956
78.3817951960 0.0344395223
78.3322804801 0.0342777689
78.2828282828 0.0341125744
78.2334384858 0.0339406964
78.1841109710 0.0337593027
78.1348456207 0.0335661371
78.0856423174 0.0333597352
78.0365009440 0.0331399550
77.9874213836 0.0329085838
77.9384035198 0.0326692063
77.8894472362 0.0324281071
77.8405524168 0.0321933278
77.7917189460 0.0319738147
77.7429467085 0.0317778951
77.6942355890 0.0316124854
77.6455854728 0.0314822203
77.5969962453 0.0313888826
77.5484677924 0.0313319970
77.5000000000 0.0313089260
77.4515927545 0.0313148925
77.4032459426 0.0313437498
77.3549594510 0.0313876315
77.3067331671 0.0314373562
77.2585669782 0.0314835436
77.2104607721 0.0315168069
77.1624144368 0.0315298836
77.1144278607 0.0315177518
77.0665009323 0.0314778722
77.0186335404 0.0314098494
76.9708255742 0.0313137415
76.9230769231 0.0311897768
76.8753874768 0.0310376907
76.8277571252 0.0308573094
76.7801857585 0.0306492952
76.7326732673 0.0304156131
76.6852195424 0.0301596846
76.6378244747 0.0298867836
76.5904879555 0.0296027607
76.5432098765 0.0293140916
76.4959901295 0.0290266194
76.4488286067 0.0287456070
76.4017252002 0.0284752271
76.3546798030 0.0282189936
76.3076923077 0.0279800718
76.2607626076 0.0277617897
76.2138905962 0.0275676175
76.1670761671 0.0274018296
76.1203192142 0.0272687082
76.0736196319 0.0271719102
76.0269773145 0.0271132440
75.9803921569 0.0270917405
75.9338640539 0.0271030160
75.8873929009 0.0271393308
75.8409785933 0.0271906528
75.7946210269 0.0272451319
75.7483200977 0.0272908917
75.7020757021 0.0273165855
75.6558877364 0.0273134134
75.6097560976 0.0272754817
75.5636806825 0.0272011543
75.5176613886 0.0270927587
75.4716981132 0.0269563502
75.4257907543 0.0268003977
75.3799392097 0.0266343914
75.3341433779 0.0264675610
75.2884031573 0.0263076719
75.2427184466 0.0261597883
75.1970891449 0.0260262334
75.1515151515 0.0259067572
75.1059963658 0.0257994035
75.0605326877 0.0257014072
75.0151240169 0.0256101973
74.9697702539 0.0255244727
74.9244712991 0.0254436655
74.8792270531 0.0253685576
74.8340374170 0.0253002514
74.7889022919 0.0252395392
74.7438215793 0.0251866740
74.6987951807 0.0251408255
74.6538229982 0.0251000743
74.6089049338 0.0250617089
74.5640408900 0.0250230563
74.5192307692 0.0249818085
74.4744744745 0.0249367991
74.4297719088 0.0248879448
74.3851229754 0.0248358922
74.3405275779 0.0247822584
74.2959856201 0.0247283559
74.2514970060 0.0246750411
74.2070616397 0.0246224311
74.1626794258 0.0245695286
74.1183502690 0.0245143153
74.0740740741 0.0244546589
74.0298507463 0.0243886696
73.9856801909 0.0243153667
73.9415623137 0.0242349812
73.8974970203 0.0241487813
73.8534842168 0.0240586092
73.8095238095 0.0239662206
73.7656157049 0.0238732761
73.7217598098 0.0237806932
73.6779560309 0.0236887859
73.6342042755 0.0235971009
73.5905044510 0.0235051082
73.5468564650 0.0234121723
73.5032602253 0.0233179982
73.4597156398 0.0232231872
73.4162226169 0.0231287307
73.3727810651 0.0230365770
73.3293908930 0.0229488231
73.2860520095 0.0228675997
73.2427643237 0.0227949176
73.1995277450 0.0227318995
73.1563421829 0.0226787800
73.1132075472 0.0226350438
73.0701237478 0.0225990614
73.0270906949 0.0225692544
72.9841082990 0.0225437053
72.9411764706 0.0225214577
72.8982951205 0.0225023861
72.8554641598 0.0224872388
72.8126834997 0.0224769301
72.7699530516 0.0224723220
72.7272727273 0.0224731614
72.6846424385 0.0224779597
72.6420620972 0.0224840784
72.5995316159 0.0224882158
72.5570509070 0.0224866349
72.5146198830 0.0224757085
72.4722384570 0.0224528895
72.4299065421 0.0224165225
72.3876240514 0.0223668346
72.3453908985 0.0223054267
72.3032069971 0.0222357514
72.2610722611 0.0221627797
72.2189866045 0.0220921629
72.1769499418 0.0220297354
72.1349621873 0.0219803449
72.0930232558 0.0219474102
72.0511330622 0.0219326366
72.0092915215 0.0219358977
71.9674985490 0.0219558750
71.9257540603 0.0219903964
71.8840579710 0.0220371886
71.8424101970 0.0220937049
71.8008106543 0.0221572436
71.7592592593 0.0222242639
71.7177559283 0.0222906623
71.6763005780 0.0223519413
71.6348931254 0.0224034620
71.5935334873 0.0224415666
71.5522215811 0.0224647067
71.5109573241 0.0224736356
71.4697406340 0.0224713655
71.4285714286 0.0224628970
71.3874496258 0.0224538447
71.3463751438 0.0224494852
71.3053479011 0.0224534227
71.2643678161 0.0224667641
71.2234348076 0.0224879275
71.1825487945 0.0225125929
71.1417096959 0.0225349890
71.1009174312 0.0225488080
71.0601719198 0.0225492159
71.0194730813 0.0225328836
70.9788208357 0.0224994057
70.9382151030 0.0224500328
70.8976558033 0.0223880353
70.8571428571 0.0223177225
70.8166761850 0.0222439244
70.7762557078 0.0221721620
70.7358813463 0.0221078402
70.6955530217 0.0220560074
70.6552706553 0.0220212997
70.6150341686 0.0220071454
70.5748434832 0.0220158469
70.5346985210 0.0220487798
70.4945992041 0.0221063306
70.4545454545 0.0221879531
70.4145371948 0.0222918427
70.3745743473 0.0224142272
70.3346568349 0.0225492932
70.2947845805 0.0226896698
70.2549575071 0.0228267670
70.2151755379 0.0229526778
70.1754385965 0.0230615995
70.1357466063 0.0231500818
70.0960994912 0.0232173451
70.0564971751 0.0232647430
70.0169395822 0.0232941977
69.9774266366 0.0233077630
69.9379582628 0.0233073170
69.8985343856 0.0232946228
69.8591549296 0.0232721352
69.8198198198 0.0232427898
69.7805289814 0.0232101292
69.7412823397 0.0231779902
69.7020798201 0.0231494740
69.6629213483 0.0231269439
69.6238068501 0.0231113595
69.5847362514 0.0231027915
69.5457094784 0.0231007030
69.5067264574 0.0231042103
69.4677871148 0.0231128813
69.4288913774 0.0231264626
69.3900391718 0.0231449454
69.3512304251 0.0231677103
69.3124650643 0.0231931731
69.2737430168 0.0232179644
69.2350642099 0.0232375334
69.1964285714 0.0232461807
69.1578360290 0.0232382253
69.1192865106 0.0232095173
69.0807799443 0.0231577777
69.0423162584 0.0230839910
69.0038953812 0.0229915831
68.9655172414 0.0228861163
68.9271817676 0.0227746484
68.8888888889 0.0226640257
68.8506385341 0.0225611108
68.8124306326 0.0224712446
68.7742651137 0.0223983373
68.7361419069 0.0223446307
68.6980609418 0.0223101360
68.6600221484 0.0222929768
68.6220254566 0.0222895378
68.5840707965 0.0222952199
68.5461580984 0.0223051022
68.5082872928 0.0223156282
68.4704583103 0.0223248957
68.4326710817 0.0223335004
68.3949255378 0.0223443671
68.3572216097 0.0223619169
68.3195592287 0.0223908073
68.2819383260 0.0224350721
68.2443588332 0.0224965354
68.2068206821 0.0225743475
68.1693238043 0.0226643005
68.1318681319 0.0227598653
68.0944535969 0.0228527366
68.0570801317 0.0229341181
68.0197476687 0.0229963822
67.9824561404 0.0230334124
67.9452054795 0.0230416433
67.9079956188 0.0230199614
67.8708264915 0.0229693318
67.8336980306 0.0228925578
67.7966101695 0.0227931867
67.7595628415 0.0226755458
67.7225559803 0.0225439625
67.6855895197 0.0224028136
67.6486633933 0.0222561263
67.6117775354 0.0221067828
67.5749318801 0.0219572546
67.5381263617 0.0218086868
67.5013609145 0.0216620326
67.4646354733 0.0215175263
67.4279499728 0.0213755823
67.3913043478 0.0212368467
67.3546985334 0.0211020589
67.3181324647 0.0209724919
67.2816060770 0.0208499459
67.2451193059 0.0207358774
67.2086720867 0.0206319353
67.1722643554 0.0205389701
67.1358960476 0.0204576091
67.0995670996 0.0203875108
67.0632774473 0.0203279210
67.0270270270 0.0202775703
66.9908157753 0.0202353061
66.9546436285 0.0201997934
66.9185105235 0.0201700467
66.8824163970 0.0201453827
66.8463611860 0.0201251351
66.8103448276 0.0201087899
66.7743672590 0.0200960109
66.7384284177 0.0200860636
66.7025282410 0.0200779651
66.6666666667 0.0200705169
66.6308436325 0.0200620908
66.5950590763 0.0200506541
66.5593129361 0.0200341965
66.5236051502 0.0200108492
66.4879356568 0.0199790341
66.4523043944 0.0199375950
66.4167113016 0.0198857720
66.3811563169 0.0198235638
66.3456393793 0.0197512884
66.3101604278 0.0196700346
66.2747194014 0.0195812795
66.2393162393 0.0194869611
66.2039508809 0.0193892078
66.1686232657 0.0192899082
66.1333333333 0.0191904957
66.0980810235 0.0190916326
66.0628662760 0.0189934059
66.0276890309 0.0188953856
65.9925492283 0.0187968542
65.9574468085 0.0186973469
65.9223817119 0.0185968946
65.8873538789 0.0184964340
65.8523632501 0.0183970786
65.8174097665 0.0183005925
65.7824933687 0.0182082422
65.7476139979 0.0181211512
65.7127715951 0.0180400838
65.6779661017 0.0179650804
65.6431974590 0.0178960584
65.6084656085 0.0178326868
65.5737704918 0.0177747232
65.5391120507 0.0177216815
65.5044902272 0.0176733205
65.4699049630 0.0176293658
65.4353562005 0.0175895963
65.4008438819 0.0175540506
65.3663679494 0.0175225775
65.3319283456 0.0174949874
65.2975250132 0.0174706568
65.2631578947 0.0174486835
65.2288269332 0.0174276823
65.1945320715 0.0174059266
65.1602732528 0.0173815102
65.1260504202 0.0173529177
65.0918635171 0.0173193084
65.0577124869 0.0172804890
65.0235972732 0.0172376096
64.9895178197 0.0171928748
64.9554740702 0.0171493500
64.9214659686 0.0171108300
64.8874934589 0.0170814837
64.8535564854 0.0170648343
64.8196549922 0.0170634908
64.7857889237 0.0170786046
64.7519582245 0.0171092539
64.7181628392 0.0171525269
64.6844027126 0.0172034504
64.6506777894 0.0172563014
64.6169880146 0.0173052407
64.5833333333 0.0173449935
64.5497136908 0.0173721320
64.5161290323 0.0173845187
64.4825793032 0.0173819601
64.4490644491 0.0173651002
64.4155844156 0.0173351629
64.3821391485 0.0172936193
64.3487285937 0.0172416895
64.3153526971 0.0171806066
64.2820114049 0.0171116016
64.2487046632 0.0170357801
64.2154324184 0.0169545414
64.1821946170 0.0168694715
64.1489912054 0.0167824807
64.1158221303 0.0166955763
64.0826873385 0.0166108100
64.0495867769 0.0165300521
64.0165203924 0.0164545104
63.9834881321 0.0163846649
63.9504899433 0.0163202382
63.9175257732 0.0162603376
63.8845955693 0.0162036659
63.8516992791 0.0161488871
63.8188368502 0.0160954285
63.7860082305 0.0160433430
63.7532133676 0.0159939339
63.7204522097 0.0159493172
63.6877247047 0.0159122280
63.6550308008 0.0158853058
63.6223704464 0.0158704526
63.5897435897 0.0158684442
63.5571501794 0.0158785881
63.5245901639 0.0158987298
63.4920634921 0.0159258771
63.4595701126 0.0159561556
63.4271099744 0.0159859705
63.3946830266 0.0160122846
63.3622892182 0.0160328460
63.3299284985 0.0160467869
63.2976008167 0.0160540545
63.2653061224 0.0160557072
63.2330443651 0.0160533548
63.2008154944 0.0160491016
63.1686194600 0.0160447587
63.1364562118 0.0160418629
63.1043256997 0.0160408120
63.0722278739 0.0160415005
63.0401626843 0.0160428925
63.0081300813 0.0160435999
62.9761300152 0.0160422537
62.9441624365 0.0160377121
62.9122272958 0.0160292609
62.8803245436 0.0160164893
62.8484541308 0.0159995762
62.8166160081 0.0159787850
62.7848101266 0.0159549895
62.7530364372 0.0159289579
62.7212948912 0.0159016218
62.6895854398 0.0158737893
62.6579080344 0.0158462681
62.6262626263 0.0158196867
62.5946491671 0.0157946925
62.5630676085 0.0157719999
62.5315179022 0.0157518685
62.5000000000 0.0157347669
62.4685138539 0.0157205004
62.4370594159 0.0157085581
62.4056366381 0.0156981162
62.3742454728 0.0156879675
62.3428858723 0.0156769680
62.3115577889 0.0156643727
62.2802611753 0.0156499580
62.2489959839 0.0156341373
62.2177621676 0.0156174694
62.1865596790 0.0156010092
62.1553884712 0.0155854727
62.1242484970 0.0155715092
62.0931397096 0.0155595713
62.0620620621 0.0155496952
62.0310155078 0.0155414396
62.0000000000 0.0155341371
