0.0100000000 87.4971528096
0.0200000000 63.6267704256
0.0300000000 43.7334693707
0.0400000000 30.4129353685
0.0500000000 21.8494468273
0.0600000000 16.2509679779
0.0700000000 12.4701166857
0.0800000000 9.8279937027
0.0900000000 7.9224417806
0.1000000000 6.5092383622
0.1100000000 5.4353773844
0.1200000000 4.6019474085
0.1300000000 3.9430992821
0.1400000000 3.4138039526
0.1500000000 2.9825165812
0.1600000000 2.6266538398
0.1700000000 2.3297298952
0.1800000000 2.0794972212
0.1900000000 1.8667118708
0.2000000000 1.6842962940
0.2100000000 1.5267606396
0.2200000000 1.3897958692
0.2300000000 1.2699829075
0.2400000000 1.1645816935
0.2500000000 1.0713762059
0.2600000000 0.9885590070
0.2700000000 0.9146443407
0.2800000000 0.8484020325
0.2900000000 0.7888065695
0.3000000000 0.7349977231
0.3100000000 0.6862495954
0.3200000000 0.6419463110
0.3300000000 0.6015625873
0.3400000000 0.5646482547
0.3500000000 0.5308157570
0.3600000000 0.4997299719
0.3700000000 0.4710999276
0.3800000000 0.4446720493
0.3900000000 0.4202245026
0.4000000000 0.3975625436
0.4100000000 0.3765146794
0.4200000000 0.3569293907
0.4300000000 0.3386723932
0.4400000000 0.3216243526
0.4500000000 0.3056789455
0.4600000000 0.2907411392
0.4700000000 0.2767258270
0.4800000000 0.2635565589
0.4900000000 0.2511645062
0.5000000000 0.2394875765
0.5100000000 0.2284696057
0.5200000000 0.2180597130
0.5300000000 0.2082117095
0.5400000000 0.1988836513
0.5500000000 0.1900373823
0.5600000000 0.1816381695
0.5700000000 0.1736543778
0.5800000000 0.1660571886
0.5900000000 0.1588203373
0.6000000000 0.1519199503
0.6100000000 0.1453344006
0.6200000000 0.1390441675
0.6300000000 0.1330317852
0.6400000000 0.1272818556
0.6500000000 0.1217809931
0.6600000000 0.1165178902
0.6700000000 0.1114832975
0.6800000000 0.1066699675
0.6900000000 0.1020724006
0.7000000000 0.0976863233
0.7100000000 0.0935077755
0.7200000000 0.0895317067
0.7300000000 0.0857502301
0.7400000000 0.0821510862
0.7500000000 0.0787168401
0.7600000000 0.0754258573
0.7700000000 0.0722550591
0.7800000000 0.0691839401
0.7900000000 0.0661985062
0.8000000000 0.0632938136
0.8100000000 0.0604747278
0.8200000000 0.0577553035
0.8300000000 0.0551576931
0.8400000000 0.0527111477
0.8500000000 0.0504515242
0.8600000000 0.0484209418
0.8700000000 0.0466672881
0.8800000000 0.0452426764
0.8900000000 0.0442001489
0.9000000000 0.0435879227
0.9100000000 0.0434411420
0.9200000000 0.0437722861
0.9300000000 0.0445628574
0.9400000000 0.0457600976
0.9500000000 0.0472811274
0.9600000000 0.0490244076
0.9700000000 0.0508843046
0.9800000000 0.0527640642
0.9900000000 0.0545845359
1.0000000000 0.0562892968
1.0100000000 0.0578471298
1.0200000000 0.0592505881
1.0300000000 0.0605082142
1.0400000000 0.0616302957
1.0500000000 0.0626129449
1.0600000000 0.0634278055
1.0700000000 0.0640235234
1.0800000000 0.0643388523
1.0900000000 0.0643215595
1.1000000000 0.0639442234
1.1100000000 0.0632109504
1.1200000000 0.0621543378
1.1300000000 0.0608261706
1.1400000000 0.0592866459
1.1500000000 0.0575954665
1.1600000000 0.0558062122
1.1700000000 0.0539636656
1.1800000000 0.0521034305
1.1900000000 0.0502527121
1.2000000000 0.0484316509
1.2100000000 0.0466547432
1.2200000000 0.0449320137
1.2300000000 0.0432699500
1.2400000000 0.0416720378
1.2500000000 0.0401390202
1.2600000000 0.0386691470
1.2700000000 0.0372583618
1.2800000000 0.0359009733
1.2900000000 0.0345905483
1.3000000000 0.0333210608
1.3100000000 0.0320878679
1.3200000000 0.0308882182
1.3300000000 0.0297213120
1.3400000000 0.0285880034
1.3500000000 0.0274903024
1.3600000000 0.0264310010
1.3700000000 0.0254132538
1.3800000000 0.0244402653
1.3900000000 0.0235148302
1.4000000000 0.0226387737
1.4100000000 0.0218121931
1.4200000000 0.0210327231
1.4300000000 0.0202950677
1.4400000000 0.0195911989
1.4500000000 0.0189115059
1.4600000000 0.0182466420
1.4700000000 0.0175895421
1.4800000000 0.0169368880
1.4900000000 0.0162895621
1.5000000000 0.0156521291
1.5100000000 0.0150318246
1.5200000000 0.0144373515
1.5300000000 0.0138777779
1.5400000000 0.0133615405
1.5500000000 0.0128955676
1.5600000000 0.0124845542
1.5700000000 0.0121304805
1.5800000000 0.0118324615
1.5900000000 0.0115871263
1.6000000000 0.0113893256
1.6100000000 0.0112331441
1.6200000000 0.0111127827
1.6300000000 0.0110230798
1.6400000000 0.0109594820
1.6500000000 0.0109176435
1.6600000000 0.0108932428
1.6700000000 0.0108824276
1.6800000000 0.0108828673
1.6900000000 0.0108947535
1.7000000000 0.0109210156
1.7100000000 0.0109665146
1.7200000000 0.0110368170
1.7300000000 0.0111373921
1.7400000000 0.0112735570
1.7500000000 0.0114508636
1.7600000000 0.0116750290
1.7700000000 0.0119512150
1.7800000000 0.0122831205
1.7900000000 0.0126724499
1.8000000000 0.0131192116
1.8100000000 0.0136221966
1.8200000000 0.0141789533
1.8300000000 0.0147851584
1.8400000000 0.0154338322
1.8500000000 0.0161150340
1.8600000000 0.0168157041
1.8700000000 0.0175192535
1.8800000000 0.0182047190
1.8900000000 0.0188460308
1.9000000000 0.0194123812
1.9100000000 0.0198705622
1.9200000000 0.0201893240
1.9300000000 0.0203449137
1.9400000000 0.0203258835
1.9500000000 0.0201352117
1.9600000000 0.0197891597
1.9700000000 0.0193132152
1.9800000000 0.0187371087
1.9900000000 0.0180903521
2.0000000000 0.0173992150
2.0100000000 0.0166851522
2.0200000000 0.0159644032
2.0300000000 0.0152483880
2.0400000000 0.0145445528
2.0500000000 0.0138575327
2.0600000000 0.0131902219
2.0700000000 0.0125446802
2.0800000000 0.0119226801
2.0900000000 0.0113258282
2.1000000000 0.0107555515
2.1100000000 0.0102129550
2.1200000000 0.0096986373
2.1300000000 0.0092125526
2.1400000000 0.0087539759
2.1500000000 0.0083214650
2.1600000000 0.0079130455
2.1700000000 0.0075265009
2.1800000000 0.0071598154
2.1900000000 0.0068115905
2.2000000000 0.0064813066
2.2100000000 0.0061693351
2.2200000000 0.0058766441
2.2300000000 0.0056043268
2.2400000000 0.0053530987
2.2500000000 0.0051227927
2.2600000000 0.0049120914
2.2700000000 0.0047185273
2.2800000000 0.0045387566
2.2900000000 0.0043691412
2.3000000000 0.0042062847
2.3100000000 0.0040475075
2.3200000000 0.0038911068
2.3300000000 0.0037365063
2.3400000000 0.0035843291
2.3500000000 0.0034363183
2.3600000000 0.0032951078
2.3700000000 0.0031637780
2.3800000000 0.0030453084
2.3900000000 0.0029420807
2.4000000000 0.0028555591
2.4100000000 0.0027861592
2.4200000000 0.0027334079
2.4300000000 0.0026962974
2.4400000000 0.0026736565
2.4500000000 0.0026644122
2.4600000000 0.0026676214
2.4700000000 0.0026822731
2.4800000000 0.0027071656
2.4900000000 0.0027408649
2.5000000000 0.0027817989
2.5100000000 0.0028283043
2.5200000000 0.0028785165
2.5300000000 0.0029300248
2.5400000000 0.0029794750
2.5500000000 0.0030223581
2.5600000000 0.0030531032
2.5700000000 0.0030655668
2.5800000000 0.0030539451
2.5900000000 0.0030138722
2.6000000000 0.0029434300
2.6100000000 0.0028436893
2.6200000000 0.0027185368
2.6300000000 0.0025738707
2.6400000000 0.0024164714
2.6500000000 0.0022529115
2.6600000000 0.0020887959
2.6700000000 0.0019283493
2.6800000000 0.0017743495
2.6900000000 0.0016282998
2.7000000000 0.0014907100
2.7100000000 0.0013614078
2.7200000000 0.0012398427
2.7300000000 0.0011253680
2.7400000000 0.0010174446
2.7500000000 0.0009157821
2.7600000000 0.0008203781
2.7700000000 0.0007315177
2.7800000000 0.0006496785
2.7900000000 0.0005754312
2.8000000000 0.0005093329
2.8100000000 0.0004518533
2.8200000000 0.0004033327
2.8300000000 0.0003639675
2.8400000000 0.0003338250
2.8500000000 0.0003128661
2.8600000000 0.0003009471
2.8700000000 0.0002978250
2.8800000000 0.0003031377
2.8900000000 0.0003163871
2.9000000000 0.0003369490
2.9100000000 0.0003641230
2.9200000000 0.0003972154
2.9300000000 0.0004356599
2.9400000000 0.0004791246
2.9500000000 0.0005275856
2.9600000000 0.0005813347
2.9700000000 0.0006409261
2.9800000000 0.0007071083
2.9900000000 0.0007807210
3.0000000000 0.0008626087
3.0100000000 0.0009535503
3.0200000000 0.0010541973
3.0300000000 0.0011650533
3.0400000000 0.0012864354
3.0500000000 0.0014184762
3.0600000000 0.0015610868
3.0700000000 0.0017139776
3.0800000000 0.0018767081
3.0900000000 0.0020487932
3.1000000000 0.0022298687
3.1100000000 0.0024197878
3.1200000000 0.0026186454
3.1300000000 0.0028266703
3.1400000000 0.0030439534
3.1500000000 0.0032702556
3.1600000000 0.0035048374
3.1700000000 0.0037465167
3.1800000000 0.0039938712
3.1900000000 0.0042454616
3.2000000000 0.0045000750
3.2100000000 0.0047568716
3.2200000000 0.0050153033
3.2300000000 0.0052750976
3.2400000000 0.0055361438
3.2500000000 0.0057985644
3.2600000000 0.0060629889
3.2700000000 0.0063309122
3.2800000000 0.0066049923
3.2900000000 0.0068892775
3.3000000000 0.0071890248
3.3100000000 0.0075102674
3.3200000000 0.0078591111
3.3300000000 0.0082411272
3.3400000000 0.0086609082
3.3500000000 0.0091221042
3.3600000000 0.0096276971
3.3700000000 0.0101805088
3.3800000000 0.0107835912
3.3900000000 0.0114405980
3.4000000000 0.0121556990
3.4100000000 0.0129334754
3.4200000000 0.0137785940
3.4300000000 0.0146955927
3.4400000000 0.0156887218
3.4500000000 0.0167620254
3.4600000000 0.0179195590
3.4700000000 0.0191655478
3.4800000000 0.0205046007
3.4900000000 0.0219417373
3.5000000000 0.0234821988
3.5100000000 0.0251311318
3.5200000000 0.0268927449
3.5300000000 0.0287690104
3.5400000000 0.0307580851
3.5500000000 0.0328522807
3.5600000000 0.0350361686
3.5700000000 0.0372852838
3.5800000000 0.0395657122
3.5900000000 0.0418356687
3.6000000000 0.0440488268
3.6100000000 0.0461596635
3.6200000000 0.0481298119
3.6300000000 0.0499336790
3.6400000000 0.0515615817
3.6500000000 0.0530182153
3.6600000000 0.0543165555
3.6700000000 0.0554683876
3.6800000000 0.0564749335
3.6900000000 0.0573201895
3.7000000000 0.0579691977
3.7100000000 0.0583716806
3.7200000000 0.0584706293
3.7300000000 0.0582160224
3.7400000000 0.0575818917
3.7500000000 0.0565829630
3.7600000000 0.0552845796
3.7700000000 0.0537985614
3.7800000000 0.0522640112
3.7900000000 0.0508186039
3.8000000000 0.0495710374
3.8100000000 0.0485842121
3.8200000000 0.0478725269
3.8300000000 0.0474108623
3.8400000000 0.0471499151
3.8500000000 0.0470319202
3.8600000000 0.0470033583
3.8700000000 0.0470226948
3.8800000000 0.0470633606
3.8900000000 0.0471108037
3.9000000000 0.0471548632
3.9100000000 0.0471791167
3.9200000000 0.0471518152
3.9300000000 0.0470236630
3.9400000000 0.0467357068
3.9500000000 0.0462354547
3.9600000000 0.0454955525
3.9700000000 0.0445267061
3.9800000000 0.0433797531
3.9900000000 0.0421359182
4.0000000000 0.0408901280
4.0100000000 0.0397335265
4.0200000000 0.0387399183
4.0300000000 0.0379585830
4.0400000000 0.0374130499
4.0500000000 0.0371042249
4.0600000000 0.0370163034
4.0700000000 0.0371231309
4.0800000000 0.0373935938
4.0900000000 0.0377945926
4.1000000000 0.0382919083
4.1100000000 0.0388495092
4.1200000000 0.0394297607
4.1300000000 0.0399966091
4.1400000000 0.0405219949
4.1500000000 0.0409931934
4.1600000000 0.0414159266
4.1700000000 0.0418100227
4.1800000000 0.0421979004
4.1900000000 0.0425910581
4.2000000000 0.0429809500
4.2100000000 0.0433384490
4.2200000000 0.0436217679
4.2300000000 0.0437890235
4.2400000000 0.0438101150
4.2500000000 0.0436740017
4.2600000000 0.0433902599
4.2700000000 0.0429851261
4.2800000000 0.0424942614
4.2900000000 0.0419537271
4.3000000000 0.0413921047
4.3100000000 0.0408261755
4.3200000000 0.0402629752
4.3300000000 0.0397072082
4.3400000000 0.0391704200
4.3500000000 0.0386772119
4.3600000000 0.0382645681
4.3700000000 0.0379744893
4.3800000000 0.0378420632
4.3900000000 0.0378829449
4.4000000000 0.0380840833
4.4100000000 0.0383997569
4.4200000000 0.0387547395
4.4300000000 0.0390536276
4.4400000000 0.0391955504
4.4500000000 0.0390911206
4.4600000000 0.0386784097
4.4700000000 0.0379349089
4.4800000000 0.0368816935
4.4900000000 0.0355790537
4.5000000000 0.0341139427
4.5100000000 0.0325824858
4.5200000000 0.0310728024
4.5300000000 0.0296527390
4.5400000000 0.0283649068
4.5500000000 0.0272296429
4.5600000000 0.0262530754
4.5700000000 0.0254371624
4.5800000000 0.0247876433
4.5900000000 0.0243176223
4.6000000000 0.0240470988
4.6100000000 0.0239997949
4.6200000000 0.0241995766
4.6300000000 0.0246676122
4.6400000000 0.0254200786
4.6500000000 0.0264662176
4.6600000000 0.0278063707
4.6700000000 0.0294296344
4.6800000000 0.0313120201
4.6900000000 0.0334152224
4.7000000000 0.0356858725
4.7100000000 0.0380566741
4.7200000000 0.0404487690
4.7300000000 0.0427769148
4.7400000000 0.0449562873
4.7500000000 0.0469101063
4.7600000000 0.0485749650
4.7700000000 0.0499019583
4.7800000000 0.0508546168
4.7900000000 0.0514067068
4.8000000000 0.0515433349
4.8100000000 0.0512656987
4.8200000000 0.0505962173
4.8300000000 0.0495814107
4.8400000000 0.0482890060
4.8500000000 0.0468009927
4.8600000000 0.0452023563
4.8700000000 0.0435692609
4.8800000000 0.0419585356
4.8900000000 0.0404016449
4.9000000000 0.0389048376
4.9100000000 0.0374558498
4.9200000000 0.0360363638
4.9300000000 0.0346359527
4.9400000000 0.0332626173
4.9500000000 0.0319456657
4.9600000000 0.0307300502
4.9700000000 0.0296661160
4.9800000000 0.0287991892
4.9900000000 0.0281632237
5.0000000000 0.0277790455
5.0100000000 0.0276555905
5.0200000000 0.0277919860
5.0300000000 0.0281785289
5.0400000000 0.0287957276
5.0500000000 0.0296125555
5.0600000000 0.0305853918
5.0700000000 0.0316591300
5.0800000000 0.0327713349
5.0900000000 0.0338586174
5.1000000000 0.0348634711
5.1100000000 0.0357389548
5.1200000000 0.0364511212
5.1300000000 0.0369781540
5.1400000000 0.0373083412
5.1500000000 0.0374374813
5.1600000000 0.0373671373
5.1700000000 0.0371038301
5.1800000000 0.0366600282
5.1900000000 0.0360562414
5.2000000000 0.0353238599
5.2100000000 0.0345070532
5.2200000000 0.0336624908
5.2300000000 0.0328556260
5.2400000000 0.0321545439
5.2500000000 0.0316230381
5.2600000000 0.0313139675
5.2700000000 0.0312648780
5.2800000000 0.0314950777
5.2900000000 0.0320052009
5.3000000000 0.0327787546
5.3100000000 0.0337856464
5.3200000000 0.0349869491
5.3300000000 0.0363393391
5.3400000000 0.0377976360
5.3500000000 0.0393150126
5.3600000000 0.0408425602
5.3700000000 0.0423296659
5.3800000000 0.0437264062
5.3900000000 0.0449874699
5.4000000000 0.0460765465
5.4100000000 0.0469706056
5.4200000000 0.0476632704
5.4300000000 0.0481651449
5.4400000000 0.0485015231
5.4500000000 0.0487078031
5.4600000000 0.0488248503
5.4700000000 0.0488951248
5.4800000000 0.0489581360
5.4900000000 0.0490429036
5.5000000000 0.0491590857
5.5100000000 0.0492896665
5.5200000000 0.0493909523
5.5300000000 0.0494018759
5.5400000000 0.0492618883
5.5500000000 0.0489306336
5.5600000000 0.0484028588
5.5700000000 0.0477110577
5.5800000000 0.0469166608
5.5900000000 0.0460947831
5.6000000000 0.0453190487
5.6100000000 0.0446517458
5.6200000000 0.0441400845
5.6300000000 0.0438169335
5.6400000000 0.0437048538
5.6500000000 0.0438209333
5.6600000000 0.0441805231
5.6700000000 0.0447971665
5.6800000000 0.0456783061
5.6900000000 0.0468176036
5.7000000000 0.0481865344
5.7100000000 0.0497287350
5.7200000000 0.0513595536
5.7300000000 0.0529728502
5.7400000000 0.0544540051
5.7500000000 0.0556963365
5.7600000000 0.0566180747
5.7700000000 0.0571748030
5.7800000000 0.0573656686
5.7900000000 0.0572296029
5.8000000000 0.0568328611
5.8100000000 0.0562498336
5.8200000000 0.0555439940
5.8300000000 0.0547561365
5.8400000000 0.0539062529
5.8500000000 0.0530076347
5.8600000000 0.0520860088
5.8700000000 0.0511935215
5.8800000000 0.0504095766
5.8900000000 0.0498293703
5.9000000000 0.0495466704
5.9100000000 0.0496385379
5.9200000000 0.0501570071
5.9300000000 0.0511273295
5.9400000000 0.0525499619
5.9500000000 0.0544034313
5.9600000000 0.0566471280
5.9700000000 0.0592238071
5.9800000000 0.0620647965
5.9900000000 0.0650967952
6.0000000000 0.0682504975
6.0100000000 0.0714690701
6.0200000000 0.0747138431
6.0300000000 0.0779670981
6.0400000000 0.0812288686
6.0500000000 0.0845086559
6.0600000000 0.0878115316
6.0700000000 0.0911217732
6.0800000000 0.0943884346
6.0900000000 0.0975184795
6.1000000000 0.1003834360
6.1100000000 0.1028394487
6.1200000000 0.1047582698
6.1300000000 0.1060578881
6.1400000000 0.1067216157
6.1500000000 0.1067988961
6.1600000000 0.1063902621
6.1700000000 0.1056255126
6.1800000000 0.1046451601
6.1900000000 0.1035864613
6.2000000000 0.1025730153
6.2100000000 0.1017031320
6.2200000000 0.1010391689
6.2300000000 0.1006023486
6.2400000000 0.1003755804
6.2500000000 0.1003132271
6.2600000000 0.1003537945
6.2700000000 0.1004320650
6.2800000000 0.1004884954
6.2900000000 0.1004759338
6.3000000000 0.1003625426
6.3100000000 0.1001302609
6.3200000000 0.0997705349
6.3300000000 0.0992811415
6.3400000000 0.0986684819
6.3500000000 0.0979528670
6.3600000000 0.0971712701
6.3700000000 0.0963739850
6.3800000000 0.0956155570
6.3900000000 0.0949466802
6.4000000000 0.0944124899
6.4100000000 0.0940565512
6.4200000000 0.0939253319
6.4300000000 0.0940682733
6.4400000000 0.0945293259
6.4500000000 0.0953359936
6.4600000000 0.0964894623
6.4700000000 0.0979613102
6.4800000000 0.0996987144
6.4900000000 0.1016342883
6.5000000000 0.1036953304
6.5100000000 0.1058089474
6.5200000000 0.1079015504
6.5300000000 0.1098970305
6.5400000000 0.1117175747
6.5500000000 0.1132891707
6.5600000000 0.1145501489
6.5700000000 0.1154608271
6.5800000000 0.1160090671
6.5900000000 0.1162095871
6.6000000000 0.1160987364
6.6100000000 0.1157251058
6.6200000000 0.1151393667
6.6300000000 0.1143857949
6.6400000000 0.1134967457
6.6500000000 0.1124943010
6.6600000000 0.1113974370
6.6700000000 0.1102321555
6.6800000000 0.1090382982
6.6900000000 0.1078708710
6.7000000000 0.1067941664
6.7100000000 0.1058735897
6.7200000000 0.1051652541
6.7300000000 0.1047073697
6.7400000000 0.1045114247
6.7500000000 0.1045557333
6.7600000000 0.1047831605
6.7700000000 0.1051071668
6.7800000000 0.1054281671
6.7900000000 0.1056557148
6.8000000000 0.1057295567
6.8100000000 0.1056306351
6.8200000000 0.1053794796
6.8300000000 0.1050259492
6.8400000000 0.1046377303
6.8500000000 0.1042938160
6.8600000000 0.1040813646
6.8700000000 0.1040929122
6.8800000000 0.1044173631
6.8900000000 0.1051251719
6.9000000000 0.1062499619
6.9100000000 0.1077730618
6.9200000000 0.1096176360
6.9300000000 0.1116571951
6.9400000000 0.1137383557
6.9500000000 0.1157098047
6.9600000000 0.1174501150
6.9700000000 0.1188837291
6.9800000000 0.1199827400
6.9900000000 0.1207558502
7.0000000000 0.1212293129
7.0100000000 0.1214271336
7.0200000000 0.1213566442
7.0300000000 0.1210047599
7.0400000000 0.1203464160
7.0500000000 0.1193628205
7.0600000000 0.1180605509
7.0700000000 0.1164825830
7.0800000000 0.1147056615
7.0900000000 0.1128238356
7.1000000000 0.1109253617
7.1100000000 0.1090715312
7.1200000000 0.1072826433
7.1300000000 0.1055347701
7.1400000000 0.1037669464
7.1500000000 0.1018982289
7.1600000000 0.0998511986
7.1700000000 0.0975761010
7.1800000000 0.0950674849
7.1900000000 0.0923679112
7.2000000000 0.0895588893
7.2100000000 0.0867422992
7.2200000000 0.0840202547
7.2300000000 0.0814784704
7.2400000000 0.0791769539
7.2500000000 0.0771476902
7.2600000000 0.0753963277
7.2700000000 0.0739074019
7.2800000000 0.0726497445
7.2900000000 0.0715831022
7.3000000000 0.0706663972
7.3100000000 0.0698658920
7.3200000000 0.0691608454
7.3300000000 0.0685445578
7.3400000000 0.0680186963
7.3500000000 0.0675839618
7.3600000000 0.0672302651
7.3700000000 0.0669301177
7.3800000000 0.0666376758
7.3900000000 0.0662921968
7.4000000000 0.0658267912
7.4100000000 0.0651795915
7.4200000000 0.0643060672
7.4300000000 0.0631904518
7.4400000000 0.0618515596
7.4500000000 0.0603412098
7.4600000000 0.0587341257
7.4700000000 0.0571137858
7.4800000000 0.0555572681
7.4900000000 0.0541242335
7.5000000000 0.0528525990
7.5100000000 0.0517609308
7.5200000000 0.0508553017
7.5300000000 0.0501377503
7.5400000000 0.0496109041
7.5500000000 0.0492776585
7.5600000000 0.0491356618
7.5700000000 0.0491697029
7.5800000000 0.0493460316
7.5900000000 0.0496114826
7.6000000000 0.0498986945
7.6100000000 0.0501365067
7.6200000000 0.0502630963
7.6300000000 0.0502376390
7.6400000000 0.0500467174
7.6500000000 0.0497031365
7.6600000000 0.0492376198
7.6700000000 0.0486869204
7.6800000000 0.0480816321
7.6900000000 0.0474373265
7.7000000000 0.0467510534
7.7100000000 0.0460034961
7.7200000000 0.0451652559
7.7300000000 0.0442059657
7.7400000000 0.0431037417
7.7500000000 0.0418514251
7.7600000000 0.0404594986
7.7700000000 0.0389536938
7.7800000000 0.0373695929
7.7900000000 0.0357452588
7.8000000000 0.0341154562
7.8100000000 0.0325085142
7.8200000000 0.0309458905
7.8300000000 0.0294447826
7.8400000000 0.0280209386
7.8500000000 0.0266914546
7.8600000000 0.0254750302
7.8700000000 0.0243910504
7.8800000000 0.0234570095
7.8900000000 0.0226853361
7.9000000000 0.0220804313
7.9100000000 0.0216363973
7.9200000000 0.0213365418
7.9300000000 0.0211547436
7.9400000000 0.0210589872
7.9500000000 0.0210162448
7.9600000000 0.0209971995
7.9700000000 0.0209801475
7.9800000000 0.0209529429
7.9900000000 0.0209131067
8.0000000000 0.0208666573
8.0100000000 0.0208254007
8.0200000000 0.0208029608
8.0300000000 0.0208095946
8.0400000000 0.0208479198
8.0500000000 0.0209106032
8.0600000000 0.0209812373
8.0700000000 0.0210375630
8.0800000000 0.0210563595
8.0900000000 0.0210181966
8.1000000000 0.0209115922
8.1100000000 0.0207356334
8.1200000000 0.0205004339
8.1300000000 0.0202245220
8.1400000000 0.0199306718
8.1500000000 0.0196413566
8.1600000000 0.0193755694
8.1700000000 0.0191480675
8.1800000000 0.0189695597
8.1900000000 0.0188472578
8.2000000000 0.0187855362
8.2100000000 0.0187858921
8.2200000000 0.0188473529
8.2300000000 0.0189674512
8.2400000000 0.0191432332
8.2500000000 0.0193724487
8.2600000000 0.0196548615
8.2700000000 0.0199935075
8.2800000000 0.0203952269
8.2900000000 0.0208704676
8.3000000000 0.0214322817
8.3100000000 0.0220949744
8.3200000000 0.0228736625
8.3300000000 0.0237854218
8.3400000000 0.0248514370
8.3500000000 0.0260994440
8.3600000000 0.0275645320
8.3700000000 0.0292869407
8.3800000000 0.0313073736
8.3900000000 0.0336596286
8.4000000000 0.0363637899
8.4100000000 0.0394200638
8.4200000000 0.0428062311
8.4300000000 0.0464790822
8.4400000000 0.0503809975
8.4500000000 0.0544498417
8.4600000000 0.0586302074
8.4700000000 0.0628815126
8.4800000000 0.0671794802
8.4900000000 0.0715101739
8.5000000000 0.0758571685
8.5100000000 0.0801863627
8.5200000000 0.0844315682
8.5300000000 0.0884881351
8.5400000000 0.0922171640
8.5500000000 0.0954638245
8.5600000000 0.0980860129
8.5700000000 0.0999854942
8.5800000000 0.1011312879
8.5900000000 0.1015652112
8.6000000000 0.1013916388
8.6100000000 0.1007540522
8.6200000000 0.0998089880
8.6300000000 0.0987033702
8.6400000000 0.0975583102
8.6500000000 0.0964614051
8.6600000000 0.0954654979
8.6700000000 0.0945906973
8.6800000000 0.0938286234
8.6900000000 0.0931499036
8.7000000000 0.0925161374
8.7100000000 0.0918946958
8.7200000000 0.0912708902
8.7300000000 0.0906544856
8.7400000000 0.0900796989
8.7500000000 0.0896010809
8.7600000000 0.0892886129
8.7700000000 0.0892233273
8.7800000000 0.0894906399
8.7900000000 0.0901693455
8.8000000000 0.0913179870
8.8100000000 0.0929610062
8.8200000000 0.0950772063
8.8300000000 0.0975931565
8.8400000000 0.1003826080
8.8500000000 0.1032744001
8.8600000000 0.1060709831
8.8700000000 0.1085769222
8.8800000000 0.1106288756
8.8900000000 0.1121182404
8.9000000000 0.1129980647
8.9100000000 0.1132770698
8.9200000000 0.1130038433
8.9300000000 0.1122506734
8.9400000000 0.1111003639
8.9500000000 0.1096380862
8.9600000000 0.1079459686
8.9700000000 0.1060995700
8.9800000000 0.1041635088
8.9900000000 0.1021877592
9.0000000000 0.1002086963
9.0100000000 0.0982535367
9.0200000000 0.0963469418
9.0300000000 0.0945121007
9.0400000000 0.0927671683
9.0500000000 0.0911174923
9.0600000000 0.0895511562
9.0700000000 0.0880378731
9.0800000000 0.0865336976
9.0900000000 0.0849881102
9.1000000000 0.0833544654
9.1100000000 0.0816019895
9.1200000000 0.0797258965
9.1300000000 0.0777516385
9.1400000000 0.0757300725
9.1500000000 0.0737244712
9.1600000000 0.0717964858
9.1700000000 0.0699966489
9.1800000000 0.0683630686
9.1900000000 0.0669278168
9.2000000000 0.0657258456
9.2100000000 0.0648017196
9.2200000000 0.0642101117
9.2300000000 0.0640103373
9.2400000000 0.0642571476
9.2500000000 0.0649905680
9.2600000000 0.0662281284
9.2700000000 0.0679592281
9.2800000000 0.0701425900
9.2900000000 0.0727062330
9.3000000000 0.0755490739
9.3100000000 0.0785449237
9.3200000000 0.0815486270
9.3300000000 0.0844034820
9.3400000000 0.0869519732
9.3500000000 0.0890478482
9.3600000000 0.0905718457
9.3700000000 0.0914469610
9.3800000000 0.0916515395
9.3900000000 0.0912242325
9.4000000000 0.0902571741
9.4100000000 0.0888772286
9.4200000000 0.0872210213
9.4300000000 0.0854116565
9.4400000000 0.0835451758
9.4500000000 0.0816881739
9.4600000000 0.0798838555
9.4700000000 0.0781604202
9.4800000000 0.0765386913
9.4900000000 0.0750354745
9.5000000000 0.0736653511
9.5100000000 0.0724392154
9.5200000000 0.0713634327
9.5300000000 0.0704385368
9.5400000000 0.0696591329
9.5500000000 0.0690146357
9.5600000000 0.0684908472
9.5700000000 0.0680721964
9.5800000000 0.0677426007
9.5900000000 0.0674855065
9.6000000000 0.0672847051
9.6100000000 0.0671246901
9.6200000000 0.0669929947
9.6300000000 0.0668826274
9.6400000000 0.0667942142
9.6500000000 0.0667355459
9.6600000000 0.0667200205
9.6700000000 0.0667620188
9.6800000000 0.0668734617
9.6900000000 0.0670614182
9.7000000000 0.0673288607
9.7100000000 0.0676759266
9.7200000000 0.0680996895
9.7300000000 0.0685890081
9.7400000000 0.0691178243
9.7500000000 0.0696399079
9.7600000000 0.0700902229
9.7700000000 0.0703957324
9.7800000000 0.0704917324
9.7900000000 0.0703385689
9.8000000000 0.0699311220
9.8100000000 0.0692984827
9.8200000000 0.0684950652
9.8300000000 0.0675876616
9.8400000000 0.0666448529
9.8500000000 0.0657309984
9.8600000000 0.0649055494
9.8700000000 0.0642246995
9.8800000000 0.0637408734
9.8900000000 0.0634976447
9.9000000000 0.0635205710
9.9100000000 0.0638075329
9.9200000000 0.0643226795
9.9300000000 0.0649990249
9.9400000000 0.0657488815
9.9500000000 0.0664800704
9.9600000000 0.0671119256
9.9700000000 0.0675862924
9.9800000000 0.0678714713
9.9900000000 0.0679595544
10.0000000000 0.0678600090
10.0100000000 0.0675942481
10.0200000000 0.0671919622
10.0300000000 0.0666888101
10.0400000000 0.0661237015
10.0500000000 0.0655338439
10.0600000000 0.0649495283
10.0700000000 0.0643901981
10.0800000000 0.0638645571
10.0900000000 0.0633737114
10.1000000000 0.0629171590
10.1100000000 0.0624967439
10.1200000000 0.0621184973
10.1300000000 0.0617893499
10.1400000000 0.0615115904
10.1500000000 0.0612778995
10.1600000000 0.0610688014
10.1700000000 0.0608564027
10.1800000000 0.0606104846
10.1900000000 0.0603059542
10.2000000000 0.0599272508
10.2100000000 0.0594688324
10.2200000000 0.0589322050
10.2300000000 0.0583191937
10.2400000000 0.0576268435
10.2500000000 0.0568436062
10.2600000000 0.0559509287
10.2700000000 0.0549293883
10.2800000000 0.0537671407
10.2900000000 0.0524679505
10.3000000000 0.0510549937
10.3100000000 0.0495689154
10.3200000000 0.0480606760
10.3300000000 0.0465821243
10.3400000000 0.0451771950
10.3500000000 0.0438749874
10.3600000000 0.0426865968
10.3700000000 0.0416054519
10.3800000000 0.0406105921
10.3900000000 0.0396734855
10.4000000000 0.0387649528
10.4100000000 0.0378613412
10.4200000000 0.0369485168
10.4300000000 0.0360224165
10.4400000000 0.0350880614
10.4500000000 0.0341570483
10.4600000000 0.0332447666
10.4700000000 0.0323683402
10.4800000000 0.0315451462
10.4900000000 0.0307926645
10.5000000000 0.0301287773
10.5100000000 0.0295710829
10.5200000000 0.0291371662
10.5300000000 0.0288431759
10.5400000000 0.0287038118
10.5500000000 0.0287333131
10.5600000000 0.0289473228
10.5700000000 0.0293649500
10.5800000000 0.0300093626
10.5900000000 0.0309049633
10.6000000000 0.0320716769
10.6100000000 0.0335167674
10.6200000000 0.0352274376
10.6300000000 0.0371666493
10.6400000000 0.0392738103
10.6500000000 0.0414702258
10.6600000000 0.0436684250
10.6700000000 0.0457805209
10.6800000000 0.0477259594
10.6900000000 0.0494353406
10.7000000000 0.0508546361
10.7100000000 0.0519481740
10.7200000000 0.0527026644
10.7300000000 0.0531292368
10.7400000000 0.0532623362
10.7500000000 0.0531543142
10.7600000000 0.0528665671
10.7700000000 0.0524594235
10.7800000000 0.0519848483
10.7900000000 0.0514836601
10.8000000000 0.0509871524
10.8100000000 0.0505211723
10.8200000000 0.0501098636
10.8300000000 0.0497774928
10.8400000000 0.0495480171
10.8500000000 0.0494420370
10.8600000000 0.0494727038
10.8700000000 0.0496414324
10.8800000000 0.0499349808
10.8900000000 0.0503253458
10.9000000000 0.0507739796
10.9100000000 0.0512378695
10.9200000000 0.0516765037
10.9300000000 0.0520573846
10.9400000000 0.0523590416
10.9500000000 0.0525711227
10.9600000000 0.0526927047
10.9700000000 0.0527297872
10.9800000000 0.0526920662
10.9900000000 0.0525903924
11.0000000000 0.0524356201
11.0100000000 0.0522377959
11.0200000000 0.0520066966
11.0300000000 0.0517530306
11.0400000000 0.0514893180
11.0500000000 0.0512294965
11.0600000000 0.0509879886
11.0700000000 0.0507772022
11.0800000000 0.0506053834
11.0900000000 0.0504749226
11.1000000000 0.0503832781
11.1100000000 0.0503265170
11.1200000000 0.0503034902
11.1300000000 0.0503196338
11.1400000000 0.0503870270
11.1500000000 0.0505234218
11.1600000000 0.0507487112
11.1700000000 0.0510833199
11.1800000000 0.0515463491
11.1900000000 0.0521523194
11.2000000000 0.0529072517
11.2100000000 0.0538020588
11.2200000000 0.0548087097
11.2300000000 0.0558804321
11.2400000000 0.0569583107
11.2500000000 0.0579811266
11.2600000000 0.0588960342
11.2700000000 0.0596668302
11.2800000000 0.0602777626
11.2900000000 0.0607349915
11.3000000000 0.0610646280
11.3100000000 0.0613092010
11.3200000000 0.0615221361
11.3300000000 0.0617603547
11.3400000000 0.0620776197
11.3500000000 0.0625186917
11.3600000000 0.0631153348
11.3700000000 0.0638827177
11.3800000000 0.0648169654
11.3900000000 0.0658922594
11.4000000000 0.0670599467
11.4100000000 0.0682514168
11.4200000000 0.0693853645
11.4300000000 0.0703795313
11.4400000000 0.0711639508
11.4500000000 0.0716924188
11.4600000000 0.0719484887
11.4700000000 0.0719462606
11.4800000000 0.0717245518
11.4900000000 0.0713371837
11.5000000000 0.0708414479
11.5100000000 0.0702873761
11.5200000000 0.0697107483
11.5300000000 0.0691307796
11.5400000000 0.0685507011
11.5500000000 0.0679621316
11.5600000000 0.0673491679
11.5700000000 0.0666936441
11.5800000000 0.0659794601
11.5900000000 0.0651958758
11.6000000000 0.0643398161
11.6100000000 0.0634175517
11.6200000000 0.0624435493
11.6300000000 0.0614391282
11.6400000000 0.0604297306
11.6500000000 0.0594433551
11.6600000000 0.0585092380
11.6700000000 0.0576573145
11.6800000000 0.0569165894
11.6900000000 0.0563119848
11.7000000000 0.0558599038
11.7100000000 0.0555642313
11.7200000000 0.0554131486
11.7300000000 0.0553782043
11.7400000000 0.0554178331
11.7500000000 0.0554827118
11.7600000000 0.0555236236
11.7700000000 0.0554985204
11.7800000000 0.0553784850
11.7900000000 0.0551503290
11.8000000000 0.0548171363
11.8100000000 0.0543957822
11.8200000000 0.0539145025
11.8300000000 0.0534079779
11.8400000000 0.0529142590
11.8500000000 0.0524699856
11.8600000000 0.0521070115
11.8700000000 0.0518483108
11.8800000000 0.0517049779
11.8900000000 0.0516737413
11.9000000000 0.0517377495
11.9100000000 0.0518702024
11.9200000000 0.0520395235
11.9300000000 0.0522160839
11.9400000000 0.0523767955
11.9500000000 0.0525061968
11.9600000000 0.0525957803
11.9700000000 0.0526414636
11.9800000000 0.0526420273
11.9900000000 0.0525984945
12.0000000000 0.0525145628
12.0100000000 0.0523963742
12.0200000000 0.0522519281
12.0300000000 0.0520903412
12.0400000000 0.0519217374
12.0500000000 0.0517568547
12.0600000000 0.0516070538
12.0700000000 0.0514818969
12.0800000000 0.0513871357
12.0900000000 0.0513233124
12.1000000000 0.0512858835
12.1100000000 0.0512679844
12.1200000000 0.0512621571
12.1300000000 0.0512614847
12.1400000000 0.0512572149
12.1500000000 0.0512372997
12.1600000000 0.0511854250
12.1700000000 0.0510823730
12.1800000000 0.0509099673
12.1900000000 0.0506549787
12.2000000000 0.0503114280
12.2100000000 0.0498799789
12.2200000000 0.0493660924
12.2300000000 0.0487779070
12.2400000000 0.0481240745
12.2500000000 0.0474136452
12.2600000000 0.0466566172
12.2700000000 0.0458644913
12.2800000000 0.0450494647
12.2900000000 0.0442244400
12.3000000000 0.0434026903
12.3100000000 0.0425977534
12.3200000000 0.0418240009
12.3300000000 0.0410959540
12.3400000000 0.0404285862
12.3500000000 0.0398352646
12.3600000000 0.0393273173
12.3700000000 0.0389130109
12.3800000000 0.0385978342
12.3900000000 0.0383861358
12.4000000000 0.0382822481
12.4100000000 0.0382909643
12.4200000000 0.0384179316
12.4300000000 0.0386675699
12.4400000000 0.0390410885
12.4500000000 0.0395352953
12.4600000000 0.0401415646
12.4700000000 0.0408470595
12.4800000000 0.0416358031
12.4900000000 0.0424904854
12.5000000000 0.0433930060
12.5100000000 0.0443246122
12.5200000000 0.0452657342
12.5300000000 0.0461952151
12.5400000000 0.0470909261
12.5500000000 0.0479298142
12.5600000000 0.0486894887
12.5700000000 0.0493496195
12.5800000000 0.0498953370
12.5900000000 0.0503202048
12.6000000000 0.0506281590
12.6100000000 0.0508341838
12.6200000000 0.0509609519
12.6300000000 0.0510336710
12.6400000000 0.0510743881
12.6500000000 0.0510973934
12.6600000000 0.0511073032
12.6700000000 0.0510992108
12.6800000000 0.0510606970
12.6900000000 0.0509765087
12.7000000000 0.0508317462
12.7100000000 0.0506159963
12.7200000000 0.0503245438
12.7300000000 0.0499577149
12.7400000000 0.0495192106
12.7500000000 0.0490138178
12.7600000000 0.0484474830
12.7700000000 0.0478277058
12.7800000000 0.0471649029
12.7900000000 0.0464722749
12.8000000000 0.0457655174
12.8100000000 0.0450600687
12.8200000000 0.0443690530
12.8300000000 0.0437005830
12.8400000000 0.0430568397
12.8500000000 0.0424345199
12.8600000000 0.0418253247
12.8700000000 0.0412190088
12.8800000000 0.0406055950
12.8900000000 0.0399776998
12.9000000000 0.0393328445
12.9100000000 0.0386738263
12.9200000000 0.0380089484
12.9300000000 0.0373501452
12.9400000000 0.0367113311
12.9500000000 0.0361055170
12.9600000000 0.0355435601
12.9700000000 0.0350330496
12.9800000000 0.0345781973
12.9900000000 0.0341803216
13.0000000000 0.0338381237
13.0100000000 0.0335475639
13.0200000000 0.0333015989
13.0300000000 0.0330902172
13.0400000000 0.0329012903
13.0500000000 0.0327223890
13.0600000000 0.0325423170
13.0700000000 0.0323528127
13.0800000000 0.0321485102
13.0900000000 0.0319259271
13.1000000000 0.0316830540
13.1100000000 0.0314187940
13.1200000000 0.0311339411
13.1300000000 0.0308318811
13.1400000000 0.0305196273
13.1500000000 0.0302070271
13.1600000000 0.0299065215
13.1700000000 0.0296312185
13.1800000000 0.0293940868
13.1900000000 0.0292075405
13.2000000000 0.0290828277
13.2100000000 0.0290310260
13.2200000000 0.0290630996
13.2300000000 0.0291901194
13.2400000000 0.0294218011
13.2500000000 0.0297645192
13.2600000000 0.0302187997
13.2700000000 0.0307779038
13.2800000000 0.0314278950
13.2900000000 0.0321485426
13.3000000000 0.0329152581
13.3100000000 0.0337001514
13.3200000000 0.0344731294
13.3300000000 0.0352033211
13.3400000000 0.0358615214
13.3500000000 0.0364231893
13.3600000000 0.0368710300
13.3700000000 0.0371969080
13.3800000000 0.0374016744
13.3900000000 0.0374941564
13.4000000000 0.0374893059
13.4100000000 0.0374057946
13.4200000000 0.0372650153
13.4300000000 0.0370887357
13.4400000000 0.0368979085
13.4500000000 0.0367112838
13.4600000000 0.0365440484
13.4700000000 0.0364078811
13.4800000000 0.0363100646
13.4900000000 0.0362520165
13.5000000000 0.0362281129
13.5100000000 0.0362246116
13.5200000000 0.0362214608
13.5300000000 0.0361961661
13.5400000000 0.0361290007
13.5500000000 0.0360080895
13.5600000000 0.0358313887
13.5700000000 0.0356068399
13.5800000000 0.0353488257
13.5900000000 0.0350744456
13.6000000000 0.0347989887
13.6100000000 0.0345331883
13.6200000000 0.0342820099
13.6300000000 0.0340454169
13.6400000000 0.0338201146
13.6500000000 0.0336011064
13.6600000000 0.0333834560
13.6700000000 0.0331630104
13.6800000000 0.0329374074
13.6900000000 0.0327065269
13.7000000000 0.0324723836
13.7100000000 0.0322383600
13.7200000000 0.0320075505
13.7300000000 0.0317811163
13.7400000000 0.0315570124
13.7500000000 0.0313303360
13.7600000000 0.0310948355
13.7700000000 0.0308446393
13.7800000000 0.0305767572
13.7900000000 0.0302925981
13.8000000000 0.0299988037
13.8100000000 0.0297070013
13.8200000000 0.0294327581
13.8300000000 0.0291928070
13.8400000000 0.0290028275
13.8500000000 0.0288744280
13.8600000000 0.0288132317
13.8700000000 0.0288178236
13.8800000000 0.0288803126
13.8900000000 0.0289875081
13.9000000000 0.0291231744
13.9100000000 0.0292699633
13.9200000000 0.0294120600
13.9300000000 0.0295372791
13.9400000000 0.0296378671
13.9500000000 0.0297106113
13.9600000000 0.0297549530
13.9700000000 0.0297705709
13.9800000000 0.0297561232
13.9900000000 0.0297089609
14.0000000000 0.0296264160
14.0100000000 0.0295079849
14.0200000000 0.0293558600
14.0300000000 0.0291750746
14.0400000000 0.0289720948
14.0500000000 0.0287533871
14.0600000000 0.0285235816
14.0700000000 0.0282855613
14.0800000000 0.0280413020
14.0900000000 0.0277939993
14.1000000000 0.0275504024
14.1100000000 0.0273224037
14.1200000000 0.0271267915
14.1300000000 0.0269828678
14.1400000000 0.0269094558
14.1500000000 0.0269213839
14.1600000000 0.0270265578
14.1700000000 0.0272257103
14.1800000000 0.0275128736
14.1900000000 0.0278768796
14.2000000000 0.0283041494
14.2100000000 0.0287802708
14.2200000000 0.0292913360
14.2300000000 0.0298253754
14.2400000000 0.0303731365
14.2500000000 0.0309275099
14.2600000000 0.0314838643
14.2700000000 0.0320380490
14.2800000000 0.0325849198
14.2900000000 0.0331169416
14.3000000000 0.0336244103
14.3100000000 0.0340965124
14.3200000000 0.0345244787
14.3300000000 0.0349038232
14.3400000000 0.0352351448
14.3500000000 0.0355232270
14.3600000000 0.0357748951
14.3700000000 0.0359967049
14.3800000000 0.0361934983
14.3900000000 0.0363687673
14.4000000000 0.0365246827
14.4100000000 0.0366618628
14.4200000000 0.0367795322
14.4300000000 0.0368752469
14.4400000000 0.0369446828
14.4500000000 0.0369820018
14.4600000000 0.0369802835
14.4700000000 0.0369317733
14.4800000000 0.0368288937
14.4900000000 0.0366655876
14.5000000000 0.0364377648
14.5100000000 0.0361455555
14.5200000000 0.0357931135
14.5300000000 0.0353893306
14.5400000000 0.0349468953
14.5500000000 0.0344809312
14.5600000000 0.0340073726
14.5700000000 0.0335411508
14.5800000000 0.0330946475
14.5900000000 0.0326771374
14.6000000000 0.0322940808
14.6100000000 0.0319475330
14.6200000000 0.0316366327
14.6300000000 0.0313592083
14.6400000000 0.0311124366
14.6500000000 0.0308943026
14.6600000000 0.0307030368
14.6700000000 0.0305370176
14.6800000000 0.0303929833
14.6900000000 0.0302657641
14.7000000000 0.0301491654
14.7100000000 0.0300363604
14.7200000000 0.0299216206
14.7300000000 0.0298002194
14.7400000000 0.0296682614
14.7500000000 0.0295220076
14.7600000000 0.0293584391
14.7700000000 0.0291755595
14.7800000000 0.0289744694
14.7900000000 0.0287597502
14.8000000000 0.0285388345
14.8100000000 0.0283202244
14.8200000000 0.0281102500
14.8300000000 0.0279104269
14.8400000000 0.0277166082
14.8500000000 0.0275201541
14.8600000000 0.0273096754
14.8700000000 0.0270747284
14.8800000000 0.0268083841
14.8900000000 0.0265082210
14.9000000000 0.0261767433
14.9100000000 0.0258204494
14.9200000000 0.0254486858
14.9300000000 0.0250718168
14.9400000000 0.0247005655
14.9500000000 0.0243446794
14.9600000000 0.0240126486
14.9700000000 0.0237113618
14.9800000000 0.0234461613
14.9900000000 0.0232201952
15.0000000000 0.0230355117
15.0100000000 0.0228928587
15.0200000000 0.0227929491
15.0300000000 0.0227369308
15.0400000000 0.0227268674
15.0500000000 0.0227660517
15.0600000000 0.0228592115
15.0700000000 0.0230123712
15.0800000000 0.0232332666
15.0900000000 0.0235311290
15.1000000000 0.0239166946
15.1100000000 0.0244008955
15.1200000000 0.0249929691
15.1300000000 0.0256971260
15.1400000000 0.0265097305
15.1500000000 0.0274174838
15.1600000000 0.0283965703
15.1700000000 0.0294148294
15.1800000000 0.0304338174
15.1900000000 0.0314135980
15.2000000000 0.0323156712
15.2100000000 0.0331074421
15.2200000000 0.0337646660
15.2300000000 0.0342730531
15.2400000000 0.0346289925
15.2500000000 0.0348391786
15.2600000000 0.0349188007
15.2700000000 0.0348893036
15.2800000000 0.0347745716
15.2900000000 0.0345975044
15.3000000000 0.0343767786
15.3100000000 0.0341249801
15.3200000000 0.0338490538
15.3300000000 0.0335523471
15.3400000000 0.0332369614
15.3500000000 0.0329055570
15.3600000000 0.0325620638
15.3700000000 0.0322114022
15.3800000000 0.0318587035
15.3900000000 0.0315089952
15.4000000000 0.0311666682
15.4100000000 0.0308365482
15.4200000000 0.0305229015
15.4300000000 0.0302300059
15.4400000000 0.0299604107
15.4500000000 0.0297148672
15.4600000000 0.0294914352
15.4700000000 0.0292853557
15.4800000000 0.0290899010
15.4900000000 0.0288976605
15.5000000000 0.0287017858
15.5100000000 0.0284978383
15.5200000000 0.0282845732
15.5300000000 0.0280648723
15.5400000000 0.0278448799
15.5500000000 0.0276326010
15.5600000000 0.0274361402
15.5700000000 0.0272617073
15.5800000000 0.0271120641
15.5900000000 0.0269864763
15.6000000000 0.0268807422
15.6100000000 0.0267881813
15.6200000000 0.0267016870
15.6300000000 0.0266142008
15.6400000000 0.0265205200
15.6500000000 0.0264169138
15.6600000000 0.0263015432
15.6700000000 0.0261741578
15.6800000000 0.0260357269
15.6900000000 0.0258884399
15.7000000000 0.0257359600
15.7100000000 0.0255831092
15.7200000000 0.0254350965
15.7300000000 0.0252966316
15.7400000000 0.0251706885
15.7500000000 0.0250571576
15.7600000000 0.0249526523
15.7700000000 0.0248514279
15.7800000000 0.0247469953
15.7900000000 0.0246340904
15.8000000000 0.0245098671
15.8100000000 0.0243741323
15.8200000000 0.0242288028
15.8300000000 0.0240776455
15.8400000000 0.0239249564
15.8500000000 0.0237753175
15.8600000000 0.0236327310
15.8700000000 0.0235001682
15.8800000000 0.0233793160
15.8900000000 0.0232707793
15.9000000000 0.0231751572
15.9100000000 0.0230935296
15.9200000000 0.0230280312
15.9300000000 0.0229817058
15.9400000000 0.0229579855
15.9500000000 0.0229601953
15.9600000000 0.0229913938
15.9700000000 0.0230536639
15.9800000000 0.0231483419
15.9900000000 0.0232746977
16.0000000000 0.0234301605
16.0100000000 0.0236100100
16.0200000000 0.0238082844
16.0300000000 0.0240179514
16.0400000000 0.0242319691
16.0500000000 0.0244430913
16.0600000000 0.0246445280
16.0700000000 0.0248301099
16.0800000000 0.0249958222
16.0900000000 0.0251409178
16.1000000000 0.0252683735
16.1100000000 0.0253846089
16.1200000000 0.0254982147
16.1300000000 0.0256181731
16.1400000000 0.0257522355
16.1500000000 0.0259053502
16.1600000000 0.0260781860
16.1700000000 0.0262673858
16.1800000000 0.0264652470
16.1900000000 0.0266614577
16.2000000000 0.0268441750
16.2100000000 0.0270021035
16.2200000000 0.0271261557
16.2300000000 0.0272104049
16.2400000000 0.0272529148
16.2500000000 0.0272556930
16.2600000000 0.0272249007
16.2700000000 0.0271698872
16.2800000000 0.0271023874
16.2900000000 0.0270339534
16.3000000000 0.0269736955
16.3100000000 0.0269265897
16.3200000000 0.0268921356
16.3300000000 0.0268655397
16.3400000000 0.0268388286
16.3500000000 0.0268033003
16.3600000000 0.0267510131
16.3700000000 0.0266752997
16.3800000000 0.0265718062
16.3900000000 0.0264383665
16.4000000000 0.0262760083
16.4100000000 0.0260887906
16.4200000000 0.0258844217
16.4300000000 0.0256733671
16.4400000000 0.0254676935
16.4500000000 0.0252794560
16.4600000000 0.0251191762
16.4700000000 0.0249948133
16.4800000000 0.0249101688
16.4900000000 0.0248652489
16.5000000000 0.0248570993
16.5100000000 0.0248811830
16.5200000000 0.0249333121
16.5300000000 0.0250108835
16.5400000000 0.0251127877
16.5500000000 0.0252387657
16.5600000000 0.0253871423
16.5700000000 0.0255539403
16.5800000000 0.0257318857
16.5900000000 0.0259111542
16.6000000000 0.0260798510
16.6100000000 0.0262258774
16.6200000000 0.0263380677
16.6300000000 0.0264071278
16.6400000000 0.0264268763
16.6500000000 0.0263951947
16.6600000000 0.0263138589
16.6700000000 0.0261888478
16.6800000000 0.0260289627
16.6900000000 0.0258448243
16.7000000000 0.0256465920
16.7100000000 0.0254435479
16.7200000000 0.0252424301
16.7300000000 0.0250475285
16.7400000000 0.0248610346
16.7500000000 0.0246829792
16.7600000000 0.0245125205
16.7700000000 0.0243481995
16.7800000000 0.0241889841
16.7900000000 0.0240341878
16.8000000000 0.0238843374
16.8100000000 0.0237409207
16.8200000000 0.0236058437
16.8300000000 0.0234814592
16.8400000000 0.0233692427
16.8500000000 0.0232699566
16.8600000000 0.0231831894
16.8700000000 0.0231076301
16.8800000000 0.0230414686
16.8900000000 0.0229832321
16.9000000000 0.0229323818
16.9100000000 0.0228893259
16.9200000000 0.0228552006
16.9300000000 0.0228308409
16.9400000000 0.0228167734
16.9500000000 0.0228118756
16.9600000000 0.0228140168
16.9700000000 0.0228205987
16.9800000000 0.0228295273
16.9900000000 0.0228405881
17.0000000000 0.0228555485
17.0100000000 0.0228781354
17.0200000000 0.0229128154
17.0300000000 0.0229627587
17.0400000000 0.0230287400
17.0500000000 0.0231086938
17.0600000000 0.0231987355
17.0700000000 0.0232939858
17.0800000000 0.0233910789
17.0900000000 0.0234882855
17.1000000000 0.0235859370
17.1100000000 0.0236845259
17.1200000000 0.0237837559
17.1300000000 0.0238804320
17.1400000000 0.0239688387
17.1500000000 0.0240409830
17.1600000000 0.0240894817
17.1700000000 0.0241092489
17.1800000000 0.0240991875
17.1900000000 0.0240619793
17.2000000000 0.0240033317
17.2100000000 0.0239303275
17.2200000000 0.0238493428
17.2300000000 0.0237657307
17.2400000000 0.0236832254
17.2500000000 0.0236038271
17.2600000000 0.0235283570
17.2700000000 0.0234569402
17.2800000000 0.0233895631
17.2900000000 0.0233257912
17.3000000000 0.0232651485
17.3100000000 0.0232069408
17.3200000000 0.0231498102
17.3300000000 0.0230922658
17.3400000000 0.0230319829
17.3500000000 0.0229664897
17.3600000000 0.0228936473
17.3700000000 0.0228121831
17.3800000000 0.0227219363
17.3900000000 0.0226237576
17.4000000000 0.0225194984
17.4100000000 0.0224113684
17.4200000000 0.0223020876
17.4300000000 0.0221944452
17.4400000000 0.0220912343
17.4500000000 0.0219949023
17.4600000000 0.0219065416
17.4700000000 0.0218264094
17.4800000000 0.0217532977
17.4900000000 0.0216849599
17.5000000000 0.0216191670
17.5100000000 0.0215542294
17.5200000000 0.0214888610
17.5300000000 0.0214226107
17.5400000000 0.0213546360
17.5500000000 0.0212838371
17.5600000000 0.0212082481
17.5700000000 0.0211257368
17.5800000000 0.0210340261
17.5900000000 0.0209316695
17.6000000000 0.0208184358
17.6100000000 0.0206954138
17.6200000000 0.0205648959
17.6300000000 0.0204302017
17.6400000000 0.0202951566
17.6500000000 0.0201633780
17.6600000000 0.0200385337
17.6700000000 0.0199231844
17.6800000000 0.0198188724
17.6900000000 0.0197261692
17.7000000000 0.0196443843
17.7100000000 0.0195720415
17.7200000000 0.0195074163
17.7300000000 0.0194490727
17.7400000000 0.0193963472
17.7500000000 0.0193494958
17.7600000000 0.0193093682
17.7700000000 0.0192775254
17.7800000000 0.0192549476
17.7900000000 0.0192424992
17.8000000000 0.0192401487
17.8100000000 0.0192474468
17.8200000000 0.0192636660
17.8300000000 0.0192878172
17.8400000000 0.0193192699
17.8500000000 0.0193575717
17.8600000000 0.0194021911
17.8700000000 0.0194526198
17.8800000000 0.0195075546
17.8900000000 0.0195652753
17.9000000000 0.0196238604
17.9100000000 0.0196813663
17.9200000000 0.0197368003
17.9300000000 0.0197895181
17.9400000000 0.0198398741
17.9500000000 0.0198883963
17.9600000000 0.0199360714
17.9700000000 0.0199840405
17.9800000000 0.0200340218
17.9900000000 0.0200877046
18.0000000000 0.0201467212
18.0100000000 0.0202117029
18.0200000000 0.0202816256
18.0300000000 0.0203534903
18.0400000000 0.0204221631
18.0500000000 0.0204814041
18.0600000000 0.0205247286
18.0700000000 0.0205468964
18.0800000000 0.0205443044
18.0900000000 0.0205153492
18.1000000000 0.0204608869
18.1100000000 0.0203836221
18.1200000000 0.0202875683
18.1300000000 0.0201776491
18.1400000000 0.0200587023
18.1500000000 0.0199348327
18.1600000000 0.0198092450
18.1700000000 0.0196839163
18.1800000000 0.0195594806
18.1900000000 0.0194356266
18.2000000000 0.0193113998
18.2100000000 0.0191857833
18.2200000000 0.0190576912
18.2300000000 0.0189269029
18.2400000000 0.0187939540
18.2500000000 0.0186597343
18.2600000000 0.0185258841
18.2700000000 0.0183940281
18.2800000000 0.0182658141
18.2900000000 0.0181431010
18.3000000000 0.0180279276
18.3100000000 0.0179226646
18.3200000000 0.0178296601
18.3300000000 0.0177512554
18.3400000000 0.0176887818
18.3500000000 0.0176430477
18.3600000000 0.0176132427
18.3700000000 0.0175978320
18.3800000000 0.0175942656
18.3900000000 0.0175995433
18.4000000000 0.0176100886
18.4100000000 0.0176224873
18.4200000000 0.0176334233
18.4300000000 0.0176403302
18.4400000000 0.0176413112
18.4500000000 0.0176357700
18.4600000000 0.0176236815
18.4700000000 0.0176057182
18.4800000000 0.0175832701
18.4900000000 0.0175574417
18.5000000000 0.0175296542
18.5100000000 0.0175013953
18.5200000000 0.0174737995
18.5300000000 0.0174480239
18.5400000000 0.0174248490
18.5500000000 0.0174052448
18.5600000000 0.0173894898
18.5700000000 0.0173779678
18.5800000000 0.0173708721
18.5900000000 0.0173679568
18.6000000000 0.0173688695
18.6100000000 0.0173733200
18.6200000000 0.0173806398
18.6300000000 0.0173904747
18.6400000000 0.0174023444
18.6500000000 0.0174162727
18.6600000000 0.0174324533
18.6700000000 0.0174511441
18.6800000000 0.0174731316
18.6900000000 0.0174990160
18.7000000000 0.0175296328
18.7100000000 0.0175655272
18.7200000000 0.0176067621
18.7300000000 0.0176523047
18.7400000000 0.0176999372
18.7500000000 0.0177463363
18.7600000000 0.0177872987
18.7700000000 0.0178187542
18.7800000000 0.0178371002
18.7900000000 0.0178400768
18.8000000000 0.0178266604
18.8100000000 0.0177972822
18.8200000000 0.0177536736
18.8300000000 0.0176985627
18.8400000000 0.0176349875
18.8500000000 0.0175663820
18.8600000000 0.0174963217
18.8700000000 0.0174274867
18.8800000000 0.0173623364
18.8900000000 0.0173023403
18.9000000000 0.0172480594
18.9100000000 0.0171992716
18.9200000000 0.0171555715
18.9300000000 0.0171160653
18.9400000000 0.0170799588
18.9500000000 0.0170465747
18.9600000000 0.0170151999
18.9700000000 0.0169852649
18.9800000000 0.0169562012
18.9900000000 0.0169269319
19.0000000000 0.0168967032
19.0100000000 0.0168646306
19.0200000000 0.0168305765
19.0300000000 0.0167949038
19.0400000000 0.0167585777
19.0500000000 0.0167232223
19.0600000000 0.0166905638
19.0700000000 0.0166624021
19.0800000000 0.0166405352
19.0900000000 0.0166261387
19.1000000000 0.0166199734
19.1100000000 0.0166222548
19.1200000000 0.0166328683
19.1300000000 0.0166511385
19.1400000000 0.0166760789
19.1500000000 0.0167067622
19.1600000000 0.0167417723
19.1700000000 0.0167792679
19.1800000000 0.0168173146
19.1900000000 0.0168534561
19.2000000000 0.0168851492
19.2100000000 0.0169100445
19.2200000000 0.0169261855
19.2300000000 0.0169321955
19.2400000000 0.0169274201
19.2500000000 0.0169120721
19.2600000000 0.0168870052
19.2700000000 0.0168536486
19.2800000000 0.0168138484
19.2900000000 0.0167699750
19.3000000000 0.0167245414
19.3100000000 0.0166800890
19.3200000000 0.0166387940
19.3300000000 0.0166021284
19.3400000000 0.0165705217
19.3500000000 0.0165433308
19.3600000000 0.0165190315
19.3700000000 0.0164951999
19.3800000000 0.0164691114
19.3900000000 0.0164381838
19.4000000000 0.0164000234
19.4100000000 0.0163528327
19.4200000000 0.0162954086
19.4300000000 0.0162274439
19.4400000000 0.0161495171
19.4500000000 0.0160627410
19.4600000000 0.0159689299
19.4700000000 0.0158702350
19.4800000000 0.0157685467
19.4900000000 0.0156657639
19.5000000000 0.0155635219
19.5100000000 0.0154631355
19.5200000000 0.0153658687
19.5300000000 0.0152727737
19.5400000000 0.0151848767
19.5500000000 0.0151030090
19.5600000000 0.0150280366
19.5700000000 0.0149605567
19.5800000000 0.0149012989
19.5900000000 0.0148508384
19.6000000000 0.0148095863
19.6100000000 0.0147778513
19.6200000000 0.0147556581
19.6300000000 0.0147426661
19.6400000000 0.0147381353
19.6500000000 0.0147406454
19.6600000000 0.0147484106
19.6700000000 0.0147595128
19.6800000000 0.0147718375
19.6900000000 0.0147838677
19.7000000000 0.0147942717
19.7100000000 0.0148025815
19.7200000000 0.0148083309
19.7300000000 0.0148116014
19.7400000000 0.0148124761
19.7500000000 0.0148113369
19.7600000000 0.0148085990
19.7700000000 0.0148046784
19.7800000000 0.0148003229
19.7900000000 0.0147956316
19.8000000000 0.0147910375
19.8100000000 0.0147862414
19.8200000000 0.0147807122
19.8300000000 0.0147738700
19.8400000000 0.0147646857
19.8500000000 0.0147524139
19.8600000000 0.0147361427
19.8700000000 0.0147151088
19.8800000000 0.0146888315
19.8900000000 0.0146570263
19.9000000000 0.0146203234
19.9100000000 0.0145797984
19.9200000000 0.0145370434
19.9300000000 0.0144939822
19.9400000000 0.0144521441
19.9500000000 0.0144125925
19.9600000000 0.0143754169
19.9700000000 0.0143403731
19.9800000000 0.0143063741
19.9900000000 0.0142721488
20.0000000000 0.0142364107
