0.0100000000 12.5028455397
0.0200000000 36.3732103527
0.0300000000 56.2664636578
0.0400000000 69.5869171905
0.0500000000 78.1502939922
0.0600000000 83.7486312250
0.0700000000 87.5293117163
0.0800000000 90.1712349382
0.0900000000 92.0765580218
0.1000000000 93.4895032236
0.1100000000 94.5630760915
0.1200000000 95.3961874944
0.1300000000 96.0546858393
0.1400000000 96.5835993767
0.1500000000 97.0144719564
0.1600000000 97.3698859201
0.1700000000 97.6663259788
0.1800000000 97.9160384479
0.1900000000 98.1282657769
0.2000000000 98.3100841668
0.2100000000 98.4669817544
0.2200000000 98.6032658885
0.2300000000 98.7223536933
0.2400000000 98.8269831503
0.2500000000 98.9193680731
0.2600000000 99.0013133807
0.2700000000 99.0743021540
0.2800000000 99.1395617360
0.2900000000 99.1981144477
0.3000000000 99.2508171412
0.3100000000 99.2983920439
0.3200000000 99.3414508244
0.3300000000 99.3805145492
0.3400000000 99.4160283603
0.3500000000 99.4483747494
0.3600000000 99.4778828840
0.3700000000 99.5048377168
0.3800000000 99.5294857012
0.3900000000 99.5520411680
0.4000000000 99.5726906928
0.4100000000 99.5915964664
0.4200000000 99.6089002250
0.4300000000 99.6247252299
0.4400000000 99.6391789307
0.4500000000 99.6523547106
0.4600000000 99.6643329034
0.4700000000 99.6751835303
0.4800000000 99.6849655693
0.4900000000 99.6937286808
0.5000000000 99.7015138283
0.5100000000 99.7083523595
0.5200000000 99.7142671228
0.5300000000 99.7192711805
0.5400000000 99.7233690506
0.5500000000 99.7265555592
0.5600000000 99.7288166317
0.5700000000 99.7301281150
0.5800000000 99.7304562754
0.5900000000 99.7297564687
0.6000000000 99.7279728563
0.6100000000 99.7250372462
0.6200000000 99.7208689438
0.6300000000 99.7153736505
0.6400000000 99.7084458575
0.6500000000 99.6999697503
0.6600000000 99.6898249962
0.6700000000 99.6778945822
0.6800000000 99.6640779142
0.6900000000 99.6483105152
0.7000000000 99.6305857287
0.7100000000 99.6109797982
0.7200000000 99.5896688860
0.7300000000 99.5669227787
0.7400000000 99.5430649307
0.7500000000 99.5183864499
0.7600000000 99.4930303962
0.7700000000 99.4668791973
0.7800000000 99.4394904418
0.7900000000 99.4101045391
0.8000000000 99.3777193736
0.8100000000 99.3411931077
0.8200000000 99.2993395588
0.8300000000 99.2509986595
0.8400000000 99.1950848704
0.8500000000 99.1306322434
0.8600000000 99.0568550096
0.8700000000 98.9732494538
0.8800000000 98.8797426046
0.8900000000 98.7768834249
0.9000000000 98.6660522047
0.9100000000 98.5496191170
0.9200000000 98.4309650132
0.9300000000 98.3142746134
0.9400000000 98.2040742808
0.9500000000 98.1046139987
0.9600000000 98.0192800769
0.9700000000 97.9502399158
0.9800000000 97.8983805115
0.9900000000 97.8634545200
1.0000000000 97.8443296504
1.0100000000 97.8393179149
1.0200000000 97.8466319664
1.0300000000 97.8649241998
1.0400000000 97.8937216799
1.0500000000 97.9335002983
1.0600000000 97.9852810178
1.0700000000 98.0498758632
1.0800000000 98.1271300380
1.0900000000 98.2155163857
1.1000000000 98.3122418640
1.1100000000 98.4137635813
1.1200000000 98.5164374979
1.1300000000 98.6170558629
1.1400000000 98.7131470137
1.1500000000 98.8030460391
1.1600000000 98.8858100131
1.1700000000 98.9610625065
1.1800000000 99.0288302139
1.1900000000 99.0894013426
1.2000000000 99.1432204430
1.2100000000 99.1908176872
1.2200000000 99.2327656365
1.2300000000 99.2696587665
1.2400000000 99.3021010551
1.2500000000 99.3306937688
1.2600000000 99.3560179295
1.2700000000 99.3786001207
1.2800000000 99.3988713890
1.2900000000 99.4171309974
1.3000000000 99.4335327148
1.3100000000 99.4480954184
1.3200000000 99.4607438133
1.3300000000 99.4713537166
1.3400000000 99.4797976604
1.3500000000 99.4859705815
1.3600000000 99.4898155647
1.3700000000 99.4913352981
1.3800000000 99.4906110576
1.3900000000 99.4878186004
1.4000000000 99.4832451399
1.4100000000 99.4772911856
1.4200000000 99.4704467985
1.4300000000 99.4632257659
1.4400000000 99.4560660020
1.4500000000 99.4492112533
1.4600000000 99.4426279842
1.4700000000 99.4359871676
1.4800000000 99.4287257791
1.4900000000 99.4201550846
1.5000000000 99.4095813991
1.5100000000 99.3964031329
1.5200000000 99.3801786982
1.5300000000 99.3606591103
1.5400000000 99.3378121206
1.5500000000 99.3118200529
1.5600000000 99.2830610908
1.5700000000 99.2520716763
1.5800000000 99.2194733009
1.5900000000 99.1858966664
1.6000000000 99.1519040850
1.6100000000 99.1179337952
1.6200000000 99.0842884536
1.6300000000 99.0511623852
1.6400000000 99.0186875541
1.6500000000 98.9869602867
1.6600000000 98.9560167937
1.6700000000 98.9257661368
1.6800000000 98.8959362249
1.6900000000 98.8660880033
1.7000000000 98.8357076635
1.7100000000 98.8043308134
1.7200000000 98.7716192362
1.7300000000 98.7373575411
1.7400000000 98.7014115065
1.7500000000 98.6637057199
1.7600000000 98.6242683192
1.7700000000 98.5832965087
1.7800000000 98.5411871937
1.7900000000 98.4985069048
1.8000000000 98.4559289199
1.8100000000 98.4142050686
1.8200000000 98.3741972766
1.8300000000 98.3369238823
1.8400000000 98.3035735102
1.8500000000 98.2754753762
1.8600000000 98.2540689543
1.8700000000 98.2408933048
1.8800000000 98.2375654551
1.8900000000 98.2456847797
1.9000000000 98.2666138592
1.9100000000 98.3011608372
1.9200000000 98.3492461348
1.9300000000 98.4096933755
1.9400000000 98.4802572644
1.9500000000 98.5579301823
1.9600000000 98.6394124754
1.9700000000 98.7215975445
1.9800000000 98.8019164367
1.9900000000 98.8784968209
2.0000000000 98.9501606365
2.0100000000 99.0163190305
2.0200000000 99.0768310007
2.0300000000 99.1318460549
2.0400000000 99.1816645761
2.0500000000 99.2266281275
2.0600000000 99.2670519127
2.0700000000 99.3032007489
2.0800000000 99.3352982317
2.0900000000 99.3635528753
2.1000000000 99.3881831186
2.1100000000 99.4094351478
2.1200000000 99.4275916403
2.1300000000 99.4429672465
2.1400000000 99.4558977929
2.1500000000 99.4667133080
2.1600000000 99.4757077755
2.1700000000 99.4831003412
2.1800000000 99.4890075911
2.1900000000 99.4934474891
2.2000000000 99.4963637938
2.2100000000 99.4976810021
2.2200000000 99.4973666253
2.2300000000 99.4954859235
2.2400000000 99.4922289590
2.2500000000 99.4879137593
2.2600000000 99.4829527075
2.2700000000 99.4777866362
2.2800000000 99.4728065166
2.2900000000 99.4682808985
2.3000000000 99.4643211487
2.3100000000 99.4608686360
2.3200000000 99.4577160683
2.3300000000 99.4545271155
2.3400000000 99.4508722917
2.3500000000 99.4462824824
2.3600000000 99.4403172943
2.3700000000 99.4326361912
2.3800000000 99.4230547498
2.3900000000 99.4115702628
2.4000000000 99.3983438502
2.4100000000 99.3836564419
2.4200000000 99.3678438120
2.4300000000 99.3512247586
2.4400000000 99.3340686289
2.4500000000 99.3165982700
2.4600000000 99.2990208607
2.4700000000 99.2815735120
2.4800000000 99.2645342816
2.4900000000 99.2482089910
2.5000000000 99.2329184929
2.5100000000 99.2190111367
2.5200000000 99.2068994457
2.5300000000 99.1971164242
2.5400000000 99.1903395622
2.5500000000 99.1873583536
2.5600000000 99.1889783781
2.5700000000 99.1958735369
2.5800000000 99.2084064092
2.5900000000 99.2264790541
2.6000000000 99.2494632600
2.6100000000 99.2762603503
2.6200000000 99.3054766378
2.6300000000 99.3356576534
2.6400000000 99.3655061769
2.6500000000 99.3940292788
2.6600000000 99.4205901386
2.6700000000 99.4448932509
2.6800000000 99.4669215390
2.6900000000 99.4868495632
2.7000000000 99.5049646181
2.7100000000 99.5215923706
2.7200000000 99.5370407175
2.7300000000 99.5515557648
2.7400000000 99.5652971216
2.7500000000 99.5783291798
2.7600000000 99.5906337228
2.7700000000 99.6021258527
2.7800000000 99.6126919583
2.7900000000 99.6222109157
2.8000000000 99.6305826955
2.8100000000 99.6377387771
2.8200000000 99.6436457941
2.8300000000 99.6483022280
2.8400000000 99.6517329747
2.8500000000 99.6539767340
2.8600000000 99.6550902625
2.8700000000 99.6551466362
2.8800000000 99.6542456650
2.8900000000 99.6525245098
2.9000000000 99.6501613263
2.9100000000 99.6473666275
2.9200000000 99.6443672296
2.9300000000 99.6413743551
2.9400000000 99.6385542223
2.9500000000 99.6359991314
2.9600000000 99.6337209850
2.9700000000 99.6316583544
2.9800000000 99.6296858215
2.9900000000 99.6276414560
3.0000000000 99.6253411151
3.0100000000 99.6226036192
3.0200000000 99.6192572920
3.0300000000 99.6151551200
3.0400000000 99.6101763121
3.0500000000 99.6042332035
3.0600000000 99.5972783145
3.0700000000 99.5893082238
3.0800000000 99.5803707097
3.0900000000 99.5705512953
3.1000000000 99.5599529245
3.1100000000 99.5486589283
3.1200000000 99.5367063600
3.1300000000 99.5240721992
3.1400000000 99.5106969927
3.1500000000 99.4965199152
3.1600000000 99.4815321767
3.1700000000 99.4657999653
3.1800000000 99.4494719940
3.1900000000 99.4327602746
3.2000000000 99.4159070624
3.2100000000 99.3991479635
3.2200000000 99.3827017316
3.2300000000 99.3667643663
3.2400000000 99.3515304469
3.2500000000 99.3372066853
3.2600000000 99.3240118274
3.2700000000 99.3121444516
3.2800000000 99.3017399693
3.2900000000 99.2928108554
3.3000000000 99.2852035494
3.3100000000 99.2785964911
3.3200000000 99.2725262279
3.3300000000 99.2664592896
3.3400000000 99.2598675381
3.3500000000 99.2522856687
3.3600000000 99.2433342829
3.3700000000 99.2327113340
3.3800000000 99.2201516569
3.3900000000 99.2053881948
3.4000000000 99.1881201780
3.4100000000 99.1679963114
3.4200000000 99.1446230235
3.4300000000 99.1175859457
3.4400000000 99.0864669188
3.4500000000 99.0508574400
3.4600000000 99.0103553386
3.4700000000 98.9645554587
3.4800000000 98.9130245024
3.4900000000 98.8552782570
3.5000000000 98.7907649690
3.5100000000 98.7188452131
3.5200000000 98.6388015023
3.5300000000 98.5498681583
3.5400000000 98.4513045207
3.5500000000 98.3425032293
3.5600000000 98.2231437422
3.5700000000 98.0933584664
3.5800000000 97.9538897468
3.5900000000 97.8061774853
3.6000000000 97.6523555708
3.6100000000 97.4950905908
3.6200000000 97.3372823775
3.6300000000 97.1816539958
3.6400000000 97.0303576648
3.6500000000 96.8847147251
3.6600000000 96.7452155825
3.6700000000 96.6118135850
3.6800000000 96.4844047878
3.6900000000 96.3633570375
3.7000000000 96.2499026829
3.7100000000 96.1463129600
3.7200000000 96.0557897358
3.7300000000 95.9820223173
3.7400000000 95.9284124887
3.7500000000 95.8970709931
3.7600000000 95.8878536415
3.7700000000 95.8978880579
3.7800000000 95.9218743116
3.7900000000 95.9531485827
3.8000000000 95.9851050936
3.8100000000 96.0124472698
3.8200000000 96.0318914068
3.8300000000 96.0422528843
3.8400000000 96.0440363255
3.8500000000 96.0387931569
3.8600000000 96.0284651404
3.8700000000 96.0148576594
3.8800000000 95.9992985185
3.8900000000 95.9825733442
3.9000000000 95.9651443528
3.9100000000 95.9476127845
3.9200000000 95.9312525536
3.9300000000 95.9183200494
3.9400000000 95.9119028717
3.9500000000 95.9152709189
3.9600000000 95.9309257543
3.9700000000 95.9597467322
3.9800000000 96.0005683564
3.9900000000 96.0503602146
4.0000000000 96.1048721323
4.0100000000 96.1594732720
4.0200000000 96.2099240757
4.0300000000 96.2528986411
4.0400000000 96.2862241072
4.0500000000 96.3088754920
4.0600000000 96.3207829702
4.0700000000 96.3225623915
4.0800000000 96.3152479382
4.0900000000 96.3001146030
4.1000000000 96.2786062621
4.1100000000 96.2523601979
4.1200000000 96.2232163002
4.1300000000 96.1930963970
4.1400000000 96.1636950210
4.1500000000 96.1360631930
4.1600000000 96.1103325049
4.1700000000 96.0857887425
4.1800000000 96.0613525913
4.1900000000 96.0362637821
4.2000000000 96.0106451845
4.2100000000 95.9856890846
4.2200000000 95.9633947464
4.2300000000 95.9460007689
4.2400000000 95.9353655271
4.2500000000 95.9325142400
4.2600000000 95.9374532289
4.2700000000 95.9492694477
4.2800000000 95.9664312849
4.2900000000 95.9872209581
4.3000000000 96.0101601744
4.3100000000 96.0342933104
4.3200000000 96.0591642158
4.3300000000 96.0844940790
4.3400000000 96.1097199143
4.3500000000 96.1336265738
4.3600000000 96.1543028277
4.3700000000 96.1694483093
4.3800000000 96.1769571299
4.3900000000 96.1755837806
4.4000000000 96.1654929799
4.4100000000 96.1485653390
4.4200000000 96.1283438596
4.4300000000 96.1096396244
4.4400000000 96.0978245291
4.4500000000 96.0979498322
4.4600000000 96.1138610176
4.4700000000 96.1474730795
4.4800000000 96.1984223950
4.4900000000 96.2641674842
4.5000000000 96.3405519278
4.5100000000 96.4226842973
4.5200000000 96.5058673664
4.5300000000 96.5863191336
4.5400000000 96.6615308378
4.5500000000 96.7301957485
4.5600000000 96.7918329090
4.5700000000 96.8462606576
4.5800000000 96.8931427138
4.5900000000 96.9317515778
4.6000000000 96.9609517882
4.6100000000 96.9793467782
4.6200000000 96.9854636413
4.6300000000 96.9779067314
4.6400000000 96.9554820346
4.6500000000 96.9173020698
4.6600000000 96.8628938497
4.6700000000 96.7923326679
4.6800000000 96.7063565935
4.6900000000 96.6064576080
4.7000000000 96.4949507159
4.7100000000 96.3749563888
4.7200000000 96.2503184341
4.7300000000 96.1253802593
4.7400000000 96.0046541145
4.7500000000 95.8924166760
4.7600000000 95.7923856436
4.7700000000 95.7075933806
4.7800000000 95.6404435318
4.7900000000 95.5928131606
4.8000000000 95.5660148692
4.8100000000 95.5605746490
4.8200000000 95.5759542793
4.8300000000 95.6103616886
4.8400000000 95.6608304472
4.8500000000 95.7235198650
4.8600000000 95.7942523750
4.8700000000 95.8691178998
4.8800000000 95.9450454078
4.8900000000 96.0201744496
4.9000000000 96.0939235715
4.9100000000 96.1667154080
4.9200000000 96.2393793134
4.9300000000 96.3124341497
4.9400000000 96.3855041889
4.9500000000 96.4571061109
4.9600000000 96.5248831611
4.9700000000 96.5861050891
4.9800000000 96.6382115934
4.9900000000 96.6791665346
5.0000000000 96.7075781479
5.0100000000 96.7226537203
5.0200000000 96.7240989111
5.0300000000 96.7120663917
5.0400000000 96.6872091393
5.0500000000 96.6507900036
5.0600000000 96.6047677466
5.0700000000 96.5517809148
5.0800000000 96.4949683682
5.0900000000 96.4376528595
5.1000000000 96.3829755831
5.1100000000 96.3336239164
5.1200000000 96.2916640577
5.1300000000 96.2585515218
5.1400000000 96.2352164838
5.1500000000 96.2221915178
5.1600000000 96.2197097232
5.1700000000 96.2277578179
5.1800000000 96.2460370574
5.1900000000 96.2738602999
5.2000000000 96.3099911314
5.2100000000 96.3525129241
5.2200000000 96.3987933601
5.2300000000 96.4456224746
5.2400000000 96.4894950818
5.2500000000 96.5269547816
5.2600000000 96.5549492214
5.2700000000 96.5710854337
5.2800000000 96.5738224160
5.2900000000 96.5625443272
5.3000000000 96.5375292185
5.3100000000 96.4998117445
5.3200000000 96.4509631341
5.3300000000 96.3928628377
5.3400000000 96.3275457667
5.3500000000 96.2571762603
5.3600000000 96.1840671829
5.3700000000 96.1106867937
5.3800000000 96.0395661351
5.3900000000 95.9731249595
5.4000000000 95.9134609252
5.4100000000 95.8621247706
5.4200000000 95.8199198784
5.4300000000 95.7868314166
5.4400000000 95.7620776243
5.4500000000 95.7442928333
5.4600000000 95.7317320107
5.4700000000 95.7224457222
5.4800000000 95.7144808227
5.4900000000 95.7062169050
5.5000000000 95.6968045605
5.5100000000 95.6865798439
5.5200000000 95.6771904318
5.5300000000 95.6712974585
5.5400000000 95.6718355758
5.5500000000 95.6810978171
5.5600000000 95.6999489455
5.5700000000 95.7275401571
5.5800000000 95.7615678717
5.5900000000 95.7988870250
5.6000000000 95.8362006476
5.6100000000 95.8705570265
5.6200000000 95.8995899110
5.6300000000 95.9215455571
5.6400000000 95.9351410083
5.6500000000 95.9393563178
5.6600000000 95.9332432183
5.6700000000 95.9158851207
5.6800000000 95.8865442572
5.6900000000 95.8449816830
5.7000000000 95.7918547336
5.7100000000 95.7290312068
5.7200000000 95.6597068791
5.7300000000 95.5882131515
5.7400000000 95.5195290726
5.7500000000 95.4585995547
5.7600000000 95.4095744543
5.7700000000 95.3751861646
5.7800000000 95.3563575446
5.7900000000 95.3522231460
5.8000000000 95.3605420388
5.8100000000 95.3784604494
5.8200000000 95.4033545397
5.8300000000 95.4334483728
5.8400000000 95.4678874342
5.8500000000 95.5062617460
5.8600000000 95.5478161422
5.8700000000 95.5907753824
5.8800000000 95.6321636968
5.8900000000 95.6681586014
5.9000000000 95.6947556926
5.9100000000 95.7084291660
5.9200000000 95.7065438390
5.9300000000 95.6874982989
5.9400000000 95.6506922257
5.9500000000 95.5964374735
5.9600000000 95.5258618554
5.9700000000 95.4408375992
5.9800000000 95.3438074257
5.9900000000 95.2375418933
6.0000000000 95.1248163800
6.0100000000 95.0080615231
6.0200000000 94.8891041246
6.0300000000 94.7689942795
6.0400000000 94.6480493476
6.0500000000 94.5260872074
6.0600000000 94.4028823913
6.0700000000 94.2787524733
6.0800000000 94.1551240598
6.0900000000 94.0348764489
6.1000000000 93.9222366937
6.1100000000 93.8221913671
6.1200000000 93.7394631929
6.1300000000 93.6774201091
6.1400000000 93.6373117877
6.1500000000 93.6181057830
6.1600000000 93.6168944596
6.1700000000 93.6295956441
6.1800000000 93.6515943336
6.1900000000 93.6782512437
6.2000000000 93.7052905602
6.2100000000 93.7292136854
6.2200000000 93.7476797274
6.2300000000 93.7597054142
6.2400000000 93.7655992052
6.2500000000 93.7666553978
6.2600000000 93.7647408203
6.2700000000 93.7618891964
6.2800000000 93.7599809977
6.2900000000 93.7605119753
6.3000000000 93.7644874702
6.3100000000 93.7724637608
6.3200000000 93.7846789796
6.3300000000 93.8011504460
6.3400000000 93.8216011979
6.3500000000 93.8452971061
6.3600000000 93.8709715389
6.3700000000 93.8969480488
6.3800000000 93.9214381516
6.3900000000 93.9428005037
6.4000000000 93.9595911420
6.4100000000 93.9704383476
6.4200000000 93.9739118054
6.4300000000 93.9685400874
6.4400000000 93.9530932078
6.4500000000 93.9269283664
6.4600000000 93.8902811788
6.4700000000 93.8443353663
6.4800000000 93.7910228910
6.4900000000 93.7326917132
6.5000000000 93.6718074016
6.5100000000 93.6107945549
6.5200000000 93.5520486159
6.5300000000 93.4979785819
6.5400000000 93.4509573239
6.5500000000 93.4131325181
6.5600000000 93.3861574667
6.5700000000 93.3709170253
6.5800000000 93.3674003680
6.5900000000 93.3747756317
6.6000000000 93.3915974623
6.6100000000 93.4161252462
6.6200000000 93.4466389901
6.6300000000 93.4816797727
6.6400000000 93.5201738676
6.6500000000 93.5613334525
6.6600000000 93.6044082158
6.6700000000 93.6483934017
6.6800000000 93.6918743138
6.6900000000 93.7330598237
6.7000000000 93.7700205189
6.7100000000 93.8009709440
6.7200000000 93.8245897754
6.7300000000 93.8402557227
6.7400000000 93.8482681780
6.7500000000 93.8499540167
6.7600000000 93.8476108175
6.7700000000 93.8441801565
6.7800000000 93.8426458639
6.7900000000 93.8453424369
6.8000000000 93.8534083058
6.8100000000 93.8666264101
6.8200000000 93.8836405618
6.8300000000 93.9023797642
6.8400000000 93.9204431592
6.8500000000 93.9353028518
6.8600000000 93.9444209470
6.8700000000 93.9453945453
6.8800000000 93.9362922340
6.8900000000 93.9161239789
6.9000000000 93.8853135392
6.9100000000 93.8459744303
6.9200000000 93.8018125057
6.9300000000 93.7575797822
6.9400000000 93.7182030954
6.9500000000 93.6878822404
6.9600000000 93.6693946271
6.9700000000 93.6638863756
6.9800000000 93.6711015091
6.9900000000 93.6899335478
7.0000000000 93.7190869601
7.0100000000 93.7576166495
7.0200000000 93.8051869669
7.0300000000 93.8619495763
7.0400000000 93.9281004251
7.0500000000 94.0032944867
7.0600000000 94.0862173161
7.0700000000 94.1745466117
7.0800000000 94.2653561904
7.0900000000 94.3558241440
7.1000000000 94.4439404456
7.1100000000 94.5289747875
7.1200000000 94.6115973741
7.1300000000 94.6936200977
7.1400000000 94.7774487365
7.1500000000 94.8653422069
7.1600000000 94.9586386784
7.1700000000 95.0572143042
7.1800000000 95.1593362811
7.1900000000 95.2619920057
7.2000000000 95.3615471404
7.2100000000 95.4545106031
7.2200000000 95.5381458235
7.2300000000 95.6108209169
7.2400000000 95.6720523075
7.2500000000 95.7223427170
7.2600000000 95.7629452239
7.2700000000 95.7955705746
7.2800000000 95.8221249642
7.2900000000 95.8444482594
7.3000000000 95.8640388549
7.3100000000 95.8818767751
7.3200000000 95.8983987007
7.3300000000 95.9136883658
7.3400000000 95.9278195554
7.3500000000 95.9412205574
7.3600000000 95.9549079055
7.3700000000 95.9705120609
7.3800000000 95.9900665180
7.3900000000 96.0156800923
7.4000000000 96.0490827348
7.4100000000 96.0912027951
7.4200000000 96.1418121522
7.4300000000 96.1993723872
7.4400000000 96.2611581463
7.4500000000 96.3237049630
7.4600000000 96.3834333617
7.4700000000 96.4372642752
7.4800000000 96.4830659622
7.4900000000 96.5198081478
7.5000000000 96.5474191070
7.5100000000 96.5664402777
7.5200000000 96.5776457790
7.5300000000 96.5817629218
7.5400000000 96.5794535941
7.5500000000 96.5714930372
7.5600000000 96.5590676442
7.5700000000 96.5440014223
7.5800000000 96.5287712107
7.5900000000 96.5162743661
7.6000000000 96.5093693640
7.6100000000 96.5103470020
7.6200000000 96.5204535042
7.6300000000 96.5396720963
7.6400000000 96.5668283548
7.6500000000 96.6000077713
7.6600000000 96.6371638707
7.6700000000 96.6766711996
7.6800000000 96.7177078997
7.6900000000 96.7603671815
7.7000000000 96.8055041427
7.7100000000 96.8543520866
7.7200000000 96.9080786279
7.7300000000 96.9673511613
7.7400000000 97.0320375798
7.7500000000 97.1011406338
7.7600000000 97.1729389489
7.7700000000 97.2453255488
7.7800000000 97.3161815155
7.7900000000 97.3836930282
7.8000000000 97.4465253070
7.8100000000 97.5037884558
7.8200000000 97.5549177397
7.8300000000 97.5994585681
7.8400000000 97.6369329259
7.8500000000 97.6667732101
7.8600000000 97.6884044033
7.8700000000 97.7013630930
7.8800000000 97.7054698631
7.8900000000 97.7009844835
7.9000000000 97.6886888176
7.9100000000 97.6699095012
7.9200000000 97.6464147513
7.9300000000 97.6202172362
7.9400000000 97.5932990414
7.9500000000 97.5673294644
7.9600000000 97.5434549985
7.9700000000 97.5222024260
7.9800000000 97.5034935791
7.9900000000 97.4867585704
8.0000000000 97.4711071736
8.0100000000 97.4555538441
8.0200000000 97.4392885576
8.0300000000 97.4219504886
8.0400000000 97.4037804760
8.0500000000 97.3856205360
8.0600000000 97.3687176899
8.0700000000 97.3544432438
8.0800000000 97.3439739543
8.0900000000 97.3380396684
8.1000000000 97.3367459606
8.1100000000 97.3395245159
8.1200000000 97.3452236840
8.1300000000 97.3523553397
8.1400000000 97.3593972888
8.1500000000 97.3650386144
8.1600000000 97.3683162423
8.1700000000 97.3685909185
8.1800000000 97.3654889339
8.1900000000 97.3588455998
8.2000000000 97.3486535214
8.2100000000 97.3350579597
8.2200000000 97.3183239446
8.2300000000 97.2987693566
8.2400000000 97.2767058791
8.2500000000 97.2523739634
8.2600000000 97.2258746757
8.2700000000 97.1971097126
8.2800000000 97.1657691706
8.2900000000 97.1313617632
8.3000000000 97.0932877588
8.3100000000 97.0509265469
8.3200000000 97.0036653325
8.3300000000 96.9508347520
8.3400000000 96.8915935723
8.3500000000 96.8247967276
8.3600000000 96.7489545615
8.3700000000 96.6623487724
8.3800000000 96.5632653858
8.3900000000 96.4503576018
8.4000000000 96.3229586173
8.4100000000 96.1813590509
8.4200000000 96.0269011609
8.4300000000 95.8618854075
8.4400000000 95.6892506493
8.4500000000 95.5121119855
8.4600000000 95.3332527940
8.4700000000 95.1547595666
8.4800000000 94.9779577181
8.4900000000 94.8036539744
8.5000000000 94.6326601792
8.5100000000 94.4663875252
8.5200000000 94.3073843514
8.5300000000 94.1595316546
8.5400000000 94.0278134830
8.5500000000 93.9175679766
8.5600000000 93.8333924574
8.5700000000 93.7780273217
8.5800000000 93.7516042485
8.5900000000 93.7515869958
8.6000000000 93.7733003384
8.6100000000 93.8108879777
8.6200000000 93.8583110696
8.6300000000 93.9101576807
8.6400000000 93.9621691820
8.6500000000 94.0114432628
8.6600000000 94.0563941145
8.6700000000 94.0966025824
8.6800000000 94.1325817548
8.6900000000 94.1654339903
8.7000000000 94.1963865842
8.7100000000 94.2262893257
8.7200000000 94.2552662136
8.7300000000 94.2825924078
8.7400000000 94.3068001194
8.7500000000 94.3258954012
8.7600000000 94.3375790656
8.7700000000 94.3394567042
8.7800000000 94.3293260523
8.7900000000 94.3055764997
8.8000000000 94.2676281172
8.8100000000 94.2162939802
8.8200000000 94.1540078699
8.8300000000 94.0848282656
8.8400000000 94.0142091127
8.8500000000 93.9484846426
8.8600000000 93.8940602904
8.8700000000 93.8564115513
8.8800000000 93.8392431973
8.8900000000 93.8440356051
8.9000000000 93.8701740756
8.9100000000 93.9154349211
8.9200000000 93.9766629828
8.9300000000 94.0503467902
8.9400000000 94.1330135862
8.9500000000 94.2214504595
8.9600000000 94.3128220044
8.9700000000 94.4047623281
8.9800000000 94.4954570486
8.9900000000 94.5836727544
9.0000000000 94.6686250143
9.0100000000 94.7497773089
9.0200000000 94.8266801790
9.0300000000 94.8990208145
9.0400000000 94.9667993866
9.0500000000 95.0305234478
9.0600000000 95.0912326654
9.0700000000 95.1503684958
9.0800000000 95.2094930174
9.0900000000 95.2699666794
9.1000000000 95.3325834395
9.1100000000 95.3972552588
9.1200000000 95.4628765579
9.1300000000 95.5274643440
9.1400000000 95.5885736383
9.1500000000 95.6438469435
9.1600000000 95.6914245552
9.1700000000 95.7300664611
9.1800000000 95.7589708578
9.1900000000 95.7774442999
9.2000000000 95.7846136139
9.2100000000 95.7793569045
9.2200000000 95.7604602692
9.2300000000 95.7269530455
9.2400000000 95.6784595116
9.2500000000 95.6154930235
9.2600000000 95.5395882741
9.2700000000 95.4533284016
9.2800000000 95.3602551644
9.2900000000 95.2647012124
9.3000000000 95.1715693026
9.3100000000 95.0860424941
9.3200000000 95.0132541894
9.3300000000 94.9579306590
9.3400000000 94.9239688496
9.3500000000 94.9140244133
9.3600000000 94.9290805237
9.3700000000 94.9681627655
9.3800000000 95.0282831129
9.3900000000 95.1047549763
9.4000000000 95.1918946640
9.4100000000 95.2839491041
9.4200000000 95.3759660535
9.4300000000 95.4643304616
9.4400000000 95.5468298389
9.4500000000 95.6223661422
9.4600000000 95.6905298842
9.4700000000 95.7512437945
9.4800000000 95.8045307781
9.4900000000 95.8504837263
9.5000000000 95.8892580456
9.5100000000 95.9211479298
9.5200000000 95.9466097280
9.5300000000 95.9662794738
9.5400000000 95.9809329653
9.5500000000 95.9914101697
9.5600000000 95.9985600936
9.5700000000 96.0031565472
9.5800000000 96.0059026170
9.5900000000 96.0074267482
9.6000000000 96.0082593327
9.6100000000 96.0087971341
9.6200000000 96.0092309927
9.6300000000 96.0094950846
9.6400000000 96.0092761046
9.6500000000 96.0081198166
9.6600000000 96.0055615283
9.6700000000 96.0012952103
9.6800000000 95.9952632473
9.6900000000 95.9876568136
9.7000000000 95.9788400676
9.7100000000 95.9693082860
9.7200000000 95.9597711253
9.7300000000 95.9513270442
9.7400000000 95.9455989573
9.7500000000 95.9446658863
9.7600000000 95.9506953715
9.7700000000 95.9653577562
9.7800000000 95.9892595138
9.7900000000 96.0216290284
9.8000000000 96.0604141986
9.8100000000 96.1027322924
9.8200000000 96.1454390761
9.8300000000 96.1856548047
9.8400000000 96.2210205768
9.8500000000 96.2497303480
9.8600000000 96.2704476982
9.8700000000 96.2822319469
9.8800000000 96.2846340460
9.8900000000 96.2779298835
9.9000000000 96.2633897338
9.9100000000 96.2433680747
9.9200000000 96.2211506065
9.9300000000 96.2004531036
9.9400000000 96.1847822596
9.9500000000 96.1768267912
9.9600000000 96.1780692552
9.9700000000 96.1887461828
9.9800000000 96.2080708757
9.9900000000 96.2346093022
10.0000000000 96.2666251132
10.0100000000 96.3022980671
10.0200000000 96.3398475658
10.0300000000 96.3776137990
10.0400000000 96.4141904774
10.0500000000 96.4485914879
10.0600000000 96.4803431790
10.0700000000 96.5094628451
10.0800000000 96.5362725319
10.0900000000 96.5611777226
10.1000000000 96.5844711971
10.1100000000 96.6062846005
10.1200000000 96.6266927214
10.1300000000 96.6459211973
10.1400000000 96.6645413355
10.1500000000 96.6835008708
10.1600000000 96.7039941066
10.1700000000 96.7271696148
10.1800000000 96.7538536750
10.1900000000 96.7843783442
10.2000000000 96.8186210377
10.2100000000 96.8561839181
10.2200000000 96.8966497561
10.2300000000 96.9398134412
10.2400000000 96.9857674859
10.2500000000 97.0348126764
10.2600000000 97.0871805395
10.2700000000 97.1426963797
10.2800000000 97.2005149302
10.2900000000 97.2590531558
10.3000000000 97.3161757482
10.3100000000 97.3696114833
10.3200000000 97.4173671276
10.3300000000 97.4581282622
10.3400000000 97.4914332117
10.3500000000 97.5176985730
10.3600000000 97.5380713756
10.3700000000 97.5541278495
10.3800000000 97.5675557614
10.3900000000 97.5797819099
10.4000000000 97.5917274619
10.4100000000 97.6037176220
10.4200000000 97.6154987587
10.4300000000 97.6264038018
10.4400000000 97.6355310532
10.4500000000 97.6419082805
10.4600000000 97.6446053077
10.4700000000 97.6428113159
10.4800000000 97.6358198671
10.4900000000 97.6230195713
10.5000000000 97.6038593423
10.5100000000 97.5778854593
10.5200000000 97.5447350429
10.5300000000 97.5041736718
10.5400000000 97.4560674724
10.5500000000 97.4002936001
10.5600000000 97.3366746635
10.5700000000 97.2649486111
10.5800000000 97.1848785990
10.5900000000 97.0965040396
10.6000000000 97.0004565872
10.6100000000 96.8982580325
10.6200000000 96.7924411226
10.6300000000 96.6864328915
10.6400000000 96.5842165841
10.6500000000 96.4898602727
10.6600000000 96.4070129108
10.6700000000 96.3385889763
10.6800000000 96.2865602281
10.6900000000 96.2519389146
10.7000000000 96.2347246814
10.7100000000 96.2339248527
10.7200000000 96.2475474890
10.7300000000 96.2727543670
10.7400000000 96.3061429856
10.7500000000 96.3441839245
10.7600000000 96.3836606317
10.7700000000 96.4220108359
10.7800000000 96.4574427189
10.7900000000 96.4888202671
10.8000000000 96.5154358008
10.8100000000 96.5367739234
10.8200000000 96.5524023157
10.8300000000 96.5619458537
10.8400000000 96.5652169358
10.8500000000 96.5623525808
10.8600000000 96.5539635765
10.8700000000 96.5412119150
10.8800000000 96.5257534344
10.8900000000 96.5095620236
10.9000000000 96.4946196067
10.9100000000 96.4826002787
10.9200000000 96.4746683202
10.9300000000 96.4713634664
10.9400000000 96.4726501747
10.9500000000 96.4780669617
10.9600000000 96.4868850166
10.9700000000 96.4982683135
10.9800000000 96.5114064292
10.9900000000 96.5255823065
11.0000000000 96.5401846870
11.0100000000 96.5546766999
11.0200000000 96.5685629512
11.0300000000 96.5813338640
11.0400000000 96.5924575177
11.0500000000 96.6014459473
11.0600000000 96.6079004801
11.0700000000 96.6116322302
11.0800000000 96.6126727498
11.0900000000 96.6112547134
11.1000000000 96.6076757623
11.1100000000 96.6021148289
11.1200000000 96.5944911831
11.1300000000 96.5844375725
11.1400000000 96.5714135916
11.1500000000 96.5548354821
11.1600000000 96.5342496715
11.1700000000 96.5093867601
11.1800000000 96.4802378638
11.1900000000 96.4471949950
11.2000000000 96.4111734180
11.2100000000 96.3737326908
11.2200000000 96.3369953734
11.2300000000 96.3033699615
11.2400000000 96.2750945135
11.2500000000 96.2538180284
11.2600000000 96.2402910742
11.2700000000 96.2342898500
11.2800000000 96.2347054203
11.2900000000 96.2397377761
11.3000000000 96.2471565998
11.3100000000 96.2546024880
11.3200000000 96.2598817193
11.3300000000 96.2612619301
11.3400000000 96.2576610634
11.3500000000 96.2487466032
11.3600000000 96.2349503125
11.3700000000 96.2174702519
11.3800000000 96.1982072084
11.3900000000 96.1796674772
11.4000000000 96.1647817435
11.4100000000 96.1565302816
11.4200000000 96.1575117419
11.4300000000 96.1694688732
11.4400000000 96.1929591509
11.4500000000 96.2272586756
11.4600000000 96.2705267491
11.4700000000 96.3201856085
11.4800000000 96.3733967573
11.4900000000 96.4275738777
11.5000000000 96.4807568666
11.5100000000 96.5318154010
11.5200000000 96.5804186078
11.5300000000 96.6268846120
11.5400000000 96.6719062888
11.5500000000 96.7163006702
11.5600000000 96.7607905393
11.5700000000 96.8058327109
11.5800000000 96.8515457756
11.5900000000 96.8976574447
11.6000000000 96.9435490704
11.6100000000 96.9883207238
11.6200000000 97.0309221151
11.6300000000 97.0702892365
11.6400000000 97.1054450550
11.6500000000 97.1355572193
11.6600000000 97.1599569425
11.6700000000 97.1782157974
11.6800000000 97.1902042738
11.6900000000 97.1962340652
11.7000000000 97.1971389982
11.7100000000 97.1943002028
11.7200000000 97.1895364412
11.7300000000 97.1849208940
11.7400000000 97.1824555036
11.7500000000 97.1837782186
11.7600000000 97.1898864612
11.7700000000 97.2010293694
11.7800000000 97.2166944757
11.7900000000 97.2357628230
11.8000000000 97.2566903422
11.8100000000 97.2777649173
11.8200000000 97.2972862977
11.8300000000 97.3137861794
11.8400000000 97.3261488908
11.8500000000 97.3337226468
11.8600000000 97.3364017711
11.8700000000 97.3346415112
11.8800000000 97.3294310938
11.8900000000 97.3221696053
11.9000000000 97.3144539110
11.9100000000 97.3077750710
11.9200000000 97.3033085658
11.9300000000 97.3017344239
11.9400000000 97.3032592012
11.9500000000 97.3077496778
11.9600000000 97.3148807491
11.9700000000 97.3242576349
11.9800000000 97.3354531776
11.9900000000 97.3480202362
12.0000000000 97.3614708349
12.0100000000 97.3753124658
12.0200000000 97.3890890787
12.0300000000 97.4023982318
12.0400000000 97.4148955921
12.0500000000 97.4263281854
12.0600000000 97.4365552618
12.0700000000 97.4456449144
12.0800000000 97.4539015766
12.0900000000 97.4617992321
12.1000000000 97.4698841196
12.1100000000 97.4786456739
12.1200000000 97.4885022816
12.1300000000 97.4998366987
12.1400000000 97.5131007750
12.1500000000 97.5288133110
12.1600000000 97.5474753353
12.1700000000 97.5694249274
12.1800000000 97.5946842145
12.1900000000 97.6229081056
12.2000000000 97.6534578254
12.2100000000 97.6855439628
12.2200000000 97.7183802594
12.2300000000 97.7512312588
12.2400000000 97.7834439124
12.2500000000 97.8144109297
12.2600000000 97.8435290447
12.2700000000 97.8702070560
12.2800000000 97.8939045972
12.2900000000 97.9141244192
12.3000000000 97.9304300866
12.3100000000 97.9424258220
12.3200000000 97.9497606919
12.3300000000 97.9521718299
12.3400000000 97.9494889958
12.3500000000 97.9417170750
12.3600000000 97.9290034722
12.3700000000 97.9116309983
12.3800000000 97.8899292329
12.3900000000 97.8642263523
12.4000000000 97.8348140200
12.4100000000 97.8019929736
12.4200000000 97.7661271978
12.4300000000 97.7277342880
12.4400000000 97.6875377551
12.4500000000 97.6464468643
12.4600000000 97.6054942233
12.4700000000 97.5657207310
12.4800000000 97.5281198862
12.4900000000 97.4935815513
12.5000000000 97.4628960740
12.5100000000 97.4367841567
12.5200000000 97.4158975645
12.5300000000 97.4008246506
12.5400000000 97.3920353716
12.5500000000 97.3898519091
12.5600000000 97.3943497323
12.5700000000 97.4053087524
12.5800000000 97.4221192753
12.5900000000 97.4437847728
12.6000000000 97.4690187008
12.6100000000 97.4964197540
12.6200000000 97.5247592604
12.6300000000 97.5531962677
12.6400000000 97.5814054725
12.6500000000 97.6095682354
12.6600000000 97.6382194023
12.6700000000 97.6680650518
12.6800000000 97.6997711803
12.6900000000 97.7337609365
12.7000000000 97.7701408562
12.7100000000 97.8086771520
12.7200000000 97.8488912632
12.7300000000 97.8902143648
12.7400000000 97.9320576098
12.7500000000 97.9738880686
12.7600000000 98.0151551331
12.7700000000 98.0552944071
12.7800000000 98.0936914443
12.7900000000 98.1297866496
12.8000000000 98.1631375671
12.8100000000 98.1935499231
12.8200000000 98.2210903697
12.8300000000 98.2461085157
12.8400000000 98.2691338587
12.8500000000 98.2907572123
12.8600000000 98.3115112144
12.8700000000 98.3317386534
12.8800000000 98.3515315533
12.8900000000 98.3707007900
12.9000000000 98.3888032117
12.9100000000 98.4052553077
12.9200000000 98.4194123576
12.9300000000 98.4307348074
12.9400000000 98.4388575365
12.9500000000 98.4436606514
12.9600000000 98.4452585603
12.9700000000 98.4439439976
12.9800000000 98.4401484609
12.9900000000 98.4343749726
13.0000000000 98.4271888719
13.0100000000 98.4192000460
13.0200000000 98.4110542354
13.0300000000 98.4033569009
13.0400000000 98.3966005569
13.0500000000 98.3910819516
13.0600000000 98.3868820280
13.0700000000 98.3838770124
13.0800000000 98.3818455874
13.0900000000 98.3805010049
13.1000000000 98.3795227248
13.1100000000 98.3785433174
13.1200000000 98.3770797047
13.1300000000 98.3745546268
13.1400000000 98.3703179429
13.1500000000 98.3637331767
13.1600000000 98.3542368165
13.1700000000 98.3414040614
13.1800000000 98.3249728884
13.1900000000 98.3047952750
13.2000000000 98.2808426730
13.2100000000 98.2531509140
13.2200000000 98.2218609397
13.2300000000 98.1872366762
13.2400000000 98.1497795450
13.2500000000 98.1103026243
13.2600000000 98.0699327705
13.2700000000 98.0300528363
13.2800000000 97.9921612143
13.2900000000 97.9577355320
13.3000000000 97.9281410068
13.3100000000 97.9045489859
13.3200000000 97.8878916445
13.3300000000 97.8787707423
13.3400000000 97.8773509713
13.3500000000 97.8833014149
13.3600000000 97.8958133445
13.3700000000 97.9136860855
13.3800000000 97.9354878198
13.3900000000 97.9597091286
13.4000000000 97.9849050790
13.4100000000 98.0097844947
13.4200000000 98.0332714137
13.4300000000 98.0545685924
13.4400000000 98.0731790532
13.4500000000 98.0889048856
13.4600000000 98.1018319844
13.4700000000 98.1122946087
13.4800000000 98.1208819269
13.4900000000 98.1284312053
13.5000000000 98.1359790957
13.5100000000 98.1446295196
13.5200000000 98.1553118148
13.5300000000 98.1685726529
13.5400000000 98.1843792314
13.5500000000 98.2021669014
13.5600000000 98.2209688385
13.5700000000 98.2396924160
13.5800000000 98.2573780001
13.5900000000 98.2733759498
13.6000000000 98.2874556288
13.6100000000 98.2997310796
13.6200000000 98.3105704752
13.6300000000 98.3204140525
13.6400000000 98.3296789518
13.6500000000 98.3386637529
13.6600000000 98.3475414368
13.6700000000 98.3563439952
13.6800000000 98.3649889713
13.6900000000 98.3732973108
13.7000000000 98.3810824821
13.7100000000 98.3882266116
13.7200000000 98.3947343282
13.7300000000 98.4007585358
13.7400000000 98.4065409014
13.7500000000 98.4123220420
13.7600000000 98.4181886034
13.7700000000 98.4240282618
13.7800000000 98.4294695206
13.7900000000 98.4339170843
13.8000000000 98.4366546343
13.8100000000 98.4369588120
13.8200000000 98.4342383991
13.8300000000 98.4281853298
13.8400000000 98.4188446493
13.8500000000 98.4066566250
13.8600000000 98.3924165675
13.8700000000 98.3771286407
13.8800000000 98.3619005825
13.8900000000 98.3477805054
13.9000000000 98.3356162788
13.9100000000 98.3260008932
13.9200000000 98.3191739340
13.9300000000 98.3150807959
13.9400000000 98.3134379472
13.9500000000 98.3138468166
13.9600000000 98.3159723324
13.9700000000 98.3195790083
13.9800000000 98.3245229135
13.9900000000 98.3306418507
14.0000000000 98.3376866730
14.0100000000 98.3452513528
14.0200000000 98.3528246868
14.0300000000 98.3598908656
14.0400000000 98.3660128805
14.0500000000 98.3708922770
14.0600000000 98.3743523219
14.0700000000 98.3762466206
14.0800000000 98.3763568674
14.0900000000 98.3742937312
14.1000000000 98.3694698687
14.1100000000 98.3611803628
14.1200000000 98.3487630415
14.1300000000 98.3318051473
14.1400000000 98.3102878953
14.1500000000 98.2846295061
14.1600000000 98.2556689424
14.1700000000 98.2245009643
14.1800000000 98.1923102455
14.1900000000 98.1602385171
14.2000000000 98.1292603390
14.2100000000 98.1001233445
14.2200000000 98.0733615826
14.2300000000 98.0492990287
14.2400000000 98.0280730726
14.2500000000 98.0097321261
14.2600000000 97.9942886521
14.2700000000 97.9818183610
14.2800000000 97.9724910473
14.2900000000 97.9665577003
14.3000000000 97.9642288759
14.3100000000 97.9655566571
14.3200000000 97.9703382989
14.3300000000 97.9781226693
14.3400000000 97.9883010326
14.3500000000 98.0002830789
14.3600000000 98.0136017632
14.3700000000 98.0279650866
14.3800000000 98.0432534234
14.3900000000 98.0594414002
14.4000000000 98.0765688360
14.4100000000 98.0947560766
14.4200000000 98.1141599275
14.4300000000 98.1349840169
14.4400000000 98.1574447338
14.4500000000 98.1817264821
14.4600000000 98.2079563573
14.4700000000 98.2361490611
14.4800000000 98.2661903006
14.4900000000 98.2977600273
14.5000000000 98.3303604163
14.5100000000 98.3633073466
14.5200000000 98.3957792069
14.5300000000 98.4269102683
14.5400000000 98.4558916215
14.5500000000 98.4820533982
14.5600000000 98.5049528983
14.5700000000 98.5243981380
14.5800000000 98.5404358716
14.5900000000 98.5533332556
14.6000000000 98.5634938721
14.6100000000 98.5713821115
14.6200000000 98.5774823529
14.6300000000 98.5822013297
14.6400000000 98.5858569148
14.6500000000 98.5887065558
14.6600000000 98.5910032027
14.6700000000 98.5930206631
14.6800000000 98.5951111658
14.6900000000 98.5976247915
14.7000000000 98.6008527853
14.7100000000 98.6049812824
14.7200000000 98.6100638020
14.7300000000 98.6161072938
14.7400000000 98.6230466851
14.7500000000 98.6307961916
14.7600000000 98.6391874832
14.7700000000 98.6479333025
14.7800000000 98.6566299726
14.7900000000 98.6648178543
14.8000000000 98.6721505788
14.8100000000 98.6784946271
14.8200000000 98.6840359386
14.8300000000 98.6892222759
14.8400000000 98.6946418967
14.8500000000 98.7007969605
14.8600000000 98.7079729866
14.8700000000 98.7161211611
14.8800000000 98.7248492426
14.8900000000 98.7335479094
14.9000000000 98.7414667769
14.9100000000 98.7478696578
14.9200000000 98.7520979405
14.9300000000 98.7536608470
14.9400000000 98.7522111032
14.9500000000 98.7475728383
14.9600000000 98.7397114473
14.9700000000 98.7287032741
14.9800000000 98.7147150508
14.9900000000 98.6979683580
15.0000000000 98.6786866550
15.0100000000 98.6570642508
15.0200000000 98.6332337801
15.0300000000 98.6072448545
15.0400000000 98.5790842331
15.0500000000 98.5487065967
15.0600000000 98.5160187836
15.0700000000 98.4809525791
15.0800000000 98.4434383946
15.0900000000 98.4034936730
15.1000000000 98.3612487445
15.1100000000 98.3170931294
15.1200000000 98.2717599415
15.1300000000 98.2264374366
15.1400000000 98.1827453019
15.1500000000 98.1426120184
15.1600000000 98.1080952405
15.1700000000 98.0811173413
15.1800000000 98.0632379326
15.1900000000 98.0554647390
15.2000000000 98.0581582448
15.2100000000 98.0709846150
15.2200000000 98.0929879139
15.2300000000 98.1227086444
15.2400000000 98.1583341614
15.2500000000 98.1979032476
15.2600000000 98.2395037742
15.2700000000 98.2814575647
15.2800000000 98.3224882485
15.2900000000 98.3617961279
15.3000000000 98.3990441640
15.3100000000 98.4342316672
15.3200000000 98.4675010749
15.3300000000 98.4989889433
15.3400000000 98.5287230240
15.3500000000 98.5566303147
15.3600000000 98.5825781370
15.3700000000 98.6064483844
15.3800000000 98.6281596856
15.3900000000 98.6476892278
15.4000000000 98.6650470049
15.4100000000 98.6802749045
15.4200000000 98.6934638371
15.4300000000 98.7047907089
15.4400000000 98.7145471884
15.4500000000 98.7231134412
15.4600000000 98.7309378851
15.4700000000 98.7384625438
15.4800000000 98.7460417362
15.4900000000 98.7538707038
15.5000000000 98.7619461588
15.5100000000 98.7700528959
15.5200000000 98.7778266651
15.5300000000 98.7848064659
15.5400000000 98.7905912302
15.5500000000 98.7949169831
15.5600000000 98.7977562458
15.5700000000 98.7992993208
15.5800000000 98.7999511511
15.5900000000 98.8002131504
15.6000000000 98.8005807124
15.6100000000 98.8014772651
15.6200000000 98.8031599791
15.6300000000 98.8057241870
15.6400000000 98.8091064593
15.6500000000 98.8131495250
15.6600000000 98.8176286430
15.6700000000 98.8222733758
15.6800000000 98.8268167108
15.6900000000 98.8309787582
15.7000000000 98.8344936898
15.7100000000 98.8371646154
15.7200000000 98.8388973410
15.7300000000 98.8397561747
15.7400000000 98.8399656838
15.7500000000 98.8398906837
15.7600000000 98.8399275358
15.7700000000 98.8403720632
15.7800000000 98.8413519498
15.7900000000 98.8427804256
15.8000000000 98.8444036819
15.8100000000 98.8458878091
15.8200000000 98.8468849269
15.8300000000 98.8470773523
15.8400000000 98.8462394988
15.8500000000 98.8442219652
15.8600000000 98.8409911682
15.8700000000 98.8365806164
15.8800000000 98.8310803306
15.8900000000 98.8245596528
15.9000000000 98.8170330303
15.9100000000 98.8084593877
15.9200000000 98.7987800386
15.9300000000 98.7879298421
15.9400000000 98.7759260486
15.9500000000 98.7628303050
15.9600000000 98.7487875530
15.9700000000 98.7340379114
15.9800000000 98.7188889323
15.9900000000 98.7037391201
16.0000000000 98.6890501799
16.0100000000 98.6752699913
16.0200000000 98.6627985208
16.0300000000 98.6519488918
16.0400000000 98.6429407018
16.0500000000 98.6358945571
16.0600000000 98.6308035033
16.0700000000 98.6275325453
16.0800000000 98.6257445495
16.0900000000 98.6249540095
16.1000000000 98.6245983100
16.1100000000 98.6241489523
16.1200000000 98.6232131080
16.1300000000 98.6216360869
16.1400000000 98.6195148445
16.1500000000 98.6172002919
16.1600000000 98.6152437061
16.1700000000 98.6143021709
16.1800000000 98.6150164173
16.1900000000 98.6179141712
16.2000000000 98.6233138107
16.2100000000 98.6312545237
16.2200000000 98.6415328439
16.2300000000 98.6536838310
16.2400000000 98.6671024460
16.2500000000 98.6810540654
16.2600000000 98.6948085332
16.2700000000 98.7077199368
16.2800000000 98.7193236215
16.2900000000 98.7294693124
16.3000000000 98.7383191147
16.3100000000 98.7463052765
16.3200000000 98.7540251601
16.3300000000 98.7620709883
16.3400000000 98.7709098588
16.3500000000 98.7807845541
16.3600000000 98.7917338602
16.3700000000 98.8036025741
16.3800000000 98.8160680164
16.3900000000 98.8286735084
16.4000000000 98.8408324603
16.4100000000 98.8519020199
16.4200000000 98.8612279129
16.4300000000 98.8682595208
16.4400000000 98.8726201447
16.4500000000 98.8741836704
16.4600000000 98.8730713120
16.4700000000 98.8696533538
16.4800000000 98.8644655197
16.4900000000 98.8581287397
16.5000000000 98.8512281539
16.5100000000 98.8442027437
16.5200000000 98.8373372861
16.5300000000 98.8308180641
16.5400000000 98.8248130147
16.5500000000 98.8195584007
16.5600000000 98.8154588628
16.5700000000 98.8130141522
16.5800000000 98.8127630531
16.5900000000 98.8151909369
16.6000000000 98.8206372693
16.6100000000 98.8292185647
16.6200000000 98.8408207365
16.6300000000 98.8550971798
16.6400000000 98.8714779087
16.6500000000 98.8892193775
16.6600000000 98.9075019766
16.6700000000 98.9255103185
16.6800000000 98.9425332036
16.6900000000 98.9580464677
16.7000000000 98.9717685546
16.7100000000 98.9836098214
16.7200000000 98.9936750739
16.7300000000 99.0021769191
16.7400000000 99.0093658584
16.7500000000 99.0154896060
16.7600000000 99.0207450492
16.7700000000 99.0252602522
16.7800000000 99.0290756183
16.7900000000 99.0321787375
16.8000000000 99.0345033415
16.8100000000 99.0359820675
16.8200000000 99.0365880062
16.8300000000 99.0363465237
16.8400000000 99.0353601961
16.8500000000 99.0337736550
16.8600000000 99.0317624102
16.8700000000 99.0294739124
16.8800000000 99.0269976824
16.8900000000 99.0243701851
16.9000000000 99.0215564409
16.9100000000 99.0185027907
16.9200000000 99.0152018415
16.9300000000 99.0117112985
16.9400000000 99.0081364563
16.9500000000 99.0046434595
16.9600000000 99.0013585048
16.9700000000 98.9983258689
16.9800000000 98.9954830908
16.9900000000 98.9926415792
17.0000000000 98.9896103519
17.0100000000 98.9862197261
17.0200000000 98.9824705929
17.0300000000 98.9785487505
17.0400000000 98.9747672203
17.0500000000 98.9714958744
17.0600000000 98.9690360134
17.0700000000 98.9675541079
17.0800000000 98.9670433114
17.0900000000 98.9674416888
17.1000000000 98.9686732431
17.1100000000 98.9707925526
17.1200000000 98.9739861361
17.1300000000 98.9785392806
17.1400000000 98.9847168175
17.1500000000 98.9926495247
17.1600000000 99.0021994300
17.1700000000 99.0129869459
17.1800000000 99.0244419624
17.1900000000 99.0359648123
17.2000000000 99.0470586658
17.2100000000 99.0573676081
17.2200000000 99.0667513359
17.2300000000 99.0752022947
17.2400000000 99.0828227529
17.2500000000 99.0897711925
17.2600000000 99.0961957439
17.2700000000 99.1022456818
17.2800000000 99.1080226516
17.2900000000 99.1136470994
17.3000000000 99.1192096810
17.3100000000 99.1248135971
17.3200000000 99.1305750811
17.3300000000 99.1365805896
17.3400000000 99.1429055545
17.3500000000 99.1495531107
17.3600000000 99.1564654760
17.3700000000 99.1634989460
17.3800000000 99.1704718796
17.3900000000 99.1771889569
17.4000000000 99.1834897628
17.4100000000 99.1892313293
17.4200000000 99.1943184826
17.4300000000 99.1987044643
17.4400000000 99.2024094438
17.4500000000 99.2055210870
17.4600000000 99.2082079747
17.4700000000 99.2106765902
17.4800000000 99.2131292997
17.4900000000 99.2157211208
17.5000000000 99.2185340520
17.5100000000 99.2216007991
17.5200000000 99.2248925137
17.5300000000 99.2284161971
17.5400000000 99.2321915240
17.5500000000 99.2362630183
17.5600000000 99.2406761899
17.5700000000 99.2454031181
17.5800000000 99.2503606288
17.5900000000 99.2553783709
17.6000000000 99.2602104508
17.6100000000 99.2646028395
17.6200000000 99.2682996480
17.6300000000 99.2710926711
17.6400000000 99.2728467840
17.6500000000 99.2735070864
17.6600000000 99.2730988950
17.6700000000 99.2717414918
17.6800000000 99.2695987947
17.6900000000 99.2668670225
17.7000000000 99.2637378981
17.7100000000 99.2603609741
17.7200000000 99.2568367789
17.7300000000 99.2531603533
17.7400000000 99.2493011411
17.7500000000 99.2451841647
17.7600000000 99.2407585457
17.7700000000 99.2360098714
17.7800000000 99.2309926529
17.7900000000 99.2257927115
17.8000000000 99.2205342496
17.8100000000 99.2153172253
17.8200000000 99.2102482841
17.8300000000 99.2053909286
17.8400000000 99.2008021884
17.8500000000 99.1965140849
17.8600000000 99.1926024463
17.8700000000 99.1891369890
17.8800000000 99.1862195925
17.8900000000 99.1839277844
17.9000000000 99.1823019700
17.9100000000 99.1813201456
17.9200000000 99.1809092682
17.9300000000 99.1809707579
17.9400000000 99.1814110872
17.9500000000 99.1821363503
17.9600000000 99.1830895995
17.9700000000 99.1842198803
17.9800000000 99.1855069371
17.9900000000 99.1869870428
18.0000000000 99.1887846226
18.0100000000 99.1911134694
18.0200000000 99.1942902704
18.0300000000 99.1986345144
18.0400000000 99.2044372073
18.0500000000 99.2118652128
18.0600000000 99.2209095211
18.0700000000 99.2313768078
18.0800000000 99.2429451955
18.0900000000 99.2551823070
18.1000000000 99.2676392766
18.1100000000 99.2798766206
18.1200000000 99.2915219028
18.1300000000 99.3023148640
18.1400000000 99.3121216066
18.1500000000 99.3209230426
18.1600000000 99.3287900504
18.1700000000 99.3358522917
18.1800000000 99.3422539253
18.1900000000 99.3481404858
18.2000000000 99.3535884147
18.2100000000 99.3586425236
18.2200000000 99.3632584248
18.2300000000 99.3673652016
18.2400000000 99.3708398696
18.2500000000 99.3735843997
18.2600000000 99.3755062096
18.2700000000 99.3765445836
18.2800000000 99.3766579218
18.2900000000 99.3758172004
18.3000000000 99.3739867996
18.3100000000 99.3711885183
18.3200000000 99.3674763872
18.3300000000 99.3629881107
18.3400000000 99.3579141142
18.3500000000 99.3525035767
18.3600000000 99.3470399092
18.3700000000 99.3417948739
18.3800000000 99.3370159777
18.3900000000 99.3329065434
18.4000000000 99.3295870957
18.4100000000 99.3271266766
18.4200000000 99.3255105468
18.4300000000 99.3246457743
18.4400000000 99.3243869310
18.4500000000 99.3245482253
18.4600000000 99.3249493611
18.4700000000 99.3254283524
18.4800000000 99.3258350805
18.4900000000 99.3260841348
18.5000000000 99.3260960828
18.5100000000 99.3258236688
18.5200000000 99.3252523254
18.5300000000 99.3243869065
18.5400000000 99.3232456466
18.5500000000 99.3218661209
18.5600000000 99.3202931809
18.5700000000 99.3185911731
18.5800000000 99.3168052519
18.5900000000 99.3150136473
18.6000000000 99.3132492717
18.6100000000 99.3115776148
18.6200000000 99.3100255690
18.6300000000 99.3086001999
18.6400000000 99.3072956640
18.6500000000 99.3061055992
18.6600000000 99.3049973335
18.6700000000 99.3039707389
18.6800000000 99.3030186180
18.6900000000 99.3021666562
18.7000000000 99.3014730829
18.7100000000 99.3010358357
18.7200000000 99.3010256197
18.7300000000 99.3016408383
18.7400000000 99.3031077742
18.7500000000 99.3056018568
18.7600000000 99.3092276174
18.7700000000 99.3139649085
18.7800000000 99.3196681845
18.7900000000 99.3261112586
18.8000000000 99.3329937021
18.8100000000 99.3399798851
18.8200000000 99.3467781243
18.8300000000 99.3531015598
18.8400000000 99.3587547109
18.8500000000 99.3636072893
18.8600000000 99.3675946858
18.8700000000 99.3707522981
18.8800000000 99.3731622071
18.8900000000 99.3749540722
18.9000000000 99.3762786669
18.9100000000 99.3772945337
18.9200000000 99.3781076969
18.9300000000 99.3788182694
18.9400000000 99.3794932834
18.9500000000 99.3801599380
18.9600000000 99.3808588196
18.9700000000 99.3816105055
18.9800000000 99.3824356152
18.9900000000 99.3833553228
19.0000000000 99.3843372315
19.0100000000 99.3853356738
19.0200000000 99.3862507817
19.0300000000 99.3869552787
19.0400000000 99.3873477145
19.0500000000 99.3873324475
19.0600000000 99.3868670075
19.0700000000 99.3859422086
19.0800000000 99.3846090697
19.0900000000 99.3829595076
19.1000000000 99.3811128298
19.1100000000 99.3792025279
19.1200000000 99.3773894956
19.1300000000 99.3757952696
19.1400000000 99.3745620663
19.1500000000 99.3738121927
19.1600000000 99.3736619891
19.1700000000 99.3742284807
19.1800000000 99.3756021661
19.1900000000 99.3778473893
19.2000000000 99.3809681846
19.2100000000 99.3849280271
19.2200000000 99.3896090730
19.2300000000 99.3948656583
19.2400000000 99.4005038106
19.2500000000 99.4063214501
19.2600000000 99.4121288536
19.2700000000 99.4177419999
19.2800000000 99.4230098134
19.2900000000 99.4278074018
19.3000000000 99.4320839451
19.3100000000 99.4358427122
19.3200000000 99.4391619621
19.3300000000 99.4421954982
19.3400000000 99.4451392717
19.3500000000 99.4482111446
19.3600000000 99.4516099778
19.3700000000 99.4554883958
19.3800000000 99.4599180337
19.3900000000 99.4649160923
19.4000000000 99.4704246883
19.4100000000 99.4763170263
19.4200000000 99.4824312862
19.4300000000 99.4885497249
19.4400000000 99.4944736464
19.4500000000 99.4999896497
19.4600000000 99.5049446607
19.4700000000 99.5092191323
19.4800000000 99.5127277620
19.4900000000 99.5154535924
19.5000000000 99.5173799357
19.5100000000 99.5185178681
19.5200000000 99.5188991696
19.5300000000 99.5185353429
19.5400000000 99.5174860593
19.5500000000 99.5157838481
19.5600000000 99.5134819209
19.5700000000 99.5106407617
19.5800000000 99.5073346149
19.5900000000 99.5036311435
19.6000000000 99.4996327420
19.6100000000 99.4954489818
19.6200000000 99.4912036954
19.6300000000 99.4870350865
19.6400000000 99.4831095910
19.6500000000 99.4795670079
19.6600000000 99.4765270365
19.6700000000 99.4740613748
19.6800000000 99.4721867702
19.6900000000 99.4708779270
19.7000000000 99.4700678193
19.7100000000 99.4696745904
19.7200000000 99.4696162272
19.7300000000 99.4698238634
19.7400000000 99.4702284950
19.7500000000 99.4707745495
19.7600000000 99.4714271265
19.7700000000 99.4721512540
19.7800000000 99.4729462890
19.7900000000 99.4738400428
19.8000000000 99.4748600500
19.8100000000 99.4760624719
19.8200000000 99.4774968608
19.8300000000 99.4791989942
19.8400000000 99.4811842725
19.8500000000 99.4834538998
19.8600000000 99.4859743685
19.8700000000 99.4886840250
19.8800000000 99.4915068251
19.8900000000 99.4943174364
19.9000000000 99.4969893268
19.9100000000 99.4993812452
19.9200000000 99.5014141180
19.9300000000 99.5030433976
19.9400000000 99.5043229574
19.9500000000 99.5053282983
19.9600000000 99.5061991990
19.9700000000 99.5070409742
19.9800000000 99.5079670251
19.9900000000 99.5090279403
20.0000000000 99.5102463093
