124000.0000000000 9.9540470703
62000.0000000000 30.6621924999
41333.3333333333 49.8778635516
31000.0000000000 63.8920160194
24800.0000000000 73.4431998814
20666.6666666667 79.9341772191
17714.2857142857 84.4337139445
15500.0000000000 87.6354356211
13777.7777777778 89.9745598958
12400.0000000000 91.7257997221
11272.7272727273 93.0660218369
10333.3333333333 94.1118689231
9538.4615384615 94.9421731302
8857.1428571429 95.6114724806
8266.6666666667 96.1583256040
7750.0000000000 96.6105410328
7294.1176470588 96.9885409534
6888.8888888889 97.3075725742
6526.3157894737 97.5791913504
6200.0000000000 97.8122755567
5904.7619047619 98.0137319836
5636.3636363636 98.1889958261
5391.3043478261 98.3423889575
5166.6666666667 98.4773816057
4960.0000000000 98.5967849117
4769.2307692308 98.7028949247
4592.5925925926 98.7976016495
4428.5714285714 98.8824714351
4275.8620689655 98.9588114860
4133.3333333333 99.0277193551
4000.0000000000 99.0901215392
3875.0000000000 99.1468048316
3757.5757575758 99.1984407359
3647.0588235294 99.2456046854
3542.8571428571 99.2887925781
3444.4444444444 99.3284331464
3351.3513513514 99.3648986236
3263.1578947368 99.3985134953
3179.4871794872 99.4295617082
3100.0000000000 99.4582922231
3024.3902439024 99.4849243721
2952.3809523810 99.5096520011
2883.7209302326 99.5326465309
2818.1818181818 99.5540604974
2755.5555555556 99.5740295633
2695.6521739130 99.5926748729
2638.2978723404 99.6101052690
2583.3333333333 99.6264181705
2530.6122448980 99.6417013217
2480.0000000000 99.6560336141
2431.3725490196 99.6694863265
2384.6153846154 99.6821235204
2339.6226415094 99.6940026398
2296.2962962963 99.7051754818
2254.5454545455 99.7156886997
2214.2857142857 99.7255841575
2175.4385964912 99.7348997036
2137.9310344828 99.7436697717
2101.6949152542 99.7519251543
2066.6666666667 99.7596938697
2032.7868852459 99.7670012737
2000.0000000000 99.7738696206
1968.2539682540 99.7803193353
1937.5000000000 99.7863683483
1907.6923076923 99.7920322235
1878.7878787879 99.7973254184
1850.7462686567 99.8022603180
1823.5294117647 99.8068480283
1797.1014492754 99.8110994974
1771.4285714286 99.8150249326
1746.4788732394 99.8186352468
1722.2222222222 99.8219420435
1698.6301369863 99.8249575561
1675.6756756757 99.8276935360
1653.3333333333 99.8301597814
1631.5789473684 99.8323613428
1610.3896103896 99.8342960356
1589.7435897436 99.8359539855
1569.6202531646 99.8373165623
1550.0000000000 99.8383581634
1530.8641975309 99.8390490323
1512.1951219512 99.8393563879
1493.9759036145 99.8392460879
1476.1904761905 99.8386822239
1458.8235294118 99.8376300771
1441.8604651163 99.8360563699
1425.2873563218 99.8339318866
1409.0909090909 99.8312367947
1393.2584269663 99.8279654609
1377.7777777778 99.8241353327
1362.6373626374 99.8197929677
1347.8260869565 99.8150201692
1333.3333333333 99.8099318611
1319.1489361702 99.8046686541
1305.2631578947 99.7993785855
1291.6666666667 99.7941981000
1278.3505154639 99.7892325997
1265.3061224490 99.7845448146
1252.5252525253 99.7801443365
1240.0000000000 99.7759847737
1227.7227722772 99.7719630349
1215.6862745098 99.7679321784
1203.8834951456 99.7637212012
1192.3076923077 99.7591561242
1180.9523809524 99.7540762547
1169.8113207547 99.7483299805
1158.8785046729 99.7417639226
1148.1481481481 99.7342100416
1137.6146788991 99.7254832546
1127.2727272727 99.7153949812
1117.1171171171 99.7037821933
1107.1428571429 99.6905446485
1097.3451327434 99.6756810896
1087.7192982456 99.6593262968
1078.2608695652 99.6417660494
1068.9655172414 99.6234309785
1059.8290598291 99.6048401749
1050.8474576271 99.5864976747
1042.0168067227 99.5687591047
1033.3333333333 99.5517027747
1024.7933884298 99.5350770124
1016.3934426230 99.5183371955
1008.1300813008 99.5007747451
1000.0000000000 99.4816894388
992.0000000000 99.4605544838
984.1269841270 99.4371469976
976.3779527559 99.4116214747
968.7500000000 99.3845231444
961.2403100775 99.3567314444
953.8461538462 99.3293249876
946.5648854962 99.3034053888
939.3939393939 99.2799152024
932.3308270677 99.2595138872
925.3731343284 99.2425296336
918.5185185185 99.2289491565
911.7647058824 99.2184145061
905.1094890511 99.2102130274
898.5507246377 99.2033050253
892.0863309353 99.1964365018
885.7142857143 99.1883324950
879.4326241135 99.1779294792
873.2394366197 99.1645842193
867.1328671329 99.1482011562
861.1111111111 99.1292613070
855.1724137931 99.1087254000
849.3150684932 99.0878012073
843.5374149660 99.0676200548
837.8378378378 99.0488908954
832.2147651007 99.0316791446
826.6666666667 99.0154042238
821.1920529801 98.9990722312
815.7894736842 98.9816612423
810.4575163399 98.9625190589
805.1948051948 98.9416528957
800.0000000000 98.9198407726
794.8717948718 98.8985290044
789.8089171975 98.8795413590
784.8101265823 98.8646560638
779.8742138365 98.8551791664
775.0000000000 98.8516403163
770.1863354037 98.8536866040
765.4320987654 98.8601715480
760.7361963190 98.8693751085
756.0975609756 98.8792801294
751.5151515152 98.8878411030
746.9879518072 98.8931979335
742.5149700599 98.8938194761
738.0952380952 98.8885859274
733.7278106509 98.8768460412
729.4117647059 98.8584709334
725.1461988304 98.8339119983
720.9302325581 98.8042361336
716.7630057803 98.7710904660
712.6436781609 98.7365716481
708.5714285714 98.7029823018
704.5454545455 98.6725179887
700.5649717514 98.6469787950
696.6292134831 98.6275822550
692.7374301676 98.6149189280
688.8888888889 98.6090069679
685.0828729282 98.6093726547
681.3186813187 98.6151087884
677.5956284153 98.6249384715
673.9130434783 98.6373340727
670.2702702703 98.6507049072
666.6666666667 98.6636085858
663.1016042781 98.6749066127
659.5744680851 98.6838209941
656.0846560847 98.6899260777
652.6315789474 98.6931429705
649.2146596859 98.6937736327
645.8333333333 98.6925574727
642.4870466321 98.6906641003
639.1752577320 98.6895594689
635.8974358974 98.6907447327
632.6530612245 98.6954487700
629.4416243655 98.7043768934
626.2626262626 98.7176077874
623.1155778894 98.7346548644
620.0000000000 98.7546495209
616.9154228856 98.7765641584
613.8613861386 98.7993862140
610.8374384236 98.8221747825
607.8431372549 98.8440282610
604.8780487805 98.8640337133
601.9417475728 98.8812757570
599.0338164251 98.8949493834
596.1538461538 98.9045367017
593.3014354067 98.9099847608
590.4761904762 98.9118104093
587.6777251185 98.9110963633
584.9056603774 98.9093455059
582.1596244131 98.9082256929
579.4392523364 98.9092440170
576.7441860465 98.9134603048
574.0740740741 98.9213273316
571.4285714286 98.9326952257
568.8073394495 98.9469871653
566.2100456621 98.9634549100
563.6363636364 98.9814374202
561.0859728507 99.0005217481
558.5585585586 99.0205499233
556.0538116592 99.0414879668
553.5714285714 99.0632269839
551.1111111111 99.0854273984
548.6725663717 99.1074824381
546.2555066079 99.1286050532
543.8596491228 99.1479792840
541.4847161572 99.1649042160
539.1304347826 99.1788868943
536.7965367965 99.1896793870
534.4827586207 99.1972756954
532.1888412017 99.2018940343
529.9145299145 99.2039647479
527.6595744681 99.2041258942
525.4237288136 99.2031921711
523.2067510549 99.2020798253
521.0084033613 99.2016659550
518.8284518828 99.2026127435
516.6666666667 99.2051984635
514.5228215768 99.2092527218
512.3966942149 99.2141945309
510.2880658436 99.2191946556
508.1967213115 99.2233859661
506.1224489796 99.2260697750
504.0650406504 99.2268684151
502.0242914980 99.2257915951
500.0000000000 99.2232203958
497.9919678715 99.2197985288
496.0000000000 99.2162719977
494.0239043825 99.2133065936
492.0634920635 99.2113597813
490.1185770751 99.2106478568
488.1889763780 99.2112310886
486.2745098039 99.2131650820
484.3750000000 99.2166215121
482.4902723735 99.2219148373
480.6201550388 99.2293955637
478.7644787645 99.2392593824
476.9230769231 99.2513827739
475.0957854406 99.2652556998
473.2824427481 99.2800736240
471.4828897338 99.2949258157
469.6969696970 99.3090059423
467.9245283019 99.3217586902
466.1654135338 99.3329478336
464.4194756554 99.3426093040
462.6865671642 99.3509478303
460.9665427509 99.3582087791
459.2592592593 99.3645721769
457.5645756458 99.3701079923
455.8823529412 99.3748070029
454.2124542125 99.3786367537
452.5547445255 99.3816028534
450.9090909091 99.3837644087
449.2753623188 99.3852244918
447.6534296029 99.3860803193
446.0431654676 99.3863907317
444.4444444444 99.3861596473
442.8571428571 99.3853516318
441.2811387900 99.3839356252
439.7163120567 99.3819119042
438.1625441696 99.3793237146
436.6197183099 99.3762092061
435.0877192982 99.3725471628
433.5664335664 99.3682175944
432.0557491289 99.3630291047
430.5555555556 99.3568006360
429.0657439446 99.3494735065
427.5862068966 99.3411962750
426.1168384880 99.3323509337
424.6575342466 99.3234973741
423.2081911263 99.3152651137
421.7687074830 99.3082355226
420.3389830508 99.3028558622
418.9189189189 99.2994119435
417.5084175084 99.2980493219
416.1073825503 99.2987876518
414.7157190635 99.3015216943
413.3333333333 99.3060107011
411.9601328904 99.3118865947
410.5960264901 99.3187015783
409.2409240924 99.3259725656
407.8947368421 99.3332287453
406.5573770492 99.3400258808
405.2287581699 99.3459458765
403.9087947883 99.3505855439
402.5974025974 99.3535548951
401.2944983819 99.3544841083
400.0000000000 99.3530339165
398.7138263666 99.3489083761
397.4358974359 99.3418623815
396.1661341853 99.3317103659
394.9044585987 99.3183395223
393.6507936508 99.3017297879
392.4050632911 99.2819640608
391.1671924290 99.2592239670
389.9371069182 99.2337474625
388.7147335423 99.2057655453
387.5000000000 99.1753998759
386.2928348910 99.1425904667
385.0931677019 99.1070473703
383.9009287926 99.0682821895
382.7160493827 99.0257083002
381.5384615385 98.9787903469
380.3680981595 98.9272263632
379.2048929664 98.8711170435
378.0487804878 98.8110918063
376.8996960486 98.7483748129
375.7575757576 98.6847649883
374.6223564955 98.6225192273
373.4939759036 98.5641589499
372.3723723724 98.5121916784
371.2574850299 98.4688042377
370.1492537313 98.4355497243
369.0476190476 98.4131055341
367.9525222552 98.4011509151
366.8639053254 98.3984479921
365.7817109145 98.4030844945
364.7058823529 98.4128426327
363.6363636364 98.4255791593
362.5730994152 98.4395290303
361.5160349854 98.4534552944
360.4651162791 98.4666521705
359.4202898551 98.4787953346
358.3815028902 98.4897259576
357.3487031700 98.4992152294
356.3218390805 98.5068274280
355.3008595989 98.5119029901
354.2857142857 98.5136786518
353.2763532764 98.5114644379
352.2727272727 98.5047929842
351.2747875354 98.4935121935
350.2824858757 98.4777880788
349.2957746479 98.4580605235
348.3146067416 98.4349819953
347.3389355742 98.4093600959
346.3687150838 98.3821116721
345.4038997214 98.3542162989
344.4444444444 98.3266929316
343.4903047091 98.3005650100
342.5414364641 98.2767865153
341.5977961433 98.2561007524
340.6593406593 98.2388536080
339.7260273973 98.2248485626
338.7978142077 98.2133549517
337.8746594005 98.2032654080
336.9565217391 98.1933846109
336.0433604336 98.1826876421
335.1351351351 98.1704709237
334.2318059299 98.1563493190
333.3333333333 98.1401801709
332.4396782842 98.1219452469
331.5508021390 98.1016581362
330.6666666667 98.0792948851
329.7872340426 98.0547186823
328.9124668435 98.0276388208
328.0423280423 97.9976110447
327.1767810026 97.9641462965
326.3157894737 97.9268675269
325.4593175853 97.8856730683
324.6073298429 97.8408212045
323.7597911227 97.7928955530
322.9166666667 97.7426767155
322.0779220779 97.6909930710
321.2435233161 97.6385943868
320.4134366925 97.5861039353
319.5876288660 97.5340416887
318.7660668380 97.4829034271
317.9487179487 97.4332575702
317.1355498721 97.3858187907
316.3265306122 97.3414701592
315.5216284987 97.3012150197
314.7208121827 97.2660565402
313.9240506329 97.2368913432
313.1313131313 97.2144505409
312.3425692695 97.1992936422
311.5577889447 97.1917518409
310.7769423559 97.1917671244
310.0000000000 97.1986337365
309.2269326683 97.2108047792
308.4577114428 97.2258822619
307.6923076923 97.2408737125
306.9306930693 97.2526637405
306.1728395062 97.2585259327
305.4187192118 97.2565482989
304.6683046683 97.2458402602
303.9215686275 97.2265228553
303.1784841076 97.1995093517
302.4390243902 97.1661812694
301.7031630170 97.1280169893
300.9708737864 97.0862783727
300.2421307506 97.0418436232
299.5169082126 96.9951989178
298.7951807229 96.9466030309
298.0769230769 96.8963725700
297.3621103118 96.8451692985
296.6507177033 96.7942343664
295.9427207637 96.7454972727
295.2380952381 96.7015378261
294.5368171021 96.6653354995
293.8388625592 96.6398743076
293.1442080378 96.6276507681
292.4528301887 96.6302410489
291.7647058824 96.6480418402
291.0798122066 96.6802320721
290.3981264637 96.7249039435
289.7196261682 96.7792798914
289.0442890443 96.8399851491
288.3720930233 96.9033565651
287.7030162413 96.9658065977
287.0370370370 97.0241992001
286.3741339492 97.0761358258
285.7142857143 97.1200828581
285.0574712644 97.1553513200
284.4036697248 97.1819824105
283.7528604119 97.2006051912
283.1050228311 97.2123334244
282.4601366743 97.2187119077
281.8181818182 97.2216688839
281.1791383220 97.2234422151
280.5429864253 97.2264028457
279.9097065463 97.2328060176
279.2792792793 97.2444736404
278.6516853933 97.2624953400
278.0269058296 97.2869944094
277.4049217002 97.3170348451
276.7857142857 97.3506992745
276.1692650334 97.3853770424
275.5555555556 97.4181912316
274.9445676275 97.4464575282
274.3362831858 97.4680734715
273.7306843267 97.4817719486
273.1277533040 97.4872114792
272.5274725275 97.4849226214
271.9298245614 97.4761158814
271.3347921225 97.4623951000
270.7423580786 97.4454622504
270.1525054466 97.4268646650
269.5652173913 97.4078390220
268.9804772234 97.3892438067
268.3982683983 97.3715338703
267.8185745140 97.3547363852
267.2413793103 97.3384044515
266.6666666667 97.3216178290
266.0944206009 97.3030981151
265.5246252677 97.2814860197
264.9572649573 97.2557061121
264.3923240938 97.2253206373
263.8297872340 97.1907533129
263.2696390658 97.1532868433
262.7118644068 97.1148657366
262.1564482030 97.0777276685
261.6033755274 97.0439669302
261.0526315789 97.0151357047
260.5042016807 96.9920373149
259.9580712788 96.9747671262
259.4142259414 96.9629579378
258.8726513570 96.9561386412
258.3333333333 96.9540280756
257.7962577963 96.9566599182
257.2614107884 96.9643415010
256.7287784679 96.9774507870
256.1983471074 96.9961604860
255.6701030928 97.0201796102
255.1440329218 97.0486225481
254.6201232033 97.0800670787
254.0983606557 97.1127884598
253.5787321063 97.1450953464
253.0612244898 97.1756248901
252.5458248473 97.2034675388
252.0325203252 97.2280711783
251.5212981744 97.2489842833
251.0121457490 97.2655834872
250.5050505051 97.2769458664
250.0000000000 97.2819210074
249.4969818913 97.2793348966
248.9959839357 97.2682288161
248.4969939880 97.2480344980
248.0000000000 97.2186754062
247.5049900200 97.1806098135
247.0119521912 97.1348591173
246.5208747515 97.0830196375
246.0317460317 97.0272342128
245.5445544554 96.9701462644
245.0592885375 96.9148216323
244.5759368836 96.8646030234
244.0944881890 96.8228715526
243.6149312377 96.7926599988
243.1372549020 96.7761599090
242.6614481409 96.7742908451
242.1875000000 96.7864788478
241.7153996101 96.8108278664
241.2451361868 96.8445675452
240.7766990291 96.8846094144
240.3100775194 96.9279707514
239.8452611219 96.9719814193
239.3822393822 97.0143381343
238.9210019268 97.0531451961
238.4615384615 97.0869777551
238.0038387716 97.1149761638
237.5478927203 97.1368436142
237.0936902486 97.1527183548
236.6412213740 97.1629791191
236.1904761905 97.1680332153
235.7414448669 97.1682252151
235.2941176471 97.1638843473
234.8484848485 97.1554621684
234.4045368620 97.1436931094
233.9622641509 97.1296970018
233.5216572505 97.1149562290
233.0827067669 97.1011880410
232.6454033771 97.0901872203
232.2097378277 97.0836751209
231.7757009346 97.0831731900
231.3432835821 97.0898063437
230.9124767225 97.1040401345
230.4832713755 97.1254119152
230.0556586271 97.1524142668
229.6296296296 97.1826651007
229.2051756007 97.2132745914
228.7822878229 97.2413141710
228.3609576427 97.2642402968
227.9411764706 97.2801845759
227.5229357798 97.2881586187
227.1062271062 97.2881633392
226.6910420475 97.2812170937
226.2773722628 97.2692716164
225.8652094718 97.2549574144
225.4545454545 97.2411340321
225.0453720508 97.2303251189
224.6376811594 97.2242043303
224.2314647378 97.2233268985
223.8267148014 97.2271740158
223.4234234234 97.2344735874
223.0215827338 97.2436199203
222.6211849192 97.2530525765
222.2222222222 97.2615279754
221.8246869410 97.2682461378
221.4285714286 97.2729351090
221.0338680927 97.2758711479
220.6405693950 97.2778355849
220.2486678508 97.2799501560
219.8581560284 97.2833532663
219.4690265487 97.2887713105
219.0812720848 97.2961763410
218.6948853616 97.3046909662
218.3098591549 97.3128054063
217.9261862917 97.3188682193
217.5438596491 97.3216506032
217.1628721541 97.3207920094
216.7832167832 97.3169923149
216.4048865620 97.3118788124
216.0278745645 97.3075900424
215.6521739130 97.3062134606
215.2777777778 97.3092248355
214.9046793761 97.3171211602
214.5328719723 97.3293444456
214.1623488774 97.3444558736
213.7931034483 97.3604630810
213.4251290878 97.3751629935
213.0584192440 97.3864079471
212.6929674099 97.3922801903
212.3287671233 97.3911634080
211.9658119658 97.3817193787
211.6040955631 97.3628545054
211.2436115843 97.3336899423
210.8843537415 97.2936352737
210.5263157895 97.2425280050
210.1694915254 97.1808463230
209.8138747885 97.1098941682
209.4594594595 97.0319079167
209.1062394604 96.9500446047
208.7542087542 96.8682230382
208.4033613445 96.7908060132
208.0536912752 96.7221053192
207.7051926298 96.6658024688
207.3578595318 96.6243729889
207.0116861436 96.5986929631
206.6666666667 96.5879505859
206.3227953411 96.5898584433
205.9800664452 96.6010997059
205.6384742952 96.6178667216
205.2980132450 96.6363752960
204.9586776860 96.6532587612
204.6204620462 96.6658224297
204.2833607908 96.6721307133
203.9473684211 96.6710013963
203.6124794745 96.6619807393
203.2786885246 96.6453415477
202.9459901800 96.6221123799
202.6143790850 96.5940989338
202.2838499184 96.5638114303
201.9543973941 96.5342820668
201.6260162602 96.5087172643
201.2987012987 96.4900096259
200.9724473258 96.4802653501
200.6472491909 96.4804449173
200.3231017771 96.4903064668
200.0000000000 96.5086826107
199.6779388084 96.5339801492
199.3569131833 96.5647360465
199.0369181380 96.5999471882
198.7179487179 96.6390584234
198.4000000000 96.6817092773
198.0830670927 96.7273641104
197.7671451356 96.7751069070
197.4522292994 96.8236624094
197.1383147854 96.8715577668
196.8253968254 96.9173057738
196.5134706815 96.9594499422
196.2025316456 96.9964908260
195.8925750395 97.0268487598
195.5835962145 97.0489194780
195.2755905512 97.0612926150
194.9685534591 97.0629937853
194.6624803768 97.0536693167
194.3573667712 97.0335754968
194.0532081377 97.0034054962
193.7500000000 96.9640187795
193.4477379095 96.9162062891
193.1464174455 96.8606465091
192.8460342146 96.7980571818
192.5465838509 96.7294530162
192.2480620155 96.6563346162
191.9504643963 96.5806545851
191.6537867079 96.5045248464
191.3580246914 96.4297583696
191.0631741140 96.3574371759
190.7692307692 96.2877017571
190.4761904762 96.2198298350
190.1840490798 96.1525163715
189.8928024502 96.0842331607
189.6024464832 96.0135227615
189.3129770992 95.9391794801
189.0243902439 95.8604114657
188.7366818874 95.7770024294
188.4498480243 95.6895224584
188.1638846737 95.5994359765
187.8787878788 95.5089834539
187.5945537065 95.4207781211
187.3111782477 95.3372423152
187.0286576169 95.2600653218
186.7469879518 95.1898726014
186.4661654135 95.1262124494
186.1861861862 95.0677581549
185.9070464768 95.0126630615
185.6287425150 94.9589146413
185.3512705531 94.9046609928
185.0746268657 94.8484464547
184.7988077496 94.7893781851
184.5238095238 94.7271923809
184.2496285290 94.6623009410
183.9762611276 94.5958664083
183.7037037037 94.5299092690
183.4319526627 94.4673494405
183.1610044313 94.4117433811
182.8908554572 94.3666945693
182.6215022091 94.3349606070
182.3529411765 94.3176241208
182.0851688693 94.3136319735
181.8181818182 94.3198837586
181.5519765739 94.3318155851
181.2865497076 94.3442371397
181.0218978102 94.3521865765
180.7580174927 94.3516008014
180.4949053857 94.3396944908
180.2325581395 94.3151747919
179.9709724238 94.2783446320
179.7101449275 94.2311901760
179.4500723589 94.1773943083
179.1907514451 94.1220522444
178.9321789322 94.0710369391
178.6743515850 94.0300641889
178.4172661871 94.0037744302
178.1609195402 93.9951329402
177.9053084648 94.0053697814
177.6504297994 94.0343925608
177.3962804006 94.0814305349
177.1428571429 94.1456222911
176.8901569187 94.2262919854
176.6381766382 94.3228103506
176.3869132290 94.4341212238
176.1363636364 94.5581286463
175.8865248227 94.6913018232
175.6373937677 94.8287426954
175.3889674682 94.9647440894
175.1412429379 95.0936514046
174.8942172073 95.2107456945
174.6478873239 95.3128579403
174.4022503516 95.3986284646
174.1573033708 95.4683983054
173.9130434783 95.5238335981
173.6694677871 95.5673554323
173.4265734266 95.6015158861
173.1843575419 95.6284382651
172.9428172943 95.6493747901
172.7019498607 95.6645473214
172.4617524339 95.6732438954
172.2222222222 95.6742492564
171.9833564494 95.6664357493
171.7451523546 95.6493806865
171.5076071923 95.6237415094
171.2707182320 95.5913379911
171.0344827586 95.5549221711
170.7988980716 95.5177983871
170.5639614856 95.4834178672
170.3296703297 95.4550306373
170.0960219479 95.4354127294
169.8630136986 95.4266359478
169.6306429549 95.4298838094
169.3989071038 95.4452871806
169.1678035471 95.4719310569
168.9373297003 95.5080565207
168.7074829932 95.5515092243
168.4782608696 95.6002703527
168.2496607870 95.6529025969
168.0216802168 95.7087554204
167.7943166441 95.7678353976
167.5675675676 95.8304671071
167.3414304993 95.8968459700
167.1159029650 95.9666834389
166.8909825034 96.0390534646
166.6666666667 96.1124569049
166.4429530201 96.1851328699
166.2198391421 96.2554324172
165.9973226238 96.3221734311
165.7754010695 96.3847989639
165.5540720961 96.4433307712
165.3333333333 96.4981490880
165.1131824234 96.5496857130
164.8936170213 96.5981720993
164.6746347942 96.6435428835
164.4562334218 96.6855396864
164.2384105960 96.7240166268
164.0211640212 96.7592516009
163.8044914135 96.7921806869
163.5883905013 96.8243714392
163.3728590250 96.8577718116
163.1578947368 96.8942415444
162.9434954008 96.9350274513
162.7296587927 96.9803829294
162.5163826999 97.0294214122
162.3036649215 97.0803124029
162.0915032680 97.1306996112
161.8798955614 97.1782107603
161.6688396349 97.2209037712
161.4583333333 97.2576234278
161.2483745124 97.2881865339
161.0389610390 97.3134573898
160.8300907912 97.3352487594
160.6217616580 97.3559987442
160.4139715395 97.3782640837
160.2067183463 97.4040888359
160.0000000000 97.4344555414
159.7938144330 97.4690421333
159.5881595882 97.5063442751
159.3830334190 97.5441112825
159.1784338896 97.5798636632
158.9743589744 97.6113150368
158.7708066581 97.6365862024
158.5677749361 97.6542419599
158.3652618135 97.6632227679
158.1632653061 97.6627289421
157.9617834395 97.6521781978
157.7608142494 97.6311973555
157.5603557814 97.5996700257
157.3604060914 97.5578512169
157.1609632446 97.5064787852
156.9620253165 97.4468892445
156.7635903919 97.3810838024
156.5656565657 97.3116557934
156.3682219420 97.2415722095
156.1712846348 97.1738240071
155.9748427673 97.1110430416
155.7788944724 97.0552013186
155.5834378921 97.0074615682
155.3884711779 96.9682211778
155.1939924906 96.9372925470
155.0000000000 96.9141339724
154.8064918851 96.8980859864
154.6134663342 96.8885950472
154.4209215442 96.8853246923
154.2288557214 96.8881781445
154.0372670807 96.8971717265
153.8461538462 96.9122692895
153.6555142503 96.9332642823
153.4653465347 96.9597151839
153.2756489493 96.9909539549
153.0864197531 97.0261190834
152.8976572133 97.0641503214
152.7093596059 97.1038164844
152.5215252153 97.1438072743
152.3341523342 97.1828321135
152.1472392638 97.2197731682
151.9607843137 97.2537432086
151.7747858017 97.2841023469
151.5892420538 97.3103911976
151.4041514042 97.3322966339
151.2195121951 97.3496450231
151.0353227771 97.3624847846
150.8515815085 97.3711832868
150.6682867558 97.3764649982
150.4854368932 97.3793285001
150.3030303030 97.3808640872
150.1210653753 97.3819885192
149.9395405079 97.3832094149
149.7584541063 97.3844959086
149.5778045838 97.3852675497
149.3975903614 97.3845701600
149.2178098676 97.3812756558
149.0384615385 97.3742944016
148.8595438175 97.3626412479
148.6810551559 97.3454280156
148.5029940120 97.3217738257
148.3253588517 97.2907666840
148.1481481481 97.2514598282
147.9713603819 97.2030106123
147.7949940405 97.1447851233
147.6190476190 97.0764960602
147.4435196195 96.9982194812
147.2684085511 96.9103305229
147.0937129300 96.8133215747
146.9194312796 96.7076215809
146.7455621302 96.5934288689
146.5721040189 96.4706967230
146.3990554900 96.3392961548
146.2264150943 96.1992758926
146.0541813899 96.0511323705
145.8823529412 95.8959760734
145.7109283196 95.7355102309
145.5399061033 95.5718720687
145.3692848769 95.4074310057
145.1990632319 95.2445915616
145.0292397661 95.0856806524
144.8598130841 94.9328178844
144.6907817970 94.7877370568
144.5221445221 94.6515746344
144.3538998836 94.5246296917
144.1860465116 94.4063040948
144.0185830430 94.2951966301
143.8515081206 94.1893497290
143.6848203940 94.0865426191
143.5185185185 93.9845464150
143.3526011561 93.8813613370
143.1870669746 93.7754201857
143.0219146482 93.6656514640
142.8571428571 93.5513761885
142.6927502877 93.4321648063
142.5287356322 93.3078156471
142.3650975890 93.1786183021
142.2018348624 93.0458205008
142.0389461627 92.9120628758
141.8764302059 92.7815106313
141.7142857143 92.6595099127
141.5525114155 92.5517817388
141.3911060433 92.4633980368
141.2300683371 92.3978819723
141.0693970421 92.3567836684
140.9090909091 92.3398630354
140.7491486947 92.3456851568
140.5895691610 92.3722072658
140.4303510759 92.4170242121
140.2714932127 92.4772034838
140.1129943503 92.5489661090
139.9548532731 92.6275736716
139.7970687711 92.7077296197
139.6396396396 92.7843854584
139.4825646794 92.8536861690
139.3258426966 92.9136115513
139.1694725028 92.9640270372
139.0134529148 93.0061263503
138.8577827548 93.0415684053
138.7024608501 93.0716370658
138.5474860335 93.0966952029
138.3928571429 93.1160128226
138.2385730212 93.1279636625
138.0846325167 93.1304836851
137.9310344828 93.1217167928
137.7777777778 93.1006877402
137.6248612653 93.0677894108
137.4722838137 93.0249910236
137.3200442968 92.9757324524
137.1681415929 92.9246660690
137.0165745856 92.8773306965
136.8653421634 92.8397959282
136.7144432194 92.8181963768
136.5638766520 92.8181942975
136.4136413641 92.8444287529
136.2637362637 92.9000526583
136.1141602634 92.9864452323
135.9649122807 93.1030690280
135.8159912377 93.2475183113
135.6673960613 93.4157143922
135.5191256831 93.6022742356
135.3711790393 93.8010010830
135.2235550709 94.0054840712
135.0762527233 94.2097242464
134.9292709467 94.4087237568
134.7826086957 94.5988327000
134.6362649294 94.7777300787
134.4902386117 94.9440695629
134.3445287107 95.0969141104
134.1991341991 95.2352313870
134.0540540541 95.3576610736
133.9092872570 95.4625996358
133.7648327940 95.5485090821
133.6206896552 95.6142976644
133.4768568353 95.6596390284
133.3333333333 95.6851691758
133.1901181525 95.6925316413
133.0472103004 95.6842156149
132.9046087889 95.6631955774
132.7623126338 95.6323851083
132.6203208556 95.5940867874
132.4786324786 95.5495802259
132.3372465315 95.4990464897
132.1961620469 95.4418376174
132.0553780618 95.3770018658
131.9148936170 95.3038535029
131.7747077577 95.2224944137
131.6348195329 95.1341299026
131.4952279958 95.0411741455
131.3559322034 94.9471424649
131.2169312169 94.8564418769
131.0782241015 94.7740569072
130.9398099261 94.7051082470
130.8016877637 94.6543187557
130.6638566913 94.6254068725
130.5263157895 94.6205592756
130.3890641430 94.6401271632
130.2521008403 94.6825432165
130.1154249738 94.7445006615
129.9790356394 94.8212589965
129.8429319372 94.9071779532
129.7071129707 94.9963924883
129.5715778474 95.0835367491
129.4363256785 95.1644622606
129.3013555787 95.2366743415
129.1666666667 95.2995421343
129.0322580645 95.3541002811
128.8981288981 95.4025389451
128.7642782970 95.4475112441
128.6307053942 95.4914338900
128.4974093264 95.5359987663
128.3643892340 95.5819988625
128.2316442606 95.6293689893
128.0991735537 95.6773732543
127.9669762642 95.7248606558
127.8350515464 95.7705321665
127.7033985582 95.8131346961
127.5720164609 95.8516034505
127.4409044193 95.8850663228
127.3100616016 95.9127725459
127.1794871795 95.9340582945
127.0491803279 95.9483697471
126.9191402252 95.9554562450
126.7893660532 95.9556054044
126.6598569969 95.9498542792
126.5306122449 95.9400413379
126.4016309888 95.9286589620
126.2729124236 95.9184975322
126.1444557477 95.9120874525
126.0162601626 95.9110799967
125.8883248731 95.9157694471
125.7606490872 95.9249928321
125.6332320162 95.9364985775
125.5060728745 95.9476436458
125.3791708797 95.9561967601
125.2525252525 95.9609643075
125.1261352170 95.9620617905
125.0000000000 95.9608976090
124.8741188318 95.9598696168
124.7484909457 95.9618356144
124.6231155779 95.9694664250
124.4979919679 95.9845832514
124.3731193581 96.0076437901
124.2484969940 96.0375169747
124.1241241241 96.0716500594
124.0000000000 96.1065789350
123.8761238761 96.1385816484
123.7524950100 96.1642837028
123.6291126620 96.1810211944
123.5059760956 96.1869286526
123.3830845771 96.1808162299
123.2604373757 96.1619015903
123.1380337637 96.1295572838
123.0158730159 96.0830522412
122.8939544103 96.0214339885
122.7722772277 95.9435395878
122.6508407517 95.8481734413
122.5296442688 95.7343599248
122.4086870681 95.6016720162
122.2879684418 95.4505723894
122.1674876847 95.2828075207
122.0472440945 95.1017617917
121.9272369715 94.9127849379
121.8074656189 94.7232202720
121.6879293425 94.5420526516
121.5686274510 94.3790728200
121.4495592556 94.2436667876
121.3307240705 94.1434832805
121.2121212121 94.0832901221
121.0937500000 94.0643038682
120.9756097561 94.0841257828
120.8576998051 94.1372215300
120.7400194742 94.2158176412
120.6225680934 94.3110069829
120.5053449951 94.4139142476
120.3883495146 94.5167272886
120.2715809893 94.6133845884
120.1550387597 94.6998313454
120.0387221684 94.7738956875
119.9226305609 94.8348444763
119.8067632850 94.8828495243
119.6911196911 94.9184665996
119.5756991321 94.9422230911
119.4605009634 94.9544832883
119.3455245428 94.9555277796
119.2307692308 94.9458853725
119.1162343900 94.9266933589
119.0019193858 94.8999236377
118.8878235858 94.8683125692
118.7739463602 94.8349359436
118.6602870813 94.8025488574
118.5468451243 94.7729310667
118.4336198663 94.7465128888
118.3206106870 94.7224326443
118.2078169685 94.6990311393
118.0952380952 94.6745635803
117.9828734539 94.6478988456
117.8707224335 94.6188703352
117.7587844255 94.5883057997
117.6470588235 94.5577008354
117.5355450237 94.5287651255
117.4242424242 94.5029783247
117.3131504257 94.4813394208
117.2022684310 94.4643931490
117.0915958451 94.4523960382
116.9811320755 94.4455710674
116.8708765316 94.4441857556
116.7608286252 94.4484477617
116.6509877705 94.4583244524
116.5413533835 94.4733840928
116.4319248826 94.4928522728
116.3227016886 94.5157221484
116.2136832240 94.5409187910
116.1048689139 94.5673615586
115.9962581852 94.5939946273
115.8878504673 94.6198708650
115.7796451914 94.6442895376
115.6716417910 94.6669058244
115.5638397018 94.6877015907
115.4562383613 94.7067904001
115.3488372093 94.7241194959
115.2416356877 94.7392333740
115.1346332405 94.7511681648
115.0278293135 94.7586167469
114.9212233550 94.7602186421
114.8148148148 94.7549390212
114.7086031452 94.7423681118
114.6025878004 94.7229128215
114.4967682364 94.6978146244
114.3911439114 94.6690597115
114.2857142857 94.6391244782
114.1804788214 94.6106307504
114.0754369825 94.5858993139
113.9705882353 94.5665818082
113.8659320478 94.5534625967
113.7614678899 94.5465325113
113.6571952337 94.5452586517
113.5531135531 94.5489470104
113.4492223239 94.5570144272
113.3455210238 94.5690562081
113.2420091324 94.5847817967
113.1386861314 94.6038512126
113.0355515041 94.6257941236
112.9326047359 94.6500069281
112.8298453139 94.6758218985
112.7272727273 94.7026104644
112.6248864668 94.7298592050
112.5226860254 94.7572213351
112.4206708976 94.7846488237
112.3188405797 94.8124546336
112.2171945701 94.8413654061
112.1157323689 94.8724639991
112.0144534779 94.9070148639
111.9133574007 94.9461519224
111.8124436429 94.9904774687
111.7117117117 95.0396948031
111.6111611161 95.0924193522
111.5107913669 95.1462809616
111.4106019766 95.1983213695
111.3105924596 95.2454976503
111.2107623318 95.2851254155
111.1111111111 95.3150645993
111.0116383169 95.3337836530
110.9123434705 95.3402954297
110.8132260947 95.3342142231
110.7142857143 95.3159188755
110.6155218555 95.2868268295
110.5169340463 95.2496491032
110.4185218166 95.2084495886
110.3202846975 95.1683432789
110.2222222222 95.1348352968
110.1243339254 95.1129500813
110.0266193434 95.1063555468
109.9290780142 95.1168211030
109.8317094774 95.1441052577
109.7345132743 95.1862698823
109.6374889478 95.2403112797
109.5406360424 95.3028646805
109.4439541041 95.3708754208
109.3474426808 95.4420048535
109.2511013216 95.5147348335
109.1549295775 95.5881818172
109.0589270009 95.6617048183
108.9630931459 95.7345357607
108.8674275680 95.8055308503
108.7719298246 95.8731221139
108.6765994741 95.9354116504
108.5814360771 95.9903464790
108.4864391951 96.0359401808
108.3916083916 96.0705148350
108.2969432314 96.0929319281
108.2024432810 96.1027689383
108.1081081081 96.1004038332
108.0139372822 96.0869163392
107.9199303742 96.0638697169
107.8260869565 96.0329992055
107.7324066030 95.9959423666
107.6388888889 95.9539980927
107.5455333912 95.9080707312
107.4523396880 95.8587177055
107.3593073593 95.8062931211
107.2664359862 95.7511848660
107.1737251513 95.6939700082
107.0811744387 95.6354913421
106.9887834340 95.5767912444
106.8965517241 95.5188747729
106.8044788975 95.4624973479
106.7125645439 95.4080534706
106.6208082545 95.3555878027
106.5292096220 95.3049719180
106.4377682403 95.2561748649
106.3464837050 95.2095667974
106.2553556127 95.1662114090
106.1643835616 95.1280276538
106.0735671514 95.0977281855
105.9829059829 95.0785334586
105.8923996584 95.0736689632
105.8020477816 95.0858424952
105.7118499574 95.1167669687
105.6218057922 95.1668847026
105.5319148936 95.2353559334
105.4421768707 95.3201991115
105.3525913339 95.4186228194
105.2631578947 95.5273616034
105.1738761662 95.6429676752
105.0847457627 95.7620435188
104.9957662997 95.8813762386
104.9069373942 95.9980440999
104.8182586644 96.1095076135
104.7297297297 96.2137519247
104.6413502110 96.3093692193
104.5531197302 96.3955587113
104.4650379107 96.4720537170
104.3771043771 96.5389464033
104.2893187553 96.5965110188
104.2016806723 96.6451261633
104.1141897565 96.6852601851
104.0268456376 96.7175708820
103.9396479464 96.7429953725
103.8525963149 96.7627740294
103.7656903766 96.7784208579
103.6789297659 96.7916245566
103.5923141186 96.8041598600
103.5058430718 96.8177830770
103.4195162636 96.8341100366
103.3333333333 96.8544367114
103.2472939217 96.8796330643
103.1613976705 96.9100845988
103.0756442228 96.9457148149
102.9900332226 96.9860496478
102.9045643154 97.0302208637
102.8192371476 97.0769771795
102.7340513670 97.1246817953
102.6490066225 97.1714078636
102.5641025641 97.2151396892
102.4793388430 97.2539716353
102.3947151115 97.2863066907
102.3102310231 97.3110174249
102.2258862325 97.3274639839
102.1416803954 97.3355304575
102.0576131687 97.3355410512
101.9736842105 97.3281114952
101.8898931800 97.3139297736
101.8062397373 97.2934801791
101.7227235439 97.2668699321
101.6393442623 97.2338544321
101.5561015561 97.1940307856
101.4729950900 97.1472220503
101.3900245298 97.0938698803
101.3071895425 97.0353509588
101.2244897959 96.9741744586
101.1419249592 96.9139687570
101.0594947025 96.8592089512
100.9771986971 96.8146430899
100.8950366151 96.7844816428
100.8130081301 96.7715045448
100.7311129163 96.7764605023
100.6493506494 96.7979958081
100.5677210057 96.8331460875
100.4862236629 96.8781178807
100.4048582996 96.9290552921
100.3236245955 96.9825900461
100.2425222312 97.0361415974
100.1615508885 97.0880159154
100.0807102502 97.1374104332
100.0000000000 97.1842853990
99.9194198227 97.2291605903
99.8389694042 97.2728136188
99.7586484312 97.3159922461
99.6784565916 97.3592407548
99.5983935743 97.4028424379
99.5184590690 97.4468700307
99.4386527666 97.4912552318
99.3589743590 97.5358644073
99.2794235388 97.5804731366
99.2000000000 97.6247781389
99.1207034373 97.6683576107
99.0415335463 97.7106734848
98.9624900239 97.7510960913
98.8835725678 97.7889195796
98.8047808765 97.8233956784
98.7261146497 97.8538066472
98.6475735879 97.8795437372
98.5691573927 97.9002005422
98.4908657665 97.9156581160
98.4126984127 97.9261155877
98.3346550357 97.9320769208
98.2567353407 97.9342839897
98.1789390340 97.9336268339
98.1012658228 97.9310348379
98.0237154150 97.9274365961
97.9462875197 97.9237029328
97.8689818469 97.9206026665
97.7917981073 97.9187279108
97.7147360126 97.9183746104
97.6377952756 97.9194862514
97.5609756098 97.9216454032
97.4842767296 97.9241477299
97.4076983504 97.9261437328
97.3312401884 97.9267743818
97.2549019608 97.9252945556
97.1786833856 97.9211369151
97.1025841817 97.9139580889
97.0266040689 97.9036847147
96.9507427678 97.8904884846
96.8750000000 97.8748804383
96.7993754879 97.8577431122
96.7238689548 97.8404224110
96.6484801247 97.8246925320
96.5732087227 97.8126255523
96.4980544747 97.8063089840
96.4230171073 97.8074681317
96.3480963481 97.8171930877
96.2732919255 97.8357993707
96.1986035687 97.8627966806
96.1240310078 97.8970246868
96.0495739737 97.9367852691
95.9752321981 97.9800562650
95.9010054138 98.0247809513
95.8268933539 98.0691043812
95.7528957529 98.1115669552
95.6790123457 98.1511969804
95.6052428682 98.1874523872
95.5315870570 98.2201283196
95.4580446497 98.2492074652
95.3846153846 98.2747490537
95.3112990008 98.2968065678
95.2380952381 98.3154357766
95.1650038373 98.3307112732
95.0920245399 98.3427587403
95.0191570881 98.3518096636
94.9464012251 98.3581705393
94.8737566947 98.3622286002
94.8012232416 98.3644025759
94.7288006112 98.3650562130
94.6564885496 98.3644838398
94.5842868040 98.3628458590
94.5121951220 98.3601708900
94.4402132521 98.3563822603
94.3683409437 98.3513517095
94.2965779468 98.3449221225
94.2249240122 98.3369167792
94.1533788914 98.3271393020
94.0819423369 98.3153868449
94.0106141016 98.3014677753
93.9393939394 98.2853155002
93.8682816048 98.2670673294
93.7972768533 98.2471851831
93.7263794407 98.2264544237
93.6555891239 98.2059639587
93.5849056604 98.1869169002
93.5143288084 98.1704257236
93.4438583271 98.1572776986
93.3734939759 98.1477348483
93.3032355154 98.1414453074
93.2330827068 98.1375428365
93.1630353118 98.1348395218
93.0930930931 98.1320713461
93.0232558140 98.1280977131
92.9535232384 98.1220280163
92.8838951311 98.1132161588
92.8143712575 98.1012352657
92.7449513837 98.0858287560
92.6756352765 98.0668462808
92.6064227035 98.0442756693
92.5373134328 98.0182433642
92.4683072334 97.9891163042
92.3994038748 97.9575448734
92.3306031273 97.9244418816
92.2619047619 97.8909186693
92.1933085502 97.8581618848
92.1248142645 97.8272985121
92.0564216778 97.7993405256
91.9881305638 97.7751097996
91.9199406968 97.7552655622
91.8518518519 97.7402627602
91.7838638046 97.7303473973
91.7159763314 97.7254485090
91.6481892092 97.7251757605
91.5805022157 97.7288201952
91.5129151292 97.7354900275
91.4454277286 97.7442667960
91.3780397937 97.7543409996
91.3107511046 97.7651302802
91.2435614422 97.7762270515
91.1764705882 97.7873439620
91.1094783248 97.7982210565
91.0425844347 97.8086067893
90.9757887014 97.8182893683
90.9090909091 97.8271636580
90.8424908425 97.8352510297
90.7759882870 97.8426731863
90.7095830285 97.8495782692
90.6432748538 97.8560086252
90.5770635500 97.8618803447
90.5109489051 97.8669855260
90.4449307075 97.8710571644
90.3790087464 97.8738912576
90.3131828114 97.8754046979
90.2474526929 97.8757082726
90.1818181818 97.8750194891
90.1162790698 97.8735833772
90.0508351489 97.8715114903
89.9854862119 97.8686708173
89.9202320522 97.8646426597
89.8550724638 97.8587811689
89.7900072411 97.8503440979
89.7250361795 97.8386255074
89.6601590745 97.8231323914
89.5953757225 97.8036965736
89.5306859206 97.7805585440
89.4660894661 97.7543948116
89.4015861572 97.7261634612
89.3371757925 97.6969629998
89.2728581713 97.6678221170
89.2086330935 97.6395553140
89.1445003595 97.6127605382
89.0804597701 97.5878029920
89.0165111271 97.5649426401
88.9526542324 97.5443912564
88.8888888889 97.5264175102
88.8252148997 97.5113964427
88.7616320687 97.4997980233
88.6981402003 97.4920457877
88.6347390994 97.4882834859
88.5714285714 97.4881708528
88.5082084226 97.4907867479
88.4450784593 97.4947220045
88.3820384890 97.4983234060
88.3190883191 97.5000466726
88.2562277580 97.4986944175
88.1934566145 97.4936234201
88.1307746979 97.4847843994
88.0681818182 97.4726360833
88.0056777857 97.4580577881
87.9432624113 97.4421437169
87.8809355067 97.4260550658
87.8186968839 97.4108649092
87.7565463553 97.3974219613
87.6944837341 97.3862521935
87.6325088339 97.3775271659
87.5706214689 97.3710892547
87.5088214538 97.3665551908
87.4471086037 97.3634594694
87.3854827343 97.3614187853
87.3239436620 97.3602163097
87.2624912034 97.3598536241
87.2011251758 97.3604081437
87.1398453970 97.3618838743
87.0786516854 97.3640062734
87.0175438596 97.3661208327
86.9565217391 97.3671293108
86.8955851437 97.3656836536
86.8347338936 97.3604166982
86.7739678097 97.3502499857
86.7132867133 97.3346858113
86.6526904263 97.3139839928
86.5921787709 97.2891683994
86.5317515701 97.2619927704
86.4714086471 97.2347453016
86.4111498258 97.2099926397
86.3509749304 97.1903001831
86.2908837857 97.1778572930
86.2308762170 97.1741881258
86.1709520500 97.1799073106
86.1111111111 97.1947258021
86.0513532269 97.2176264074
85.9916782247 97.2471155517
85.9320859321 97.2815173290
85.8725761773 97.3191337547
85.8131487889 97.3584073454
85.7538035961 97.3979428760
85.6945404285 97.4366230174
85.6353591160 97.4736517788
85.5762594893 97.5085941758
85.5172413793 97.5413520864
85.4583046175 97.5720845646
85.3994490358 97.6010469100
85.3406744666 97.6284069417
85.2819807428 97.6540879335
85.2233676976 97.6777082375
85.1648351648 97.6986163752
85.1063829787 97.7160722213
85.0480109739 97.7293917373
84.9897189856 97.7381246388
84.9315068493 97.7420977251
84.8733744011 97.7414529518
84.8153214774 97.7366598808
84.7573479152 97.7285480109
84.6994535519 97.7183086958
84.6416382253 97.7074882441
84.5839017735 97.6979316513
84.5262440354 97.6915946611
84.4686648501 97.6902455174
84.4111640572 97.6951818980
84.3537414966 97.7069292981
84.2963970088 97.7251503573
84.2391304348 97.7487295398
84.1819416158 97.7760306100
84.1248303935 97.8052339192
84.0677966102 97.8346352320
84.0108401084 97.8629026875
83.9539607312 97.8891291276
83.8971583221 97.9129107466
83.8404327248 97.9342159815
83.7837837838 97.9533237628
83.7272113437 97.9706071295
83.6707152497 97.9864102874
83.6142953473 98.0009441072
83.5579514825 98.0142574762
83.5016835017 98.0262656402
83.4454912517 98.0368310494
83.3893745797 98.0458088905
83.3333333333 98.0530679229
83.2773673606 98.0585426900
83.2214765101 98.0621977600
83.1656606304 98.0640800250
83.1099195710 98.0642573735
83.0542531815 98.0628337700
82.9986613119 98.0599594300
82.9431438127 98.0558458720
82.8877005348 98.0508384871
82.8323313293 98.0455006417
82.7770360481 98.0405852367
82.7218145430 98.0370325668
82.6666666667 98.0358172457
82.6115922718 98.0378250229
82.5565912117 98.0437022909
82.5016633400 98.0537492695
82.4468085106 98.0678803434
82.3920265781 98.0856350093
82.3373173971 98.1062511682
82.2826808228 98.1287613233
82.2281167109 98.1520728004
82.1736249172 98.1750971490
82.1192052980 98.1968436833
82.0648577101 98.2165628680
82.0105820106 98.2338542764
81.9563780568 98.2486772454
81.9022457067 98.2613288010
81.8481848185 98.2723534276
81.7941952507 98.2823981583
81.7402768622 98.2921081844
81.6864295125 98.3019421406
81.6326530612 98.3120537510
81.5789473684 98.3222445119
81.5253122945 98.3319748749
81.4717477004 98.3405075407
81.4182534471 98.3470903156
81.3648293963 98.3511151048
81.3114754098 98.3522792589
81.2581913499 98.3506533579
81.2049770792 98.3466854312
81.1518324607 98.3411250745
81.0987573578 98.3349043330
81.0457516340 98.3290104229
80.9928151535 98.3244014026
80.9399477807 98.3219409382
80.8871493803 98.3223353213
80.8344198175 98.3260889813
80.7817589577 98.3334134558
80.7291666667 98.3442183208
80.6766428107 98.3581186387
80.6241872562 98.3745221406
80.5717998700 98.3927283053
80.5194805195 98.4120662672
80.4672290720 98.4319285776
80.4150453956 98.4518577908
80.3629293584 98.4715113008
80.3108808290 98.4906625545
80.2588996764 98.5091535004
80.2069857697 98.5269325068
80.1551389787 98.5440553026
80.1033591731 98.5607294309
80.0516462234 98.5772627077
80.0000000000 98.5940054739
79.9484203740 98.6112321924
79.8969072165 98.6290527668
79.8454603992 98.6473884920
79.7940797941 98.6660501280
79.7427652733 98.6848294585
79.6915167095 98.7035104594
79.6403339756 98.7219300589
79.5892169448 98.7399139264
79.5381654907 98.7572374745
79.4871794872 98.7736577450
79.4362588085 98.7889235286
79.3854033291 98.8028627245
79.3346129239 98.8154268690
79.2838874680 98.8266988155
79.2332268371 98.8368941874
79.1826309068 98.8462920887
79.1320995533 98.8551861767
79.0816326531 98.8637914452
79.0312300829 98.8721823177
78.9808917197 98.8802962352
78.9306174411 98.8879477534
78.8804071247 98.8949264720
78.8302606484 98.9010844466
78.7801778907 98.9063987433
78.7301587302 98.9109731230
78.6802030457 98.9150345804
78.6303107166 98.9188126944
78.5804816223 98.9225173512
78.5307156428 98.9263046656
78.4810126582 98.9302815042
78.4313725490 98.9345497875
78.3817951960 98.9391897995
78.3322804801 98.9442495540
78.2828282828 98.9497552469
78.2334384858 98.9556725180
78.1841109710 98.9619058317
78.1348456207 98.9683035972
78.0856423174 98.9746522146
78.0365009440 98.9806863675
77.9874213836 98.9860605841
77.9384035198 98.9904155376
77.8894472362 98.9934103959
77.8405524168 98.9947959772
77.7917189460 98.9944492688
77.7429467085 98.9924308962
77.6942355890 98.9889697997
77.6455854728 98.9844256356
77.5969962453 98.9792507083
77.5484677924 98.9739283699
77.5000000000 98.9689562723
77.4515927545 98.9648241203
77.4032459426 98.9619739419
77.3549594510 98.9607948247
77.3067331671 98.9615778504
77.2585669782 98.9644812934
77.2104607721 98.9695077196
77.1624144368 98.9764957266
77.1144278607 98.9851527340
77.0665009323 98.9951437136
77.0186335404 99.0061641087
76.9708255742 99.0179528073
76.9230769231 99.0302925659
76.8753874768 99.0429658978
76.8277571252 99.0557319796
76.7801857585 99.0682864068
76.7326732673 99.0802829910
76.6852195424 99.0913616477
76.6378244747 99.1011874960
76.5904879555 99.1095031381
76.5432098765 99.1161402993
76.4959901295 99.1210271455
76.4488286067 99.1241546628
76.4017252002 99.1255660678
76.3546798030 99.1253225410
76.3076923077 99.1234972811
76.2607626076 99.1201409743
76.2138905962 99.1153328005
76.1670761671 99.1091741456
76.1203192142 99.1018689409
76.0736196319 99.0937415428
76.0269773145 99.0852665971
75.9803921569 99.0770304450
75.9338640539 99.0696694153
75.8873929009 99.0637959432
75.8409785933 99.0599235422
75.7946210269 99.0583807668
75.7483200977 99.0592976429
75.7020757021 99.0625817598
75.6558877364 99.0678926563
75.6097560976 99.0747033452
75.5636806825 99.0823438778
75.5176613886 99.0901097272
75.4716981132 99.0973363138
75.4257907543 99.1034922382
75.3799392097 99.1082501037
75.3341433779 99.1114886278
75.2884031573 99.1132773714
75.2427184466 99.1138498563
75.1970891449 99.1135293022
75.1515151515 99.1126481055
75.1059963658 99.1114720951
75.0605326877 99.1101821267
75.0151240169 99.1088497630
74.9697702539 99.1074589463
74.9244712991 99.1059697628
74.8792270531 99.1043408533
74.8340374170 99.1025824400
74.7889022919 99.1007571051
74.7438215793 99.0989917347
74.6987951807 99.0974377369
74.6538229982 99.0962305858
74.6089049338 99.0954836891
74.5640408900 99.0952179322
74.5192307692 99.0953900840
74.4744744745 99.0958976281
74.4297719088 99.0966134856
74.3851229754 99.0974269691
74.3405275779 99.0982494070
74.2959856201 99.0990853126
74.2514970060 99.0999629586
74.2070616397 99.1009813376
74.1626794258 99.1022524639
74.1183502690 99.1038371585
74.0740740741 99.1057614894
74.0298507463 99.1079520620
73.9856801909 99.1102876281
73.9415623137 99.1126103243
73.8974970203 99.1147666937
73.8534842168 99.1166550141
73.8095238095 99.1182144142
73.7656157049 99.1194484654
73.7217598098 99.1203908359
73.6779560309 99.1210934998
73.6342042755 99.1216034599
73.5905044510 99.1219444046
73.5468564650 99.1220813837
73.5032602253 99.1219613733
73.4597156398 99.1214832320
73.4162226169 99.1205569828
73.3727810651 99.1190914969
73.3293908930 99.1170424906
73.2860520095 99.1144186766
73.2427643237 99.1112761594
73.1995277450 99.1077370450
73.1563421829 99.1039482360
73.1132075472 99.1000695202
73.0701237478 99.0962384688
73.0270906949 99.0925396145
72.9841082990 99.0890165510
72.9411764706 99.0856290507
72.8982951205 99.0823241125
72.8554641598 99.0790655402
72.8126834997 99.0758584336
72.7699530516 99.0727792012
72.7272727273 99.0699827544
72.6846424385 99.0676315191
72.6420620972 99.0658953777
72.5995316159 99.0648798156
72.5570509070 99.0646136182
72.5146198830 99.0650421517
72.4722384570 99.0660022978
72.4299065421 99.0672461622
72.3876240514 99.0684696495
72.3453908985 99.0693307190
72.3032069971 99.0694966098
72.2610722611 99.0686801174
72.2189866045 99.0667123978
72.1769499418 99.0635378540
72.1349621873 99.0592455654
72.0930232558 99.0540521112
72.0511330622 99.0482302072
72.0092915215 99.0420969200
71.9674985490 99.0359471109
71.9257540603 99.0300170227
71.8840579710 99.0245254208
71.8424101970 99.0196557182
71.8008106543 99.0155678112
71.7592592593 99.0124348098
71.7177559283 99.0103826557
71.6763005780 99.0094717938
71.6348931254 99.0096425421
71.5935334873 99.0107136135
71.5522215811 99.0123625038
71.5109573241 99.0142153557
71.4697406340 99.0158951308
71.4285714286 99.0171004230
71.3874496258 99.0176796383
71.3463751438 99.0176505642
71.3053479011 99.0172082568
71.2643678161 99.0166779125
71.2234348076 99.0164427008
71.1825487945 99.0168591033
71.1417096959 99.0181645758
71.1009174312 99.0204095398
71.0601719198 99.0234730272
71.0194730813 99.0270742571
70.9788208357 99.0308436560
70.9382151030 99.0343907742
70.8976558033 99.0373404033
70.8571428571 99.0393763020
70.8166761850 99.0402602459
70.7762557078 99.0398138450
70.7358813463 99.0379622988
70.6955530217 99.0347105215
70.6552706553 99.0301739515
70.6150341686 99.0245429237
70.5748434832 99.0180643726
70.5346985210 99.0110355930
70.4945992041 99.0037798910
70.4545454545 98.9966526786
70.4145371948 98.9900724910
70.3745743473 98.9844850952
70.3346568349 98.9803207707
70.2947845805 98.9779264095
70.2549575071 98.9774914218
70.2151755379 98.9789963421
70.1754385965 98.9822292406
70.1357466063 98.9868463197
70.0960994912 98.9924572309
70.0564971751 98.9987054330
70.0169395822 99.0053006421
69.9774266366 99.0120379749
69.9379582628 99.0187306684
69.8985343856 99.0252162582
69.8591549296 99.0313187818
69.8198198198 99.0368551418
69.7805289814 99.0417277904
69.7412823397 99.0458758134
69.7020798201 99.0493442460
69.6629213483 99.0522658101
69.6238068501 99.0547874036
69.5847362514 99.0570758146
69.5457094784 99.0592740112
69.5067264574 99.0614821553
69.4677871148 99.0637815418
69.4288913774 99.0662348166
69.3900391718 99.0689543409
69.3512304251 99.0720907473
69.3124650643 99.0758521235
69.2737430168 99.0804613688
69.2350642099 99.0860994824
69.1964285714 99.0928304630
69.1578360290 99.1005809964
69.1192865106 99.1090821444
69.0807799443 99.1179371276
69.0423162584 99.1266382276
69.0038953812 99.1346988699
68.9655172414 99.1416854283
68.9271817676 99.1472871991
68.8888888889 99.1513563128
68.8506385341 99.1538766607
68.8124306326 99.1549847285
68.7742651137 99.1549258718
68.7361419069 99.1540233205
68.6980609418 99.1526599921
68.6600221484 99.1512152268
68.6220254566 99.1500267664
68.5840707965 99.1493141744
68.5461580984 99.1491715560
68.5082872928 99.1495086856
68.4704583103 99.1501386823
68.4326710817 99.1507958545
68.3949255378 99.1512495352
68.3572216097 99.1513556724
68.3195592287 99.1511470258
68.2819383260 99.1508218440
68.2443588332 99.1507522449
68.2068206821 99.1514153717
68.1693238043 99.1533309305
68.1318681319 99.1569333196
68.0944535969 99.1625200906
68.0570801317 99.1701994370
68.0197476687 99.1798624681
67.9824561404 99.1912330210
67.9452054795 99.2039105289
67.9079956188 99.2174205822
67.8708264915 99.2312915589
67.8336980306 99.2450995802
67.7966101695 99.2584889970
67.7595628415 99.2711662584
67.7225559803 99.2829394283
67.6855895197 99.2936801042
67.6486633933 99.3033625905
67.6117775354 99.3119944566
67.5749318801 99.3196544709
67.5381263617 99.3264294552
67.5013609145 99.3323809805
67.4646354733 99.3375651135
67.4279499728 99.3420121567
67.3913043478 99.3457071687
67.3546985334 99.3486351158
67.3181324647 99.3507868874
67.2816060770 99.3521593212
67.2451193059 99.3528013274
67.2086720867 99.3527876293
67.1722643554 99.3522456924
67.1358960476 99.3513164419
67.0995670996 99.3501615078
67.0632774473 99.3489303170
67.0270270270 99.3477342309
66.9908157753 99.3466782364
66.9546436285 99.3458093235
66.9185105235 99.3451807206
66.8824163970 99.3448064930
66.8463611860 99.3447267165
66.8103448276 99.3449618954
66.7743672590 99.3455649339
66.7384284177 99.3466022772
66.7025282410 99.3481342627
66.6666666667 99.3502346262
66.6308436325 99.3529711979
66.5950590763 99.3563667183
66.5593129361 99.3604374493
66.5236051502 99.3651211741
66.4879356568 99.3703487061
66.4523043944 99.3759979383
66.4167113016 99.3819329642
66.3811563169 99.3880036629
66.3456393793 99.3940395364
66.3101604278 99.3998819840
66.2747194014 99.4053912956
66.2393162393 99.4104532173
66.2039508809 99.4150121711
66.1686232657 99.4190653042
66.1333333333 99.4226431312
66.0980810235 99.4258296980
66.0628662760 99.4286900820
66.0276890309 99.4312834504
65.9925492283 99.4336100515
65.9574468085 99.4356434909
65.9223817119 99.4373040055
65.8873538789 99.4385041462
65.8523632501 99.4391891542
65.8174097665 99.4393233559
65.7824933687 99.4389244542
65.7476139979 99.4380633103
65.7127715951 99.4368113090
65.6779661017 99.4352473443
65.6431974590 99.4334638575
65.6084656085 99.4315139288
65.5737704918 99.4294506557
65.5391120507 99.4273208453
65.5044902272 99.4251445793
65.4699049630 99.4229553034
65.4353562005 99.4207665273
65.4008438819 99.4186247854
65.3663679494 99.4165502725
65.3319283456 99.4146098695
65.2975250132 99.4128710241
65.2631578947 99.4114082618
65.2288269332 99.4102834058
65.1945320715 99.4095253904
65.1602732528 99.4091033154
65.1260504202 99.4089390751
65.0918635171 99.4088668554
65.0577124869 99.4087064729
65.0235972732 99.4082291953
64.9895178197 99.4072315386
64.9554740702 99.4055422419
64.9214659686 99.4030693962
64.8874934589 99.3998345201
64.8535564854 99.3959671434
64.8196549922 99.3917388459
64.7857889237 99.3875104058
64.7519582245 99.3837057453
64.7181628392 99.3807515497
64.6844027126 99.3790101919
64.6506777894 99.3787110950
64.6169880146 99.3799094596
64.5833333333 99.3825187983
64.5497136908 99.3863159688
64.5161290323 99.3910154250
64.4825793032 99.3963155261
64.4490644491 99.4019535459
64.4155844156 99.4077060337
64.3821391485 99.4134162925
64.3487285937 99.4189545269
64.3153526971 99.4242176669
64.2820114049 99.4291023952
64.2487046632 99.4335188250
64.2154324184 99.4373630184
64.1821946170 99.4405577521
64.1489912054 99.4430321126
64.1158221303 99.4447421206
64.0826873385 99.4456912439
64.0495867769 99.4459511411
64.0165203924 99.4456147200
63.9834881321 99.4448234562
63.9504899433 99.4437130797
63.9175257732 99.4423929760
63.8845955693 99.4409322769
63.8516992791 99.4393184946
63.8188368502 99.4374769753
63.7860082305 99.4352913623
63.7532133676 99.4326233536
63.7204522097 99.4293813924
63.6877247047 99.4255278118
63.6550308008 99.4211548583
63.6223704464 99.4164377483
63.5897435897 99.4116215386
63.5571501794 99.4070216047
63.5245901639 99.4029279383
63.4920634921 99.3995633896
63.4595701126 99.3970698857
63.4271099744 99.3954865349
63.3946830266 99.3947422558
63.3622892182 99.3946964477
63.3299284985 99.3951381967
63.2976008167 99.3958690854
63.2653061224 99.3966891677
63.2330443651 99.3974456640
63.2008154944 99.3980537845
63.1686194600 99.3985045876
63.1364562118 99.3988582710
63.1043256997 99.3992176533
63.0722278739 99.3997138516
63.0401626843 99.4004446992
63.0081300813 99.4014809801
62.9761300152 99.4028245528
62.9441624365 99.4044563245
62.9122272958 99.4062945138
62.8803245436 99.4082706912
62.8484541308 99.4102880012
62.8166160081 99.4122492918
62.7848101266 99.4140842993
62.7530364372 99.4157296483
62.7212948912 99.4171563458
62.6895854398 99.4183493453
62.6579080344 99.4192935741
62.6262626263 99.4200088479
62.5946491671 99.4205080598
62.5630676085 99.4208110204
62.5315179022 99.4209797872
62.5000000000 99.4210624138
62.4685138539 99.4211634351
62.4370594159 99.4213461077
62.4056366381 99.4216950446
62.3742454728 99.4222465910
62.3428858723 99.4229812724
62.3115577889 99.4238582257
62.2802611753 99.4248010480
62.2489959839 99.4257185571
62.2177621676 99.4265611951
62.1865596790 99.4272858012
62.1553884712 99.4279124726
62.1242484970 99.4284544138
62.0931397096 99.4289671015
62.0620620621 99.4295345908
62.0310155078 99.4302275591
62.0000000000 99.4311381119
