       0.120000       0.000736       0.000112       0.003966
       0.130000       0.000801       0.000121       0.004529
       0.140000       0.000865       0.000131       0.005080
       0.150000       0.000929       0.000140       0.005558
       0.160000       0.000990       0.000149       0.005900
       0.170000       0.001049       0.000159       0.006059
       0.180000       0.001104       0.000168       0.006032
       0.190000       0.001158       0.000177       0.005863
       0.200000       0.001210       0.000187       0.005617
       0.210000       0.001262       0.000196       0.005361
       0.220000       0.001314       0.000205       0.005142
       0.230000       0.001366       0.000215       0.004989
       0.240000       0.001420       0.000224       0.004915
       0.250000       0.001474       0.000234       0.004927
       0.260000       0.001530       0.000243       0.005027
       0.270000       0.001586       0.000252       0.005218
       0.280000       0.001642       0.000262       0.005500
       0.290000       0.001700       0.000271       0.005874
       0.300000       0.001757       0.000281       0.006335
       0.310000       0.001816       0.000290       0.006866
       0.320000       0.001874       0.000299       0.007433
       0.330000       0.001933       0.000309       0.007979
       0.340000       0.001992       0.000318       0.008428
       0.350000       0.002051       0.000328       0.008704
       0.360000       0.002110       0.000337       0.008769
       0.370000       0.002169       0.000347       0.008638
       0.380000       0.002229       0.000356       0.008376
       0.390000       0.002288       0.000366       0.008064
       0.400000       0.002348       0.000375       0.007774
       0.410000       0.002408       0.000385       0.007555
       0.420000       0.002468       0.000394       0.007436
       0.430000       0.002529       0.000404       0.007430
       0.440000       0.002589       0.000413       0.007546
       0.450000       0.002650       0.000423       0.007787
       0.460000       0.002712       0.000432       0.008158
       0.470000       0.002773       0.000442       0.008658
       0.480000       0.002835       0.000451       0.009283
       0.490000       0.002897       0.000461       0.010011
       0.500000       0.002959       0.000471       0.010797
       0.510000       0.003022       0.000480       0.011561
       0.520000       0.003084       0.000490       0.012195
       0.530000       0.003147       0.000499       0.012591
       0.540000       0.003210       0.000509       0.012684
       0.550000       0.003274       0.000519       0.012487
       0.560000       0.003337       0.000528       0.012087
       0.570000       0.003401       0.000538       0.011600
       0.580000       0.003465       0.000548       0.011133
       0.590000       0.003529       0.000558       0.010758
       0.600000       0.003594       0.000567       0.010521
       0.610000       0.003659       0.000577       0.010441
       0.620000       0.003724       0.000587       0.010531
       0.630000       0.003789       0.000596       0.010796
       0.640000       0.003855       0.000606       0.011238
       0.650000       0.003921       0.000616       0.011859
       0.660000       0.003987       0.000626       0.012647
       0.670000       0.004054       0.000636       0.013572
       0.680000       0.004121       0.000645       0.014570
       0.690000       0.004188       0.000655       0.015533
       0.700000       0.004256       0.000665       0.016317
       0.710000       0.004323       0.000675       0.016782
       0.720000       0.004392       0.000685       0.016849
       0.730000       0.004460       0.000695       0.016543
       0.740000       0.004529       0.000705       0.015977
       0.750000       0.004598       0.000715       0.015304
       0.760000       0.004668       0.000725       0.014660
       0.770000       0.004738       0.000735       0.014142
       0.780000       0.004808       0.000745       0.013805
       0.790000       0.004879       0.000755       0.013676
       0.800000       0.004950       0.000765       0.013769
       0.810000       0.005022       0.000775       0.014092
       0.820000       0.005094       0.000785       0.014646
       0.830000       0.005166       0.000795       0.015428
       0.840000       0.005239       0.000805       0.016421
       0.850000       0.005312       0.000815       0.017577
       0.860000       0.005386       0.000826       0.018805
       0.870000       0.005460       0.000836       0.019961
       0.880000       0.005534       0.000846       0.020863
       0.890000       0.005609       0.000856       0.021347
       0.900000       0.005685       0.000866       0.021333
       0.910000       0.005761       0.000877       0.020870
       0.920000       0.005837       0.000887       0.020108
       0.930000       0.005914       0.000897       0.019234
       0.940000       0.005992       0.000908       0.018412
       0.950000       0.006070       0.000918       0.017758
       0.960000       0.006148       0.000928       0.017335
       0.970000       0.006227       0.000939       0.017179
       0.980000       0.006307       0.000949       0.017303
       0.990000       0.006387       0.000960       0.017715
       1.000000       0.006468       0.000970       0.018415
       1.010000       0.006549       0.000981       0.019394
       1.020000       0.006631       0.000991       0.020618
       1.030000       0.006713       0.001002       0.022013
       1.040000       0.006797       0.001013       0.023451
       1.050000       0.006880       0.001023       0.024744
       1.060000       0.006965       0.001034       0.025681
       1.070000       0.007050       0.001045       0.026093
       1.080000       0.007136       0.001055       0.025927
       1.090000       0.007222       0.001066       0.025266
       1.100000       0.007309       0.001077       0.024297
       1.110000       0.007397       0.001088       0.023235
       1.120000       0.007485       0.001098       0.022263
       1.130000       0.007575       0.001109       0.021507
       1.140000       0.007664       0.001120       0.021041
       1.150000       0.007755       0.001131       0.020901
       1.160000       0.007847       0.001142       0.021105
       1.170000       0.007939       0.001153       0.021656
       1.180000       0.008032       0.001164       0.022549
       1.190000       0.008126       0.001175       0.023758
       1.200000       0.008221       0.001186       0.025224
       1.210000       0.008317       0.001197       0.026831
       1.220000       0.008413       0.001209       0.028401
       1.230000       0.008511       0.001220       0.029710
       1.240000       0.008609       0.001231       0.030541
       1.250000       0.008708       0.001242       0.030761
       1.260000       0.008809       0.001254       0.030365
       1.270000       0.008910       0.001265       0.029483
       1.280000       0.009012       0.001276       0.028329
       1.290000       0.009115       0.001288       0.027129
       1.300000       0.009220       0.001299       0.026072
       1.310000       0.009325       0.001311       0.025289
       1.320000       0.009432       0.001322       0.024857
       1.330000       0.009539       0.001334       0.024812
       1.340000       0.009648       0.001345       0.025171
       1.350000       0.009758       0.001357       0.025931
       1.360000       0.009869       0.001369       0.027071
       1.370000       0.009981       0.001380       0.028534
       1.380000       0.010094       0.001392       0.030212
       1.390000       0.010209       0.001404       0.031933
       1.400000       0.010325       0.001416       0.033473
       1.410000       0.010442       0.001428       0.034600
       1.420000       0.010561       0.001440       0.035141
       1.430000       0.010681       0.001452       0.035037
       1.440000       0.010802       0.001464       0.034356
       1.450000       0.010925       0.001476       0.033267
       1.460000       0.011050       0.001488       0.031995
       1.470000       0.011176       0.001500       0.030761
       1.480000       0.011303       0.001513       0.029746
       1.490000       0.011432       0.001525       0.029072
       1.500000       0.011563       0.001537       0.028812
       1.510000       0.011695       0.001550       0.029001
       1.520000       0.011829       0.001562       0.029645
       1.530000       0.011965       0.001575       0.030724
       1.540000       0.012102       0.001587       0.032179
       1.550000       0.012242       0.001600       0.033897
       1.560000       0.012383       0.001613       0.035705
       1.570000       0.012526       0.001625       0.037376
       1.580000       0.012671       0.001638       0.038678
       1.590000       0.012819       0.001651       0.039431
       1.600000       0.012968       0.001664       0.039556
       1.610000       0.013120       0.001677       0.039083
       1.620000       0.013273       0.001690       0.038140
       1.630000       0.013429       0.001703       0.036919
       1.640000       0.013587       0.001716       0.035638
       1.650000       0.013748       0.001729       0.034500
       1.660000       0.013911       0.001743       0.033670
       1.670000       0.014077       0.001756       0.033259
       1.680000       0.014245       0.001769       0.033329
       1.690000       0.014416       0.001783       0.033901
       1.700000       0.014589       0.001796       0.034954
       1.710000       0.014766       0.001810       0.036423
       1.720000       0.014945       0.001824       0.038181
       1.730000       0.015128       0.001838       0.040039
       1.740000       0.015313       0.001851       0.041768
       1.750000       0.015502       0.001865       0.043144
       1.760000       0.015693       0.001879       0.044004
       1.770000       0.015889       0.001893       0.044276
       1.780000       0.016087       0.001908       0.043984
       1.790000       0.016290       0.001922       0.043226
       1.800000       0.016496       0.001936       0.042154
       1.810000       0.016706       0.001951       0.040952
       1.820000       0.016919       0.001965       0.039815
       1.830000       0.017137       0.001980       0.038925
       1.840000       0.017360       0.001994       0.038429
       1.850000       0.017586       0.002009       0.038422
       1.860000       0.017817       0.002024       0.038946
       1.870000       0.018053       0.002039       0.039982
       1.880000       0.018294       0.002054       0.041448
       1.890000       0.018539       0.002069       0.043195
       1.900000       0.018790       0.002084       0.045012
       1.910000       0.019046       0.002100       0.046669
       1.920000       0.019308       0.002115       0.047965
       1.930000       0.019576       0.002131       0.048774
       1.940000       0.019850       0.002147       0.049056
       1.950000       0.020130       0.002162       0.048849
       1.960000       0.020416       0.002178       0.048243
       1.970000       0.020709       0.002194       0.047362
       1.980000       0.021010       0.002210       0.046350
       1.990000       0.021318       0.002227       0.045368
       2.000000       0.021633       0.002243       0.044584
       2.010000       0.021957       0.002260       0.044150
       2.020000       0.022289       0.002276       0.044182
       2.030000       0.022629       0.002293       0.044734
       2.040000       0.022979       0.002310       0.045786
       2.050000       0.023338       0.002327       0.047232
       2.060000       0.023708       0.002344       0.048892
       2.070000       0.024088       0.002362       0.050543
       2.080000       0.024479       0.002379       0.051970
       2.090000       0.024881       0.002397       0.053019
       2.100000       0.025295       0.002415       0.053616
       2.110000       0.025723       0.002433       0.053769
       2.120000       0.026163       0.002451       0.053538
       2.130000       0.026618       0.002469       0.053014
       2.140000       0.027088       0.002488       0.052306
       2.150000       0.027573       0.002507       0.051534
       2.160000       0.028075       0.002526       0.050827
       2.170000       0.028595       0.002545       0.050320
       2.180000       0.029133       0.002564       0.050143
       2.190000       0.029690       0.002584       0.050396
       2.200000       0.030269       0.002603       0.051115
       2.210000       0.030870       0.002623       0.052252
       2.220000       0.031495       0.002644       0.053666
       2.230000       0.032145       0.002664       0.055159
       2.240000       0.032822       0.002685       0.056522
       2.250000       0.033528       0.002706       0.057595
       2.260000       0.034265       0.002727       0.058296
       2.270000       0.035035       0.002749       0.058617
       2.280000       0.035841       0.002771       0.058607
       2.290000       0.036685       0.002793       0.058343
       2.300000       0.037570       0.002816       0.057919
       2.310000       0.038501       0.002839       0.057432
       2.320000       0.039480       0.002862       0.056982
       2.330000       0.040512       0.002886       0.056668
       2.340000       0.041602       0.002910       0.056588
       2.350000       0.042754       0.002935       0.056825
       2.360000       0.043976       0.002960       0.057425
       2.370000       0.045273       0.002985       0.058367
       2.380000       0.046654       0.003011       0.059550
       2.390000       0.048127       0.003038       0.060813
       2.400000       0.049702       0.003065       0.061979
       2.410000       0.051391       0.003093       0.062911
       2.420000       0.053207       0.003122       0.063542
       2.430000       0.055165       0.003151       0.063870
       2.440000       0.057285       0.003181       0.063944
       2.450000       0.059586       0.003212       0.063838
       2.460000       0.062095       0.003244       0.063640
       2.470000       0.064839       0.003277       0.063438
       2.480000       0.067856       0.003311       0.063315
