space:E: Abs(E)^2 vs x, y=0(m), z=0(m), lambda=6.52921e-07(m) 

x(nm), Abs(E)^2
-3000, 2.17978e-05
-2983.52, 2.15314e-05
-2967.04, 2.12679e-05
-2950.56, 2.10075e-05
-2934.08, 2.0749e-05
-2917.6, 2.04934e-05
-2901.12, 2.0241e-05
-2884.64, 1.99909e-05
-2868.17, 1.97428e-05
-2851.69, 1.94968e-05
-2835.21, 1.92531e-05
-2818.73, 1.90114e-05
-2802.25, 1.87723e-05
-2785.77, 1.8535e-05
-2769.29, 1.83002e-05
-2752.81, 1.80673e-05
-2736.33, 1.78358e-05
-2719.85, 1.76059e-05
-2703.37, 1.73786e-05
-2686.89, 1.71532e-05
-2670.41, 1.69302e-05
-2653.93, 1.67092e-05
-2637.45, 1.64893e-05
-2620.97, 1.62715e-05
-2604.5, 1.60553e-05
-2588.02, 1.58417e-05
-2571.54, 1.56297e-05
-2555.06, 1.54191e-05
-2538.58, 1.52109e-05
-2522.1, 1.50044e-05
-2505.62, 1.47988e-05
-2489.14, 1.45951e-05
-2472.66, 1.43933e-05
-2456.18, 1.41934e-05
-2439.7, 1.39951e-05
-2423.22, 1.37986e-05
-2406.74, 1.36034e-05
-2390.26, 1.341e-05
-2373.78, 1.32179e-05
-2357.31, 1.30273e-05
-2340.83, 1.28381e-05
-2324.35, 1.26504e-05
-2307.87, 1.24637e-05
-2291.39, 1.22783e-05
-2274.91, 1.20942e-05
-2258.43, 1.19111e-05
-2241.95, 1.17291e-05
-2225.47, 1.15489e-05
-2208.99, 1.13693e-05
-2192.51, 1.11903e-05
-2176.03, 1.10124e-05
-2159.55, 1.08351e-05
-2143.07, 1.06588e-05
-2126.59, 1.04832e-05
-2110.11, 1.03084e-05
-2093.64, 1.0134e-05
-2077.16, 9.96007e-06
-2060.68, 9.7868e-06
-2044.2, 9.61427e-06
-2027.72, 9.44175e-06
-2011.24, 9.26945e-06
-1994.76, 9.09754e-06
-1978.28, 8.92552e-06
-1961.8, 8.75319e-06
-1945.32, 8.58068e-06
-1928.84, 8.40773e-06
-1912.36, 8.2343e-06
-1895.88, 8.0602e-06
-1879.4, 7.88547e-06
-1862.92, 7.70943e-06
-1846.45, 7.53297e-06
-1829.97, 7.35525e-06
-1813.49, 7.17653e-06
-1797.01, 6.99623e-06
-1780.53, 6.81442e-06
-1764.05, 6.63145e-06
-1747.57, 6.4468e-06
-1731.09, 6.26012e-06
-1714.61, 6.07149e-06
-1698.13, 5.8808e-06
-1681.65, 5.68791e-06
-1665.17, 5.49304e-06
-1648.69, 5.29658e-06
-1632.21, 5.09774e-06
-1615.73, 4.89742e-06
-1599.25, 4.69558e-06
-1582.78, 4.49287e-06
-1566.3, 4.29003e-06
-1549.82, 4.0875e-06
-1533.34, 3.8862e-06
-1516.86, 3.68708e-06
-1500.38, 3.49235e-06
-1483.9, 3.30373e-06
-1467.42, 3.12353e-06
-1450.94, 2.9549e-06
-1434.46, 2.80106e-06
-1417.98, 2.66722e-06
-1401.5, 2.55804e-06
-1385.02, 2.48067e-06
-1368.54, 2.44221e-06
-1352.06, 2.45248e-06
-1335.59, 2.523e-06
-1319.11, 2.66824e-06
-1302.63, 2.9041e-06
-1286.15, 3.25049e-06
-1269.67, 3.73186e-06
-1253.19, 4.37555e-06
-1236.71, 5.21578e-06
-1220.23, 6.29201e-06
-1203.75, 7.6534e-06
-1187.27, 9.35738e-06
-1170.79, 1.14722e-05
-1154.31, 1.408e-05
-1137.83, 1.72763e-05
-1121.35, 2.11755e-05
-1104.87, 2.59143e-05
-1088.39, 3.16563e-05
-1071.92, 3.85918e-05
-1055.44, 4.69513e-05
-1038.96, 5.70067e-05
-1022.48, 6.9078e-05
-1006, 8.35436e-05
-989.519, 0.000100861
-973.039, 0.000121563
-956.56, 0.000146287
-940.081, 0.000175788
-923.601, 0.000210961
-907.122, 0.000252856
-890.643, 0.000302742
-874.163, 0.000362092
-857.684, 0.000432686
-841.205, 0.000516596
-824.725, 0.000616299
-808.246, 0.000734722
-791.767, 0.000875342
-775.287, 0.00104226
-758.808, 0.00124035
-742.328, 0.00147539
-725.849, 0.00175421
-709.37, 0.0020849
-692.89, 0.00247705
-676.411, 0.00294199
-659.932, 0.00349317
-643.452, 0.0041465
-626.973, 0.00492082
-610.494, 0.00583847
-594.014, 0.00692585
-577.535, 0.00821425
-561.056, 0.00974077
-544.576, 0.0115493
-528.097, 0.0136917
-511.617, 0.0162297
-495.138, 0.0192361
-478.659, 0.0227971
-462.179, 0.027015
-445.7, 0.0320107
-429.221, 0.0379276
-412.741, 0.0449353
-396.262, 0.0532347
-379.783, 0.0630637
-363.303, 0.0747039
-346.824, 0.0884891
-330.345, 0.104814
-313.865, 0.124147
-297.386, 0.14704
-280.907, 0.174152
-264.427, 0.206256
-247.948, 0.244274
-231.468, 0.289294
-214.989, 0.342606
-198.51, 0.405736
-182.03, 0.480491
-165.551, 0.569013
-149.072, 0.673836
-132.592, 0.797961
-116.113, 0.944943
-99.6336, 1.11899
-83.1543, 1.32509
-66.6749, 1.56913
-50.1956, 1.8581
-38.4697, 2.09572
-29.3359, 2.30172
-20.9924, 2.50754
-15.0556, 2.66511
-10.8313, 2.78323
-7.82546, 2.87046
-5.68669, 2.93419
-4.16485, 2.98039
-3.082, 3.0137
-2.31149, 3.03764
-1.76324, 3.05478
-1.37313, 3.06704
-1.09555, 3.07579
-0.898039, 3.08203
-0.7575, 3.08648
-0.6575, 3.08966
-0.5575, 3.09283
-0.4575, 3.09601
-0.3575, 3.09918
-0.2575, 3.10237
-0.1575, 3.10556
-0.0575, 3.10875
0.0425, 3.11194
0.1425, 3.11513
0.282676, 3.11959
0.479169, 3.12583
0.754604, 3.13456
1.1407, 3.14673
1.68191, 3.16369
2.44056, 3.18725
3.50399, 3.21985
4.99468, 3.26468
7.08426, 3.32575
10.0133, 3.40774
14.1192, 3.51508
19.8747, 3.64948
27.9424, 3.80356
39.2515, 3.94589
50.9543, 3.9963
66.8068, 3.90367
89.0282, 3.48085
111.25, 2.78998
133.471, 1.95597
155.693, 1.12964
177.914, 0.4604
200.135, 0.0692657
222.357, 0.02696
244.578, 0.341132
266.8, 0.95497
289.021, 1.75748
311.243, 2.60354
333.464, 3.34017
355.685, 3.83417
377.907, 3.99621
400.128, 3.79699
422.35, 3.27253
444.571, 2.51767
466.793, 1.66891
489.014, 0.879712
511.235, 0.292797
533.457, 0.0142899
555.678, 0.0945527
577.9, 0.519075
600.121, 1.21109
622.343, 2.04548
644.564, 2.87136
666.785, 3.53939
689.007, 3.92879
711.228, 3.96914
733.45, 3.65314
755.671, 3.03793
777.893, 2.23476
800.114, 1.38886
822.335, 0.653178
844.557, 0.160748
866.778, 0.000608178
889, 0.201715
911.221, 0.727701
933.443, 1.48346
955.664, 2.33232
977.885, 3.1208
1000.11, 3.70631
1022.33, 3.98299
1044.55, 3.90081
1066.77, 3.47462
1088.99, 2.78149
1111.21, 1.94675
1133.44, 1.12135
1155.66, 0.454534
1177.88, 0.0668821
1200.1, 0.0284889
1222.32, 0.346298
1244.54, 0.962842
1266.76, 1.76664
1288.99, 2.61234
1311.21, 3.34703
1333.43, 3.83785
1355.65, 3.99606
1377.87, 3.79305
1400.09, 3.26553
1422.31, 2.50888
1444.54, 1.65992
1466.76, 0.872167
1488.98, 0.288062
1511.2, 0.0132218
1533.42, 0.0973436
1555.64, 0.525215
1577.86, 1.21947
1600.09, 2.05456
1622.31, 2.87949
1644.53, 3.5451
1666.75, 3.93102
1688.97, 3.96748
1711.19, 3.64787
1733.41, 3.03
1755.64, 2.22559
1777.86, 1.38009
1800.08, 0.646391
1822.3, 0.157159
1844.52, 0.000855436
1866.74, 0.205744
1888.96, 0.734773
1911.19, 1.49228
1933.41, 2.34129
1955.63, 3.12829
1977.85, 3.71096
2000.07, 3.98394
2022.29, 3.89788
2044.51, 3.46834
2066.74, 2.77298
2088.96, 1.93755
2111.18, 1.1131
2133.4, 0.448727
2155.62, 0.0645532
2177.84, 0.0300478
2200.06, 0.35145
2222.29, 0.970645
2244.51, 1.77567
2266.73, 2.62095
2288.95, 3.35365
2311.17, 3.84128
2333.39, 3.99566
2355.61, 3.78889
2377.84, 3.25834
2400.06, 2.49996
2422.28, 1.65088
2444.5, 0.864619
2466.72, 0.283358
2488.94, 0.0121964
2511.16, 0.100164
2533.39, 0.531351
2555.61, 1.22778
2577.83, 2.06353
2600.05, 2.88747
2622.27, 3.55061
2644.49, 3.93305
2666.71, 3.96562
2688.94, 3.64244
2711.16, 3.02195
2733.38, 2.21635
2755.6, 1.3713
2777.82, 0.639624
2800.04, 0.153609
2822.26, 0.00114425
2844.49, 0.209798
2866.71, 0.741842
2888.93, 1.50107


