space:E: Re(Ey) vs x, y=0(m), z=0(m), lambda=6.52921e-07(m) 

x(nm), Re(Ey)
-3000, 0.369242
-2977.95, 0.555773
-2955.89, 0.717276
-2933.84, 0.846477
-2911.79, 0.937558
-2889.73, 0.986417
-2867.68, 0.990853
-2845.63, 0.950666
-2823.57, 0.867667
-2801.52, 0.745594
-2779.47, 0.589944
-2757.41, 0.40773
-2735.36, 0.207155
-2713.31, -0.00274468
-2691.25, -0.212516
-2669.2, -0.412711
-2647.15, -0.594314
-2625.09, -0.749144
-2603.04, -0.87023
-2580.99, -0.952116
-2558.93, -0.991116
-2536.88, -0.985472
-2514.83, -0.935438
-2492.78, -0.843269
-2470.72, -0.713114
-2448.67, -0.550837
-2426.62, -0.363745
-2404.56, -0.160266
-2382.51, 0.0504376
-2360.46, 0.258875
-2338.4, 0.455658
-2316.35, 0.631925
-2294.3, 0.779737
-2272.24, 0.892436
-2250.19, 0.964947
-2228.14, 0.994004
-2206.08, 0.978298
-2184.03, 0.918536
-2161.98, 0.817411
-2139.92, 0.679477
-2117.87, 0.510946
-2095.82, 0.319408
-2073.76, 0.113491
-2051.71, -0.0975329
-2029.66, -0.304158
-2007.6, -0.497078
-1985.55, -0.667606
-1963.5, -0.808059
-1941.44, -0.912114
-1919.39, -0.975083
-1897.34, -0.99413
-1875.28, -0.968397
-1853.23, -0.899044
-1831.18, -0.789194
-1809.12, -0.643795
-1787.07, -0.469395
-1765.02, -0.273849
-1742.96, -0.0659638
-1720.91, 0.144897
-1698.86, 0.349237
-1676.8, 0.537852
-1654.75, 0.702249
-1632.7, 0.835022
-1610.65, 0.930191
-1588.59, 0.983471
-1566.54, 0.992461
-1544.49, 0.956756
-1522.43, 0.877965
-1500.38, 0.759636
-1478.33, 0.607098
-1456.27, 0.427221
-1434.22, 0.228106
-1412.17, 0.0187223
-1390.11, -0.191501
-1368.06, -0.393097
-1346.01, -0.576984
-1323.95, -0.734882
-1301.9, -0.859679
-1279.85, -0.945754
-1257.79, -0.98923
-1235.74, -0.988151
-1213.69, -0.942564
-1191.63, -0.854523
-1169.58, -0.727992
-1147.53, -0.568672
-1125.47, -0.383738
-1103.42, -0.181518
-1081.37, 0.0288782
-1059.31, 0.237976
-1037.26, 0.436357
-1015.21, 0.615087
-993.154, 0.766116
-971.101, 0.88264
-949.047, 0.959413
-926.994, 0.992976
-904.941, 0.981819
-882.888, 0.926442
-860.834, 0.82934
-838.781, 0.694886
-816.728, 0.529135
-794.675, 0.339553
-772.621, 0.134678
-750.568, -0.0762633
-728.515, -0.283769
-706.462, -0.478496
-684.408, -0.651673
-662.355, -0.7955
-640.302, -0.9035
-618.249, -0.970809
-596.195, -0.994395
-574.142, -0.973197
-552.089, -0.908169
-530.036, -0.802239
-507.982, -0.660181
-485.929, -0.488391
-463.876, -0.294606
-441.823, -0.0875548
-419.769, 0.123437
-397.716, 0.328868
-375.663, 0.519483
-353.61, 0.6867
-331.556, 0.822985
-309.503, 0.922202
-287.45, 0.979881
-265.397, 0.993424
-243.343, 0.962222
-221.29, 0.887679
-199.237, 0.773153
-177.184, 0.623801
-155.13, 0.446351
-133.077, 0.248794
-111.024, 0.0400261
-88.9705, -0.170544
-66.9173, -0.373448
-51.1772, -0.507964
-39.651, -0.599098
-28.4169, -0.680821
-20.3988, -0.734282
-14.6761, -0.769765
-10.5916, -0.795495
-7.67635, -0.814073
-5.59568, -0.827442
-4.11065, -0.837041
-3.05074, -0.843921
-2.29425, -0.84885
-1.75432, -0.852373
-1.36896, -0.854892
-1.09392, -0.856693
-0.897609, -0.857979
-0.7575, -0.858897
-0.6575, -0.859553
-0.5575, -0.860208
-0.4575, -0.860864
-0.3575, -0.861524
-0.2575, -0.862181
-0.1575, -0.862834
-0.0575, -0.86349
0.0425, -0.86415
0.1425, -0.864807
0.282676, -0.865726
0.479169, -0.867007
0.754604, -0.868806
1.1407, -0.871313
1.68191, -0.874808
2.44056, -0.879668
3.50399, -0.886403
4.99468, -0.895684
7.08426, -0.908385
10.0133, -0.925571
14.1192, -0.948425
19.8747, -0.977965
27.9424, -1.01432
39.2515, -1.055
50.9543, -1.08395
66.8068, -1.10122
89.0282, -1.08231
111.25, -1.0139
133.471, -0.899141
155.693, -0.743266
177.914, -0.553408
200.135, -0.338246
222.357, -0.107622
244.578, 0.127921
266.8, 0.357611
289.021, 0.570944
311.243, 0.758166
333.464, 0.910716
355.685, 1.02162
377.907, 1.0858
400.128, 1.10033
422.35, 1.06454
444.571, 0.980065
466.793, 0.850774
489.014, 0.682577
511.235, 0.483165
533.457, 0.261657
555.678, 0.028182
577.9, -0.206583
600.121, -0.431903
622.343, -0.637474
644.564, -0.813896
666.785, -0.953101
689.007, -1.04872
711.228, -1.09639
733.45, -1.09392
755.671, -1.04143
777.893, -0.941319
800.114, -0.798161
822.335, -0.618506
844.557, -0.410566
866.778, -0.183853
889, 0.0512687
911.221, 0.284046
933.443, 0.503836
955.664, 0.700587
977.885, 0.865303
1000.11, 0.990451
1022.33, 1.07031
1044.55, 1.10123
1066.77, 1.08179
1088.99, 1.01288
1111.21, 0.897661
1133.44, 0.741395
1155.66, 0.551228
1177.88, 0.335858
1200.1, 0.105131
1222.32, -0.1304
1244.54, -0.359966
1266.76, -0.573068
1288.99, -0.759962
1311.21, -0.912101
1333.43, -1.02253
1355.65, -1.08619
1377.87, -1.10019
1400.09, -1.06387
1422.31, -0.978895
1444.54, -0.849156
1466.76, -0.680583
1488.98, -0.480883
1511.2, -0.25919
1533.42, -0.0256406
1555.64, 0.209086
1577.86, 0.434256
1600.09, 0.639573
1622.31, 0.815648
1644.53, 0.954429
1666.75, 1.04957
1688.97, 1.09672
1711.19, 1.09373
1733.41, 1.04073
1755.64, 0.94014
1777.86, 0.796566
1800.08, 0.616572
1822.3, 0.408389
1844.52, 0.181537
1866.74, -0.0536119
1888.96, -0.286303
1911.19, -0.505897
1933.41, -0.702352
1955.63, -0.866683
1977.85, -0.991378
2000.07, -1.07073
2022.29, -1.10112
2044.51, -1.08115
2066.74, -1.01173
2088.96, -0.896047
2111.18, -0.739381
2133.4, -0.548899
2155.62, -0.333311
2177.84, -0.102475
2200.06, 0.133052
2222.29, 0.362501
2244.51, 0.57538
2266.73, 0.761953
2288.95, 0.913689
2311.17, 1.02365
2333.39, 1.08681
2355.61, 1.10027
2377.84, 1.06343
2400.06, 0.977964
2422.28, 0.847784
2444.5, 0.678842
2466.72, 0.478863
2488.94, 0.256992
2511.16, 0.0233753
2533.39, -0.211305
2555.61, -0.436318
2577.83, -0.641374
2600.05, -0.817095
2622.27, -0.955448
2644.49, -1.0501
2666.71, -1.09674
2688.94, -1.09321
2711.16, -1.03969
2733.38, -0.938627
2755.6, -0.794634
2777.82, -0.6143
2800.04, -0.40587
2822.26, -0.178876
2844.49, 0.0563013
2866.71, 0.288908
2888.93, 0.508308


