space:E: Re(Ey) vs x, y=0(m), z=0(m), lambda=6.52921e-07(m) 

x(nm), Re(Ey)
-3000, 0.00107426
-2983.52, 0.00109136
-2967.04, 0.00110785
-2950.56, 0.00112406
-2934.08, 0.00113997
-2917.6, 0.00115522
-2901.12, 0.00117026
-2884.64, 0.0011848
-2868.17, 0.00119891
-2851.69, 0.00121265
-2835.21, 0.00122594
-2818.73, 0.00123876
-2802.25, 0.0012512
-2785.77, 0.00126327
-2769.29, 0.00127488
-2752.81, 0.00128616
-2736.33, 0.00129699
-2719.85, 0.00130725
-2703.37, 0.00131736
-2686.89, 0.00132686
-2670.41, 0.001336
-2653.93, 0.00134487
-2637.45, 0.00135337
-2620.97, 0.00136155
-2604.5, 0.00136921
-2588.02, 0.00137646
-2571.54, 0.00138324
-2555.06, 0.00138983
-2538.58, 0.00139589
-2522.1, 0.00140181
-2505.62, 0.00140726
-2489.14, 0.00141224
-2472.66, 0.00141688
-2456.18, 0.00142106
-2439.7, 0.00142484
-2423.22, 0.00142835
-2406.74, 0.00143152
-2390.26, 0.00143423
-2373.78, 0.00143659
-2357.31, 0.00143878
-2340.83, 0.00144046
-2324.35, 0.00144164
-2307.87, 0.00144256
-2291.39, 0.00144289
-2274.91, 0.00144294
-2258.43, 0.00144262
-2241.95, 0.00144172
-2225.47, 0.00144056
-2208.99, 0.00143903
-2192.51, 0.00143707
-2176.03, 0.00143456
-2159.55, 0.00143169
-2143.07, 0.00142829
-2126.59, 0.00142435
-2110.11, 0.00141992
-2093.64, 0.00141485
-2077.16, 0.00140946
-2060.68, 0.0014034
-2044.2, 0.00139671
-2027.72, 0.00138961
-2011.24, 0.00138164
-1994.76, 0.00137316
-1978.28, 0.00136403
-1961.8, 0.00135431
-1945.32, 0.00134383
-1928.84, 0.00133235
-1912.36, 0.00132011
-1895.88, 0.0013068
-1879.4, 0.00129267
-1862.92, 0.00127743
-1846.45, 0.00126107
-1829.97, 0.00124357
-1813.49, 0.00122473
-1797.01, 0.00120476
-1780.53, 0.00118307
-1764.05, 0.00115999
-1747.57, 0.00113521
-1731.09, 0.00110852
-1714.61, 0.00107989
-1698.13, 0.00104936
-1681.65, 0.0010163
-1665.17, 0.00098086
-1648.69, 0.000942992
-1632.21, 0.000902123
-1615.73, 0.000858033
-1599.25, 0.000810726
-1582.78, 0.000759867
-1566.3, 0.000704949
-1549.82, 0.000646016
-1533.34, 0.000582381
-1516.86, 0.000514025
-1500.38, 0.000440203
-1483.9, 0.000360481
-1467.42, 0.00027446
-1450.94, 0.000181511
-1434.46, 8.11414e-05
-1417.98, -2.74869e-05
-1401.5, -0.000144761
-1385.02, -0.000271682
-1368.54, -0.000408913
-1352.06, -0.000557458
-1335.59, -0.000718256
-1319.11, -0.000892541
-1302.63, -0.00108126
-1286.15, -0.00128576
-1269.67, -0.00150758
-1253.19, -0.0017479
-1236.71, -0.0020085
-1220.23, -0.00229097
-1203.75, -0.00259747
-1187.27, -0.00293009
-1170.79, -0.0032911
-1154.31, -0.00368305
-1137.83, -0.00410852
-1121.35, -0.0045704
-1104.87, -0.00507195
-1088.39, -0.00561681
-1071.92, -0.00620856
-1055.44, -0.0068515
-1038.96, -0.00755017
-1022.48, -0.00830932
-1006, -0.00913411
-989.519, -0.0100306
-973.039, -0.011005
-956.56, -0.0120641
-940.081, -0.0132155
-923.601, -0.0144673
-907.122, -0.0158281
-890.643, -0.0173079
-874.163, -0.0189168
-857.684, -0.0206666
-841.205, -0.0225694
-824.725, -0.0246387
-808.246, -0.0268891
-791.767, -0.0293367
-775.287, -0.0319988
-758.808, -0.0348944
-742.328, -0.0380443
-725.849, -0.0414706
-709.37, -0.0451978
-692.89, -0.0492524
-676.411, -0.0536633
-659.932, -0.0584619
-643.452, -0.0636823
-626.973, -0.0693615
-610.494, -0.0755403
-594.014, -0.0822625
-577.535, -0.089576
-561.056, -0.0975331
-544.576, -0.106191
-528.097, -0.11561
-511.617, -0.125858
-495.138, -0.137009
-478.659, -0.149142
-462.179, -0.162343
-445.7, -0.176707
-429.221, -0.192336
-412.741, -0.209342
-396.262, -0.227846
-379.783, -0.24798
-363.303, -0.269889
-346.824, -0.293727
-330.345, -0.319667
-313.865, -0.347892
-297.386, -0.378604
-280.907, -0.412023
-264.427, -0.448388
-247.948, -0.487958
-231.468, -0.531016
-214.989, -0.577869
-198.51, -0.628852
-182.03, -0.684329
-165.551, -0.744697
-149.072, -0.810386
-132.592, -0.881866
-116.113, -0.959648
-99.6336, -1.04429
-83.1543, -1.13639
-66.6749, -1.23661
-50.1956, -1.34566
-38.4697, -1.42911
-29.3359, -1.4977
-20.9924, -1.56323
-15.0556, -1.61159
-10.8313, -1.64692
-7.82546, -1.67253
-5.68669, -1.69099
-4.16485, -1.70425
-3.082, -1.71375
-2.31149, -1.72054
-1.76324, -1.72539
-1.37313, -1.72885
-1.09555, -1.73131
-0.898039, -1.73307
-0.7575, -1.73432
-0.6575, -1.73521
-0.5575, -1.7361
-0.4575, -1.73699
-0.3575, -1.73788
-0.2575, -1.73878
-0.1575, -1.73967
-0.0575, -1.74056
0.0425, -1.74146
0.1425, -1.74235
0.282676, -1.7436
0.479169, -1.74534
0.754604, -1.74777
1.1407, -1.75117
1.68191, -1.75588
2.44056, -1.7624
3.50399, -1.77139
4.99468, -1.78368
7.08426, -1.80029
10.0133, -1.82234
14.1192, -1.85082
19.8747, -1.88587
27.9424, -1.92527
39.2515, -1.96096
50.9543, -1.97344
66.8068, -1.95043
89.0282, -1.84177
111.25, -1.64889
133.471, -1.38061
155.693, -1.0492
177.914, -0.669806
200.135, -0.259786
222.357, 0.162113
244.578, 0.576598
266.8, 0.964716
289.021, 1.30872
311.243, 1.59287
333.464, 1.80419
355.685, 1.933
377.907, 1.97342
400.128, 1.9236
422.35, 1.78581
444.571, 1.56636
466.793, 1.27528
489.014, 0.925888
511.235, 0.534153
533.457, 0.117991
555.678, -0.303567
577.9, -0.711244
600.121, -1.0864
622.343, -1.41187
644.564, -1.67278
666.785, -1.8572
689.007, -1.9567
711.228, -1.96671
733.45, -1.8868
755.671, -1.7206
777.893, -1.47572
800.114, -1.16336
822.335, -0.797806
844.557, -0.395767
866.778, 0.0243687
889, 0.44339
911.221, 0.842134
933.443, 1.20237
955.664, 1.50762
977.885, 1.74393
1000.11, 1.90049
1022.33, 1.97015
1044.55, 1.94971
1066.77, 1.84012
1088.99, 1.64638
1111.21, 1.37735
1133.44, 1.04534
1155.66, 0.665527
1177.88, 0.255281
1200.1, -0.166639
1222.32, -0.580938
1244.54, -0.968672
1266.76, -1.31211
1288.99, -1.59555
1311.21, -1.80602
1333.43, -1.93391
1355.65, -1.97337
1377.87, -1.92258
1400.09, -1.78388
1422.31, -1.56361
1444.54, -1.27183
1466.76, -0.921898
1488.98, -0.529807
1511.2, -0.11349
1533.42, 0.308017
1555.64, 0.715438
1577.86, 1.09014
1600.09, 1.415
1622.31, 1.67515
1644.53, 1.85869
1666.75, 1.95724
1688.97, 1.96629
1711.19, 1.88543
1733.41, 1.71835
1755.64, 1.47269
1777.86, 1.15968
1800.08, 0.793652
1822.3, 0.391328
1844.52, -0.0288901
1866.74, -0.447786
1888.96, -0.846205
1911.19, -1.20593
1933.41, -1.5105
1955.63, -1.74601
1977.85, -1.90167
2000.07, -1.97037
2022.29, -1.94897
2044.51, -1.83844
2066.74, -1.64385
2088.96, -1.37408
2111.18, -1.04148
2133.4, -0.661261
2155.62, -0.250799
2177.84, 0.171132
2200.06, 0.585237
2222.29, 0.97258
2244.51, 1.31545
2266.73, 1.59816
2288.95, 1.8078
2311.17, 1.93476
2333.39, 1.97326
2355.61, 1.92152
2377.84, 1.78191
2400.06, 1.56082
2422.28, 1.26836
2444.5, 0.9179
2466.72, 0.525466
2488.94, 0.109004
2511.16, -0.31244
2533.39, -0.719596
2555.61, -1.09384
2577.83, -1.41807
2600.05, -1.67745
2622.27, -1.86013
2644.49, -1.95774
2666.71, -1.96583
2688.94, -1.88402
2711.16, -1.71606
2733.38, -1.46963
2755.6, -1.15599
2777.82, -0.789493
2800.04, -0.386893
2822.26, 0.0333983
2844.49, 0.452163
2866.71, 0.85025
2888.93, 1.20946


