0.010000 -104661.306279 0.000060
0.020000 -26163.581725 0.000119
0.030000 -11626.966047 0.000179
0.040000 -6539.150538 0.000239
0.050000 -4184.218763 0.000299
0.060000 -2904.996538 0.000360
0.070000 -2133.665856 0.000421
0.080000 -1633.042549 0.000483
0.090000 -1289.816830 0.000545
0.100000 -1044.309463 0.000608
0.110000 -862.661749 0.000672
0.120000 -724.503736 0.000736
0.130000 -616.984288 0.000801
0.140000 -531.670870 0.000865
0.150000 -462.844330 0.000929
0.160000 -406.514823 0.000990
0.170000 -359.830278 0.001049
0.180000 -320.708144 0.001104
0.190000 -287.599053 0.001158
0.200000 -259.331016 0.001210
0.210000 -235.004265 0.001262
0.220000 -213.918759 0.001314
0.230000 -195.523252 0.001366
0.240000 -179.378890 0.001420
0.250000 -165.132798 0.001474
0.260000 -152.498627 0.001530
0.270000 -141.242054 0.001586
0.280000 -131.169838 0.001642
0.290000 -122.121469 0.001700
0.300000 -113.962735 0.001757
0.310000 -106.580717 0.001816
0.320000 -99.879858 0.001874
0.330000 -93.778857 0.001933
0.340000 -88.208189 0.001992
0.350000 -83.108119 0.002051
0.360000 -78.427090 0.002110
0.370000 -74.120419 0.002169
0.380000 -70.149220 0.002229
0.390000 -66.479531 0.002288
0.400000 -63.081580 0.002348
0.410000 -59.929181 0.002408
0.420000 -56.999228 0.002468
0.430000 -54.271270 0.002529
0.440000 -51.727154 0.002589
0.450000 -49.350721 0.002650
0.460000 -47.127547 0.002712
0.470000 -45.044729 0.002773
0.480000 -43.090692 0.002835
0.490000 -41.255031 0.002897
0.500000 -39.528370 0.002959
0.510000 -37.902245 0.003022
0.520000 -36.368995 0.003084
0.530000 -34.921677 0.003147
0.540000 -33.553984 0.003210
0.550000 -32.260178 0.003274
0.560000 -31.035028 0.003337
0.570000 -29.873757 0.003401
0.580000 -28.771998 0.003465
0.590000 -27.725749 0.003529
0.600000 -26.731341 0.003594
0.610000 -25.785401 0.003659
0.620000 -24.884827 0.003724
0.630000 -24.026761 0.003789
0.640000 -23.208567 0.003855
0.650000 -22.427809 0.003921
0.660000 -21.682234 0.003987
0.670000 -20.969759 0.004054
0.680000 -20.288448 0.004121
0.690000 -19.636509 0.004188
0.700000 -19.012275 0.004256
0.710000 -18.414194 0.004323
0.720000 -17.840824 0.004392
0.730000 -17.290819 0.004460
0.740000 -16.762924 0.004529
0.750000 -16.255967 0.004598
0.760000 -15.768854 0.004668
0.770000 -15.300559 0.004738
0.780000 -14.850123 0.004808
0.790000 -14.416646 0.004879
0.800000 -13.999287 0.004950
0.810000 -13.597252 0.005022
0.820000 -13.209799 0.005094
0.830000 -12.836228 0.005166
0.840000 -12.475883 0.005239
0.850000 -12.128143 0.005312
0.860000 -11.792425 0.005386
0.870000 -11.468179 0.005460
0.880000 -11.154886 0.005534
0.890000 -10.852056 0.005609
0.900000 -10.559226 0.005685
0.910000 -10.275958 0.005761
0.920000 -10.001839 0.005837
0.930000 -9.736476 0.005914
0.940000 -9.479498 0.005992
0.950000 -9.230553 0.006070
0.960000 -8.989309 0.006148
0.970000 -8.755448 0.006227
0.980000 -8.528670 0.006307
0.990000 -8.308690 0.006387
1.000000 -8.095236 0.006468
1.010000 -7.888052 0.006549
1.020000 -7.686891 0.006631
1.030000 -7.491521 0.006713
1.040000 -7.301719 0.006797
1.050000 -7.117274 0.006880
1.060000 -6.937983 0.006965
1.070000 -6.763655 0.007050
1.080000 -6.594106 0.007136
1.090000 -6.429161 0.007222
1.100000 -6.268653 0.007309
1.110000 -6.112421 0.007397
1.120000 -5.960314 0.007485
1.130000 -5.812186 0.007575
1.140000 -5.667896 0.007664
1.150000 -5.527311 0.007755
1.160000 -5.390305 0.007847
1.170000 -5.256753 0.007939
1.180000 -5.126540 0.008032
1.190000 -4.999552 0.008126
1.200000 -4.875682 0.008221
1.210000 -4.754827 0.008317
1.220000 -4.636888 0.008413
1.230000 -4.521770 0.008511
1.240000 -4.409381 0.008609
1.250000 -4.299634 0.008708
1.260000 -4.192445 0.008809
1.270000 -4.087734 0.008910
1.280000 -3.985421 0.009012
1.290000 -3.885433 0.009115
1.300000 -3.787698 0.009220
1.310000 -3.692146 0.009325
1.320000 -3.598712 0.009432
1.330000 -3.507330 0.009539
1.340000 -3.417940 0.009648
1.350000 -3.330482 0.009758
1.360000 -3.244898 0.009869
1.370000 -3.161134 0.009981
1.380000 -3.079136 0.010094
1.390000 -2.998853 0.010209
1.400000 -2.920235 0.010325
1.410000 -2.843236 0.010442
1.420000 -2.767807 0.010561
1.430000 -2.693907 0.010681
1.440000 -2.621490 0.010802
1.450000 -2.550516 0.010925
1.460000 -2.480944 0.011050
1.470000 -2.412737 0.011176
1.480000 -2.345856 0.011303
1.490000 -2.280265 0.011432
1.500000 -2.215929 0.011563
1.510000 -2.152815 0.011695
1.520000 -2.090889 0.011829
1.530000 -2.030120 0.011965
1.540000 -1.970477 0.012102
1.550000 -1.911930 0.012242
1.560000 -1.854451 0.012383
1.570000 -1.798012 0.012526
1.580000 -1.742585 0.012671
1.590000 -1.688144 0.012819
1.600000 -1.634664 0.012968
1.610000 -1.582121 0.013120
1.620000 -1.530490 0.013273
1.630000 -1.479748 0.013429
1.640000 -1.429873 0.013587
1.650000 -1.380843 0.013748
1.660000 -1.332636 0.013911
1.670000 -1.285233 0.014077
1.680000 -1.238612 0.014245
1.690000 -1.192756 0.014416
1.700000 -1.147644 0.014589
1.710000 -1.103258 0.014766
1.720000 -1.059581 0.014945
1.730000 -1.016595 0.015128
1.740000 -0.974283 0.015313
1.750000 -0.932629 0.015502
1.760000 -0.891617 0.015693
1.770000 -0.851231 0.015889
1.780000 -0.811457 0.016087
1.790000 -0.772278 0.016290
1.800000 -0.733682 0.016496
1.810000 -0.695654 0.016706
1.820000 -0.658180 0.016919
1.830000 -0.621247 0.017137
1.840000 -0.584841 0.017360
1.850000 -0.548951 0.017586
1.860000 -0.513564 0.017817
1.870000 -0.478668 0.018053
1.880000 -0.444251 0.018294
1.890000 -0.410301 0.018539
1.900000 -0.376807 0.018790
1.910000 -0.343758 0.019046
1.920000 -0.311143 0.019308
1.930000 -0.278953 0.019576
1.940000 -0.247175 0.019850
1.950000 -0.215801 0.020130
1.960000 -0.184820 0.020416
1.970000 -0.154222 0.020709
1.980000 -0.123999 0.021010
1.990000 -0.094140 0.021318
2.000000 -0.064636 0.021633
2.010000 -0.035479 0.021957
2.020000 -0.006659 0.022289
2.030000 0.021832 0.022629
2.040000 0.050004 0.022979
2.050000 0.077863 0.023338
2.060000 0.105420 0.023708
2.070000 0.132682 0.024088
2.080000 0.159657 0.024479
2.090000 0.186354 0.024881
2.100000 0.212781 0.025295
2.110000 0.238945 0.025723
2.120000 0.264854 0.026163
2.130000 0.290516 0.026618
2.140000 0.315940 0.027088
2.150000 0.341132 0.027573
2.160000 0.366101 0.028075
2.170000 0.390854 0.028595
2.180000 0.415399 0.029133
2.190000 0.439744 0.029690
2.200000 0.463896 0.030269
2.210000 0.487864 0.030870
2.220000 0.511656 0.031495
2.230000 0.535278 0.032145
2.240000 0.558740 0.032822
2.250000 0.582050 0.033528
2.260000 0.605215 0.034265
2.270000 0.628245 0.035035
2.280000 0.651148 0.035841
2.290000 0.673933 0.036685
2.300000 0.696609 0.037570
2.310000 0.719186 0.038501
2.320000 0.741673 0.039480
2.330000 0.764080 0.040512
2.340000 0.786419 0.041602
2.350000 0.808699 0.042754
2.360000 0.830932 0.043976
2.370000 0.853130 0.045273
2.380000 0.875305 0.046654
2.390000 0.897471 0.048127
2.400000 0.919642 0.049702
2.410000 0.941833 0.051391
2.420000 0.964058 0.053207
2.430000 0.986335 0.055165
2.440000 1.008680 0.057285
2.450000 1.031113 0.059586
2.460000 1.053653 0.062095
2.470000 1.076320 0.064839
2.480000 1.099134 0.067856
2.490000 1.122118 0.071186
2.500000 1.145291 0.074881
2.510000 1.168674 0.079001
2.520000 1.192283 0.083621
2.530000 1.216127 0.088830
2.540000 1.240208 0.094738
2.550000 1.264507 0.101476
2.560000 1.288980 0.109202
2.570000 1.313543 0.118098
2.580000 1.338046 0.128371
2.590000 1.362248 0.140234
2.600000 1.385791 0.153873
2.610000 1.408165 0.169387
2.620000 1.428728 0.186682
2.630000 1.446780 0.205355
2.640000 1.461755 0.224611
2.650000 1.473492 0.243328
2.660000 1.482449 0.260345
2.670000 1.489655 0.274889
2.680000 1.496327 0.286869
2.690000 1.503389 0.296772
2.700000 1.511279 0.305249
2.710000 1.520158 0.312803
2.720000 1.530201 0.319843
2.730000 1.541595 0.326936
2.740000 1.554274 0.334887
2.750000 1.567688 0.344502
2.760000 1.580831 0.356250
2.770000 1.592491 0.369982
2.780000 1.601660 0.384865
2.790000 1.607956 0.399595
2.800000 1.611808 0.412888
2.810000 1.614267 0.423995
2.820000 1.616495 0.432953
2.830000 1.619226 0.440426
2.840000 1.622477 0.447182
2.850000 1.625770 0.453522
2.860000 1.628736 0.459088
2.870000 1.631634 0.463258
2.880000 1.635333 0.465797
2.890000 1.640795 0.467234
2.900000 1.648462 0.468716
2.910000 1.657956 0.471484
2.920000 1.668231 0.476291
2.930000 1.678076 0.483115
2.940000 1.686652 0.491308
2.950000 1.693726 0.500049
2.960000 1.699521 0.508777
2.970000 1.704332 0.517362
2.980000 1.708140 0.525936
2.990000 1.710492 0.534433
3.000000 1.710865 0.542149
3.010000 1.709353 0.547806
3.020000 1.707073 0.550228
3.030000 1.705861 0.549157
3.040000 1.707436 0.545547
3.050000 1.712630 0.541185
3.060000 1.721114 0.537928
3.070000 1.731686 0.537001
3.080000 1.742905 0.538723
3.090000 1.753643 0.542717
3.100000 1.763272 0.548337
3.110000 1.771540 0.555006
3.120000 1.778321 0.562323
3.130000 1.783388 0.569949
3.140000 1.786401 0.577304
3.150000 1.787246 0.583353
3.160000 1.786554 0.586831
3.170000 1.785834 0.586936
3.180000 1.786962 0.583940
3.190000 1.791352 0.579212
3.200000 1.799378 0.574656
3.210000 1.810340 0.571960
3.220000 1.822883 0.572093
3.230000 1.835546 0.575193
3.240000 1.847164 0.580785
3.250000 1.857013 0.588096
3.260000 1.864751 0.596315
3.270000 1.870273 0.604707
3.280000 1.873557 0.612577
3.290000 1.874668 0.619095
3.300000 1.874021 0.623208
3.310000 1.872722 0.623917
3.320000 1.872538 0.620870
3.330000 1.875351 0.614798
3.340000 1.882417 0.607404
3.350000 1.893912 0.600798
3.360000 1.908943 0.596809
3.370000 1.925950 0.596498
3.380000 1.943256 0.600033
3.390000 1.959514 0.606913
3.400000 1.973825 0.616332
3.410000 1.985636 0.627397
3.420000 1.994633 0.639134
3.430000 2.000783 0.650454
3.440000 2.004460 0.660197
3.450000 2.006570 0.667310
3.460000 2.008561 0.671159
3.470000 2.012194 0.671868
3.480000 2.019093 0.670466
3.490000 2.030255 0.668754
3.500000 2.045690 0.668879
3.510000 2.064372 0.672770
3.520000 2.084527 0.681642
3.530000 2.104135 0.695803
3.540000 2.121355 0.714794
3.550000 2.134686 0.737635
3.560000 2.142992 0.762957
3.570000 2.145593 0.789032
3.580000 2.142443 0.813909
3.590000 2.134223 0.835670
3.600000 2.122312 0.852700
3.610000 2.108698 0.863936
3.620000 2.095815 0.869165
3.630000 2.086139 0.869329
3.640000 2.081509 0.866569
3.650000 2.082422 0.863742
3.660000 2.087800 0.863472
3.670000 2.095498 0.867265
3.680000 2.103247 0.875259
3.690000 2.109380 0.886666
3.700000 2.112942 0.900444
3.710000 2.113342 0.915615
3.720000 2.110094 0.931113
3.730000 2.102972 0.945539
3.740000 2.092397 0.957257
3.750000 2.079625 0.964849
3.760000 2.066544 0.967602
3.770000 2.055224 0.965758
3.780000 2.047439 0.960502
3.790000 2.044222 0.953740
3.800000 2.045557 0.947618
3.810000 2.050422 0.943905
3.820000 2.057250 0.943541
3.830000 2.064510 0.946655
3.840000 2.070999 0.952921
3.850000 2.075754 0.961851
3.860000 2.077865 0.972781
3.870000 2.076504 0.984657
3.880000 2.071255 0.995930
3.890000 2.062503 1.004803
3.900000 2.051556 1.009775
3.910000 2.040351 1.010140
3.920000 2.030942 1.006180
3.930000 2.025039 0.999071
3.940000 2.023639 0.990636
3.950000 2.026791 0.982921
3.960000 2.033657 0.977680
3.970000 2.042865 0.976046
3.980000 2.052898 0.978527
3.990000 2.062262 0.985183
4.000000 2.069448 0.995715
4.010000 2.072874 1.009320
4.020000 2.071107 1.024387
4.030000 2.063499 1.038432
4.040000 2.050831 1.048689
4.050000 2.035312 1.053121
4.060000 2.019804 1.051144
4.070000 2.006867 1.043542
4.080000 1.998282 1.031902
4.090000 1.995058 1.018148
4.100000 1.997493 1.004354
4.110000 2.005135 0.992553
4.120000 2.016800 0.984434
4.130000 2.030820 0.981049
4.140000 2.045395 0.982747
4.150000 2.058842 0.989326
4.160000 2.069617 1.000172
4.170000 2.076311 1.014203
4.180000 2.077870 1.029752
4.190000 2.073986 1.044697
4.200000 2.065323 1.056930
4.210000 2.053364 1.064848
4.220000 2.040047 1.067596
4.230000 2.027465 1.065122
4.240000 2.017585 1.058208
4.250000 2.011877 1.048411
4.260000 2.010972 1.037746
4.270000 2.014561 1.028226
4.280000 2.021560 1.021450
4.290000 2.030409 1.018358
4.300000 2.039397 1.019168
4.310000 2.046915 1.023422
4.320000 2.051680 1.030037
4.330000 2.053028 1.037432
4.340000 2.051191 1.043918
4.350000 2.047201 1.048292
4.360000 2.042347 1.050170
4.370000 2.037625 1.049787
4.380000 2.033613 1.047530
4.390000 2.030735 1.043703
4.400000 2.029476 1.038653
4.410000 2.030309 1.033011
4.420000 2.033399 1.027719
4.430000 2.038372 1.023777
4.440000 2.044357 1.021871
4.450000 2.050270 1.022165
4.460000 2.055078 1.024320
4.470000 2.057967 1.027544
4.480000 2.058548 1.030651
4.490000 2.057131 1.032299
4.500000 2.054784 1.031462
4.510000 2.052999 1.027862
4.520000 2.053173 1.022047
4.530000 2.056234 1.015139
4.540000 2.062512 1.008524
4.550000 2.071731 1.003638
4.560000 2.082972 1.001733
4.570000 2.094751 1.003543
4.580000 2.105366 1.008994
4.590000 2.113390 1.017227
4.600000 2.117987 1.026938
4.610000 2.118878 1.036750
4.620000 2.116168 1.045290
4.630000 2.110417 1.051136
4.640000 2.102870 1.053032
4.650000 2.095387 1.050402
4.660000 2.089897 1.043672
4.670000 2.087807 1.034041
4.680000 2.089836 1.022983
4.690000 2.096202 1.011970
4.700000 2.106732 1.002474
4.710000 2.120787 0.995947
4.720000 2.137166 0.993630
4.730000 2.154173 0.996279
4.740000 2.169848 1.003933
4.750000 2.182286 1.015857
4.760000 2.189905 1.030585
4.770000 2.191727 1.045986
4.780000 2.187771 1.059483
4.790000 2.179353 1.068632
4.800000 2.168886 1.071929
4.810000 2.159113 1.069272
4.820000 2.152294 1.061769
4.830000 2.149823 1.051166
4.840000 2.152281 1.039389
4.850000 2.159552 1.028325
4.860000 2.170866 1.019668
4.870000 2.184851 1.014675
4.880000 2.199751 1.013906
4.890000 2.213798 1.017121
4.900000 2.225560 1.023401
4.910000 2.234134 1.031362
4.920000 2.239317 1.039372
4.930000 2.241717 1.045926
4.940000 2.242555 1.050135
4.950000 2.243112 1.051909
4.960000 2.244274 1.051661
4.970000 2.246536 1.049861
4.980000 2.250288 1.046915
4.990000 2.255931 1.043359
5.000000 2.263675 1.039996
5.010000 2.273291 1.037752
5.020000 2.284083 1.037345
5.030000 2.295095 1.039084
5.040000 2.305324 1.042847
5.050000 2.313814 1.048094
5.060000 2.319826 1.053780
5.070000 2.323202 1.058398
5.080000 2.324700 1.060402
5.090000 2.325911 1.058820
5.100000 2.328765 1.053649
5.110000 2.334976 1.045848
5.120000 2.345634 1.037092
5.130000 2.360945 1.029416
5.140000 2.380152 1.024770
5.150000 2.401670 1.024566
5.160000 2.423442 1.029351
5.170000 2.443404 1.038716
5.180000 2.459885 1.051444
5.190000 2.471844 1.065771
5.200000 2.478992 1.079632
5.210000 2.481911 1.090914
5.220000 2.482115 1.097863
5.230000 2.481830 1.099573
5.240000 2.483442 1.096280
5.250000 2.488911 1.089238
5.260000 2.499374 1.080346
5.270000 2.515014 1.071679
5.280000 2.535141 1.065031
5.290000 2.558511 1.061578
5.300000 2.583737 1.061816
5.310000 2.609577 1.065730
5.320000 2.634990 1.073020
5.330000 2.659055 1.083169
5.340000 2.680967 1.095349
5.350000 2.700260 1.108349
5.360000 2.717087 1.120769
5.370000 2.732278 1.131433
5.380000 2.747089 1.139709
5.390000 2.762868 1.145583
5.400000 2.780813 1.149598
5.410000 2.801736 1.152758
5.420000 2.825852 1.156266
5.430000 2.852801 1.161134
5.440000 2.881937 1.167949
5.450000 2.912614 1.176920
5.460000 2.944272 1.188036
5.470000 2.976390 1.201096
5.480000 3.008544 1.215599
5.490000 3.040659 1.230734
5.500000 3.073254 1.245625
5.510000 3.107435 1.259737
5.520000 3.144620 1.273164
5.530000 3.186208 1.286707
5.540000 3.233259 1.301831
5.550000 3.286162 1.320484
5.560000 3.344417 1.344667
5.570000 3.406757 1.375925
5.580000 3.471580 1.415053
5.590000 3.537386 1.462141
5.600000 3.603057 1.516789
5.610000 3.668006 1.578344
5.620000 3.732270 1.646184
5.630000 3.796468 1.720075
5.640000 3.861582 1.800491
5.650000 3.928585 1.888817
5.660000 3.998024 1.987397
5.670000 4.069538 2.099472
5.680000 4.141295 2.228863
5.690000 4.209531 2.379284
5.700000 4.268534 2.553321
5.710000 4.311271 2.751517
5.720000 4.330404 2.972007
5.730000 4.319156 3.210741
5.740000 4.271765 3.461896
5.750000 4.183701 3.718106
5.760000 4.051993 3.970523
5.770000 3.875808 4.208933
5.780000 3.657273 4.422186
5.790000 3.402338 4.599259
5.800000 3.121097 4.731143
5.810000 2.826772 4.813098
5.820000 2.533112 4.846028
5.830000 2.251298 4.835833
5.840000 1.988028 4.790953
5.850000 1.745587 4.719543
5.860000 1.523373 4.627567
5.870000 1.319893 4.518195
5.880000 1.134571 4.392328
5.890000 0.968922 4.250014
5.900000 0.826597 4.092389
5.910000 0.712031 3.923261
5.920000 0.628223 3.749315
5.930000 0.574960 3.578655
5.940000 0.548562 3.418561
5.950000 0.543140 3.273797
5.960000 0.552404 3.146265
5.970000 0.570925 3.035761
5.980000 0.594472 2.940958
5.990000 0.619832 2.860007
6.000000 0.644623 2.790750
6.010000 0.667223 2.730874
6.020000 0.686692 2.678031
6.030000 0.702750 2.629861
6.040000 0.715964 2.584134
6.050000 0.727816 2.539252
6.060000 0.740228 2.494838
6.070000 0.754653 2.451797
6.080000 0.771339 2.411651
6.090000 0.789304 2.375504
6.100000 0.807089 2.343337
6.110000 0.823766 2.314107
6.120000 0.839483 2.286583
6.130000 0.855118 2.260269
6.140000 0.871321 2.235621
6.150000 0.887834 2.213344
6.160000 0.903768 2.193441
6.170000 0.918567 2.174970
6.180000 0.932751 2.156742
6.190000 0.947783 2.138349
6.200000 0.965156 2.120738
6.210000 0.985310 2.105887
6.220000 1.007112 2.095756
6.230000 1.028276 2.091145
6.240000 1.046463 2.091187
6.250000 1.060439 2.093746
6.260000 1.070642 2.096503
6.270000 1.078841 2.098127
6.280000 1.087105 2.098873
6.290000 1.096711 2.100311
6.300000 1.107564 2.104481
6.310000 1.118299 2.112974
6.320000 1.126865 2.126352
6.330000 1.131253 2.144083
6.340000 1.130013 2.164942
6.350000 1.122240 2.187561
6.360000 1.107137 2.210569
6.370000 1.083815 2.232109
6.380000 1.051899 2.249324
6.390000 1.012570 2.258731
6.400000 0.968959 2.257508
6.410000 0.925345 2.244694
6.420000 0.885838 2.221385
6.430000 0.853493 2.190136
6.440000 0.830010 2.154270
6.450000 0.815652 2.117333
6.460000 0.809273 2.082525
6.470000 0.808593 2.052129
6.480000 0.810738 2.027121
6.490000 0.812866 2.007058
6.500000 0.812815 1.990220
6.510000 0.809716 1.974037
6.520000 0.804383 1.955940
6.530000 0.799056 1.934454
6.540000 0.796361 1.909906
6.550000 0.798024 1.884180
6.560000 0.804195 1.859652
6.570000 0.813731 1.838122
6.580000 0.824959 1.820392
6.590000 0.836246 1.806416
6.600000 0.846199 1.795507
6.610000 0.853864 1.786362
6.620000 0.859150 1.777248
6.630000 0.863145 1.766658
6.640000 0.867754 1.754198
6.650000 0.874679 1.740942
6.660000 0.884426 1.728890
6.670000 0.896031 1.719908
6.680000 0.907561 1.714849
6.690000 0.916958 1.713268
6.700000 0.922768 1.713676
6.710000 0.924529 1.714062
6.720000 0.922861 1.712463
6.730000 0.919305 1.707491
6.740000 0.915902 1.698771
6.750000 0.914527 1.687074
6.760000 0.916267 1.673965
6.770000 0.921204 1.661181
6.780000 0.928616 1.650098
6.790000 0.937339 1.641514
6.800000 0.946040 1.635604
6.810000 0.953440 1.631887
6.820000 0.958649 1.629226
6.830000 0.961572 1.626084
6.840000 0.963102 1.621100
6.850000 0.964835 1.613719
6.860000 0.968412 1.604485
6.870000 0.974840 1.594810
6.880000 0.984164 1.586413
6.890000 0.995544 1.580778
6.900000 1.007516 1.578830
6.910000 1.018253 1.580751
6.920000 1.025865 1.585793
6.930000 1.028917 1.592188
6.940000 1.027062 1.597453
6.950000 1.021404 1.599133
6.960000 1.014282 1.595708
6.970000 1.008490 1.587167
6.980000 1.006316 1.574919
6.990000 1.008971 1.561182
7.000000 1.016512 1.548345
7.010000 1.027964 1.538546
7.020000 1.041459 1.533293
7.030000 1.054538 1.533057
7.040000 1.064706 1.537008
7.050000 1.070118 1.543053
7.060000 1.070253 1.548247
7.070000 1.066362 1.549617
7.080000 1.061350 1.545295
7.090000 1.058844 1.535450
7.100000 1.061760 1.522404
7.110000 1.071121 1.509734
7.120000 1.085784 1.500885
7.130000 1.103022 1.498052
7.140000 1.119492 1.501674
7.150000 1.132191 1.510484
7.160000 1.139199 1.521982
7.170000 1.140058 1.533152
7.180000 1.135751 1.541208
7.190000 1.128378 1.544181
7.200000 1.120669 1.541284
7.210000 1.115409 1.533086
7.220000 1.114754 1.521450
7.230000 1.119555 1.509030
7.240000 1.129148 1.498319
7.250000 1.141888 1.490813
7.260000 1.156056 1.486858
7.270000 1.170441 1.486144
7.280000 1.184302 1.488293
7.290000 1.196974 1.493030
7.300000 1.207636 1.499935
7.310000 1.215464 1.508123
7.320000 1.220034 1.516175
7.330000 1.221705 1.522395
7.340000 1.221809 1.525320
7.350000 1.222464 1.524359
7.360000 1.225909 1.520213
7.370000 1.233674 1.514734
7.380000 1.246068 1.510264
7.390000 1.262209 1.508883
7.400000 1.280438 1.511924
7.410000 1.298762 1.519819
7.420000 1.315231 1.532082
7.430000 1.328317 1.547362
7.440000 1.337339 1.563683
7.450000 1.342734 1.578945
7.460000 1.346021 1.591529
7.470000 1.349459 1.600820
7.480000 1.355434 1.607553
7.490000 1.365659 1.613726
7.500000 1.380565 1.621982
7.510000 1.399313 1.634773
7.520000 1.420290 1.653922
7.530000 1.441524 1.680704
7.540000 1.460649 1.716044
7.550000 1.474636 1.760356
7.560000 1.479735 1.812959
7.570000 1.471954 1.871372
7.580000 1.448125 1.930905
7.590000 1.407360 1.985000
7.600000 1.352270 2.026699
7.610000 1.288969 2.050920
7.620000 1.225428 2.056369
7.630000 1.168875 2.045905
7.640000 1.123669 2.025140
7.650000 1.090660 2.000206
7.660000 1.067962 1.975920
7.670000 1.052409 1.954925
7.680000 1.040965 1.937866
7.690000 1.031530 1.924229
7.700000 1.022953 1.913250
7.710000 1.014570 1.904368
7.720000 1.005755 1.897182
7.730000 0.995744 1.891113
7.740000 0.983874 1.885036
7.750000 0.970220 1.877266
7.760000 0.956111 1.866273
7.770000 0.943810 1.851748
7.780000 0.935282 1.835059
7.790000 0.931026 1.818475
7.800000 0.929995 1.803774
7.810000 0.930623 1.791410
7.820000 0.931963 1.780835
7.830000 0.934028 1.771494
7.840000 0.937234 1.763563
7.850000 0.941571 1.757929
7.860000 0.946114 1.755615
7.870000 0.949051 1.757035
7.880000 0.948175 1.761392
7.890000 0.941735 1.766416
7.900000 0.929472 1.768715
7.910000 0.913331 1.764916
7.920000 0.897199 1.753226
7.930000 0.885471 1.734487
7.940000 0.881240 1.711900
7.950000 0.885242 1.689623
7.960000 0.896032 1.671223
7.970000 0.910931 1.658806
7.980000 0.927018 1.652933
7.990000 0.941796 1.652969
8.000000 0.953504 1.657563
8.010000 0.961149 1.665115
8.020000 0.964287 1.674093
8.030000 0.962758 1.683027
8.040000 0.956671 1.690307
8.050000 0.946714 1.694142
8.060000 0.934464 1.692917
8.070000 0.922311 1.685826
8.080000 0.912867 1.673331
8.090000 0.908198 1.657072
8.100000 0.909350 1.639338
8.110000 0.916307 1.622502
8.120000 0.928134 1.608618
8.130000 0.943204 1.599106
8.140000 0.959547 1.594501
8.150000 0.975358 1.594422
8.160000 0.989442 1.597883
8.170000 1.001329 1.603849
8.180000 1.010892 1.611674
8.190000 1.017795 1.620977
8.200000 1.021365 1.631066
8.210000 1.021114 1.640498
8.220000 1.017536 1.647341
8.230000 1.012397 1.650112
8.240000 1.008105 1.648671
8.250000 1.006597 1.644273
8.260000 1.008641 1.638806
8.270000 1.013953 1.633918
8.280000 1.021746 1.630643
8.290000 1.031177 1.629491
8.300000 1.041513 1.630674
8.310000 1.052126 1.634258
8.320000 1.062458 1.640266
8.330000 1.071889 1.648732
8.340000 1.079552 1.659590
8.350000 1.084301 1.672312
8.360000 1.085111 1.685527
8.370000 1.081832 1.697098
8.380000 1.075735 1.704907
8.390000 1.069244 1.707920
8.400000 1.064896 1.706677
8.410000 1.064383 1.702859
8.420000 1.068308 1.698479
8.430000 1.076441 1.695395
8.440000 1.087924 1.695174
8.450000 1.101344 1.698897
8.460000 1.114992 1.706880
8.470000 1.127360 1.718645
8.480000 1.137491 1.733278
8.490000 1.144930 1.749861
8.500000 1.149421 1.767636
8.510000 1.150685 1.785836
8.520000 1.148495 1.803399
8.530000 1.143073 1.818866
8.540000 1.135537 1.830740
8.550000 1.127894 1.838234
8.560000 1.122370 1.841792
8.570000 1.120584 1.842909
8.580000 1.123181 1.843513
8.590000 1.129926 1.845421
8.600000 1.139957 1.850017
8.610000 1.152126 1.858103
8.620000 1.165337 1.869984
8.630000 1.178664 1.885714
8.640000 1.191260 1.905235
8.650000 1.202284 1.928346
8.660000 1.210929 1.954647
8.670000 1.216463 1.983541
8.680000 1.218250 2.014185
8.690000 1.215868 2.045398
8.700000 1.209413 2.075657
8.710000 1.199833 2.103430
8.720000 1.188939 2.127791
8.730000 1.178902 2.148945
8.740000 1.171476 2.168239
8.750000 1.167489 2.187637
8.760000 1.166841 2.209136
8.770000 1.168770 2.234445
8.780000 1.172086 2.264927
8.790000 1.175273 2.301592
8.800000 1.176544 2.345079
8.810000 1.173868 2.395595
8.820000 1.165035 2.452796
8.830000 1.147820 2.515642
8.840000 1.120290 2.582367
8.850000 1.081056 2.650666
8.860000 1.029345 2.717905
8.870000 0.965049 2.781212
8.880000 0.888902 2.837650
8.890000 0.802552 2.884635
8.900000 0.708228 2.920366
8.910000 0.608168 2.943847
8.920000 0.504293 2.954433
8.930000 0.398455 2.951345
8.940000 0.293057 2.933723
8.950000 0.191308 2.901314
8.960000 0.096752 2.855151
8.970000 0.012390 2.797634
8.980000 -0.059943 2.731990
8.990000 -0.119661 2.661558
9.000000 -0.167132 2.589362
9.010000 -0.203405 2.517990
9.020000 -0.230118 2.449531
9.030000 -0.249418 2.385357
9.040000 -0.263645 2.325843
9.050000 -0.274781 2.270334
9.060000 -0.283928 2.217523
9.070000 -0.291170 2.166083
9.080000 -0.295850 2.115191
9.090000 -0.296999 2.064724
9.100000 -0.293693 2.015265
9.110000 -0.285382 1.968012
9.120000 -0.272201 1.924535
9.130000 -0.255117 1.886350
9.140000 -0.235793 1.854468
9.150000 -0.216247 1.829109
9.160000 -0.198415 1.809635
9.170000 -0.183759 1.794695
9.180000 -0.172992 1.782583
9.190000 -0.166080 1.771666
9.200000 -0.162500 1.760690
9.210000 -0.161560 1.748807
9.220000 -0.162553 1.735394
9.230000 -0.164664 1.719944
9.240000 -0.166857 1.702194
9.250000 -0.167993 1.682347
9.260000 -0.167164 1.661135
9.270000 -0.163987 1.639584
9.280000 -0.158647 1.618610
9.290000 -0.151627 1.598725
9.300000 -0.143334 1.580046
9.310000 -0.133882 1.562565
9.320000 -0.123176 1.546474
9.330000 -0.111212 1.532269
9.340000 -0.098310 1.520599
9.350000 -0.085168 1.512043
9.360000 -0.072842 1.506953
9.370000 -0.062714 1.505219
9.380000 -0.056247 1.505979
9.390000 -0.054457 1.507540
9.400000 -0.057401 1.507732
9.410000 -0.064035 1.504549
9.420000 -0.072484 1.496703
9.430000 -0.080527 1.483875
9.440000 -0.086046 1.466718
9.450000 -0.087408 1.446720
9.460000 -0.083809 1.425925
9.470000 -0.075456 1.406451
9.480000 -0.063419 1.389966
9.490000 -0.049196 1.377390
9.500000 -0.034272 1.368965
9.510000 -0.019912 1.364497
9.520000 -0.007174 1.363565
9.530000 0.002996 1.365576
9.540000 0.009727 1.369690
9.550000 0.012321 1.374704
9.560000 0.010491 1.379036
9.570000 0.004628 1.380878
9.580000 -0.003987 1.378567
9.590000 -0.013252 1.371128
9.600000 -0.020709 1.358759
9.610000 -0.024303 1.342914
9.620000 -0.023068 1.325835
9.630000 -0.017322 1.309748
9.640000 -0.008295 1.296174
9.650000 0.002522 1.285690
9.660000 0.013931 1.278153
9.670000 0.025244 1.273150
9.680000 0.036139 1.270387
9.690000 0.046330 1.269817
9.700000 0.055303 1.271463
9.710000 0.062309 1.275127
9.720000 0.066573 1.280202
9.730000 0.067561 1.285682
9.740000 0.065168 1.290300
9.750000 0.059848 1.292722
9.760000 0.052672 1.291840
9.770000 0.045177 1.287104
9.780000 0.039012 1.278707
9.790000 0.035575 1.267530
9.800000 0.035753 1.254929
9.810000 0.039784 1.242473
9.820000 0.047254 1.231626
9.830000 0.057255 1.223481
9.840000 0.068648 1.218652
9.850000 0.080270 1.217331
9.860000 0.091012 1.219370
9.870000 0.099863 1.224302
9.880000 0.106014 1.231339
9.890000 0.108991 1.239460
9.900000 0.108708 1.247570
9.910000 0.105437 1.254628
9.920000 0.099788 1.259723
9.930000 0.092695 1.262194
9.940000 0.085333 1.261805
9.950000 0.078875 1.258852
9.960000 0.074238 1.254097
9.970000 0.071917 1.248594
9.980000 0.071912 1.243483
9.990000 0.073730 1.239765
10.000000 0.076518 1.238059
10.010000 0.079357 1.238498
10.020000 0.081543 1.240866
10.030000 0.082654 1.244893
10.040000 0.082328 1.250450
10.050000 0.080002 1.257410
10.060000 0.074942 1.265337
10.070000 0.066544 1.273336
10.080000 0.054636 1.280209
10.090000 0.039570 1.284735
10.100000 0.022143 1.285906
10.110000 0.003465 1.283052
10.120000 -0.015188 1.275929
10.130000 -0.032546 1.264744
10.140000 -0.047508 1.250095
10.150000 -0.059243 1.232862
10.160000 -0.067226 1.214108
10.170000 -0.071274 1.194999
10.180000 -0.071588 1.176696
10.190000 -0.068732 1.160200
10.200000 -0.063524 1.146226
10.210000 -0.056877 1.135170
10.220000 -0.049706 1.127172
10.230000 -0.042903 1.122157
10.240000 -0.037328 1.119821
10.250000 -0.033724 1.119615
10.260000 -0.032633 1.120795
10.270000 -0.034367 1.122515
10.280000 -0.039015 1.123861
10.290000 -0.046424 1.123873
10.300000 -0.056120 1.121584
10.310000 -0.067230 1.116163
10.320000 -0.078526 1.107153
10.330000 -0.088645 1.094661
10.340000 -0.096399 1.079349
10.350000 -0.100989 1.062273
10.360000 -0.102106 1.044672
10.370000 -0.099964 1.027759
10.380000 -0.095228 1.012465
10.390000 -0.088780 0.999261
10.400000 -0.081412 0.988180
10.410000 -0.073648 0.979042
10.420000 -0.065786 0.971692
10.430000 -0.058071 0.966084
10.440000 -0.050817 0.962219
10.450000 -0.044433 0.960053
10.460000 -0.039401 0.959428
10.470000 -0.036255 0.960010
10.480000 -0.035493 0.961193
10.490000 -0.037394 0.962086
10.500000 -0.041838 0.961633
10.510000 -0.048231 0.958842
10.520000 -0.055573 0.953013
10.530000 -0.062620 0.943899
10.540000 -0.068090 0.931791
10.550000 -0.070929 0.917510
10.560000 -0.070560 0.902235
10.570000 -0.066976 0.887197
10.580000 -0.060634 0.873397
10.590000 -0.052222 0.861472
10.600000 -0.042437 0.851728
10.610000 -0.031869 0.844278
10.620000 -0.021025 0.839194
10.630000 -0.010457 0.836536
10.640000 -0.000829 0.836243
10.650000 0.007155 0.837997
10.660000 0.012924 0.841205
10.670000 0.016174 0.845114
10.680000 0.016866 0.848962
10.690000 0.015149 0.852067
10.700000 0.011284 0.853816
10.710000 0.005640 0.853606
10.720000 -0.001213 0.850844
10.730000 -0.008413 0.845057
10.740000 -0.014814 0.836111
10.750000 -0.019188 0.824415
10.760000 -0.020574 0.810951
10.770000 -0.018576 0.797031
10.780000 -0.013428 0.783924
10.790000 -0.005801 0.772567
10.800000 0.003455 0.763487
10.810000 0.013498 0.756870
10.820000 0.023577 0.752654
10.830000 0.033053 0.750603
10.840000 0.041401 0.750350
10.850000 0.048240 0.751401
10.860000 0.053387 0.753178
10.870000 0.056896 0.755124
10.880000 0.059002 0.756839
10.890000 0.059965 0.758119
10.900000 0.059955 0.758870
10.910000 0.059052 0.758975
10.920000 0.057345 0.758238
10.930000 0.055021 0.756426
10.940000 0.052370 0.753353
10.950000 0.049753 0.748918
10.960000 0.047580 0.743111
10.970000 0.046313 0.736061
10.980000 0.046403 0.728100
10.990000 0.048154 0.719790
11.000000 0.051572 0.711820
11.010000 0.056317 0.704797
11.020000 0.061822 0.699059
11.030000 0.067491 0.694618
11.040000 0.072866 0.691229
11.050000 0.077724 0.688526
11.060000 0.082053 0.686175
11.070000 0.085962 0.683962
11.080000 0.089584 0.681789
11.090000 0.093016 0.679631
11.100000 0.096319 0.677482
11.110000 0.099548 0.675330
11.120000 0.102786 0.673182
11.130000 0.106128 0.671109
11.140000 0.109609 0.669269
11.150000 0.113145 0.667848
11.160000 0.116518 0.666972
11.170000 0.119432 0.666623
11.180000 0.121609 0.666609
11.190000 0.122892 0.666593
11.200000 0.123305 0.666180
11.210000 0.123061 0.665018
11.220000 0.122519 0.662885
11.230000 0.122091 0.659746
11.240000 0.122143 0.655744
11.250000 0.122926 0.651134
11.260000 0.124555 0.646210
11.270000 0.127036 0.641243
11.280000 0.130302 0.636443
11.290000 0.134273 0.631953
11.300000 0.138891 0.627891
11.310000 0.144113 0.624400
11.320000 0.149845 0.621670
11.330000 0.155892 0.619876
11.340000 0.161988 0.619099
11.350000 0.167875 0.619307
11.360000 0.173371 0.620404
11.370000 0.178357 0.622312
11.380000 0.182707 0.625013
11.390000 0.186200 0.628486
11.400000 0.188529 0.632603
11.410000 0.189389 0.637049
11.420000 0.188613 0.641334
11.430000 0.186262 0.644880
11.440000 0.182668 0.647164
11.450000 0.178363 0.647854
11.460000 0.173958 0.646888
11.470000 0.169984 0.644465
11.480000 0.166790 0.640937
11.490000 0.164526 0.636684
11.500000 0.163201 0.632026
11.510000 0.162763 0.627197
11.520000 0.163153 0.622363
11.530000 0.164342 0.617664
11.540000 0.166324 0.613277
11.550000 0.169045 0.609457
11.560000 0.172308 0.606498
11.570000 0.175742 0.604595
11.580000 0.178902 0.603745
11.590000 0.181397 0.603740
11.600000 0.182976 0.604245
11.610000 0.183547 0.604885
11.620000 0.183157 0.605301
11.630000 0.181963 0.605199
11.640000 0.180196 0.604382
11.650000 0.178090 0.602751
11.660000 0.175849 0.600260
11.670000 0.173666 0.596866
11.680000 0.171781 0.592527
11.690000 0.170514 0.587269
11.700000 0.170221 0.581268
11.710000 0.171196 0.574883
11.720000 0.173558 0.568607
11.730000 0.177189 0.562958
11.740000 0.181755 0.558354
11.750000 0.186785 0.555007
11.760000 0.191810 0.552910
11.770000 0.196458 0.551887
11.780000 0.200492 0.551698
11.790000 0.203771 0.552096
11.800000 0.206218 0.552845
11.810000 0.207797 0.553704
11.820000 0.208533 0.554420
11.830000 0.208535 0.554751
11.840000 0.207994 0.554510
11.850000 0.207147 0.553612
11.860000 0.206211 0.552071
11.870000 0.205337 0.549963
11.880000 0.204606 0.547365
11.890000 0.204073 0.544321
11.900000 0.203797 0.540856
11.910000 0.203856 0.536984
11.920000 0.204354 0.532728
11.930000 0.205429 0.528135
11.940000 0.207256 0.523323
11.950000 0.209989 0.518520
11.960000 0.213676 0.514058
11.970000 0.218209 0.510288
11.980000 0.223330 0.507493
11.990000 0.228689 0.505834
12.000000 0.233909 0.505328
12.010000 0.238643 0.505857
12.020000 0.242626 0.507202
12.030000 0.245690 0.509093
12.040000 0.247755 0.511255
12.050000 0.248805 0.513412
12.060000 0.248887 0.515284
12.070000 0.248142 0.516605
12.080000 0.246796 0.517178
12.090000 0.245113 0.516910
12.100000 0.243325 0.515790
12.110000 0.241631 0.513836
12.120000 0.240239 0.511063
12.130000 0.239417 0.507541
12.140000 0.239455 0.503474
12.150000 0.240546 0.499235
12.160000 0.242680 0.495280
12.170000 0.245620 0.492002
12.180000 0.248988 0.489622
12.190000 0.252384 0.488161
12.200000 0.255475 0.487485
12.210000 0.258033 0.487361
12.220000 0.259952 0.487500
12.230000 0.261261 0.487615
12.240000 0.262121 0.487479
12.250000 0.262772 0.486999
12.260000 0.263442 0.486242
12.270000 0.264242 0.485386
12.280000 0.265138 0.484614
12.290000 0.265992 0.484031
12.300000 0.266645 0.483636
12.310000 0.266960 0.483354
12.320000 0.266835 0.483061
12.330000 0.266199 0.482578
12.340000 0.265054 0.481662
12.350000 0.263531 0.480037
12.360000 0.261928 0.477476
12.370000 0.260682 0.473921
12.380000 0.260246 0.469574
12.390000 0.260903 0.464872
12.400000 0.262650 0.460326
12.410000 0.265229 0.456333
12.420000 0.268260 0.453066
12.430000 0.271399 0.450479
12.440000 0.274432 0.448395
12.450000 0.277297 0.446607
12.460000 0.280055 0.444969
12.470000 0.282815 0.443444
12.480000 0.285644 0.442094
12.490000 0.288524 0.441013
12.500000 0.291361 0.440254
12.510000 0.294040 0.439801
12.520000 0.296475 0.439571
12.530000 0.298644 0.439451
12.540000 0.300594 0.439347
12.550000 0.302407 0.439231
12.560000 0.304146 0.439147
12.570000 0.305799 0.439182
12.580000 0.307257 0.439388
12.590000 0.308361 0.439713
12.600000 0.308991 0.439974
12.610000 0.309155 0.439899
12.620000 0.309043 0.439227
12.630000 0.308999 0.437825
12.640000 0.309420 0.435780
12.650000 0.310606 0.433395
12.660000 0.312650 0.431085
12.670000 0.315424 0.429240
12.680000 0.318658 0.428122
12.690000 0.322018 0.427850
12.700000 0.325159 0.428398
12.710000 0.327784 0.429590
12.720000 0.329719 0.431142
12.730000 0.330954 0.432739
12.740000 0.331622 0.434136
12.750000 0.331921 0.435202
12.760000 0.332052 0.435919
12.770000 0.332174 0.436344
12.780000 0.332395 0.436581
12.790000 0.332766 0.436767
12.800000 0.333275 0.437049
12.810000 0.333830 0.437562
12.820000 0.334266 0.438383
12.830000 0.334387 0.439485
12.840000 0.334034 0.440733
12.850000 0.333150 0.441938
12.860000 0.331771 0.442932
12.870000 0.329969 0.443614
12.880000 0.327787 0.443915
12.890000 0.325247 0.443734
12.900000 0.322415 0.442907
12.910000 0.319471 0.441266
12.920000 0.316707 0.438729
12.930000 0.314447 0.435372
12.940000 0.312941 0.431410
12.950000 0.312317 0.427117
12.960000 0.312606 0.422759
12.970000 0.313778 0.418581
12.980000 0.315754 0.414820
12.990000 0.318381 0.411702
13.000000 0.321422 0.409403
13.010000 0.324576 0.407993
13.020000 0.327548 0.407413
13.030000 0.330114 0.407507
13.040000 0.332139 0.408072
13.050000 0.333567 0.408903
13.060000 0.334411 0.409804
13.070000 0.334752 0.410611
13.080000 0.334717 0.411230
13.090000 0.334435 0.411652
13.100000 0.333979 0.411930
13.110000 0.333345 0.412128
13.120000 0.332469 0.412263
13.130000 0.331276 0.412282
13.140000 0.329733 0.412072
13.150000 0.327864 0.411504
13.160000 0.325752 0.410459
13.170000 0.323516 0.408850
13.180000 0.321306 0.406624
13.190000 0.319295 0.403775
13.200000 0.317658 0.400361
13.210000 0.316537 0.396503
13.220000 0.316007 0.392351
13.230000 0.316092 0.388027
13.240000 0.316823 0.383617
13.250000 0.318278 0.379229
13.260000 0.320538 0.375054
13.270000 0.323602 0.371379
13.280000 0.327316 0.368512
13.290000 0.331381 0.366685
13.300000 0.335410 0.365986
13.310000 0.339005 0.366341
13.320000 0.341824 0.367523
13.330000 0.343637 0.369185
13.340000 0.344376 0.370909
13.350000 0.344165 0.372294
13.360000 0.343289 0.373054
13.370000 0.342099 0.373081
13.380000 0.340918 0.372438
13.390000 0.339967 0.371300
13.400000 0.339356 0.369892
13.410000 0.339081 0.368447
13.420000 0.339029 0.367157
13.430000 0.339001 0.366133
13.440000 0.338760 0.365362
13.450000 0.338095 0.364695
13.460000 0.336896 0.363874
13.470000 0.335196 0.362591
13.480000 0.333201 0.360563
13.490000 0.331266 0.357631
13.500000 0.329814 0.353851
13.510000 0.329183 0.349507
13.520000 0.329507 0.345013
13.530000 0.330691 0.340766
13.540000 0.332478 0.337041
13.550000 0.334536 0.333938
13.560000 0.336559 0.331380
13.570000 0.338349 0.329154
13.580000 0.339874 0.326999
13.590000 0.341253 0.324708
13.600000 0.342694 0.322202
13.610000 0.344393 0.319545
13.620000 0.346465 0.316900
13.630000 0.348910 0.314456
13.640000 0.351632 0.312366
13.650000 0.354483 0.310715
13.660000 0.357302 0.309510
13.670000 0.359942 0.308694
13.680000 0.362295 0.308148
13.690000 0.364329 0.307708
13.700000 0.366115 0.307225
13.710000 0.367804 0.306633
13.720000 0.369547 0.305997
13.730000 0.371400 0.305478
13.740000 0.373279 0.305248
13.750000 0.374979 0.305392
13.760000 0.376254 0.305843
13.770000 0.376910 0.306378
13.780000 0.376907 0.306665
13.790000 0.376408 0.306377
13.800000 0.375741 0.305319
13.810000 0.375280 0.303503
13.820000 0.375326 0.301112
13.830000 0.376046 0.298417
13.840000 0.377481 0.295706
13.850000 0.379568 0.293242
13.860000 0.382152 0.291240
13.870000 0.385013 0.289832
13.880000 0.387904 0.289041
13.890000 0.390607 0.288784
13.900000 0.392982 0.288903
13.910000 0.394982 0.289219
13.920000 0.396642 0.289569
13.930000 0.398063 0.289841
13.940000 0.399381 0.289998
13.950000 0.400722 0.290095
13.960000 0.402145 0.290245
13.970000 0.403633 0.290578
13.980000 0.405100 0.291195
13.990000 0.406415 0.292153
14.000000 0.407423 0.293456
14.010000 0.407953 0.295038
14.020000 0.407849 0.296757
14.030000 0.407009 0.298385
14.040000 0.405438 0.299634
14.050000 0.403282 0.300220
14.060000 0.400823 0.299952
14.070000 0.398391 0.298792
14.080000 0.396280 0.296845
14.090000 0.394695 0.294299
14.100000 0.393757 0.291380
14.110000 0.393505 0.288337
14.120000 0.393872 0.285415
14.130000 0.394693 0.282791
14.140000 0.395753 0.280531
14.150000 0.396870 0.278581
14.160000 0.397944 0.276819
14.170000 0.398978 0.275122
14.180000 0.400040 0.273429
14.190000 0.401194 0.271751
14.200000 0.402466 0.270126
14.210000 0.403857 0.268584
14.220000 0.405374 0.267152
14.230000 0.407027 0.265879
14.240000 0.408789 0.264846
14.250000 0.410569 0.264123
14.260000 0.412232 0.263714
14.270000 0.413655 0.263538
14.280000 0.414793 0.263459
14.290000 0.415684 0.263350
14.300000 0.416426 0.263148
14.310000 0.417119 0.262861
14.320000 0.417830 0.262557
14.330000 0.418570 0.262337
14.340000 0.419277 0.262309
14.350000 0.419809 0.262543
14.360000 0.419959 0.263017
14.370000 0.419524 0.263570
14.380000 0.418398 0.263908
14.390000 0.416652 0.263681
14.400000 0.414550 0.262597
14.410000 0.412485 0.260530
14.420000 0.410875 0.257569
14.430000 0.410029 0.253994
14.440000 0.410071 0.250177
14.450000 0.410933 0.246463
14.460000 0.412429 0.243084
14.470000 0.414343 0.240146
14.480000 0.416481 0.237659
14.490000 0.418694 0.235576
14.500000 0.420882 0.233811
14.510000 0.423007 0.232261
14.520000 0.425091 0.230844
14.530000 0.427195 0.229533
14.540000 0.429364 0.228362
14.550000 0.431597 0.227398
14.560000 0.433839 0.226696
14.570000 0.436002 0.226274
14.580000 0.438001 0.226102
14.590000 0.439766 0.226120
14.600000 0.441256 0.226239
14.610000 0.442473 0.226356
14.620000 0.443472 0.226380
14.630000 0.444350 0.226269
14.640000 0.445204 0.226049
14.650000 0.446081 0.225801
14.660000 0.446961 0.225617
14.670000 0.447760 0.225550
14.680000 0.448369 0.225595
14.690000 0.448681 0.225683
14.700000 0.448619 0.225681
14.710000 0.448170 0.225401
14.720000 0.447424 0.224623
14.730000 0.446610 0.223170
14.740000 0.446059 0.221004
14.750000 0.446101 0.218275
14.760000 0.446953 0.215292
14.770000 0.448645 0.212433
14.780000 0.451027 0.210032
14.790000 0.453823 0.208299
14.800000 0.456711 0.207285
14.810000 0.459412 0.206896
14.820000 0.461747 0.206940
14.830000 0.463652 0.207196
14.840000 0.465169 0.207470
14.850000 0.466410 0.207636
14.860000 0.467506 0.207650
14.870000 0.468564 0.207536
14.880000 0.469646 0.207355
14.890000 0.470767 0.207174
14.900000 0.471906 0.207047
14.910000 0.473018 0.206996
14.920000 0.474063 0.207012
14.930000 0.475023 0.207064
14.940000 0.475910 0.207128
14.950000 0.476745 0.207205
14.960000 0.477532 0.207322
14.970000 0.478248 0.207503
14.980000 0.478848 0.207759
14.990000 0.479280 0.208069
15.000000 0.479501 0.208393
15.010000 0.479477 0.208671
15.020000 0.479191 0.208823
15.030000 0.478657 0.208748
15.040000 0.477939 0.208342
15.050000 0.477155 0.207530
15.060000 0.476452 0.206302
15.070000 0.475956 0.204711
15.080000 0.475755 0.202845
15.090000 0.475897 0.200798
15.100000 0.476408 0.198664
15.110000 0.477286 0.196537
15.120000 0.478505 0.194503
15.130000 0.480026 0.192627
15.140000 0.481805 0.190962
15.150000 0.483798 0.189559
15.160000 0.485939 0.188467
15.170000 0.488144 0.187720
15.180000 0.490312 0.187314
15.190000 0.492358 0.187206
15.200000 0.494226 0.187326
15.210000 0.495900 0.187600
15.220000 0.497401 0.187973
15.230000 0.498762 0.188428
15.240000 0.500000 0.188983
15.250000 0.501093 0.189672
15.260000 0.501980 0.190508
15.270000 0.502580 0.191467
15.280000 0.502822 0.192477
15.290000 0.502657 0.193431
15.300000 0.502086 0.194198
15.310000 0.501159 0.194650
15.320000 0.499973 0.194681
15.330000 0.498651 0.194225
15.340000 0.497325 0.193254
15.350000 0.496133 0.191768
15.360000 0.495224 0.189804
15.370000 0.494743 0.187454
15.380000 0.494800 0.184875
15.390000 0.495425 0.182260
15.400000 0.496563 0.179785
15.410000 0.498106 0.177565
15.420000 0.499946 0.175657
15.430000 0.501992 0.174090
15.440000 0.504153 0.172884
15.450000 0.506331 0.172037
15.460000 0.508430 0.171510
15.470000 0.510386 0.171228
15.480000 0.512184 0.171110
15.490000 0.513845 0.171100
15.500000 0.515395 0.171179
15.510000 0.516847 0.171350
15.520000 0.518192 0.171622
15.530000 0.519398 0.171987
15.540000 0.520438 0.172412
15.550000 0.521311 0.172844
15.560000 0.522050 0.173240
15.570000 0.522707 0.173594
15.580000 0.523318 0.173943
15.590000 0.523875 0.174343
15.600000 0.524321 0.174830
15.610000 0.524577 0.175393
15.620000 0.524575 0.175973
15.630000 0.524288 0.176480
15.640000 0.523725 0.176826
15.650000 0.522918 0.176934
15.660000 0.521907 0.176731
15.670000 0.520754 0.176137
15.680000 0.519565 0.175065
15.690000 0.518510 0.173470
15.700000 0.517797 0.171395
15.710000 0.517601 0.168997
15.720000 0.517998 0.166505
15.730000 0.518938 0.164144
15.740000 0.520284 0.162066
15.750000 0.521876 0.160327
15.760000 0.523585 0.158916
15.770000 0.525324 0.157788
15.780000 0.527043 0.156893
15.790000 0.528724 0.156191
15.800000 0.530353 0.155660
15.810000 0.531912 0.155290
15.820000 0.533368 0.155063
15.830000 0.534693 0.154945
15.840000 0.535870 0.154886
15.850000 0.536909 0.154832
15.860000 0.537844 0.154743
15.870000 0.538720 0.154599
15.880000 0.539584 0.154406
15.890000 0.540474 0.154195
15.900000 0.541403 0.154012
15.910000 0.542358 0.153907
15.920000 0.543297 0.153918
15.930000 0.544161 0.154062
15.940000 0.544884 0.154323
15.950000 0.545409 0.154657
15.960000 0.545699 0.154996
15.970000 0.545743 0.155263
15.980000 0.545560 0.155378
15.990000 0.545190 0.155268
16.000000 0.544701 0.154871
16.010000 0.544184 0.154146
16.020000 0.543744 0.153090
16.030000 0.543487 0.151743
16.040000 0.543485 0.150182
16.050000 0.543776 0.148496
16.060000 0.544364 0.146771
16.070000 0.545231 0.145079
16.080000 0.546343 0.143481
16.090000 0.547655 0.142016
16.100000 0.549123 0.140710
16.110000 0.550702 0.139573
16.120000 0.552353 0.138606
16.130000 0.554042 0.137797
16.140000 0.555752 0.137126
16.150000 0.557483 0.136580
16.160000 0.559241 0.136165
16.170000 0.561022 0.135901
16.180000 0.562802 0.135810
16.190000 0.564546 0.135903
16.200000 0.566214 0.136179
16.210000 0.567771 0.136627
16.220000 0.569179 0.137228
16.230000 0.570405 0.137951
16.240000 0.571428 0.138757
16.250000 0.572236 0.139603
16.260000 0.572831 0.140453
16.270000 0.573215 0.141276
16.280000 0.573385 0.142041
16.290000 0.573339 0.142712
16.300000 0.573075 0.143237
16.310000 0.572608 0.143552
16.320000 0.571981 0.143579
16.330000 0.571275 0.143247
16.340000 0.570621 0.142515
16.350000 0.570171 0.141409
16.360000 0.570059 0.140032
16.370000 0.570350 0.138541
16.380000 0.571028 0.137096
16.390000 0.572010 0.135814
16.400000 0.573191 0.134754
16.410000 0.574475 0.133921
16.420000 0.575794 0.133290
16.430000 0.577105 0.132827
16.440000 0.578391 0.132502
16.450000 0.579645 0.132295
16.460000 0.580863 0.132200
16.470000 0.582030 0.132215
16.480000 0.583119 0.132335
16.490000 0.584105 0.132533
16.500000 0.584979 0.132768
16.510000 0.585758 0.133001
16.520000 0.586484 0.133215
16.530000 0.587193 0.133430
16.540000 0.587901 0.133690
16.550000 0.588582 0.134044
16.560000 0.589176 0.134523
16.570000 0.589599 0.135115
16.580000 0.589781 0.135755
16.590000 0.589692 0.136343
16.600000 0.589359 0.136775
16.610000 0.588855 0.136980
16.620000 0.588261 0.136934
16.630000 0.587639 0.136642
16.640000 0.587033 0.136111
16.650000 0.586484 0.135338
16.660000 0.586054 0.134323
16.670000 0.585824 0.133093
16.680000 0.585865 0.131721
16.690000 0.586210 0.130313
16.700000 0.586836 0.128979
16.710000 0.587676 0.127803
16.720000 0.588640 0.126826
16.730000 0.589639 0.126046
16.740000 0.590602 0.125428
16.750000 0.591482 0.124913
16.760000 0.592270 0.124435
16.770000 0.592989 0.123938
16.780000 0.593682 0.123393
16.790000 0.594389 0.122799
16.800000 0.595141 0.122168
16.810000 0.595955 0.121518
16.820000 0.596844 0.120864
16.830000 0.597823 0.120226
16.840000 0.598907 0.119634
16.850000 0.600094 0.119132
16.860000 0.601362 0.118763
16.870000 0.602672 0.118558
16.880000 0.603979 0.118533
16.890000 0.605237 0.118696
16.900000 0.606390 0.119043
16.910000 0.607382 0.119552
16.920000 0.608156 0.120182
16.930000 0.608672 0.120867
16.940000 0.608911 0.121531
16.950000 0.608880 0.122091
16.960000 0.608605 0.122470
16.970000 0.608137 0.122591
16.980000 0.607551 0.122388
16.990000 0.606957 0.121815
17.000000 0.606489 0.120871
17.010000 0.606282 0.119619
17.020000 0.606429 0.118183
17.030000 0.606950 0.116708
17.040000 0.607804 0.115317
17.050000 0.608915 0.114088
17.060000 0.610206 0.113057
17.070000 0.611611 0.112234
17.080000 0.613080 0.111617
17.090000 0.614565 0.111203
17.100000 0.616018 0.110975
17.110000 0.617400 0.110901
17.120000 0.618692 0.110937
17.130000 0.619897 0.111047
17.140000 0.621030 0.111209
17.150000 0.622101 0.111418
17.160000 0.623111 0.111670
17.170000 0.624062 0.111957
17.180000 0.624960 0.112270
17.190000 0.625819 0.112612
17.200000 0.626642 0.112998
17.210000 0.627417 0.113444
17.220000 0.628121 0.113957
17.230000 0.628729 0.114532
17.240000 0.629217 0.115157
17.250000 0.629561 0.115811
17.260000 0.629736 0.116465
17.270000 0.629725 0.117074
17.280000 0.629527 0.117580
17.290000 0.629162 0.117919
17.300000 0.628678 0.118029
17.310000 0.628154 0.117865
17.320000 0.627693 0.117418
17.330000 0.627399 0.116728
17.340000 0.627350 0.115886
17.350000 0.627567 0.115009
17.360000 0.628007 0.114204
17.370000 0.628591 0.113528
17.380000 0.629231 0.112984
17.390000 0.629873 0.112535
17.400000 0.630504 0.112134
17.410000 0.631139 0.111748
17.420000 0.631805 0.111375
17.430000 0.632519 0.111030
17.440000 0.633281 0.110738
17.450000 0.634074 0.110519
17.460000 0.634872 0.110380
17.470000 0.635655 0.110308
17.480000 0.636418 0.110287
17.490000 0.637167 0.110308
17.500000 0.637918 0.110373
17.510000 0.638677 0.110503
17.520000 0.639435 0.110727
17.530000 0.640163 0.111073
17.540000 0.640809 0.111553
17.550000 0.641317 0.112155
17.560000 0.641633 0.112836
17.570000 0.641727 0.113530
17.580000 0.641604 0.114167
17.590000 0.641288 0.114692
17.600000 0.640816 0.115066
17.610000 0.640222 0.115264
17.620000 0.639535 0.115260
17.630000 0.638794 0.115024
17.640000 0.638053 0.114527
17.650000 0.637390 0.113756
17.660000 0.636897 0.112730
17.670000 0.636662 0.111512
17.680000 0.636741 0.110206
17.690000 0.637134 0.108936
17.700000 0.637786 0.107809
17.710000 0.638602 0.106889
17.720000 0.639478 0.106190
17.730000 0.640326 0.105677
17.740000 0.641093 0.105285
17.750000 0.641764 0.104941
17.760000 0.642364 0.104586
17.770000 0.642939 0.104185
17.780000 0.643542 0.103734
17.790000 0.644218 0.103261
17.800000 0.644985 0.102809
17.810000 0.645840 0.102423
17.820000 0.646759 0.102138
17.830000 0.647712 0.101977
17.840000 0.648660 0.101951
17.850000 0.649565 0.102059
17.860000 0.650393 0.102282
17.870000 0.651122 0.102598
17.880000 0.651740 0.102987
17.890000 0.652234 0.103432
17.900000 0.652586 0.103916
17.910000 0.652777 0.104410
17.920000 0.652792 0.104875
17.930000 0.652630 0.105262
17.940000 0.652307 0.105515
17.950000 0.651858 0.105584
17.960000 0.651339 0.105429
17.970000 0.650822 0.105028
17.980000 0.650386 0.104385
17.990000 0.650112 0.103541
18.000000 0.650061 0.102571
18.010000 0.650245 0.101571
18.020000 0.650630 0.100627
18.030000 0.651147 0.099781
18.040000 0.651738 0.099030
18.050000 0.652373 0.098349
18.060000 0.653051 0.097722
18.070000 0.653776 0.097149
18.080000 0.654541 0.096640
18.090000 0.655332 0.096199
18.100000 0.656137 0.095820
18.110000 0.656952 0.095493
18.120000 0.657784 0.095214
18.130000 0.658640 0.094990
18.140000 0.659525 0.094838
18.150000 0.660430 0.094784
18.160000 0.661328 0.094848
18.170000 0.662179 0.095042
18.180000 0.662939 0.095353
18.190000 0.663569 0.095748
18.200000 0.664051 0.096182
18.210000 0.664390 0.096605
18.220000 0.664611 0.096980
18.230000 0.664748 0.097291
18.240000 0.664834 0.097541
18.250000 0.664889 0.097751
18.260000 0.664906 0.097948
18.270000 0.664857 0.098150
18.280000 0.664694 0.098342
18.290000 0.664376 0.098471
18.300000 0.663901 0.098450
18.310000 0.663328 0.098189
18.320000 0.662764 0.097642
18.330000 0.662332 0.096828
18.340000 0.662125 0.095829
18.350000 0.662177 0.094752
18.360000 0.662468 0.093691
18.370000 0.662948 0.092711
18.380000 0.663565 0.091839
18.390000 0.664273 0.091083
18.400000 0.665037 0.090441
18.410000 0.665829 0.089905
18.420000 0.666628 0.089460
18.430000 0.667424 0.089093
18.440000 0.668215 0.088791
18.450000 0.669003 0.088552
18.460000 0.669786 0.088382
18.470000 0.670550 0.088289
18.480000 0.671272 0.088272
18.490000 0.671929 0.088318
18.500000 0.672506 0.088396
18.510000 0.673010 0.088474
18.520000 0.673465 0.088533
18.530000 0.673899 0.088575
18.540000 0.674326 0.088620
18.550000 0.674742 0.088689
18.560000 0.675129 0.088794
18.570000 0.675464 0.088939
18.580000 0.675722 0.089116
18.590000 0.675879 0.089302
18.600000 0.675919 0.089464
18.610000 0.675840 0.089557
18.620000 0.675659 0.089536
18.630000 0.675417 0.089358
18.640000 0.675170 0.089001
18.650000 0.674986 0.088470
18.660000 0.674922 0.087799
18.670000 0.675012 0.087042
18.680000 0.675267 0.086254
18.690000 0.675677 0.085488
18.700000 0.676215 0.084786
18.710000 0.676842 0.084170
18.720000 0.677522 0.083642
18.730000 0.678230 0.083184
18.740000 0.678968 0.082780
18.750000 0.679755 0.082430
18.760000 0.680602 0.082165
18.770000 0.681491 0.082030
18.780000 0.682371 0.082056
18.790000 0.683172 0.082240
18.800000 0.683837 0.082538
18.810000 0.684337 0.082888
18.820000 0.684680 0.083225
18.830000 0.684899 0.083504
18.840000 0.685034 0.083699
18.850000 0.685126 0.083809
18.860000 0.685208 0.083843
18.870000 0.685304 0.083825
18.880000 0.685423 0.083785
18.890000 0.685556 0.083756
18.900000 0.685668 0.083761
18.910000 0.685712 0.083795
18.920000 0.685649 0.083821
18.930000 0.685464 0.083779
18.940000 0.685177 0.083602
18.950000 0.684848 0.083234
18.960000 0.684561 0.082658
18.970000 0.684406 0.081903
18.980000 0.684443 0.081043
18.990000 0.684682 0.080167
19.000000 0.685089 0.079344
19.010000 0.685614 0.078612
19.020000 0.686208 0.077975
19.030000 0.686840 0.077421
19.040000 0.687499 0.076935
19.050000 0.688184 0.076512
19.060000 0.688894 0.076157
19.070000 0.689622 0.075879
19.080000 0.690354 0.075691
19.090000 0.691066 0.075605
19.100000 0.691722 0.075620
19.110000 0.692280 0.075717
19.120000 0.692711 0.075850
19.130000 0.693017 0.075964
19.140000 0.693226 0.076015
19.150000 0.693377 0.075985
19.160000 0.693505 0.075873
19.170000 0.693634 0.075689
19.180000 0.693779 0.075444
19.190000 0.693954 0.075148
19.200000 0.694171 0.074814
19.210000 0.694437 0.074463
19.220000 0.694747 0.074111
19.230000 0.695095 0.073772
19.240000 0.695471 0.073455
19.250000 0.695863 0.073165
19.260000 0.696260 0.072905
19.270000 0.696651 0.072669
19.280000 0.697033 0.072453
19.290000 0.697401 0.072261
19.300000 0.697740 0.072094
19.310000 0.698028 0.071941
19.320000 0.698246 0.071772
19.330000 0.698399 0.071543
19.340000 0.698520 0.071217
19.350000 0.698657 0.070778
19.360000 0.698860 0.070235
19.370000 0.699168 0.069620
19.380000 0.699608 0.068970
19.390000 0.700189 0.068332
19.400000 0.700909 0.067755
19.410000 0.701746 0.067285
19.420000 0.702662 0.066962
19.430000 0.703609 0.066808
19.440000 0.704532 0.066827
19.450000 0.705383 0.067009
19.460000 0.706116 0.067333
19.470000 0.706691 0.067766
19.480000 0.707071 0.068267
19.490000 0.707231 0.068774
19.500000 0.707166 0.069215
19.510000 0.706901 0.069518
19.520000 0.706484 0.069619
19.530000 0.705982 0.069471
19.540000 0.705481 0.069052
19.550000 0.705077 0.068373
19.560000 0.704856 0.067485
19.570000 0.704873 0.066472
19.580000 0.705144 0.065428
19.590000 0.705645 0.064444
19.600000 0.706319 0.063583
19.610000 0.707094 0.062876
19.620000 0.707902 0.062318
19.630000 0.708694 0.061876
19.640000 0.709450 0.061505
19.650000 0.710181 0.061170
19.660000 0.710911 0.060860
19.670000 0.711659 0.060588
19.680000 0.712421 0.060380
19.690000 0.713174 0.060254
19.700000 0.713883 0.060209
19.710000 0.714521 0.060230
19.720000 0.715063 0.060290
19.730000 0.715499 0.060355
19.740000 0.715826 0.060384
19.750000 0.716060 0.060336
19.760000 0.716237 0.060175
19.770000 0.716404 0.059884
19.780000 0.716611 0.059469
19.790000 0.716899 0.058950
19.800000 0.717298 0.058360
19.810000 0.717827 0.057736
19.820000 0.718491 0.057123
19.830000 0.719279 0.056563
19.840000 0.720163 0.056087
19.850000 0.721110 0.055711
19.860000 0.722096 0.055433
19.870000 0.723104 0.055253
19.880000 0.724125 0.055174
19.890000 0.725145 0.055208
19.900000 0.726133 0.055366
19.910000 0.727052 0.055648
19.920000 0.727859 0.056033
19.930000 0.728520 0.056485
19.940000 0.729015 0.056953
19.950000 0.729347 0.057377
19.960000 0.729544 0.057705
19.970000 0.729650 0.057900
19.980000 0.729718 0.057951
19.990000 0.729791 0.057865
20.000000 0.729899 0.057654
