710 0.473729 0.430334 0.556968
709.897 0.473547 0.430096 0.557047
709.793 0.473365 0.429875 0.557137
709.69 0.473183 0.429668 0.557243
709.587 0.473001 0.429471 0.557367
709.483 0.472819 0.429277 0.55751
709.38 0.472637 0.429081 0.557669
709.277 0.472455 0.428875 0.55784
709.174 0.472272 0.428658 0.558015
709.07 0.47209 0.428426 0.558187
708.967 0.471908 0.42818 0.558351
708.864 0.471726 0.427921 0.5585
708.761 0.471544 0.427655 0.55863
708.658 0.471362 0.427386 0.558742
708.555 0.471179 0.427122 0.558835
708.452 0.470997 0.426867 0.558916
708.349 0.470815 0.426627 0.558988
708.246 0.470633 0.426405 0.55906
708.143 0.470451 0.426201 0.559138
708.041 0.470268 0.426016 0.559229
707.938 0.470086 0.425845 0.559336
707.835 0.469904 0.425683 0.559462
707.732 0.469722 0.425525 0.559606
707.629 0.469539 0.425364 0.559765
707.527 0.469357 0.425196 0.559933
707.424 0.469175 0.425016 0.560105
707.321 0.468992 0.424822 0.560273
707.219 0.46881 0.424613 0.56043
707.116 0.468628 0.424393 0.560571
707.014 0.468445 0.424165 0.560694
706.911 0.468263 0.423935 0.560798
706.809 0.46808 0.423709 0.560885
706.706 0.467898 0.423493 0.56096
706.604 0.467716 0.423291 0.561028
706.501 0.467533 0.423107 0.561098
706.399 0.467351 0.422941 0.561176
706.296 0.467168 0.422793 0.561267
706.194 0.466986 0.42266 0.561375
706.092 0.466803 0.422536 0.561502
705.99 0.466621 0.422417 0.561647
705.887 0.466439 0.422295 0.561805
705.785 0.466256 0.422165 0.561971
705.683 0.466074 0.422024 0.562139
705.581 0.465891 0.421869 0.562301
705.479 0.465708 0.4217 0.562451
705.377 0.465526 0.421519 0.562585
705.275 0.465343 0.421331 0.5627
705.173 0.465161 0.42114 0.562796
705.071 0.464978 0.420953 0.562877
704.969 0.464796 0.420776 0.562947
704.867 0.464613 0.420612 0.563012
704.765 0.464431 0.420466 0.56308
704.663 0.464248 0.420339 0.563157
704.561 0.464065 0.420229 0.563249
704.459 0.463883 0.420133 0.563359
704.357 0.4637 0.420047 0.563487
704.256 0.463517 0.419965 0.563632
704.154 0.463335 0.419881 0.563789
704.052 0.463152 0.419789 0.563953
703.95 0.462969 0.419686 0.564116
703.849 0.462787 0.419569 0.564273
703.747 0.462604 0.419438 0.564416
703.646 0.462421 0.419296 0.564542
703.544 0.462239 0.419145 0.564649
703.443 0.462056 0.418992 0.564738
703.341 0.461873 0.418842 0.564813
703.24 0.46169 0.418701 0.564878
703.138 0.461508 0.418574 0.564941
703.037 0.461325 0.418464 0.565008
702.935 0.461142 0.418372 0.565085
702.834 0.460959 0.418297 0.565178
702.733 0.460777 0.418236 0.565289
702.631 0.460594 0.418185 0.565419
702.53 0.460411 0.418138 0.565564
702.429 0.460228 0.418088 0.56572
702.328 0.460045 0.418031 0.565881
702.226 0.459863 0.417962 0.566041
702.125 0.45968 0.417879 0.566191
702.024 0.459497 0.417782 0.566327
701.923 0.459314 0.417673 0.566446
701.822 0.459131 0.417556 0.566546
701.721 0.458948 0.417436 0.566629
701.62 0.458765 0.417319 0.566698
701.519 0.458582 0.41721 0.56676
701.418 0.4584 0.417115 0.56682
701.317 0.458217 0.417036 0.566887
701.216 0.458034 0.416975 0.566966
701.115 0.457851 0.41693 0.56706
701.015 0.457668 0.416899 0.567174
700.914 0.457485 0.416877 0.567305
700.813 0.457302 0.416859 0.56745
700.712 0.457119 0.416839 0.567606
700.612 0.456936 0.41681 0.567764
700.511 0.456753 0.41677 0.567919
700.41 0.45657 0.416715 0.568064
700.31 0.456387 0.416647 0.568194
700.209 0.456204 0.416566 0.568306
700.108 0.456021 0.416476 0.5684
700.008 0.455838 0.416383 0.568477
699.907 0.455655 0.416292 0.568542
699.807 0.455472 0.416209 0.568601
699.706 0.455289 0.416138 0.568661
699.606 0.455106 0.416084 0.568728
699.506 0.454923 0.416046 0.568809
699.405 0.45474 0.416025 0.568906
699.305 0.454557 0.416017 0.569022
699.205 0.454373 0.416018 0.569155
699.104 0.45419 0.416021 0.569301
699.004 0.454007 0.416022 0.569456
698.904 0.453824 0.416015 0.569613
698.804 0.453641 0.415996 0.569764
698.704 0.453458 0.415962 0.569904
698.603 0.453275 0.415914 0.570029
698.503 0.453092 0.415853 0.570135
698.403 0.452908 0.415782 0.570222
698.303 0.452725 0.415708 0.570295
698.203 0.452542 0.415635 0.570357
698.103 0.452359 0.41557 0.570414
698.003 0.452176 0.415516 0.570475
697.903 0.451993 0.415478 0.570544
697.803 0.451809 0.415456 0.570627
697.703 0.451626 0.41545 0.570728
697.604 0.451443 0.415456 0.570847
697.504 0.45126 0.415471 0.570983
697.404 0.451077 0.415488 0.571131
697.304 0.450893 0.415502 0.571286
697.204 0.45071 0.415508 0.571441
697.105 0.450527 0.415501 0.571589
697.005 0.450344 0.415479 0.571725
696.905 0.45016 0.415442 0.571844
696.806 0.449977 0.415392 0.571945
696.706 0.449794 0.415332 0.572028
696.607 0.44961 0.415267 0.572097
696.507 0.449427 0.415204 0.572158
696.408 0.449244 0.415147 0.572215
696.308 0.449061 0.415101 0.572277
696.209 0.448877 0.41507 0.572349
696.109 0.448694 0.415055 0.572436
696.01 0.448511 0.415054 0.572541
695.91 0.448327 0.415066 0.572665
695.811 0.448144 0.415085 0.572804
695.712 0.447961 0.415107 0.572954
695.613 0.447777 0.415125 0.573109
695.513 0.447594 0.415134 0.573263
695.414 0.447411 0.41513 0.573409
695.315 0.447227 0.41511 0.573541
695.216 0.447044 0.415075 0.573656
695.117 0.44686 0.415026 0.573753
695.017 0.446677 0.414967 0.573833
694.918 0.446494 0.414903 0.5739
694.819 0.44631 0.414839 0.573959
694.72 0.446127 0.414781 0.574018
694.621 0.445944 0.414733 0.574082
694.522 0.44576 0.4147 0.574159
694.423 0.445577 0.414682 0.574251
694.324 0.445393 0.414678 0.574362
694.226 0.44521 0.414685 0.57449
694.127 0.445026 0.4147 0.574633
694.028 0.444843 0.414716 0.574786
693.929 0.444659 0.414728 0.574942
693.83 0.444476 0.41473 0.575095
693.732 0.444293 0.41472 0.575239
693.633 0.444109 0.414693 0.575368
693.534 0.443926 0.41465 0.57548
693.436 0.443742 0.414593 0.575574
693.337 0.443559 0.414526 0.575652
693.238 0.443375 0.414452 0.575718
693.14 0.443192 0.414378 0.575778
693.041 0.443008 0.41431 0.575839
692.943 0.442825 0.414252 0.575908
692.844 0.442641 0.414207 0.575989
692.746 0.442458 0.414176 0.576087
692.647 0.442274 0.414159 0.576204
692.549 0.442091 0.414153 0.576338
692.45 0.441907 0.414154 0.576485
692.352 0.441724 0.414155 0.576641
692.254 0.44154 0.414152 0.576799
692.155 0.441356 0.41414 0.576952
692.057 0.441173 0.414113 0.577095
691.959 0.440989 0.41407 0.577222
691.861 0.440806 0.414011 0.577331
691.763 0.440622 0.413937 0.577423
691.664 0.440439 0.413851 0.5775
691.566 0.440255 0.41376 0.577566
691.468 0.440072 0.413668 0.577628
691.37 0.439888 0.41358 0.577693
691.272 0.439704 0.413502 0.577767
691.174 0.439521 0.413437 0.577854
691.076 0.439337 0.413385 0.57796
690.978 0.439154 0.413347 0.578083
690.88 0.43897 0.413319 0.578223
690.782 0.438786 0.413297 0.578376
690.684 0.438603 0.413276 0.578535
690.587 0.438419 0.41325 0.578695
690.489 0.438235 0.413214 0.578848
690.391 0.438052 0.413163 0.57899
690.293 0.437868 0.413096 0.579115
690.195 0.437685 0.413012 0.579223
690.098 0.437501 0.412913 0.579313
690 0.437317 0.412802 0.57939
