710 0.473729 0.979925 0.0146869
709.897 0.473547 0.979925 0.0146938
709.793 0.473365 0.979926 0.0147006
709.69 0.473183 0.979928 0.0147075
709.587 0.473001 0.97993 0.0147144
709.483 0.472819 0.979933 0.0147213
709.38 0.472637 0.979937 0.0147282
709.277 0.472455 0.979941 0.0147351
709.174 0.472272 0.979945 0.014742
709.07 0.47209 0.979951 0.014749
708.967 0.471908 0.979957 0.014756
708.864 0.471726 0.979963 0.014763
708.761 0.471544 0.97997 0.01477
708.658 0.471362 0.979978 0.0147771
708.555 0.471179 0.979986 0.0147841
708.452 0.470997 0.979995 0.0147912
708.349 0.470815 0.980005 0.0147983
708.246 0.470633 0.980015 0.0148054
708.143 0.470451 0.980026 0.0148125
708.041 0.470268 0.980037 0.0148196
707.938 0.470086 0.980049 0.0148268
707.835 0.469904 0.980062 0.014834
707.732 0.469722 0.980075 0.0148412
707.629 0.469539 0.980089 0.0148484
707.527 0.469357 0.980103 0.0148556
707.424 0.469175 0.980118 0.0148628
707.321 0.468992 0.980134 0.0148701
707.219 0.46881 0.98015 0.0148774
707.116 0.468628 0.980167 0.0148847
707.014 0.468445 0.980184 0.014892
706.911 0.468263 0.980202 0.0148993
706.809 0.46808 0.98022 0.0149067
706.706 0.467898 0.980239 0.0149141
706.604 0.467716 0.980259 0.0149214
706.501 0.467533 0.980279 0.0149288
706.399 0.467351 0.980299 0.0149363
706.296 0.467168 0.980321 0.0149437
706.194 0.466986 0.980343 0.0149512
706.092 0.466803 0.980365 0.0149586
705.99 0.466621 0.980388 0.0149661
705.887 0.466439 0.980411 0.0149737
705.785 0.466256 0.980435 0.0149812
705.683 0.466074 0.98046 0.0149887
705.581 0.465891 0.980485 0.0149963
705.479 0.465708 0.98051 0.0150039
705.377 0.465526 0.980537 0.0150115
705.275 0.465343 0.980563 0.0150191
705.173 0.465161 0.98059 0.0150267
705.071 0.464978 0.980618 0.0150344
704.969 0.464796 0.980646 0.0150421
704.867 0.464613 0.980675 0.0150497
704.765 0.464431 0.980704 0.0150575
704.663 0.464248 0.980734 0.0150652
704.561 0.464065 0.980764 0.0150729
704.459 0.463883 0.980795 0.0150807
704.357 0.4637 0.980826 0.0150885
704.256 0.463517 0.980858 0.0150963
704.154 0.463335 0.98089 0.0151041
704.052 0.463152 0.980923 0.0151119
703.95 0.462969 0.980956 0.0151197
703.849 0.462787 0.980989 0.0151276
703.747 0.462604 0.981023 0.0151355
703.646 0.462421 0.981058 0.0151434
703.544 0.462239 0.981093 0.0151513
703.443 0.462056 0.981128 0.0151592
703.341 0.461873 0.981164 0.0151672
703.24 0.46169 0.9812 0.0151752
703.138 0.461508 0.981237 0.0151832
703.037 0.461325 0.981274 0.0151912
702.935 0.461142 0.981312 0.0151992
702.834 0.460959 0.98135 0.0152072
702.733 0.460777 0.981388 0.0152153
702.631 0.460594 0.981427 0.0152234
702.53 0.460411 0.981466 0.0152314
702.429 0.460228 0.981506 0.0152395
702.328 0.460045 0.981546 0.0152477
702.226 0.459863 0.981586 0.0152558
702.125 0.45968 0.981627 0.015264
702.024 0.459497 0.981668 0.0152721
701.923 0.459314 0.981709 0.0152803
701.822 0.459131 0.981751 0.0152885
701.721 0.458948 0.981793 0.0152968
701.62 0.458765 0.981836 0.015305
701.519 0.458582 0.981879 0.0153133
701.418 0.4584 0.981922 0.0153215
701.317 0.458217 0.981966 0.0153298
701.216 0.458034 0.98201 0.0153381
701.115 0.457851 0.982054 0.0153465
701.015 0.457668 0.982099 0.0153548
700.914 0.457485 0.982143 0.0153631
700.813 0.457302 0.982189 0.0153715
700.712 0.457119 0.982234 0.0153799
700.612 0.456936 0.98228 0.0153883
700.511 0.456753 0.982326 0.0153967
700.41 0.45657 0.982372 0.0154052
700.31 0.456387 0.982419 0.0154136
700.209 0.456204 0.982466 0.0154221
700.108 0.456021 0.982513 0.0154305
700.008 0.455838 0.98256 0.015439
699.907 0.455655 0.982608 0.0154476
699.807 0.455472 0.982656 0.0154561
699.706 0.455289 0.982704 0.0154646
699.606 0.455106 0.982752 0.0154732
699.506 0.454923 0.982801 0.0154818
699.405 0.45474 0.98285 0.0154903
699.305 0.454557 0.982899 0.0154989
699.205 0.454373 0.982948 0.0155076
699.104 0.45419 0.982998 0.0155162
699.004 0.454007 0.983047 0.0155248
698.904 0.453824 0.983097 0.0155335
698.804 0.453641 0.983147 0.0155422
698.704 0.453458 0.983197 0.0155509
698.603 0.453275 0.983247 0.0155596
698.503 0.453092 0.983298 0.0155683
698.403 0.452908 0.983348 0.015577
698.303 0.452725 0.983399 0.0155858
698.203 0.452542 0.98345 0.0155945
698.103 0.452359 0.983501 0.0156033
698.003 0.452176 0.983552 0.0156121
697.903 0.451993 0.983603 0.0156209
697.803 0.451809 0.983655 0.0156297
697.703 0.451626 0.983706 0.0156385
697.604 0.451443 0.983758 0.0156474
697.504 0.45126 0.983809 0.0156562
697.404 0.451077 0.983861 0.0156651
697.304 0.450893 0.983913 0.015674
697.204 0.45071 0.983965 0.0156828
697.105 0.450527 0.984017 0.0156917
697.005 0.450344 0.984069 0.0157007
696.905 0.45016 0.984121 0.0157096
696.806 0.449977 0.984173 0.0157185
696.706 0.449794 0.984225 0.0157275
696.607 0.44961 0.984277 0.0157365
696.507 0.449427 0.984329 0.0157454
696.408 0.449244 0.984381 0.0157544
696.308 0.449061 0.984433 0.0157634
696.209 0.448877 0.984485 0.0157724
696.109 0.448694 0.984538 0.0157815
696.01 0.448511 0.98459 0.0157905
695.91 0.448327 0.984642 0.0157996
695.811 0.448144 0.984694 0.0158086
695.712 0.447961 0.984746 0.0158177
695.613 0.447777 0.984798 0.0158268
695.513 0.447594 0.98485 0.0158359
695.414 0.447411 0.984901 0.015845
695.315 0.447227 0.984953 0.0158541
695.216 0.447044 0.985005 0.0158632
695.117 0.44686 0.985056 0.0158723
695.017 0.446677 0.985108 0.0158815
694.918 0.446494 0.985159 0.0158906
694.819 0.44631 0.985211 0.0158998
694.72 0.446127 0.985262 0.015909
694.621 0.445944 0.985313 0.0159182
694.522 0.44576 0.985364 0.0159274
694.423 0.445577 0.985415 0.0159366
694.324 0.445393 0.985465 0.0159458
694.226 0.44521 0.985516 0.015955
694.127 0.445026 0.985566 0.0159642
694.028 0.444843 0.985617 0.0159735
693.929 0.444659 0.985667 0.0159827
693.83 0.444476 0.985716 0.015992
693.732 0.444293 0.985766 0.0160013
693.633 0.444109 0.985816 0.0160105
693.534 0.443926 0.985865 0.0160198
693.436 0.443742 0.985914 0.0160291
693.337 0.443559 0.985963 0.0160384
693.238 0.443375 0.986012 0.0160477
693.14 0.443192 0.98606 0.016057
693.041 0.443008 0.986108 0.0160664
692.943 0.442825 0.986156 0.0160757
692.844 0.442641 0.986204 0.016085
692.746 0.442458 0.986251 0.0160944
692.647 0.442274 0.986299 0.0161037
692.549 0.442091 0.986346 0.0161131
692.45 0.441907 0.986392 0.0161225
692.352 0.441724 0.986439 0.0161318
692.254 0.44154 0.986485 0.0161412
692.155 0.441356 0.986531 0.0161506
692.057 0.441173 0.986576 0.01616
691.959 0.440989 0.986621 0.0161694
691.861 0.440806 0.986666 0.0161788
691.763 0.440622 0.986711 0.0161882
691.664 0.440439 0.986755 0.0161976
691.566 0.440255 0.986799 0.0162071
691.468 0.440072 0.986843 0.0162165
691.37 0.439888 0.986886 0.0162259
691.272 0.439704 0.986929 0.0162354
691.174 0.439521 0.986971 0.0162448
691.076 0.439337 0.987014 0.0162543
690.978 0.439154 0.987055 0.0162637
690.88 0.43897 0.987097 0.0162732
690.782 0.438786 0.987138 0.0162827
690.684 0.438603 0.987179 0.0162921
690.587 0.438419 0.987219 0.0163016
690.489 0.438235 0.987259 0.0163111
690.391 0.438052 0.987298 0.0163206
690.293 0.437868 0.987337 0.01633
690.195 0.437685 0.987376 0.0163395
690.098 0.437501 0.987414 0.016349
690 0.437317 0.987452 0.0163585
