710 0.473729 0.96895 0.0383045
709.897 0.473547 0.968788 0.0383304
709.793 0.473365 0.968637 0.0383632
709.69 0.473183 0.968494 0.0383989
709.587 0.473001 0.968351 0.0384334
709.483 0.472819 0.968203 0.0384626
709.38 0.472637 0.968044 0.038483
709.277 0.472455 0.96787 0.0384926
709.174 0.472272 0.967679 0.0384907
709.07 0.47209 0.967472 0.0384784
708.967 0.471908 0.96725 0.038458
708.864 0.471726 0.96702 0.0384332
708.761 0.471544 0.966786 0.038408
708.658 0.471362 0.966555 0.0383867
708.555 0.471179 0.966334 0.0383729
708.452 0.470997 0.966126 0.0383693
708.349 0.470815 0.965936 0.038377
708.246 0.470633 0.965764 0.0383957
708.143 0.470451 0.965609 0.0384235
708.041 0.470268 0.965467 0.0384572
707.938 0.470086 0.965332 0.0384928
707.835 0.469904 0.9652 0.0385261
707.732 0.469722 0.965063 0.0385532
707.629 0.469539 0.964915 0.038571
707.527 0.469357 0.964754 0.0385778
707.424 0.469175 0.964577 0.0385733
707.321 0.468992 0.964385 0.0385589
707.219 0.46881 0.964179 0.0385372
707.116 0.468628 0.963965 0.0385121
707.014 0.468445 0.963749 0.0384877
706.911 0.468263 0.963536 0.038468
706.809 0.46808 0.963333 0.0384567
706.706 0.467898 0.963145 0.0384558
706.604 0.467716 0.962974 0.0384662
706.501 0.467533 0.962823 0.0384872
706.399 0.467351 0.962688 0.0385165
706.296 0.467168 0.962567 0.0385508
706.194 0.466986 0.962455 0.038586
706.092 0.466803 0.962346 0.0386178
705.99 0.466621 0.962232 0.0386427
705.887 0.466439 0.96211 0.0386577
705.785 0.466256 0.961974 0.0386616
705.683 0.466074 0.961824 0.0386544
705.581 0.465891 0.961659 0.038638
705.479 0.465708 0.961481 0.0386152
705.377 0.465526 0.961296 0.0385899
705.275 0.465343 0.961109 0.0385664
705.173 0.465161 0.960926 0.0385486
705.071 0.464978 0.960753 0.0385396
704.969 0.464796 0.960595 0.0385414
704.867 0.464613 0.960456 0.0385544
704.765 0.464431 0.960336 0.0385775
704.663 0.464248 0.960233 0.038608
704.561 0.464065 0.960145 0.0386426
704.459 0.463883 0.960066 0.038677
704.357 0.4637 0.95999 0.0387071
704.256 0.463517 0.959911 0.0387294
704.154 0.463335 0.959824 0.0387416
704.052 0.463152 0.959724 0.0387425
703.95 0.462969 0.95961 0.0387328
703.849 0.462787 0.959482 0.0387144
703.747 0.462604 0.959342 0.0386907
703.646 0.462421 0.959194 0.0386655
703.544 0.462239 0.959046 0.0386431
703.443 0.462056 0.958902 0.0386271
703.341 0.461873 0.958768 0.0386206
703.24 0.46169 0.95865 0.038625
703.138 0.461508 0.95855 0.0386404
703.037 0.461325 0.958469 0.0386653
702.935 0.461142 0.958407 0.0386968
702.834 0.460959 0.958359 0.0387313
702.733 0.460777 0.958321 0.0387646
702.631 0.460594 0.958286 0.0387927
702.53 0.460411 0.958249 0.0388124
702.429 0.460228 0.958204 0.0388216
702.328 0.460045 0.958147 0.0388196
702.226 0.459863 0.958076 0.0388074
702.125 0.45968 0.957991 0.0387873
702.024 0.459497 0.957896 0.0387628
701.923 0.459314 0.957793 0.0387379
701.822 0.459131 0.957688 0.0387167
701.721 0.458948 0.957589 0.0387027
701.62 0.458765 0.9575 0.0386987
701.519 0.458582 0.957427 0.0387056
701.418 0.4584 0.957372 0.0387232
701.317 0.458217 0.957336 0.0387497
701.216 0.458034 0.957319 0.0387819
701.115 0.457851 0.957316 0.0388161
701.015 0.457668 0.957323 0.0388481
700.914 0.457485 0.957334 0.038874
700.813 0.457302 0.957343 0.0388909
700.712 0.457119 0.957344 0.038897
700.612 0.456936 0.957333 0.0388922
700.511 0.456753 0.957309 0.0388777
700.41 0.45657 0.957271 0.0388561
700.31 0.456387 0.957223 0.038831
700.209 0.456204 0.957167 0.0388066
700.108 0.456021 0.95711 0.0387868
700.008 0.455838 0.957057 0.038775
699.907 0.455655 0.957015 0.0387734
699.807 0.455472 0.956989 0.0387828
699.706 0.455289 0.956981 0.0388025
699.606 0.455106 0.956992 0.0388304
699.506 0.454923 0.957021 0.0388631
699.405 0.45474 0.957065 0.0388967
699.305 0.454557 0.957118 0.0389271
699.205 0.454373 0.957176 0.0389506
699.104 0.45419 0.957231 0.0389647
699.004 0.454007 0.957279 0.0389678
698.904 0.453824 0.957315 0.0389602
698.804 0.453641 0.957338 0.0389435
698.704 0.453458 0.957347 0.0389206
698.603 0.453275 0.957345 0.0388952
698.503 0.453092 0.957336 0.0388715
698.403 0.452908 0.957325 0.0388534
698.303 0.452725 0.957319 0.0388438
698.203 0.452542 0.957323 0.0388447
698.103 0.452359 0.957342 0.0388565
698.003 0.452176 0.957379 0.0388782
697.903 0.451993 0.957435 0.0389073
697.803 0.451809 0.957509 0.0389402
697.703 0.451626 0.957597 0.038973
697.604 0.451443 0.957695 0.0390016
697.504 0.45126 0.957797 0.0390227
697.404 0.451077 0.957896 0.0390338
697.304 0.450893 0.957988 0.039034
697.204 0.45071 0.958068 0.0390238
697.105 0.450527 0.958134 0.0390052
697.005 0.450344 0.958187 0.0389812
696.905 0.45016 0.958228 0.0389558
696.806 0.449977 0.958261 0.0389331
696.706 0.449794 0.958293 0.0389168
696.607 0.44961 0.958329 0.0389095
696.507 0.449427 0.958375 0.038913
696.408 0.449244 0.958435 0.0389272
696.308 0.449061 0.958513 0.0389507
696.209 0.448877 0.958609 0.0389808
696.109 0.448694 0.958723 0.0390137
696.01 0.448511 0.958851 0.0390455
695.91 0.448327 0.958988 0.0390723
695.811 0.448144 0.959128 0.0390908
695.712 0.447961 0.959266 0.039099
695.613 0.447777 0.959396 0.0390963
695.513 0.447594 0.959513 0.0390837
695.414 0.447411 0.959617 0.0390633
695.315 0.447227 0.959706 0.0390386
695.216 0.447044 0.959784 0.0390136
695.117 0.44686 0.959854 0.0389921
695.017 0.446677 0.959921 0.0389777
694.918 0.446494 0.959992 0.038973
694.819 0.44631 0.960072 0.0389791
694.72 0.446127 0.960167 0.0389956
694.621 0.445944 0.960278 0.0390208
694.522 0.44576 0.960407 0.0390517
694.423 0.445577 0.960553 0.0390845
694.324 0.445393 0.960712 0.0391151
694.226 0.44521 0.96088 0.0391398
694.127 0.445026 0.961051 0.0391557
694.028 0.444843 0.961219 0.0391611
693.929 0.444659 0.961378 0.0391557
693.83 0.444476 0.961525 0.0391409
693.732 0.444293 0.961657 0.0391191
693.633 0.444109 0.961775 0.0390939
693.534 0.443926 0.96188 0.0390694
693.436 0.443742 0.961977 0.0390495
693.337 0.443559 0.962071 0.0390374
693.238 0.443375 0.962167 0.0390352
693.14 0.443192 0.962273 0.0390439
693.041 0.443008 0.962391 0.0390627
692.943 0.442825 0.962526 0.0390895
692.844 0.442641 0.962678 0.0391211
692.746 0.442458 0.962846 0.0391535
692.647 0.442274 0.963027 0.0391828
692.549 0.442091 0.963216 0.0392054
692.45 0.441907 0.963408 0.0392187
692.352 0.441724 0.963595 0.0392213
692.254 0.44154 0.963773 0.0392134
692.155 0.441356 0.963939 0.0391965
692.057 0.441173 0.964089 0.0391737
691.959 0.440989 0.964223 0.0391484
691.861 0.440806 0.964345 0.0391248
691.763 0.440622 0.964458 0.0391066
691.664 0.440439 0.964567 0.0390969
691.566 0.440255 0.964678 0.0390975
691.468 0.440072 0.964797 0.0391089
691.37 0.439888 0.964929 0.0391299
691.272 0.439704 0.965076 0.0391581
691.174 0.439521 0.965239 0.0391902
691.076 0.439337 0.965418 0.0392221
690.978 0.439154 0.965609 0.03925
690.88 0.43897 0.965807 0.0392704
690.782 0.438786 0.966007 0.0392811
690.684 0.438603 0.966202 0.039281
690.587 0.438419 0.966387 0.0392707
690.489 0.438235 0.966559 0.0392522
690.391 0.438052 0.966714 0.0392285
690.293 0.437868 0.966854 0.0392035
690.195 0.437685 0.96698 0.0391811
690.098 0.437501 0.967096 0.039165
690 0.437317 0.967208 0.0391579
