710 0.473729 0.511897 0.473521
709.897 0.473547 0.511725 0.473728
709.793 0.473365 0.511552 0.473935
709.69 0.473183 0.51138 0.474143
709.587 0.473001 0.511207 0.47435
709.483 0.472819 0.511034 0.474559
709.38 0.472637 0.510861 0.474767
709.277 0.472455 0.510689 0.474976
709.174 0.472272 0.510516 0.475185
709.07 0.47209 0.510343 0.475394
708.967 0.471908 0.51017 0.475604
708.864 0.471726 0.509997 0.475814
708.761 0.471544 0.509823 0.476024
708.658 0.471362 0.50965 0.476234
708.555 0.471179 0.509477 0.476445
708.452 0.470997 0.509303 0.476656
708.349 0.470815 0.50913 0.476868
708.246 0.470633 0.508956 0.47708
708.143 0.470451 0.508782 0.477292
708.041 0.470268 0.508608 0.477504
707.938 0.470086 0.508434 0.477716
707.835 0.469904 0.50826 0.477929
707.732 0.469722 0.508086 0.478142
707.629 0.469539 0.507912 0.478356
707.527 0.469357 0.507738 0.478569
707.424 0.469175 0.507563 0.478783
707.321 0.468992 0.507388 0.478997
707.219 0.46881 0.507214 0.479212
707.116 0.468628 0.507039 0.479427
707.014 0.468445 0.506864 0.479642
706.911 0.468263 0.506689 0.479857
706.809 0.46808 0.506514 0.480072
706.706 0.467898 0.506338 0.480288
706.604 0.467716 0.506163 0.480504
706.501 0.467533 0.505987 0.48072
706.399 0.467351 0.505812 0.480937
706.296 0.467168 0.505636 0.481153
706.194 0.466986 0.50546 0.48137
706.092 0.466803 0.505283 0.481587
705.99 0.466621 0.505107 0.481805
705.887 0.466439 0.504931 0.482023
705.785 0.466256 0.504754 0.48224
705.683 0.466074 0.504577 0.482458
705.581 0.465891 0.504401 0.482677
705.479 0.465708 0.504223 0.482895
705.377 0.465526 0.504046 0.483114
705.275 0.465343 0.503869 0.483333
705.173 0.465161 0.503691 0.483552
705.071 0.464978 0.503514 0.483771
704.969 0.464796 0.503336 0.483991
704.867 0.464613 0.503158 0.484211
704.765 0.464431 0.50298 0.484431
704.663 0.464248 0.502801 0.484651
704.561 0.464065 0.502623 0.484871
704.459 0.463883 0.502444 0.485092
704.357 0.4637 0.502265 0.485312
704.256 0.463517 0.502086 0.485533
704.154 0.463335 0.501907 0.485754
704.052 0.463152 0.501727 0.485976
703.95 0.462969 0.501548 0.486197
703.849 0.462787 0.501368 0.486419
703.747 0.462604 0.501188 0.48664
703.646 0.462421 0.501008 0.486862
703.544 0.462239 0.500827 0.487084
703.443 0.462056 0.500647 0.487307
703.341 0.461873 0.500466 0.487529
703.24 0.46169 0.500285 0.487751
703.138 0.461508 0.500104 0.487974
703.037 0.461325 0.499922 0.488197
702.935 0.461142 0.499741 0.48842
702.834 0.460959 0.499559 0.488643
702.733 0.460777 0.499377 0.488866
702.631 0.460594 0.499194 0.48909
702.53 0.460411 0.499012 0.489313
702.429 0.460228 0.498829 0.489537
702.328 0.460045 0.498646 0.48976
702.226 0.459863 0.498463 0.489984
702.125 0.45968 0.49828 0.490208
702.024 0.459497 0.498096 0.490432
701.923 0.459314 0.497913 0.490656
701.822 0.459131 0.497729 0.490881
701.721 0.458948 0.497544 0.491105
701.62 0.458765 0.49736 0.491329
701.519 0.458582 0.497175 0.491554
701.418 0.4584 0.49699 0.491779
701.317 0.458217 0.496805 0.492003
701.216 0.458034 0.49662 0.492228
701.115 0.457851 0.496434 0.492453
701.015 0.457668 0.496248 0.492678
700.914 0.457485 0.496062 0.492903
700.813 0.457302 0.495876 0.493128
700.712 0.457119 0.495689 0.493353
700.612 0.456936 0.495502 0.493578
700.511 0.456753 0.495315 0.493804
700.41 0.45657 0.495128 0.494029
700.31 0.456387 0.49494 0.494254
700.209 0.456204 0.494752 0.49448
700.108 0.456021 0.494564 0.494705
700.008 0.455838 0.494376 0.494931
699.907 0.455655 0.494187 0.495156
699.807 0.455472 0.493998 0.495382
699.706 0.455289 0.493809 0.495608
699.606 0.455106 0.49362 0.495833
699.506 0.454923 0.49343 0.496059
699.405 0.45474 0.49324 0.496285
699.305 0.454557 0.49305 0.49651
699.205 0.454373 0.49286 0.496736
699.104 0.45419 0.492669 0.496962
699.004 0.454007 0.492478 0.497188
698.904 0.453824 0.492287 0.497413
698.804 0.453641 0.492095 0.497639
698.704 0.453458 0.491904 0.497865
698.603 0.453275 0.491711 0.498091
698.503 0.453092 0.491519 0.498316
698.403 0.452908 0.491327 0.498542
698.303 0.452725 0.491134 0.498768
698.203 0.452542 0.490941 0.498994
698.103 0.452359 0.490747 0.499219
698.003 0.452176 0.490554 0.499445
697.903 0.451993 0.49036 0.49967
697.803 0.451809 0.490166 0.499896
697.703 0.451626 0.489971 0.500122
697.604 0.451443 0.489776 0.500347
697.504 0.45126 0.489581 0.500572
697.404 0.451077 0.489386 0.500798
697.304 0.450893 0.48919 0.501023
697.204 0.45071 0.488995 0.501249
697.105 0.450527 0.488798 0.501474
697.005 0.450344 0.488602 0.501699
696.905 0.45016 0.488405 0.501924
696.806 0.449977 0.488208 0.502149
696.706 0.449794 0.488011 0.502374
696.607 0.44961 0.487814 0.502599
696.507 0.449427 0.487616 0.502824
696.408 0.449244 0.487418 0.503049
696.308 0.449061 0.487219 0.503273
696.209 0.448877 0.487021 0.503498
696.109 0.448694 0.486822 0.503723
696.01 0.448511 0.486622 0.503947
695.91 0.448327 0.486423 0.504171
695.811 0.448144 0.486223 0.504396
695.712 0.447961 0.486023 0.50462
695.613 0.447777 0.485823 0.504844
695.513 0.447594 0.485622 0.505068
695.414 0.447411 0.485421 0.505291
695.315 0.447227 0.48522 0.505515
695.216 0.447044 0.485018 0.505739
695.117 0.44686 0.484816 0.505962
695.017 0.446677 0.484614 0.506186
694.918 0.446494 0.484412 0.506409
694.819 0.44631 0.484209 0.506632
694.72 0.446127 0.484007 0.506855
694.621 0.445944 0.483803 0.507078
694.522 0.44576 0.4836 0.5073
694.423 0.445577 0.483396 0.507523
694.324 0.445393 0.483192 0.507745
694.226 0.44521 0.482988 0.507968
694.127 0.445026 0.482783 0.50819
694.028 0.444843 0.482578 0.508412
693.929 0.444659 0.482373 0.508634
693.83 0.444476 0.482168 0.508855
693.732 0.444293 0.481962 0.509077
693.633 0.444109 0.481756 0.509298
693.534 0.443926 0.48155 0.509519
693.436 0.443742 0.481343 0.50974
693.337 0.443559 0.481136 0.509961
693.238 0.443375 0.480929 0.510182
693.14 0.443192 0.480722 0.510402
693.041 0.443008 0.480514 0.510623
692.943 0.442825 0.480306 0.510843
692.844 0.442641 0.480098 0.511063
692.746 0.442458 0.47989 0.511283
692.647 0.442274 0.479681 0.511502
692.549 0.442091 0.479472 0.511722
692.45 0.441907 0.479263 0.511941
692.352 0.441724 0.479053 0.51216
692.254 0.44154 0.478843 0.512379
692.155 0.441356 0.478633 0.512597
692.057 0.441173 0.478423 0.512816
691.959 0.440989 0.478212 0.513034
691.861 0.440806 0.478001 0.513252
691.763 0.440622 0.47779 0.51347
691.664 0.440439 0.477579 0.513688
691.566 0.440255 0.477367 0.513905
691.468 0.440072 0.477155 0.514122
691.37 0.439888 0.476943 0.514339
691.272 0.439704 0.476731 0.514556
691.174 0.439521 0.476518 0.514773
691.076 0.439337 0.476305 0.514989
690.978 0.439154 0.476092 0.515205
690.88 0.43897 0.475879 0.515421
690.782 0.438786 0.475665 0.515637
690.684 0.438603 0.475451 0.515852
690.587 0.438419 0.475237 0.516067
690.489 0.438235 0.475022 0.516282
690.391 0.438052 0.474808 0.516497
690.293 0.437868 0.474593 0.516711
690.195 0.437685 0.474378 0.516926
690.098 0.437501 0.474162 0.51714
690 0.437317 0.473947 0.517353
