5000 0.996125 1.00001
4726.84 0.995585 0.998265
4481.98 0.995093 0.996624
4261.24 0.994574 0.995323
4061.22 0.994022 0.99448
3879.14 0.993436 0.994067
3712.69 0.992818 0.993944
3559.93 0.992165 0.993907
3419.24 0.991478 0.993769
3289.26 0.990757 0.99341
3168.79 0.989999 0.992805
3056.84 0.989206 0.992016
2952.52 0.988375 0.99115
2855.09 0.987507 0.990311
2763.89 0.986599 0.989559
2678.33 0.985652 0.988891
2597.91 0.984663 0.988249
2522.18 0.983632 0.987557
2450.74 0.982559 0.986751
2383.23 0.98144 0.985814
2319.35 0.980276 0.984777
2258.8 0.979065 0.983708
2201.33 0.977806 0.982678
2146.71 0.976496 0.981729
2094.74 0.975136 0.98085
2045.22 0.973722 0.979981
1997.99 0.972254 0.97903
1952.89 0.970729 0.977913
1909.79 0.969147 0.976584
1868.54 0.967505 0.975058
1829.04 0.965801 0.973409
1791.18 0.964033 0.971739
1754.85 0.9622 0.970148
1719.97 0.960299 0.96869
1686.44 0.958328 0.967355
1654.2 0.956285 0.966071
1623.16 0.954168 0.964724
1593.27 0.951973 0.963201
1564.47 0.949699 0.961427
1536.68 0.947343 0.959391
1509.86 0.944902 0.957147
1483.97 0.942373 0.954794
1458.94 0.939755 0.952439
1434.75 0.937042 0.950161
1411.35 0.934234 0.94798
1388.7 0.931326 0.945854
1366.76 0.928315 0.943696
1345.5 0.925198 0.941403
1324.9 0.921971 0.938893
1304.92 0.918631 0.936133
1285.53 0.915175 0.933145
1266.71 0.911598 0.929994
1248.43 0.907897 0.926764
1230.67 0.904068 0.923518
1213.41 0.900107 0.920281
1196.63 0.896009 0.917027
1180.31 0.891771 0.913689
1164.42 0.887389 0.910186
1148.96 0.882857 0.90645
1133.9 0.878172 0.902455
1119.24 0.873329 0.898217
1104.94 0.868324 0.893795
1091.01 0.863152 0.889261
1077.42 0.857808 0.884674
1064.17 0.852287 0.880054
1051.24 0.846586 0.875374
1038.62 0.840699 0.870563
1026.3 0.834621 0.865531
1014.27 0.828348 0.860198
1002.52 0.821875 0.854516
991.036 0.815198 0.848492
979.813 0.808312 0.842178
968.841 0.801212 0.835654
958.113 0.793895 0.829002
947.619 0.786355 0.822279
937.353 0.77859 0.81549
927.307 0.770594 0.808594
917.473 0.762366 0.801508
907.847 0.7539 0.794135
898.42 0.745195 0.786393
889.187 0.736247 0.778233
880.142 0.727055 0.769656
871.278 0.717616 0.760705
862.592 0.707928 0.751451
854.077 0.697992 0.741969
845.729 0.687806 0.732314
837.542 0.677371 0.722509
829.512 0.666687 0.712535
821.635 0.655756 0.702348
813.906 0.64458 0.691888
806.321 0.633163 0.681097
798.876 0.621507 0.66994
791.567 0.609618 0.658406
784.391 0.597501 0.646507
777.344 0.585163 0.634277
770.422 0.572611 0.621751
763.622 0.559853 0.608961
756.942 0.546899 0.595928
750.377 0.53376 0.582663
743.925 0.520446 0.569169
737.583 0.506971 0.55545
731.349 0.493348 0.541515
725.219 0.479591 0.527379
719.19 0.465717 0.513064
713.262 0.451742 0.498591
707.43 0.437683 0.483975
701.693 0.423559 0.469223
696.048 0.409389 0.454335
690.493 0.395193 0.439304
685.026 0.380992 0.424128
679.645 0.366806 0.408821
674.348 0.352659 0.393411
669.132 0.33857 0.37795
663.997 0.324564 0.362502
658.94 0.310663 0.347141
653.96 0.296888 0.33193
649.054 0.283262 0.31692
644.221 0.269808 0.302138
639.46 0.256547 0.287585
634.769 0.2435 0.273248
630.146 0.230688 0.259102
625.589 0.21813 0.245131
621.099 0.205845 0.231333
616.672 0.193852 0.217729
612.308 0.182166 0.204363
608.005 0.170804 0.191295
603.762 0.15978 0.178593
599.578 0.149107 0.16632
595.452 0.138795 0.154526
591.382 0.128856 0.143237
587.367 0.119298 0.13246
583.407 0.110128 0.122179
579.499 0.101351 0.11237
575.644 0.0929722 0.103001
571.839 0.0849933 0.0940486
568.084 0.0774157 0.0854985
564.379 0.0702394 0.0773499
560.721 0.0634625 0.0696142
557.111 0.0570822 0.0623107
553.547 0.0510944 0.0554612
550.028 0.0454939 0.0490835
546.553 0.0402742 0.0431873
543.122 0.0354281 0.0377715
539.734 0.0309473 0.0328241
536.388 0.0268228 0.0283237
533.083 0.0230447 0.024243
529.819 0.0196026 0.0205524
526.594 0.0164856 0.0172235
523.409 0.0136821 0.0142322
520.261 0.0111804 0.0115597
517.152 0.00896834 0.00919312
514.079 0.00703348 0.00712365
511.043 0.00536324 0.00534456
508.042 0.00394505 0.00384864
505.076 0.00276616 0.00262613
502.145 0.00181396 0.0016636
499.247 0.00107584 0.000943879
496.383 0.000539347 0.000447066
493.552 0.000192186 0.000152126
490.752 2.22621e-05 3.87553e-05
487.984 1.7725e-05 8.9043e-05
485.248 0.000166989 0.000288584
482.541 0.000458752 0.000626749
479.865 0.000882046 0.00109596
477.218 0.00142621 0.00169007
474.601 0.00208096 0.00240216
472.011 0.00283634 0.0032225
469.45 0.00368277 0.00413736
466.917 0.00461106 0.00512908
464.411 0.00561234 0.00617762
461.931 0.0066782 0.00726309
459.478 0.00780054 0.00836851
457.051 0.00897165 0.00948201
454.649 0.0101842 0.010598
452.273 0.0114312 0.0117168
449.921 0.012706 0.0128437
447.593 0.0140024 0.0139858
445.29 0.0153145 0.0151497
443.01 0.0166365 0.0163379
440.753 0.0179634 0.0175468
438.519 0.01929 0.0187655
436.308 0.0206118 0.0199768
434.119 0.0219244 0.0211598
431.951 0.0232236 0.0222934
429.806 0.0245058 0.0233605
427.681 0.0257673 0.0243511
425.577 0.0270048 0.0252632
423.494 0.0282153 0.0261032
421.432 0.029396 0.0268831
419.389 0.0305442 0.0276182
417.366 0.0316576 0.0283238
415.362 0.0327339 0.0290116
413.378 0.0337713 0.0296872
411.412 0.0347678 0.0303484
409.465 0.0357218 0.0309854
407.536 0.0366318 0.0315822
405.626 0.0374966 0.03212
403.733 0.038315 0.0325807
401.858 0.039086 0.032951
400 0.0398087 0.0332246
510 0.0013866 0.000678105
509.895 0.00136783 0.000667795
509.791 0.00134982 0.000658282
509.686 0.00133256 0.000649562
509.582 0.00131606 0.000641633
509.478 0.0013003 0.000634493
509.373 0.0012853 0.000628139
509.269 0.00127105 0.000622569
509.165 0.00125755 0.00061778
509.06 0.0012448 0.00061377
508.956 0.00123279 0.000610535
508.852 0.00122153 0.000608073
508.748 0.00121101 0.000606381
508.644 0.00120123 0.000605457
508.54 0.00119219 0.000605297
508.436 0.00118389 0.000605899
508.332 0.00117633 0.000607261
508.228 0.00116951 0.000609377
508.124 0.00116342 0.000612247
508.02 0.00115806 0.000615867
507.916 0.00115344 0.000620234
507.813 0.00114954 0.000625345
507.709 0.00114638 0.000631196
507.605 0.00114394 0.000637785
507.502 0.00114223 0.000645108
507.398 0.00114125 0.000653163
507.295 0.00114098 0.000661946
507.191 0.00114144 0.000671453
507.088 0.00114262 0.000681682
506.984 0.00114451 0.000692629
506.881 0.00114713 0.00070429
506.778 0.00115045 0.000716664
506.674 0.00115449 0.000729745
506.571 0.00115925 0.000743531
506.468 0.00116471 0.000758018
506.365 0.00117088 0.000773203
506.262 0.00117776 0.000789082
506.159 0.00118535 0.000805652
506.056 0.00119363 0.000822909
505.953 0.00120262 0.00084085
505.85 0.00121232 0.000859471
505.747 0.0012227 0.000878769
505.644 0.00123379 0.000898739
505.541 0.00124557 0.000919379
505.439 0.00125805 0.000940685
505.336 0.00127121 0.000962653
505.233 0.00128507 0.000985279
505.131 0.00129961 0.00100856
505.028 0.00131485 0.00103249
504.925 0.00133076 0.00105707
504.823 0.00134736 0.00108229
504.72 0.00136464 0.00110816
504.618 0.0013826 0.00113466
504.516 0.00140123 0.00116179
504.413 0.00142054 0.00118955
504.311 0.00144053 0.00121793
504.209 0.00146119 0.00124694
504.106 0.00148251 0.00127656
504.004 0.00150451 0.0013068
503.902 0.00152717 0.00133765
503.8 0.00155049 0.0013691
503.698 0.00157448 0.00140116
503.596 0.00159913 0.00143381
503.494 0.00162443 0.00146706
503.392 0.00165039 0.0015009
503.29 0.00167701 0.00153533
503.188 0.00170428 0.00157034
503.086 0.0017322 0.00160593
502.985 0.00176077 0.0016421
502.883 0.00178998 0.00167883
502.781 0.00181984 0.00171614
502.68 0.00185034 0.00175401
502.578 0.00188148 0.00179244
502.477 0.00191326 0.00183143
502.375 0.00194567 0.00187097
502.274 0.00197872 0.00191106
502.172 0.0020124 0.00195169
502.071 0.00204672 0.00199287
501.969 0.00208165 0.00203459
501.868 0.00211722 0.00207684
501.767 0.00215341 0.00211962
501.665 0.00219022 0.00216292
501.564 0.00222765 0.00220675
501.463 0.00226569 0.0022511
501.362 0.00230435 0.00229597
501.261 0.00234363 0.00234135
501.16 0.00238351 0.00238723
501.059 0.002424 0.00243363
500.958 0.0024651 0.00248052
500.857 0.0025068 0.00252791
500.756 0.00254911 0.00257579
500.655 0.00259201 0.00262417
500.555 0.00263551 0.00267303
500.454 0.0026796 0.00272238
500.353 0.00272429 0.0027722
500.252 0.00276957 0.0028225
500.152 0.00281543 0.00287328
500.051 0.00286188 0.00292452
499.951 0.00290892 0.00297623
499.85 0.00295653 0.0030284
499.75 0.00300473 0.00308103
499.649 0.0030535 0.00313412
499.549 0.00310284 0.00318766
499.449 0.00315276 0.00324165
499.348 0.00320324 0.00329608
499.248 0.00325429 0.00335096
499.148 0.00330591 0.00340627
499.048 0.00335808 0.00346202
498.948 0.00341082 0.00351821
498.847 0.00346411 0.00357482
498.747 0.00351796 0.00363186
498.647 0.00357236 0.00368932
498.547 0.00362731 0.0037472
498.447 0.0036828 0.0038055
498.348 0.00373885 0.00386421
498.248 0.00379543 0.00392333
498.148 0.00385255 0.00398286
498.048 0.00391021 0.00404279
497.948 0.0039684 0.00410313
497.849 0.00402713 0.00416386
497.749 0.00408639 0.00422499
497.649 0.00414617 0.00428651
497.55 0.00420647 0.00434842
497.45 0.0042673 0.00441072
497.351 0.00432865 0.0044734
497.251 0.00439051 0.00453646
497.152 0.00445289 0.0045999
497.052 0.00451578 0.00466371
496.953 0.00457917 0.0047279
496.854 0.00464308 0.00479246
496.755 0.00470748 0.00485739
496.655 0.00477239 0.00492267
496.556 0.00483779 0.00498833
496.457 0.00490369 0.00505434
496.358 0.00497008 0.0051207
496.259 0.00503697 0.00518743
496.16 0.00510433 0.0052545
496.061 0.00517219 0.00532192
495.962 0.00524052 0.00538969
495.863 0.00530933 0.0054578
495.764 0.00537862 0.00552626
495.665 0.00544839 0.00559505
495.567 0.00551862 0.00566418
495.468 0.00558932 0.00573365
495.369 0.00566048 0.00580345
495.27 0.00573211 0.00587357
495.172 0.0058042 0.00594403
495.073 0.00587674 0.00601481
494.975 0.00594973 0.00608591
494.876 0.00602318 0.00615734
494.778 0.00609708 0.00622908
494.679 0.00617141 0.00630114
494.581 0.0062462 0.00637352
494.482 0.00632142 0.0064462
494.384 0.00639707 0.0065192
494.286 0.00647316 0.00659251
494.188 0.00654968 0.00666612
494.089 0.00662663 0.00674003
493.991 0.006704 0.00681425
493.893 0.00678179 0.00688877
493.795 0.00686001 0.00696358
493.697 0.00693863 0.0070387
493.599 0.00701767 0.0071141
493.501 0.00709712 0.0071898
493.403 0.00717698 0.00726579
493.305 0.00725724 0.00734207
493.207 0.00733789 0.00741864
493.11 0.00741895 0.00749549
493.012 0.0075004 0.00757262
492.914 0.00758224 0.00765004
492.816 0.00766448 0.00772773
492.719 0.00774709 0.0078057
492.621 0.00783009 0.00788395
492.524 0.00791346 0.00796248
492.426 0.00799722 0.00804127
492.328 0.00808134 0.00812034
492.231 0.00816583 0.00819968
492.134 0.00825069 0.00827929
492.036 0.00833592 0.00835916
491.939 0.0084215 0.0084393
491.842 0.00850744 0.0085197
491.744 0.00859374 0.00860036
491.647 0.00868038 0.00868128
491.55 0.00876737 0.00876246
491.453 0.00885471 0.00884389
491.356 0.00894238 0.00892559
491.259 0.0090304 0.00900753
491.161 0.00911875 0.00908973
491.064 0.00920742 0.00917218
490.968 0.00929643 0.00925488
490.871 0.00938576 0.00933782
490.774 0.00947541 0.00942101
490.677 0.00956538 0.00950445
490.58 0.00965567 0.00958813
490.483 0.00974627 0.00967205
490.387 0.00983717 0.00975621
490.29 0.00992838 0.00984061
490.193 0.0100199 0.00992525
490.097 0.0101117 0.0100101
490 0.0102038 0.0100952
510 2.56974e-07 0.000191488
509.895 2.53667e-07 0.00019212
509.791 2.50496e-07 0.000192742
509.686 2.47463e-07 0.000193354
509.582 2.44565e-07 0.000193955
509.478 2.41805e-07 0.000194546
509.373 2.39181e-07 0.000195127
509.269 2.36694e-07 0.000195697
509.165 2.34343e-07 0.000196256
509.06 2.3213e-07 0.000196804
508.956 2.30053e-07 0.000197341
508.852 2.28113e-07 0.000197866
508.748 2.26309e-07 0.000198381
508.644 2.24643e-07 0.000198884
508.54 2.23113e-07 0.000199376
508.436 2.2172e-07 0.000199856
508.332 2.20464e-07 0.000200324
508.228 2.19345e-07 0.000200781
508.124 2.18363e-07 0.000201226
508.02 2.17517e-07 0.000201658
507.916 2.16809e-07 0.000202079
507.813 2.16238e-07 0.000202488
507.709 2.15803e-07 0.000202884
507.605 2.15506e-07 0.000203268
507.502 2.15345e-07 0.000203639
507.398 2.15322e-07 0.000203999
507.295 2.15436e-07 0.000204345
507.191 2.15687e-07 0.000204679
507.088 2.16075e-07 0.000205001
506.984 2.166e-07 0.00020531
506.881 2.17262e-07 0.000205606
506.778 2.18061e-07 0.000205889
506.674 2.18998e-07 0.00020616
506.571 2.20072e-07 0.000206417
506.468 2.21283e-07 0.000206662
506.365 2.22631e-07 0.000206894
506.262 2.24117e-07 0.000207113
506.159 2.2574e-07 0.000207319
506.056 2.275e-07 0.000207512
505.953 2.29397e-07 0.000207692
505.85 2.31432e-07 0.000207859
505.747 2.33605e-07 0.000208013
505.644 2.35914e-07 0.000208154
505.541 2.38362e-07 0.000208282
505.439 2.40946e-07 0.000208398
505.336 2.43668e-07 0.0002085
505.233 2.46528e-07 0.000208589
505.131 2.49525e-07 0.000208665
505.028 2.5266e-07 0.000208729
504.925 2.55932e-07 0.00020878
504.823 2.59342e-07 0.000208817
504.72 2.6289e-07 0.000208842
504.618 2.66575e-07 0.000208855
504.516 2.70398e-07 0.000208854
504.413 2.74359e-07 0.000208841
504.311 2.78457e-07 0.000208816
504.209 2.82693e-07 0.000208778
504.106 2.87067e-07 0.000208727
504.004 2.91578e-07 0.000208664
503.902 2.96228e-07 0.000208589
503.8 3.01015e-07 0.000208502
503.698 3.0594e-07 0.000208402
503.596 3.11003e-07 0.000208291
503.494 3.16204e-07 0.000208167
503.392 3.21543e-07 0.000208032
503.29 3.2702e-07 0.000207885
503.188 3.32634e-07 0.000207726
503.086 3.38387e-07 0.000207555
502.985 3.44278e-07 0.000207374
502.883 3.50306e-07 0.000207181
502.781 3.56473e-07 0.000206976
502.68 3.62778e-07 0.000206761
502.578 3.69221e-07 0.000206535
502.477 3.75802e-07 0.000206298
502.375 3.82522e-07 0.00020605
502.274 3.89379e-07 0.000205792
502.172 3.96375e-07 0.000205523
502.071 4.03509e-07 0.000205244
501.969 4.10781e-07 0.000204955
501.868 4.18191e-07 0.000204656
501.767 4.2574e-07 0.000204348
501.665 4.33427e-07 0.000204029
501.564 4.41253e-07 0.000203702
501.463 4.49216e-07 0.000203365
501.362 4.57318e-07 0.000203019
501.261 4.65559e-07 0.000202664
501.16 4.73937e-07 0.0002023
501.059 4.82455e-07 0.000201927
500.958 4.9111e-07 0.000201546
500.857 4.99904e-07 0.000201157
500.756 5.08837e-07 0.00020076
500.655 5.17908e-07 0.000200356
500.555 5.27118e-07 0.000199943
500.454 5.36466e-07 0.000199523
500.353 5.45953e-07 0.000199096
500.252 5.55578e-07 0.000198662
500.152 5.65342e-07 0.000198221
500.051 5.75244e-07 0.000197773
499.951 5.85285e-07 0.000197319
499.85 5.95465e-07 0.000196859
499.75 6.05783e-07 0.000196392
499.649 6.16241e-07 0.00019592
499.549 6.26836e-07 0.000195443
499.449 6.37571e-07 0.00019496
499.348 6.48444e-07 0.000194472
499.248 6.59456e-07 0.000193979
499.148 6.70606e-07 0.000193481
499.048 6.81895e-07 0.000192979
498.948 6.93323e-07 0.000192472
498.847 7.0489e-07 0.000191962
498.747 7.16596e-07 0.000191448
498.647 7.2844e-07 0.00019093
498.547 7.40423e-07 0.000190409
498.447 7.52545e-07 0.000189885
498.348 7.64806e-07 0.000189358
498.248 7.77205e-07 0.000188829
498.148 7.89744e-07 0.000188297
498.048 8.02421e-07 0.000187763
497.948 8.15237e-07 0.000187227
497.849 8.28192e-07 0.000186689
497.749 8.41286e-07 0.00018615
497.649 8.54518e-07 0.000185609
497.55 8.6789e-07 0.000185068
497.45 8.814e-07 0.000184526
497.351 8.95049e-07 0.000183983
497.251 9.08837e-07 0.000183441
497.152 9.22764e-07 0.000182898
497.052 9.36829e-07 0.000182355
496.953 9.51034e-07 0.000181813
496.854 9.65377e-07 0.000181271
496.755 9.79859e-07 0.000180731
496.655 9.9448e-07 0.000180191
496.556 1.00924e-06 0.000179653
496.457 1.02414e-06 0.000179117
496.358 1.03918e-06 0.000178582
496.259 1.05435e-06 0.000178049
496.16 1.06967e-06 0.000177519
496.061 1.08512e-06 0.000176991
495.962 1.10071e-06 0.000176466
495.863 1.11645e-06 0.000175944
495.764 1.13232e-06 0.000175425
495.665 1.14832e-06 0.00017491
495.567 1.16447e-06 0.000174398
495.468 1.18076e-06 0.00017389
495.369 1.19718e-06 0.000173386
495.27 1.21375e-06 0.000172886
495.172 1.23045e-06 0.000172391
495.073 1.24729e-06 0.000171901
494.975 1.26427e-06 0.000171416
494.876 1.28139e-06 0.000170935
494.778 1.29864e-06 0.00017046
494.679 1.31604e-06 0.000169991
494.581 1.33357e-06 0.000169527
494.482 1.35124e-06 0.00016907
494.384 1.36905e-06 0.000168618
494.286 1.387e-06 0.000168173
494.188 1.40509e-06 0.000167735
494.089 1.42331e-06 0.000167303
493.991 1.44168e-06 0.000166878
493.893 1.46018e-06 0.00016646
493.795 1.47882e-06 0.00016605
493.697 1.49759e-06 0.000165647
493.599 1.51651e-06 0.000165252
493.501 1.53556e-06 0.000164864
493.403 1.55476e-06 0.000164485
493.305 1.57409e-06 0.000164114
493.207 1.59355e-06 0.000163751
493.11 1.61316e-06 0.000163397
493.012 1.6329e-06 0.000163051
492.914 1.65278e-06 0.000162714
492.816 1.6728e-06 0.000162387
492.719 1.69296e-06 0.000162068
492.621 1.71325e-06 0.000161759
492.524 1.73368e-06 0.000161459
492.426 1.75425e-06 0.000161169
492.328 1.77496e-06 0.000160889
492.231 1.7958e-06 0.000160619
492.134 1.81678e-06 0.000160358
492.036 1.8379e-06 0.000160108
491.939 1.85915e-06 0.000159869
491.842 1.88054e-06 0.000159639
491.744 1.90207e-06 0.000159421
491.647 1.92373e-06 0.000159213
491.55 1.94554e-06 0.000159016
491.453 1.96747e-06 0.000158829
491.356 1.98955e-06 0.000158654
491.259 2.01176e-06 0.00015849
491.161 2.0341e-06 0.000158338
491.064 2.05659e-06 0.000158196
490.968 2.07921e-06 0.000158067
490.871 2.10196e-06 0.000157949
490.774 2.12485e-06 0.000157842
490.677 2.14788e-06 0.000157747
490.58 2.17104e-06 0.000157665
490.483 2.19434e-06 0.000157594
490.387 2.21777e-06 0.000157535
490.29 2.24134e-06 0.000157489
490.193 2.26504e-06 0.000157454
490.097 2.28888e-06 0.000157432
490 2.31285e-06 0.000157423
510 2.56974e-07 0.000191488
509.895 2.53667e-07 0.00019212
509.791 2.50496e-07 0.000192742
509.686 2.47463e-07 0.000193354
509.582 2.44565e-07 0.000193955
509.478 2.41805e-07 0.000194546
509.373 2.39181e-07 0.000195127
509.269 2.36694e-07 0.000195697
509.165 2.34343e-07 0.000196256
509.06 2.3213e-07 0.000196804
508.956 2.30053e-07 0.000197341
508.852 2.28113e-07 0.000197866
508.748 2.26309e-07 0.000198381
508.644 2.24643e-07 0.000198884
508.54 2.23113e-07 0.000199376
508.436 2.2172e-07 0.000199856
508.332 2.20464e-07 0.000200324
508.228 2.19345e-07 0.000200781
508.124 2.18363e-07 0.000201226
508.02 2.17517e-07 0.000201658
507.916 2.16809e-07 0.000202079
507.813 2.16238e-07 0.000202488
507.709 2.15803e-07 0.000202884
507.605 2.15506e-07 0.000203268
507.502 2.15345e-07 0.000203639
507.398 2.15322e-07 0.000203999
507.295 2.15436e-07 0.000204345
507.191 2.15687e-07 0.000204679
507.088 2.16075e-07 0.000205001
506.984 2.166e-07 0.00020531
506.881 2.17262e-07 0.000205606
506.778 2.18061e-07 0.000205889
506.674 2.18998e-07 0.00020616
506.571 2.20072e-07 0.000206417
506.468 2.21283e-07 0.000206662
506.365 2.22631e-07 0.000206894
506.262 2.24117e-07 0.000207113
506.159 2.2574e-07 0.000207319
506.056 2.275e-07 0.000207512
505.953 2.29397e-07 0.000207692
505.85 2.31432e-07 0.000207859
505.747 2.33605e-07 0.000208013
505.644 2.35914e-07 0.000208154
505.541 2.38362e-07 0.000208282
505.439 2.40946e-07 0.000208398
505.336 2.43668e-07 0.0002085
505.233 2.46528e-07 0.000208589
505.131 2.49525e-07 0.000208665
505.028 2.5266e-07 0.000208729
504.925 2.55932e-07 0.00020878
504.823 2.59342e-07 0.000208817
504.72 2.6289e-07 0.000208842
504.618 2.66575e-07 0.000208855
504.516 2.70398e-07 0.000208854
504.413 2.74359e-07 0.000208841
504.311 2.78457e-07 0.000208816
504.209 2.82693e-07 0.000208778
504.106 2.87067e-07 0.000208727
504.004 2.91578e-07 0.000208664
503.902 2.96228e-07 0.000208589
503.8 3.01015e-07 0.000208502
503.698 3.0594e-07 0.000208402
503.596 3.11003e-07 0.000208291
503.494 3.16204e-07 0.000208167
503.392 3.21543e-07 0.000208032
503.29 3.2702e-07 0.000207885
503.188 3.32634e-07 0.000207726
503.086 3.38387e-07 0.000207555
502.985 3.44278e-07 0.000207374
502.883 3.50306e-07 0.000207181
502.781 3.56473e-07 0.000206976
502.68 3.62778e-07 0.000206761
502.578 3.69221e-07 0.000206535
502.477 3.75802e-07 0.000206298
502.375 3.82522e-07 0.00020605
502.274 3.89379e-07 0.000205792
502.172 3.96375e-07 0.000205523
502.071 4.03509e-07 0.000205244
501.969 4.10781e-07 0.000204955
501.868 4.18191e-07 0.000204656
501.767 4.2574e-07 0.000204348
501.665 4.33427e-07 0.000204029
501.564 4.41253e-07 0.000203702
501.463 4.49216e-07 0.000203365
501.362 4.57318e-07 0.000203019
501.261 4.65559e-07 0.000202664
501.16 4.73937e-07 0.0002023
501.059 4.82455e-07 0.000201927
500.958 4.9111e-07 0.000201546
500.857 4.99904e-07 0.000201157
500.756 5.08837e-07 0.00020076
500.655 5.17908e-07 0.000200356
500.555 5.27118e-07 0.000199943
500.454 5.36466e-07 0.000199523
500.353 5.45953e-07 0.000199096
500.252 5.55578e-07 0.000198662
500.152 5.65342e-07 0.000198221
500.051 5.75244e-07 0.000197773
499.951 5.85285e-07 0.000197319
499.85 5.95465e-07 0.000196859
499.75 6.05783e-07 0.000196392
499.649 6.16241e-07 0.00019592
499.549 6.26836e-07 0.000195443
499.449 6.37571e-07 0.00019496
499.348 6.48444e-07 0.000194472
499.248 6.59456e-07 0.000193979
499.148 6.70606e-07 0.000193481
499.048 6.81895e-07 0.000192979
498.948 6.93323e-07 0.000192472
498.847 7.0489e-07 0.000191962
498.747 7.16596e-07 0.000191448
498.647 7.2844e-07 0.00019093
498.547 7.40423e-07 0.000190409
498.447 7.52545e-07 0.000189885
498.348 7.64806e-07 0.000189358
498.248 7.77205e-07 0.000188829
498.148 7.89744e-07 0.000188297
498.048 8.02421e-07 0.000187763
497.948 8.15237e-07 0.000187227
497.849 8.28192e-07 0.000186689
497.749 8.41286e-07 0.00018615
497.649 8.54518e-07 0.000185609
497.55 8.6789e-07 0.000185068
497.45 8.814e-07 0.000184526
497.351 8.95049e-07 0.000183983
497.251 9.08837e-07 0.000183441
497.152 9.22764e-07 0.000182898
497.052 9.36829e-07 0.000182355
496.953 9.51034e-07 0.000181813
496.854 9.65377e-07 0.000181271
496.755 9.79859e-07 0.000180731
496.655 9.9448e-07 0.000180191
496.556 1.00924e-06 0.000179653
496.457 1.02414e-06 0.000179117
496.358 1.03918e-06 0.000178582
496.259 1.05435e-06 0.000178049
496.16 1.06967e-06 0.000177519
496.061 1.08512e-06 0.000176991
495.962 1.10071e-06 0.000176466
495.863 1.11645e-06 0.000175944
495.764 1.13232e-06 0.000175425
495.665 1.14832e-06 0.00017491
495.567 1.16447e-06 0.000174398
495.468 1.18076e-06 0.00017389
495.369 1.19718e-06 0.000173386
495.27 1.21375e-06 0.000172886
495.172 1.23045e-06 0.000172391
495.073 1.24729e-06 0.000171901
494.975 1.26427e-06 0.000171416
494.876 1.28139e-06 0.000170935
494.778 1.29864e-06 0.00017046
494.679 1.31604e-06 0.000169991
494.581 1.33357e-06 0.000169527
494.482 1.35124e-06 0.00016907
494.384 1.36905e-06 0.000168618
494.286 1.387e-06 0.000168173
494.188 1.40509e-06 0.000167735
494.089 1.42331e-06 0.000167303
493.991 1.44168e-06 0.000166878
493.893 1.46018e-06 0.00016646
493.795 1.47882e-06 0.00016605
493.697 1.49759e-06 0.000165647
493.599 1.51651e-06 0.000165252
493.501 1.53556e-06 0.000164864
493.403 1.55476e-06 0.000164485
493.305 1.57409e-06 0.000164114
493.207 1.59355e-06 0.000163751
493.11 1.61316e-06 0.000163397
493.012 1.6329e-06 0.000163051
492.914 1.65278e-06 0.000162714
492.816 1.6728e-06 0.000162387
492.719 1.69296e-06 0.000162068
492.621 1.71325e-06 0.000161759
492.524 1.73368e-06 0.000161459
492.426 1.75425e-06 0.000161169
492.328 1.77496e-06 0.000160889
492.231 1.7958e-06 0.000160619
492.134 1.81678e-06 0.000160358
492.036 1.8379e-06 0.000160108
491.939 1.85915e-06 0.000159869
491.842 1.88054e-06 0.000159639
491.744 1.90207e-06 0.000159421
491.647 1.92373e-06 0.000159213
491.55 1.94554e-06 0.000159016
491.453 1.96747e-06 0.000158829
491.356 1.98955e-06 0.000158654
491.259 2.01176e-06 0.00015849
491.161 2.0341e-06 0.000158338
491.064 2.05659e-06 0.000158196
490.968 2.07921e-06 0.000158067
490.871 2.10196e-06 0.000157949
490.774 2.12485e-06 0.000157842
490.677 2.14788e-06 0.000157747
490.58 2.17104e-06 0.000157665
490.483 2.19434e-06 0.000157594
490.387 2.21777e-06 0.000157535
490.29 2.24134e-06 0.000157489
490.193 2.26504e-06 0.000157454
490.097 2.28888e-06 0.000157432
490 2.31285e-06 0.000157423
