5000 0.533457 0.550646
4726.84 0.502122 0.413788
4481.98 0.475684 0.448642
4261.24 0.450655 0.408539
4061.22 0.42686 0.370079
3879.14 0.4043 0.372932
3712.69 0.382964 0.335355
3559.93 0.362827 0.319092
3419.24 0.343849 0.309768
3289.26 0.32598 0.28125
3168.79 0.309167 0.273136
3056.84 0.293353 0.258409
2952.52 0.278483 0.239265
2855.09 0.264499 0.233225
2763.89 0.251348 0.217661
2678.33 0.238978 0.20554
2597.91 0.227337 0.199057
2522.18 0.21638 0.184986
2450.74 0.206061 0.177715
2383.23 0.196338 0.170106
2319.35 0.187172 0.159095
2258.8 0.178526 0.154073
2201.33 0.170366 0.145979
2146.71 0.162659 0.13812
2094.74 0.155376 0.133823
2045.22 0.14849 0.126014
1997.99 0.141974 0.1206
1952.89 0.135804 0.116297
1909.79 0.129959 0.109591
1868.54 0.124418 0.105983
1829.04 0.119162 0.10144
1791.18 0.114172 0.0961233
1754.85 0.109433 0.0933149
1719.97 0.104929 0.0886991
1686.44 0.100646 0.0848268
1654.2 0.09657 0.0821905
1623.16 0.0926893 0.0778693
1593.27 0.0889924 0.0750728
1564.47 0.0854685 0.0723369
1536.68 0.0821075 0.0686544
1509.86 0.0789003 0.0666093
1483.97 0.0758382 0.0637717
1458.94 0.072913 0.0609091
1434.75 0.0701172 0.059235
1411.35 0.0674438 0.056406
1388.7 0.0648861 0.0543679
1366.76 0.062438 0.0526681
1345.5 0.0600936 0.0501719
1324.9 0.0578476 0.0485837
1304.92 0.0556949 0.0467963
1285.53 0.0536307 0.0446065
1266.71 0.0516506 0.0433778
1248.43 0.0497503 0.0414928
1230.67 0.0479259 0.0398111
1213.41 0.0461737 0.0386503
1196.63 0.0444902 0.0368733
1180.31 0.0428722 0.035648
1164.42 0.0413164 0.0344876
1148.96 0.0398201 0.0329172
1133.9 0.0383805 0.0320276
1119.24 0.0369949 0.0308111
1104.94 0.0356609 0.0294897
1091.01 0.0343762 0.0286842
1077.42 0.0331387 0.0274652
1064.17 0.0319462 0.0264123
1051.24 0.0307968 0.025605
1038.62 0.0296886 0.024386
1026.3 0.02862 0.0236005
1014.27 0.0275892 0.0227655
1002.52 0.0265946 0.0217413
991.036 0.0256348 0.0211096
979.813 0.0247084 0.0202752
968.841 0.0238139 0.0194483
958.113 0.0229502 0.0189254
947.619 0.022116 0.0181128
937.353 0.0213101 0.0174395
927.307 0.0205316 0.0169226
917.473 0.0197792 0.0161089
907.847 0.019052 0.0155984
898.42 0.0183491 0.0149912
889.187 0.0176696 0.0142804
880.142 0.0170126 0.0138238
871.278 0.0163773 0.0132162
862.592 0.0157629 0.0126068
854.077 0.0151686 0.0122486
845.729 0.0145938 0.0116614
837.542 0.0140377 0.0112217
829.512 0.0134998 0.0108894
821.635 0.0129793 0.010351
813.906 0.0124758 0.0100373
806.321 0.0119886 0.00964649
798.876 0.0115171 0.00915436
791.567 0.0110609 0.00885986
784.391 0.0106195 0.00843068
777.344 0.0101923 0.00800291
770.422 0.00977894 0.00770689
763.622 0.00937898 0.00728197
756.942 0.00899198 0.00696431
750.377 0.00861754 0.00668354
743.925 0.00825526 0.00631253
737.583 0.00790477 0.00609258
731.349 0.00756573 0.00583578
725.219 0.00723778 0.00553301
719.19 0.00692059 0.0053545
713.262 0.00661384 0.00507931
707.43 0.00631724 0.00481274
701.693 0.00603049 0.00462537
696.048 0.0057533 0.00433989
690.493 0.00548541 0.00410036
685.026 0.00522655 0.00390449
679.645 0.00497647 0.00360457
674.348 0.00473493 0.00342894
669.132 0.00450169 0.00323829
663.997 0.00427654 0.00301901
658.94 0.00405925 0.00289663
653.96 0.00384962 0.00273101
649.054 0.00364744 0.00256582
644.221 0.00345252 0.00247674
639.46 0.00326466 0.00230298
634.769 0.00308371 0.00216184
630.146 0.00290946 0.00205143
625.589 0.00274177 0.00186591
621.099 0.00258045 0.00173338
616.672 0.00242537 0.00160653
612.308 0.00227636 0.0014396
608.005 0.00213327 0.00134298
603.762 0.00199597 0.00122117
599.578 0.00186432 0.00110939
595.452 0.00173818 0.00104706
591.382 0.00161743 0.000952419
587.367 0.00150195 0.000878082
583.407 0.0013916 0.0008338
579.499 0.00128628 0.000740173
575.644 0.00118587 0.000682452
571.839 0.00109026 0.000621145
568.084 0.00099935 0.000528338
564.379 0.000913034 0.000473641
560.721 0.000831212 0.000402135
557.111 0.000753787 0.000326511
553.547 0.000680668 0.000284286
550.028 0.000611763 0.000232211
546.553 0.000546985 0.000186891
543.122 0.000486247 0.000167065
539.734 0.000429468 0.000131524
536.388 0.000376567 0.000112559
533.083 0.000327466 9.6936e-05
529.819 0.00028209 7.28913e-05
526.594 0.000240364 5.75869e-05
523.409 0.000202219 4.23173e-05
520.261 0.000167584 2.28662e-05
517.152 0.000136392 1.35302e-05
514.079 0.000108578 5.42367e-06
511.043 8.40777e-05 1.21156e-06
508.042 6.28304e-05 2.3859e-06
505.076 4.47749e-05 9.51542e-06
502.145 2.98536e-05 1.8281e-05
499.247 1.80092e-05 2.54829e-05
496.383 9.18663e-06 4.03845e-05
493.552 3.33202e-06 4.81284e-05
490.752 3.93008e-07 5.72468e-05
487.984 3.18729e-07 7.9806e-05
485.248 3.0596e-06 9.1543e-05
482.541 8.5672e-06 0.000115615
479.865 1.67947e-05 0.000153004
477.218 2.76962e-05 0.000179231
474.601 4.12272e-05 0.000230521
472.011 5.73441e-05 0.000285874
469.45 7.60047e-05 0.0003244
466.917 9.71677e-05 0.000391236
464.411 0.000120793 0.000437365
461.931 0.000146841 0.000465032
459.478 0.000175274 0.00052032
457.051 0.000206054 0.000540733
454.649 0.000239145 0.000566518
452.273 0.000274511 0.00062084
449.921 0.000312119 0.000646652
447.593 0.000351934 0.000702251
445.29 0.000393924 0.000784163
443.01 0.000438054 0.000842498
440.753 0.000484296 0.000943026
438.519 0.000532618 0.00105219
436.308 0.00058299 0.0011272
434.119 0.000635382 0.00124594
431.951 0.000689767 0.00132768
429.806 0.000746116 0.00137315
427.681 0.000804402 0.00146257
425.577 0.000864598 0.00148235
423.494 0.000926679 0.00150779
421.432 0.000990619 0.00158804
419.389 0.00105639 0.00161158
417.366 0.00112397 0.00168494
415.362 0.00119334 0.00182961
413.378 0.00126447 0.00189202
411.412 0.00133734 0.00204664
409.465 0.00141193 0.00222413
407.536 0.00148821 0.00231169
405.626 0.00156617 0.00247906
403.733 0.00164578 0.00261416
401.858 0.00172702 0.00263834
400 0.00180988 0.00275905
