5000 0.0112074 0.0110439
4726.84 0.00989887 0.0101418
4481.98 0.0089137 0.00906118
4261.24 0.00806686 0.00811694
4061.22 0.00732922 0.00730271
3879.14 0.00668338 0.00654514
3712.69 0.00611538 0.00608868
3559.93 0.00561365 0.00558775
3419.24 0.00516855 0.0051757
3289.26 0.00477206 0.00477329
3168.79 0.00441745 0.00444991
3056.84 0.00409911 0.00402146
2952.52 0.00381231 0.00379471
2855.09 0.00355305 0.00351083
2763.89 0.00331796 0.00330266
2678.33 0.00310413 0.0030968
2597.91 0.0029091 0.0029074
2522.18 0.00273074 0.00276444
2450.74 0.00256721 0.00252363
2383.23 0.00241693 0.00243387
2319.35 0.0022785 0.0022352
2258.8 0.00215073 0.00214893
2201.33 0.00203254 0.00200419
2146.71 0.00192302 0.00191191
2094.74 0.00182133 0.00179264
2045.22 0.00172676 0.00171174
1997.99 0.00163866 0.00159749
1952.89 0.00155645 0.00153637
1909.79 0.00147963 0.001443
1868.54 0.00140774 0.00139507
1829.04 0.00134037 0.00133094
1791.18 0.00127715 0.00124209
1754.85 0.00121775 0.0012314
1719.97 0.00116187 0.00113555
1686.44 0.00110924 0.00107754
1654.2 0.00105962 0.00105492
1623.16 0.00101279 0.000972149
1593.27 0.000968537 0.000947709
1564.47 0.000926686 0.000889288
1536.68 0.000887066 0.000856933
1509.86 0.000849524 0.000813867
1483.97 0.00081392 0.0007711
1458.94 0.000780126 0.000747092
1434.75 0.000748022 0.000715527
1411.35 0.000717501 0.000686539
1388.7 0.000688462 0.000660312
1366.76 0.000660813 0.000639136
1345.5 0.000634469 0.000605055
1324.9 0.000609351 0.000585475
1304.92 0.000585387 0.000550477
1285.53 0.000562509 0.000527229
1266.71 0.000540655 0.000505258
1248.43 0.000519766 0.000478256
1230.67 0.000499788 0.000448842
1213.41 0.000480672 0.000444359
1196.63 0.000462369 0.000409532
1180.31 0.000444838 0.000399445
1164.42 0.000428036 0.000381735
1148.96 0.000411926 0.000372041
1133.9 0.000396473 0.000357831
1119.24 0.000381642 0.000340652
1104.94 0.000367403 0.000335242
1091.01 0.000353727 0.000317417
1077.42 0.000340586 0.000297261
1064.17 0.000327954 0.000289839
1051.24 0.000315807 0.000268603
1038.62 0.000304122 0.000253204
1026.3 0.000292879 0.000243057
1014.27 0.000282056 0.000227666
1002.52 0.000271634 0.000216947
991.036 0.000261597 0.000205923
979.813 0.000251926 0.000201691
968.841 0.000242606 0.000191025
958.113 0.000233621 0.000183342
947.619 0.000224958 0.000182022
937.353 0.000216603 0.000173662
927.307 0.000208543 0.000162902
917.473 0.000200765 0.000157329
907.847 0.000193259 0.000146457
898.42 0.000186014 0.00013703
889.187 0.000179019 0.000125307
880.142 0.000172264 0.000117314
871.278 0.00016574 0.000108753
862.592 0.000159438 0.000103338
854.077 0.00015335 9.48276e-05
845.729 0.000147467 9.26349e-05
837.542 0.000141782 8.90426e-05
829.512 0.000136289 8.50469e-05
821.635 0.000130978 8.30266e-05
813.906 0.000125846 7.86723e-05
806.321 0.000120884 7.61776e-05
798.876 0.000116086 7.20256e-05
791.567 0.000111448 6.30192e-05
784.391 0.000106964 6.00282e-05
777.344 0.000102628 5.20322e-05
770.422 9.84354e-05 4.66124e-05
763.622 9.43815e-05 4.13511e-05
756.942 9.04615e-05 3.72279e-05
750.377 8.66712e-05 3.47264e-05
743.925 8.30064e-05 3.30065e-05
737.583 7.9463e-05 3.10123e-05
731.349 7.60373e-05 2.92195e-05
725.219 7.27255e-05 3.02909e-05
719.19 6.9524e-05 2.72375e-05
713.262 6.64296e-05 2.62896e-05
707.43 6.34388e-05 2.34361e-05
701.693 6.05488e-05 2.11943e-05
696.048 5.77563e-05 1.72736e-05
690.493 5.50586e-05 1.43078e-05
685.026 5.24529e-05 1.13956e-05
679.645 4.99366e-05 9.00721e-06
674.348 4.7507e-05 7.30214e-06
669.132 4.51617e-05 6.99761e-06
663.997 4.28985e-05 6.38014e-06
658.94 4.07149e-05 6.20124e-06
653.96 3.86089e-05 6.39e-06
649.054 3.65783e-05 5.79601e-06
644.221 3.46211e-05 5.43261e-06
639.46 3.27353e-05 5.07015e-06
634.769 3.09191e-05 4.18578e-06
630.146 2.91707e-05 2.92421e-06
625.589 2.74883e-05 1.92877e-06
621.099 2.58701e-05 1.74017e-06
616.672 2.43147e-05 1.5963e-06
612.308 2.28204e-05 1.99647e-06
608.005 2.13858e-05 2.77723e-06
603.762 2.00093e-05 4.78735e-06
599.578 1.86895e-05 5.72153e-06
595.452 1.74252e-05 5.85159e-06
591.382 1.62149e-05 5.99118e-06
587.367 1.50574e-05 5.55653e-06
583.407 1.39515e-05 5.51456e-06
579.499 1.28961e-05 5.06307e-06
575.644 1.18898e-05 4.28942e-06
571.839 1.09317e-05 4.4786e-06
568.084 1.00207e-05 5.76527e-06
564.379 9.15568e-06 8.24887e-06
560.721 8.33569e-06 1.04825e-05
557.111 7.55975e-06 1.30786e-05
553.547 6.82692e-06 1.77668e-05
550.028 6.13629e-06 2.13881e-05
546.553 5.48697e-06 2.37439e-05
543.122 4.87812e-06 2.43659e-05
539.734 4.30889e-06 2.35697e-05
536.388 3.77849e-06 2.35313e-05
533.083 3.28614e-06 2.08169e-05
529.819 2.83108e-06 1.98663e-05
526.594 2.41259e-06 1.94265e-05
523.409 2.02994e-06 2.0035e-05
520.261 1.68247e-06 2.24671e-05
517.152 1.36948e-06 2.65792e-05
514.079 1.09034e-06 3.20145e-05
511.043 8.44423e-07 3.94548e-05
508.042 6.31115e-07 4.50593e-05
505.076 4.49815e-07 5.05925e-05
502.145 2.99957e-07 5.50951e-05
499.247 1.80976e-07 5.46738e-05
496.383 9.2331e-08 5.45666e-05
493.552 3.34939e-08 5.26482e-05
490.752 3.9512e-09 4.6925e-05
487.984 3.20494e-09 4.44726e-05
485.248 3.07706e-08 4.31086e-05
482.541 8.61755e-08 4.29482e-05
479.865 1.68964e-07 4.73017e-05
477.218 2.78688e-07 5.2419e-05
474.601 4.14916e-07 6.04546e-05
472.011 5.77224e-07 7.05862e-05
469.45 7.65206e-07 7.95477e-05
466.917 9.78459e-07 8.89731e-05
464.411 1.21659e-06 9.28829e-05
461.931 1.47924e-06 9.23393e-05
459.478 1.76602e-06 9.09982e-05
457.051 2.07658e-06 8.43929e-05
454.649 2.41057e-06 7.94427e-05
452.273 2.76764e-06 7.31353e-05
449.921 3.14748e-06 6.84378e-05
447.593 3.54975e-06 7.01736e-05
445.29 3.97415e-06 7.09333e-05
443.01 4.42036e-06 8.07476e-05
440.753 4.88809e-06 9.01461e-05
438.519 5.37704e-06 0.000102583
436.308 5.88694e-06 0.000115891
434.119 6.4175e-06 0.000125354
431.951 6.96845e-06 0.000131246
429.806 7.53954e-06 0.000130898
427.681 8.13051e-06 0.00012836
425.577 8.7411e-06 0.000117842
423.494 9.37107e-06 0.000106569
421.432 1.00202e-05 9.74367e-05
419.389 1.06882e-05 9.47991e-05
417.366 1.13749e-05 9.09539e-05
415.362 1.20801e-05 9.24828e-05
413.378 1.28035e-05 0.000104361
411.412 1.3545e-05 0.000115897
409.465 1.43043e-05 0.000127222
407.536 1.50812e-05 0.0001485
405.626 1.58755e-05 0.000155806
403.733 1.66871e-05 0.000165417
401.858 1.75157e-05 0.00016267
400 1.83612e-05 0.000156129
