5000 0.824452 0.863416
4726.84 0.805507 0.731758
4481.98 0.788387 0.736134
4261.24 0.771099 0.73546
4061.22 0.75359 0.68588
3879.14 0.735927 0.684261
3712.69 0.718181 0.663861
3559.93 0.700416 0.633143
3419.24 0.682686 0.626019
3289.26 0.665043 0.601133
3168.79 0.647527 0.579951
3056.84 0.630178 0.568494
2952.52 0.613028 0.544576
2855.09 0.596106 0.528527
2763.89 0.579438 0.514241
2678.33 0.563044 0.493182
2597.91 0.546942 0.479695
2522.18 0.531147 0.463879
2450.74 0.515672 0.446071
2383.23 0.500526 0.434064
2319.35 0.485718 0.418214
2258.8 0.471251 0.403507
2201.33 0.45713 0.391877
2146.71 0.443357 0.377075
2094.74 0.429933 0.364837
2045.22 0.416856 0.353225
1997.99 0.404125 0.339771
1952.89 0.391737 0.329438
1909.79 0.379687 0.318225
1868.54 0.367973 0.306591
1829.04 0.356588 0.297223
1791.18 0.345528 0.286757
1754.85 0.334785 0.276911
1719.97 0.324354 0.268314
1686.44 0.314228 0.258582
1654.2 0.304401 0.250152
1623.16 0.294864 0.242116
1593.27 0.285612 0.233163
1564.47 0.276637 0.22585
1536.68 0.267931 0.218064
1509.86 0.259487 0.210386
1483.97 0.251298 0.203778
1458.94 0.243358 0.196647
1434.75 0.235658 0.190013
1411.35 0.228193 0.184112
1388.7 0.220954 0.177605
1366.76 0.213936 0.171838
1345.5 0.207131 0.166243
1324.9 0.200533 0.160341
1304.92 0.194137 0.155301
1285.53 0.187935 0.149986
1266.71 0.181921 0.144717
1248.43 0.176091 0.140162
1230.67 0.170437 0.13516
1213.41 0.164955 0.1306
1196.63 0.159639 0.126387
1180.31 0.154484 0.121882
1164.42 0.149485 0.117985
1148.96 0.144636 0.114081
1133.9 0.139934 0.110082
1119.24 0.135374 0.106559
1104.94 0.13095 0.102952
1091.01 0.12666 0.0993951
1077.42 0.122498 0.0961714
1064.17 0.11846 0.0927569
1051.24 0.114544 0.0895318
1038.62 0.110744 0.086543
1026.3 0.107057 0.083309
1014.27 0.103481 0.0805073
1002.52 0.10001 0.0777328
991.036 0.0966429 0.0748815
979.813 0.0933756 0.0724329
968.841 0.0902051 0.0698514
958.113 0.0871286 0.0673585
947.619 0.0841431 0.0651848
937.353 0.081246 0.0628077
927.307 0.0784345 0.060629
917.473 0.0757061 0.0585443
907.847 0.0730584 0.0562947
898.42 0.0704888 0.0542797
889.187 0.0679952 0.0522826
880.142 0.0655752 0.0502048
871.278 0.0632268 0.04839
862.592 0.0609478 0.0465333
854.077 0.0587363 0.0446866
845.729 0.0565903 0.0431099
837.542 0.0545079 0.0414462
829.512 0.0524873 0.0399472
821.635 0.0505268 0.0384779
813.906 0.0486247 0.036944
806.321 0.0467794 0.0355667
798.876 0.0449892 0.0342134
791.567 0.0432526 0.0327912
784.391 0.0415683 0.0314471
777.344 0.0399346 0.0301094
770.422 0.0383504 0.028786
763.622 0.0368142 0.0275777
756.942 0.0353247 0.0263346
750.377 0.0338808 0.0251909
743.925 0.0324811 0.0241782
737.583 0.0311246 0.0230843
731.349 0.0298101 0.0221247
725.219 0.0285365 0.0212008
719.19 0.0273027 0.0202515
713.262 0.0261078 0.0193995
707.43 0.0249507 0.0185079
701.693 0.0238304 0.0176078
696.048 0.0227462 0.0167757
690.493 0.0216969 0.0159102
685.026 0.0206818 0.0150488
679.645 0.0197001 0.0142877
674.348 0.0187508 0.0134798
669.132 0.0178333 0.0127661
663.997 0.0169467 0.0121103
658.94 0.0160903 0.0114369
653.96 0.0152633 0.0108816
649.054 0.0144651 0.0103142
644.221 0.013695 0.00974319
639.46 0.0129523 0.00922829
634.769 0.0122364 0.00869082
630.146 0.0115466 0.00815837
625.589 0.0108824 0.00765116
621.099 0.0102431 0.00712646
616.672 0.00962821 0.00661433
612.308 0.00903716 0.00615467
608.005 0.0084694 0.00565577
603.762 0.00792441 0.00524357
599.578 0.00740168 0.00487704
595.452 0.00690072 0.00449364
591.382 0.00642104 0.00419536
587.367 0.00596218 0.00387981
583.407 0.00552369 0.00358649
579.499 0.00510512 0.00332397
575.644 0.00470605 0.00303013
571.839 0.00432605 0.00276085
568.084 0.00396472 0.00249438
564.379 0.00362167 0.00221034
560.721 0.0032965 0.00195923
557.111 0.00298884 0.00173097
553.547 0.00269833 0.00149239
550.028 0.00242461 0.00129895
546.553 0.00216733 0.00112343
543.122 0.00192616 0.000972293
539.734 0.00170077 0.000846941
536.388 0.00149084 0.000724531
533.083 0.00129605 0.000612468
529.819 0.0011161 0.000523955
526.594 0.000950693 0.000423376
523.409 0.00079954 0.000338532
520.261 0.00066236 0.000256104
517.152 0.000538874 0.000178165
514.079 0.000428817 0.000114432
511.043 0.000331923 6.84452e-05
508.042 0.00024794 3.18118e-05
505.076 0.000176615 1.11129e-05
502.145 0.000117706 2.88436e-06
499.247 7.09745e-05 4.92477e-06
496.383 3.61879e-05 1.382e-05
493.552 1.31192e-05 3.08294e-05
490.752 1.54665e-06 5.35444e-05
487.984 1.25371e-06 8.16569e-05
485.248 1.20288e-05 0.000124012
482.541 3.36643e-05 0.000172474
479.865 6.59591e-05 0.000235955
477.218 0.000108715 0.000320707
474.601 0.000161738 0.000412545
472.011 0.00022484 0.000518431
469.45 0.000297836 0.000648553
466.917 0.000380546 0.00075609
464.411 0.00047279 0.000890314
461.931 0.0005744 0.00101422
459.478 0.000685202 0.00111738
457.051 0.000805033 0.00123858
454.649 0.00093373 0.00134178
452.273 0.00107113 0.00145214
449.921 0.00121709 0.00159599
447.593 0.00137144 0.0017464
445.29 0.00153405 0.00191917
443.01 0.00170475 0.00214563
440.753 0.00188342 0.0023747
438.519 0.00206991 0.00260965
436.308 0.00226408 0.00286857
434.119 0.0024658 0.00310447
431.951 0.00267494 0.00333657
429.806 0.00289136 0.00355661
427.681 0.00311494 0.0037233
425.577 0.00334556 0.00389995
423.494 0.00358309 0.00407236
421.432 0.00382741 0.00422448
419.389 0.00407841 0.00443734
417.366 0.00433596 0.00467507
415.362 0.00459997 0.00493341
413.378 0.00487031 0.00528408
411.412 0.00514688 0.00560723
409.465 0.00542956 0.00597122
407.536 0.00571826 0.00636295
405.626 0.00601288 0.00666687
403.733 0.0063133 0.00699056
401.858 0.00661943 0.0072956
400 0.00693118 0.00747919
