5000 0.972374 1.00693
4726.84 0.968749 0.974653
4481.98 0.965378 0.969262
4261.24 0.961846 0.980961
4061.22 0.958128 0.966375
3879.14 0.954225 0.967519
3712.69 0.95014 0.968335
3559.93 0.945878 0.958305
3419.24 0.941439 0.960055
3289.26 0.936827 0.956054
3168.79 0.932044 0.949367
3056.84 0.927091 0.950078
2952.52 0.92197 0.943882
2855.09 0.916683 0.939677
2763.89 0.911231 0.93839
2678.33 0.905616 0.931435
2597.91 0.89984 0.928343
2522.18 0.893906 0.924688
2450.74 0.887813 0.917853
2383.23 0.881566 0.914971
2319.35 0.875165 0.909614
2258.8 0.868613 0.90362
2201.33 0.861912 0.900424
2146.71 0.855064 0.894107
2094.74 0.848071 0.888929
2045.22 0.840936 0.884662
1997.99 0.833662 0.877619
1952.89 0.826251 0.872602
1909.79 0.818705 0.866797
1868.54 0.811028 0.859516
1829.04 0.803222 0.854249
1791.18 0.79529 0.847402
1754.85 0.787235 0.840531
1719.97 0.779061 0.835022
1686.44 0.77077 0.827723
1654.2 0.762367 0.821257
1623.16 0.753853 0.814998
1593.27 0.745233 0.807119
1564.47 0.736511 0.80045
1536.68 0.727689 0.793021
1509.86 0.718772 0.784768
1483.97 0.709764 0.777707
1458.94 0.700668 0.769482
1434.75 0.691489 0.761408
1411.35 0.68223 0.754118
1388.7 0.672896 0.745608
1366.76 0.66349 0.737759
1345.5 0.654018 0.729888
1324.9 0.644484 0.721021
1304.92 0.634891 0.712913
1285.53 0.625245 0.704195
1266.71 0.615549 0.694985
1248.43 0.605809 0.686528
1230.67 0.596029 0.677238
1213.41 0.586214 0.668044
1196.63 0.576369 0.659325
1180.31 0.566498 0.649749
1164.42 0.556606 0.640671
1148.96 0.546697 0.631508
1133.9 0.536777 0.621679
1119.24 0.526851 0.612525
1104.94 0.516923 0.602768
1091.01 0.506998 0.592841
1077.42 0.49708 0.583481
1064.17 0.487176 0.573511
1051.24 0.477289 0.563672
1038.62 0.467424 0.554119
1026.3 0.457586 0.543889
1014.27 0.44778 0.534017
1002.52 0.43801 0.524074
991.036 0.428281 0.513633
979.813 0.418598 0.50368
968.841 0.408964 0.493456
958.113 0.399385 0.48312
947.619 0.389865 0.473333
937.353 0.380408 0.463202
927.307 0.371019 0.453212
917.473 0.3617 0.443537
907.847 0.352458 0.433349
898.42 0.343295 0.423431
889.187 0.334215 0.413452
880.142 0.325222 0.403069
871.278 0.31632 0.393064
862.592 0.307512 0.382889
854.077 0.298802 0.372717
845.729 0.290193 0.363017
837.542 0.281688 0.353139
829.512 0.27329 0.343507
821.635 0.265002 0.334226
813.906 0.256828 0.324674
806.321 0.248768 0.315431
798.876 0.240827 0.306252
791.567 0.233006 0.296784
784.391 0.225308 0.287604
777.344 0.217735 0.278379
770.422 0.210289 0.269101
763.622 0.202971 0.260223
756.942 0.195784 0.251262
750.377 0.188729 0.242458
743.925 0.181807 0.234055
737.583 0.17502 0.225558
731.349 0.168369 0.217381
725.219 0.161854 0.209453
719.19 0.155478 0.201409
713.262 0.149239 0.193756
707.43 0.14314 0.186162
701.693 0.137181 0.178529
696.048 0.131362 0.171215
690.493 0.125683 0.163887
685.026 0.120144 0.156615
679.645 0.114746 0.149636
674.348 0.109488 0.142656
669.132 0.10437 0.135896
663.997 0.0993919 0.129427
658.94 0.0945532 0.123032
653.96 0.0898532 0.117006
649.054 0.0852915 0.111194
644.221 0.0808671 0.105456
639.46 0.0765794 0.100056
634.769 0.0724274 0.0946973
630.146 0.06841 0.0894149
625.589 0.0645264 0.0843763
621.099 0.0607751 0.0793037
616.672 0.0571551 0.0743869
612.308 0.0536651 0.0696805
608.005 0.0503036 0.065049
603.762 0.0470692 0.0606599
599.578 0.0439605 0.0565571
595.452 0.0409758 0.0525609
591.382 0.0381137 0.0488734
587.367 0.0353723 0.0453525
583.407 0.0327502 0.041947
579.499 0.0302454 0.0387946
575.644 0.0278563 0.035706
571.839 0.025581 0.0326925
568.084 0.0234177 0.0298591
564.379 0.0213645 0.0270821
560.721 0.0194195 0.0244378
557.111 0.0175808 0.0219659
553.547 0.0158464 0.019579
550.028 0.0142145 0.0174021
546.553 0.0126829 0.0154186
543.122 0.0112497 0.0135439
539.734 0.00991302 0.0118766
536.388 0.00867074 0.0103485
533.083 0.00752087 0.00891998
529.819 0.0064614 0.00764786
526.594 0.00549034 0.00646212
523.409 0.00460566 0.00534884
520.261 0.00380537 0.00436927
517.152 0.00308747 0.00345299
514.079 0.00244996 0.00264424
511.043 0.00189086 0.00195885
508.042 0.0014082 0.00136805
505.076 0.00100001 0.000898029
502.145 0.000664351 0.000542241
499.247 0.000399289 0.000280374
496.383 0.000202908 0.0001176
493.552 7.33099e-05 4.03641e-05
490.752 8.61252e-06 3.97556e-05
487.984 6.95643e-06 0.000111408
485.248 6.65011e-05 0.000263216
482.541 0.000185424 0.000490412
479.865 0.000361933 0.000794228
477.218 0.000594248 0.00119314
474.601 0.000880622 0.0016713
472.011 0.00121933 0.00222454
469.45 0.00160866 0.00286817
466.917 0.00204694 0.0035513
464.411 0.00253252 0.00428363
461.931 0.00306378 0.00507017
459.478 0.00363911 0.00584833
457.051 0.00425693 0.0066607
454.649 0.00491572 0.00752755
452.273 0.00561393 0.00838785
449.921 0.00635009 0.00933238
447.593 0.00712273 0.0103662
445.29 0.00793041 0.0114404
443.01 0.00877171 0.0126271
440.753 0.00964527 0.0138975
438.519 0.0105497 0.0151864
436.308 0.0114837 0.016562
434.119 0.012446 0.0179192
431.951 0.0134352 0.0192425
429.806 0.0144502 0.0205697
427.681 0.0154898 0.0218254
425.577 0.0165526 0.0230534
423.494 0.0176376 0.0243284
421.432 0.0187436 0.0255529
419.389 0.0198695 0.0268772
417.366 0.0210142 0.0282925
415.362 0.0221767 0.0296881
413.378 0.0233558 0.0312841
411.412 0.0245507 0.0329225
409.465 0.0257602 0.0345701
407.536 0.0269835 0.0362984
405.626 0.0282196 0.0379322
403.733 0.0294675 0.039481
401.858 0.0307264 0.0410686
400 0.0319955 0.0424317
