5000 1 1.01025
4726.84 1 0.998509
4481.98 1 0.997381
4261.24 1 1.00303
4061.22 1 0.998415
3879.14 1 1.00003
3712.69 1 1.00144
3559.93 1 0.998666
3419.24 1 1.00058
3289.26 1 1.00024
3168.79 1 0.998965
3056.84 1 1.00068
2952.52 1 0.999767
2855.09 1 0.999719
2763.89 1 1.00087
2678.33 1 0.999769
2597.91 1 1.00019
2522.18 1 1.00044
2450.74 1 0.999404
2383.23 1 1.00001
2319.35 1 0.999737
2258.8 1 0.999322
2201.33 1 1.00014
2146.71 1 0.999843
2094.74 1 1.00006
2045.22 1 1.0007
1997.99 1 1.00019
1952.89 1 1.00045
1909.79 1 1.00041
1868.54 1 0.999688
1829.04 1 0.999901
1791.18 1 0.999562
1754.85 1 0.999305
1719.97 1 0.999825
1686.44 1 0.999687
1654.2 1 1.00001
1623.16 1 1.00049
1593.27 1 1.00027
1564.47 1 1.00053
1536.68 1 1.00045
1509.86 1 0.99994
1483.97 1 1.00004
1458.94 1 0.999681
1434.75 1 0.999464
1411.35 1 0.999798
1388.7 1 0.999666
1366.76 1 0.999947
1345.5 1 1.0003
1324.9 1 1.00015
1304.92 1 1.00036
1285.53 1 1.00028
1266.71 1 0.99992
1248.43 1 1.00001
1230.67 1 0.999761
1213.41 1 0.999658
1196.63 1 0.999976
1180.31 1 0.999905
1164.42 1 1.00012
1148.96 1 1.00037
1133.9 1 1.00014
1119.24 1 1.0002
1104.94 1 1.00003
1091.01 1 0.999655
1077.42 1 0.999745
1064.17 1 0.999611
1051.24 1 0.999667
1038.62 1 1.00009
1026.3 1 1.00016
1014.27 1 1.00041
1002.52 1 1.00063
991.036 1 1.00033
979.813 1 1.00024
968.841 1 0.999911
958.113 1 0.99943
947.619 1 0.999444
937.353 1 0.999375
927.307 1 0.999494
917.473 1 1.00004
907.847 1 1.00027
898.42 1 1.00057
889.187 1 1.00085
880.142 1 1.00052
871.278 1 1.00032
862.592 1 0.999963
854.077 1 0.9994
845.729 1 0.999349
837.542 1 0.999322
829.512 1 0.99942
821.635 1 0.999997
813.906 1 1.00035
806.321 1 1.00055
798.876 1 1.00083
791.567 1 1.00046
784.391 1 1.00021
777.344 1 0.999972
770.422 0.999999 0.999392
763.622 0.999999 0.999423
756.942 0.999999 0.999551
750.377 0.999999 0.99965
743.925 0.999999 1.00019
737.583 0.999999 1.00043
731.349 0.999999 1.00037
725.219 0.999999 1.0006
719.19 0.999999 1.00013
713.262 0.999999 0.999703
707.43 0.999999 0.999706
701.693 0.999999 0.999369
696.048 0.999999 0.999596
690.493 0.999999 1.00014
685.026 0.999999 1.00017
679.645 0.999999 1.00065
674.348 0.999999 1.00084
669.132 0.999999 1.00014
663.997 0.999999 1.00007
658.94 0.999998 0.999635
653.96 0.999998 0.998869
649.054 0.999998 0.999468
644.221 0.999998 0.999611
639.46 0.999997 0.999627
634.769 0.999997 1.00139
630.146 0.999996 1.00099
625.589 0.999995 0.999332
621.099 0.999984 1.01328
616.672 0.484751 0.483185
612.308 0.341205 0.340459
608.005 0.260651 0.258997
603.762 0.207004 0.206068
599.578 0.168276 0.167451
595.452 0.138937 0.138207
591.382 0.115981 0.115447
587.367 0.0975956 0.0972088
583.407 0.0826115 0.0822373
579.499 0.0702318 0.0698587
575.644 0.059893 0.059585
571.839 0.0511829 0.0509351
568.084 0.0437931 0.0434501
564.379 0.0374872 0.0371428
560.721 0.032081 0.0319097
557.111 0.0274288 0.0272373
553.547 0.0234135 0.0231293
550.028 0.0199403 0.0198016
546.553 0.0169313 0.0169227
543.122 0.0143222 0.0142737
539.734 0.0120593 0.0119819
536.388 0.0100974 0.0100815
533.083 0.00839835 0.00846692
529.819 0.00692962 0.00700281
526.594 0.00566343 0.00565412
523.409 0.00457584 0.00455605
520.261 0.00364619 0.00367851
517.152 0.00285654 0.00290526
514.079 0.00219127 0.00221326
511.043 0.0016367 0.00163778
508.042 0.00118086 0.00119076
505.076 0.000813192 0.00085628
502.145 0.000524384 0.000584482
499.247 0.000306188 0.000361326
496.383 0.000151294 0.000200317
493.552 5.31934e-05 9.92919e-05
490.752 6.08608e-06 4.94455e-05
487.984 4.79103e-06 4.4558e-05
485.248 4.46702e-05 8.22534e-05
482.541 0.000121562 0.000159595
479.865 0.000231734 0.000270813
477.218 0.000371822 0.000408739
474.601 0.000538798 0.000571155
472.011 0.000729927 0.000764077
469.45 0.000942742 0.000985557
466.917 0.00117501 0.00121926
464.411 0.0014247 0.00146148
461.931 0.00168998 0.00171137
459.478 0.00196919 0.00196307
457.051 0.00226081 0.00223647
454.649 0.00256347 0.00253263
452.273 0.00287591 0.00284001
449.921 0.003197 0.00317387
447.593 0.00352569 0.00351488
445.29 0.00386105 0.0038552
443.01 0.0042022 0.00420035
440.753 0.00454836 0.00455124
438.519 0.00489881 0.00491015
436.308 0.00525288 0.00529497
434.119 0.00560998 0.00566553
431.951 0.00596957 0.00599987
429.806 0.00633113 0.00630851
427.681 0.00669421 0.00660266
425.577 0.0070584 0.00693872
423.494 0.0074233 0.00732657
421.432 0.00778858 0.00773143
419.389 0.0081539 0.00812965
417.366 0.00851897 0.00848247
415.362 0.00888354 0.00880565
413.378 0.00924737 0.00917337
411.412 0.00961021 0.00959744
409.465 0.00997189 0.0100581
407.536 0.0103322 0.0104965
405.626 0.010691 0.0108259
403.733 0.0110481 0.0110633
401.858 0.0114034 0.0113035
400 0.0117568 0.0115918
