124000.0000000000 0.0000000694
62000.0000000000 0.0000006535
41333.3333333333 0.0000019630
31000.0000000000 0.0000039534
24800.0000000000 0.0000065663
20666.6666666667 0.0000098084
17714.2857142857 0.0000136580
15500.0000000000 0.0000181104
13777.7777777778 0.0000231629
12400.0000000000 0.0000288140
11272.7272727273 0.0000350629
10333.3333333333 0.0000419091
9538.4615384615 0.0000493521
8857.1428571429 0.0000574406
8266.6666666667 0.0000660803
7750.0000000000 0.0000753164
7294.1176470588 0.0000851487
6888.8888888889 0.0000956405
6526.3157894737 0.0001066687
6200.0000000000 0.0001183635
5904.7619047619 0.0001305876
5636.3636363636 0.0001434853
5391.3043478261 0.0001569051
5166.6666666667 0.0001710055
4960.0000000000 0.0001857092
4769.2307692308 0.0002010160
4592.5925925926 0.0002169259
4428.5714285714 0.0002334389
4275.8620689655 0.0002505551
4133.3333333333 0.0002682744
4000.0000000000 0.0002865968
3875.0000000000 0.0003056355
3757.5757575758 0.0003251676
3647.0588235294 0.0003454231
3542.8571428571 0.0003662889
3444.4444444444 0.0003876374
3351.3513513514 0.0004097199
3263.1578947368 0.0004325472
3179.4871794872 0.0004558537
3100.0000000000 0.0004797703
3024.3902439024 0.0005042972
2952.3809523810 0.0005295829
2883.7209302326 0.0005554859
2818.1818181818 0.0005820062
2755.5555555556 0.0006091437
2695.6521739130 0.0006368985
2638.2978723404 0.0006652706
2583.3333333333 0.0006942599
2530.6122448980 0.0007240401
2480.0000000000 0.0007544446
2431.3725490196 0.0007854735
2384.6153846154 0.0008171267
2339.6226415094 0.0008494043
2296.2962962963 0.0008823062
2254.5454545455 0.0009160274
2214.2857142857 0.0009503800
2175.4385964912 0.0009851620
2137.9310344828 0.0010209795
2101.6949152542 0.0010572263
2066.6666666667 0.0010941047
2032.7868852459 0.0011318306
2000.0000000000 0.0011701950
1968.2539682540 0.0012091980
1937.5000000000 0.0012488395
1907.6923076923 0.0012893499
1878.7878787879 0.0013305059
1850.7462686567 0.0013723074
1823.5294117647 0.0014147546
1797.1014492754 0.0014578474
1771.4285714286 0.0015018339
1746.4788732394 0.0015464731
1722.2222222222 0.0015917650
1698.6301369863 0.0016377096
1675.6756756757 0.0016845691
1653.3333333333 0.0017320885
1631.5789473684 0.0017802676
1610.3896103896 0.0018291065
1589.7435897436 0.0018788816
1569.6202531646 0.0019293236
1550.0000000000 0.0019804325
1530.8641975309 0.0020324954
1512.1951219512 0.0020849415
1493.9759036145 0.0021386430
1476.1904761905 0.0021927277
1458.8235294118 0.0022474863
1441.8604651163 0.0023032237
1425.2873563218 0.0023599507
1409.0909090909 0.0024170537
1393.2584269663 0.0024751533
1377.7777777778 0.0025339410
1362.6373626374 0.0025937394
1347.8260869565 0.0026542331
1333.3333333333 0.0027154219
1319.1489361702 0.0027773059
1305.2631578947 0.0028402219
1291.6666666667 0.0029038402
1278.3505154639 0.0029685046
1265.3061224490 0.0030338785
1252.5252525253 0.0030999616
1240.0000000000 0.0031671087
1227.7227722772 0.0032349723
1215.6862745098 0.0033035522
1203.8834951456 0.0033732138
1192.3076923077 0.0034435989
1180.9523809524 0.0035150799
1169.8113207547 0.0035872914
1158.8785046729 0.0036602335
1148.1481481481 0.0037342892
1137.6146788991 0.0038090826
1127.2727272727 0.0038850037
1117.1171171171 0.0039616695
1107.1428571429 0.0040394773
1097.3451327434 0.0041176361
1087.7192982456 0.0041973482
1078.2608695652 0.0042778193
1068.9655172414 0.0043590492
1059.8290598291 0.0044414530
1050.8474576271 0.0045246227
1042.0168067227 0.0046089805
1033.3333333333 0.0046941113
1024.7933884298 0.0047804442
1016.3934426230 0.0048675574
1008.1300813008 0.0049558868
1000.0000000000 0.0050450035
992.0000000000 0.0051353507
984.1269841270 0.0052264921
976.3779527559 0.0053188783
968.7500000000 0.0054120659
961.2403100775 0.0055065123
953.8461538462 0.0056017671
946.5648854962 0.0056982950
939.3939393939 0.0057961066
932.3308270677 0.0058947408
925.3731343284 0.0059946728
918.5185185185 0.0060954345
911.7647058824 0.0061975082
905.1094890511 0.0063004186
898.5507246377 0.0064051447
892.0863309353 0.0065102287
885.7142857143 0.0066171495
879.4326241135 0.0067249284
873.2394366197 0.0068335653
867.1328671329 0.0069440744
861.1111111111 0.0070554557
855.1724137931 0.0071677092
849.3150684932 0.0072818703
843.5374149660 0.0073969178
837.8378378378 0.0075133765
832.2147651007 0.0076307285
826.6666666667 0.0077495059
821.1920529801 0.0078697193
815.7894736842 0.0079913792
810.4575163399 0.0081139538
805.1948051948 0.0082379891
800.0000000000 0.0083634958
794.8717948718 0.0084904845
789.8089171975 0.0086189659
784.8101265823 0.0087483901
779.8742138365 0.0088793212
775.0000000000 0.0090117696
770.1863354037 0.0091457461
765.4320987654 0.0092812613
760.7361963190 0.0094177477
756.0975609756 0.0095557869
751.5151515152 0.0096959746
746.9879518072 0.0098371549
742.5149700599 0.0099799198
738.0952380952 0.0101242800
733.7278106509 0.0102702461
729.4117647059 0.0104178287
725.1461988304 0.0105664321
720.9302325581 0.0107172762
716.7630057803 0.0108697686
712.6436781609 0.0110239201
708.5714285714 0.0111791205
704.5454545455 0.0113366183
700.5649717514 0.0114958070
696.6292134831 0.0116566971
692.7374301676 0.0118192993
688.8888888889 0.0119836243
685.0828729282 0.0121496825
681.3186813187 0.0123174847
677.5956284153 0.0124876905
673.9130434783 0.0126590159
670.2702702703 0.0128327732
666.6666666667 0.0130083240
663.1016042781 0.0131856789
659.5744680851 0.0133648485
656.0846560847 0.0135458434
652.6315789474 0.0137293480
649.2146596859 0.0139147062
645.8333333333 0.0141026095
642.4870466321 0.0142917103
639.1752577320 0.0144833845
635.8974358974 0.0146776534
632.6530612245 0.0148731480
629.4416243655 0.0150712656
626.2626262626 0.0152720273
623.1155778894 0.0154747488
620.0000000000 0.0156794406
616.9154228856 0.0158868261
613.8613861386 0.0160962102
610.8374384236 0.0163083234
607.8431372549 0.0165224635
604.8780487805 0.0167393680
601.9417475728 0.0169590582
599.0338164251 0.0171808213
596.1538461538 0.0174054053
593.3014354067 0.0176320906
590.4761904762 0.0178616322
587.6777251185 0.0180940515
584.9056603774 0.0183293695
582.1596244131 0.0185668524
579.4392523364 0.0188072695
576.7441860465 0.0190506419
574.0740740741 0.0192969909
571.4285714286 0.0195463378
568.8073394495 0.0197987037
566.2100456621 0.0200533334
563.6363636364 0.0203117974
561.0859728507 0.0205725606
558.5585585586 0.0208372077
556.0538116592 0.0211049798
553.5714285714 0.0213758982
551.1111111111 0.0216499841
548.6725663717 0.0219272587
546.2555066079 0.0222085480
543.8596491228 0.0224930755
541.4847161572 0.0227808623
539.1304347826 0.0230719297
536.7965367965 0.0233671178
534.4827586207 0.0236656360
532.1888412017 0.0239683314
529.9145299145 0.0242744063
527.6595744681 0.0245847150
525.4237288136 0.0248992892
523.2067510549 0.0252173207
521.0084033613 0.0255396743
518.8284518828 0.0258655345
516.6666666667 0.0261966242
514.5228215768 0.0265312770
512.3966942149 0.0268703720
510.2880658436 0.0272148024
508.1967213115 0.0275628808
506.1224489796 0.0279154966
504.0650406504 0.0282735538
502.0242914980 0.0286353437
500.0000000000 0.0290026455
497.9919678715 0.0293755017
496.0000000000 0.0297521822
494.0239043825 0.0301353774
492.0634920635 0.0305224606
490.1185770751 0.0309161431
488.1889763780 0.0313146774
486.2745098039 0.0317189990
484.3750000000 0.0321282429
482.4902723735 0.0325442627
480.6201550388 0.0329661969
478.7644787645 0.0333931698
476.9230769231 0.0338270563
475.0957854406 0.0342679092
473.2824427481 0.0347139243
471.4828897338 0.0351669975
469.6969696970 0.0356271819
467.9245283019 0.0360935910
466.1654135338 0.0365672100
464.4194756554 0.0370480918
462.6865671642 0.0375362892
460.9665427509 0.0380309017
459.2592592593 0.0385348424
457.5645756458 0.0390453040
455.8823529412 0.0395642566
454.2124542125 0.0400907964
452.5547445255 0.0406269181
450.9090909091 0.0411707466
449.2753623188 0.0417233130
447.6534296029 0.0422846805
446.0431654676 0.0428558979
444.4444444444 0.0434360502
442.8571428571 0.0440252011
441.2811387900 0.0446254053
439.7163120567 0.0452347488
438.1625441696 0.0458542977
436.6197183099 0.0464851324
435.0877192982 0.0471273373
433.5664335664 0.0477799836
432.0557491289 0.0484441620
430.5555555556 0.0491199570
429.0657439446 0.0498074531
427.5862068966 0.0505077621
426.1168384880 0.0512209790
424.6575342466 0.0519471989
423.2081911263 0.0526875547
421.7687074830 0.0534411104
420.3389830508 0.0542090059
418.9189189189 0.0549913468
417.5084175084 0.0557882385
416.1073825503 0.0566018977
414.7157190635 0.0574303326
413.3333333333 0.0582757740
411.9601328904 0.0591383483
410.5960264901 0.0600181821
409.2409240924 0.0609164749
407.8947368421 0.0618333638
406.5573770492 0.0627689855
405.2287581699 0.0637245609
403.9087947883 0.0647002373
402.5974025974 0.0656983437
401.2944983819 0.0667168598
400.0000000000 0.0677592266
398.7138263666 0.0688234200
397.4358974359 0.0699129124
396.1661341853 0.0710278933
394.9044585987 0.0721685518
393.6507936508 0.0733350768
392.4050632911 0.0745310147
391.1671924290 0.0757554633
389.9371069182 0.0770097587
388.7147335423 0.0782952508
387.5000000000 0.0796133034
386.2928348910 0.0809641578
385.0931677019 0.0823514753
383.9009287926 0.0837743849
382.7160493827 0.0852365898
381.5384615385 0.0867372325
380.3680981595 0.0882789041
379.2048929664 0.0898642231
378.0487804878 0.0914946749
376.8996960486 0.0931729233
375.7575757576 0.0948993236
374.6223564955 0.0966777459
373.4939759036 0.0985097514
372.3723723724 0.1003980940
371.2574850299 0.1023455548
370.1492537313 0.1043549429
369.0476190476 0.1064302838
367.9525222552 0.1085732593
366.8639053254 0.1107891529
365.7817109145 0.1130809043
364.7058823529 0.1154526834
363.6363636364 0.1179099079
362.5730994152 0.1204556303
361.5160349854 0.1230965707
360.4651162791 0.1258370838
359.4202898551 0.1286827856
358.3815028902 0.1316417938
357.3487031700 0.1347210811
356.3218390805 0.1379264574
355.3008595989 0.1412674886
354.2857142857 0.1447525985
353.2763532764 0.1483915325
352.2727272727 0.1521953751
351.2747875354 0.1561765662
350.2824858757 0.1603464155
349.2957746479 0.1647188489
348.3146067416 0.1693104420
347.3389355742 0.1741391919
346.3687150838 0.1792207389
345.4038997214 0.1845797457
344.4444444444 0.1902360269
343.4903047091 0.1962172300
342.5414364641 0.2025512645
341.5977961433 0.2092701450
340.6593406593 0.2164100391
339.7260273973 0.2240113139
338.7978142077 0.2321185825
337.8746594005 0.2407833390
336.9565217391 0.2500627365
336.0433604336 0.2600222490
335.1351351351 0.2707370649
334.2318059299 0.2822882652
333.3333333333 0.2947759857
332.4396782842 0.3083064793
331.5508021390 0.3230053312
330.6666666667 0.3390150088
329.7872340426 0.3564989811
328.9124668435 0.3756379226
328.0423280423 0.3966431297
327.1767810026 0.4197461126
326.3157894737 0.4452040452
325.4593175853 0.4732972283
324.6073298429 0.5043171043
323.7597911227 0.5385608124
322.9166666667 0.5763000916
322.0779220779 0.6177498362
321.2435233161 0.6630228520
320.4134366925 0.7120558498
319.5876288660 0.7645592747
318.7660668380 0.8199492755
317.9487179487 0.8773540173
317.1355498721 0.9356773341
316.3265306122 0.9937663997
315.5216284987 1.0506310729
314.7208121827 1.1056321002
313.9240506329 1.1585491450
313.1313131313 1.2094454195
312.3425692695 1.2584448108
311.5577889447 1.3055097511
310.7769423559 1.3503876084
310.0000000000 1.3927453320
309.2269326683 1.4323937369
308.4577114428 1.4694864634
307.6923076923 1.5045438153
306.9306930693 1.5383382198
306.1728395062 1.5716922570
305.4187192118 1.6052507128
304.6683046683 1.6392598284
303.9215686275 1.6733427600
303.1784841076 1.7063413103
302.4390243902 1.7363143509
301.7031630170 1.7608025536
300.9708737864 1.7773215326
300.2421307506 1.7839923976
299.5169082126 1.7800788952
298.7951807229 1.7662721362
298.0769230769 1.7446320008
297.3621103118 1.7181895324
296.6507177033 1.6903871451
295.9427207637 1.6644944730
295.2380952381 1.6431916303
294.5368171021 1.6283648132
293.8388625592 1.6211404271
293.1442080378 1.6220574051
292.4528301887 1.6312930505
291.7647058824 1.6488334257
291.0798122066 1.6745268971
290.3981264637 1.7080056501
289.7196261682 1.7485555510
289.0442890443 1.7950381506
288.3720930233 1.8459359737
287.7030162413 1.8995572933
287.0370370370 1.9542968140
286.3741339492 2.0088182464
285.7142857143 2.0620046579
285.0574712644 2.1126688116
284.4036697248 2.1591396381
283.7528604119 2.1989571043
283.1050228311 2.2289334354
282.4601366743 2.2456428703
281.8181818182 2.2462533944
281.1791383220 2.2293942107
280.5429864253 2.1956813247
279.9097065463 2.1477092785
279.2792792793 2.0895218433
278.6516853933 2.0258155142
278.0269058296 1.9611535133
277.4049217002 1.8994026173
276.7857142857 1.8434511975
276.1692650334 1.7951596005
275.5555555556 1.7554398630
274.9445676275 1.7244101272
274.3362831858 1.7015929033
273.7306843267 1.6861061474
273.1277533040 1.6768538656
272.5274725275 1.6726405176
271.9298245614 1.6722042133
271.3347921225 1.6741780989
270.7423580786 1.6771074026
270.1525054466 1.6795764222
269.5652173913 1.6804864556
268.9804772234 1.6793860479
268.3982683983 1.6767122856
267.8185745140 1.6737865368
267.2413793103 1.6725955003
266.6666666667 1.6754268310
266.0944206009 1.6845307546
265.5246252677 1.7018803744
264.9572649573 1.7290585521
264.3923240938 1.7672402096
263.8297872340 1.8172251543
263.2696390658 1.8794707267
262.7118644068 1.9541001625
262.1564482030 2.0408897707
261.6033755274 2.1391930640
261.0526315789 2.2478324456
260.5042016807 2.3649715132
259.9580712788 2.4880274201
259.4142259414 2.6137077493
258.8726513570 2.7381959425
258.3333333333 2.8574896541
257.7962577963 2.9677880477
257.2614107884 3.0658434943
256.7287784679 3.1492204452
256.1983471074 3.2164401251
255.6701030928 3.2670550462
255.1440329218 3.3017126049
254.6201232033 3.3221520694
254.0983606557 3.3311015214
253.5787321063 3.3319746213
253.0612244898 3.3284621778
252.5458248473 3.3241460000
252.0325203252 3.3222515804
251.5212981744 3.3255551284
251.0121457490 3.3363829239
250.5050505051 3.3565889452
250.0000000000 3.3874506712
249.4969818913 3.4294387183
248.9959839357 3.4819261575
248.4969939880 3.5428400787
248.0000000000 3.6083411198
247.5049900200 3.6726283669
247.0119521912 3.7280943437
246.5208747515 3.7660273046
246.0317460317 3.7779384747
245.5445544554 3.7572690102
245.0592885375 3.7009654631
244.5759368836 3.6102905002
244.0944881890 3.4905489217
243.6149312377 3.3498511670
243.1372549020 3.1974361741
242.6614481409 3.0421218407
242.1875000000 2.8912851306
241.7153996101 2.7504410974
241.2451361868 2.6232757819
240.7766990291 2.5119568774
240.3100775194 2.4175339805
239.8452611219 2.3402958229
239.3822393822 2.2800809804
238.9210019268 2.2364838366
238.4615384615 2.2089743399
238.0038387716 2.1969551177
237.5478927203 2.1997560075
237.0936902486 2.2165542752
236.6412213740 2.2462801944
236.1904761905 2.2874833794
235.7414448669 2.3382132697
235.2941176471 2.3959957944
234.8484848485 2.4579437145
234.4045368620 2.5210697848
233.9622641509 2.5827492605
233.5216572505 2.6412218465
233.0827067669 2.6959042549
232.6454033771 2.7473960079
232.2097378277 2.7971398524
231.7757009346 2.8468699767
231.3432835821 2.8980498817
230.9124767225 2.9513909880
230.4832713755 3.0066125740
230.0556586271 3.0624251944
229.6296296296 3.1167494068
229.2051756007 3.1670750867
228.7822878229 3.2108876472
228.3609576427 3.2461365748
227.9411764706 3.2717084303
227.5229357798 3.2878635052
227.1062271062 3.2964629855
226.6910420475 3.3008291242
226.2773722628 3.3052247236
225.8652094718 3.3140671391
225.4545454545 3.3311684070
225.0453720508 3.3591783051
224.6376811594 3.3993459444
224.2314647378 3.4516300124
223.8267148014 3.5150992367
223.4234234234 3.5885117231
223.0215827338 3.6709340521
222.6211849192 3.7621219003
222.2222222222 3.8625088714
221.8246869410 3.9727249157
221.4285714286 4.0927849453
221.0338680927 4.2212081016
220.6405693950 4.3543820458
220.2486678508 4.4863940592
219.8581560284 4.6094841800
219.4690265487 4.7151571243
219.0812720848 4.7957072350
218.6948853616 4.8458622369
218.3098591549 4.8639885077
217.9261862917 4.8525391930
217.5438596491 4.8175794769
217.1628721541 4.7675923715
216.7832167832 4.7119527477
216.4048865620 4.6595654248
216.0278745645 4.6179283809
215.6521739130 4.5927710906
215.2777777778 4.5881186998
214.9046793761 4.6065810988
214.5328719723 4.6496772869
214.1623488774 4.7180531324
213.7931034483 4.8116550084
213.4251290878 4.9299054846
213.0584192440 5.0719790831
212.6929674099 5.2372007708
212.3287671233 5.4254386743
211.9658119658 5.6373659954
211.6040955631 5.8744224405
211.2436115843 6.1384472253
210.8843537415 6.4310700673
210.5263157895 6.7530174591
210.1694915254 7.1035686541
209.8138747885 7.4802873419
209.4594594595 7.8791248621
209.1062394604 8.2948533109
208.7542087542 8.7216718072
208.4033613445 9.1537649340
208.0536912752 9.5856700402
207.7051926298 10.0123389604
207.3578595318 10.4289297096
207.0116861436 10.8305245681
206.6666666667 11.2119084321
206.3227953411 11.5675633604
205.9800664452 11.8918672667
205.6384742952 12.1794312298
205.2980132450 12.4254739856
204.9586776860 12.6261673967
204.6204620462 12.7789514602
204.2833607908 12.8827532957
203.9473684211 12.9381177506
203.6124794745 12.9472260968
203.2786885246 12.9138934525
202.9459901800 12.8436124011
202.6143790850 12.7436058364
202.2838499184 12.6227484623
201.9543973941 12.4911699635
201.6260162602 12.3594321219
201.2987012987 12.2373287870
200.9724473258 12.1325320550
200.6472491909 12.0494693977
200.3231017771 11.9887796906
200.0000000000 11.9475962563
199.6779388084 11.9205678218
199.3569131833 11.9013556679
199.0369181380 11.8840500250
198.7179487179 11.8640070624
198.4000000000 11.8378658839
198.0830670927 11.8029339128
197.7671451356 11.7564484797
197.4522292994 11.6951537738
197.1383147854 11.6153400693
196.8253968254 11.5131764767
196.5134706815 11.3852263937
196.2025316456 11.2290269973
195.8925750395 11.0437589527
195.5835962145 10.8308571534
195.2755905512 10.5943451726
194.9685534591 10.3406671077
194.6624803768 10.0779977687
194.3573667712 9.8151943087
194.0532081377 9.5607135138
193.7500000000 9.3217614661
193.4477379095 9.1038265856
193.1464174455 8.9105497155
192.8460342146 8.7438173426
192.5465838509 8.6039628550
192.2480620155 8.4900547092
191.9504643963 8.4002515687
191.6537867079 8.3321920887
191.3580246914 8.2833202058
191.0631741140 8.2510377717
190.7692307692 8.2327135795
190.4761904762 8.2255903225
190.1840490798 8.2267742140
189.8928024502 8.2333238693
189.6024464832 8.2424508180
189.3129770992 8.2517235836
189.0243902439 8.2591879153
188.7366818874 8.2633016312
188.4498480243 8.2627219536
188.1638846737 8.2559811524
187.8787878788 8.2411291100
187.5945537065 8.2155060817
187.3111782477 8.1757853628
187.0286576169 8.1184365746
186.7469879518 8.0405448140
186.4661654135 7.9407999824
186.1861861862 7.8202192177
185.9070464768 7.6822288466
185.6287425150 7.5319135979
185.3512705531 7.3746544107
185.0746268657 7.2147445769
184.7988077496 7.0545344637
184.5238095238 6.8944948839
184.2496285290 6.7340619207
183.9762611276 6.5728327345
183.7037037037 6.4114264482
183.4319526627 6.2516068179
183.1610044313 6.0956858173
182.8908554572 5.9456021359
182.6215022091 5.8022274048
182.3529411765 5.6652683172
182.0851688693 5.5338094865
181.8181818182 5.4072355985
181.5519765739 5.2860432875
181.2865497076 5.1721886727
181.0218978102 5.0688697167
180.7580174927 4.9799015307
180.4949053857 4.9090814097
180.2325581395 4.8596876422
179.9709724238 4.8342368664
179.7101449275 4.8343938721
179.4500723589 4.8609346786
179.1907514451 4.9137073695
178.9321789322 4.9916025838
178.6743515850 5.0925383106
178.4172661871 5.2135158457
178.1609195402 5.3508066399
177.9053084648 5.5002703198
177.6504297994 5.6578297397
177.3962804006 5.8199663904
177.1428571429 5.9839894537
176.8901569187 6.1479446783
176.6381766382 6.3101021949
176.3869132290 6.4682302571
176.1363636364 6.6189699240
175.8865248227 6.7575969726
175.6373937677 6.8782873681
175.3889674682 6.9749745415
175.1412429379 7.0426080388
174.8942172073 7.0784810528
174.6478873239 7.0831526601
174.4022503516 7.0604591803
174.1573033708 7.0165151853
173.9130434783 6.9580168933
173.6694677871 6.8905166050
173.4265734266 6.8173438396
173.1843575419 6.7394322622
172.9428172943 6.6560119953
172.7019498607 6.5657312436
172.4617524339 6.4677835513
172.2222222222 6.3626418943
171.9833564494 6.2522017531
171.7451523546 6.1393717435
171.5076071923 6.0273905674
171.2707182320 5.9191623223
171.0344827586 5.8168702138
170.7988980716 5.7218162587
170.5639614856 5.6344350712
170.3296703297 5.5543491104
170.0960219479 5.4805262972
169.8630136986 5.4115739736
169.6306429549 5.3462103690
169.3989071038 5.2837231383
169.1678035471 5.2242065902
168.9373297003 5.1684234764
168.7074829932 5.1173333591
168.4782608696 5.0715660113
168.2496607870 5.0311152590
168.0216802168 4.9954678851
167.7943166441 4.9640825586
167.5675675676 4.9370622389
167.3414304993 4.9156469122
167.1159029650 4.9023634827
166.8909825034 4.9007885410
166.6666666667 4.9150489041
166.4429530201 4.9493172529
166.2198391421 5.0074028973
165.9973226238 5.0925183065
165.7754010695 5.2071945776
165.5540720961 5.3532794172
165.3333333333 5.5319380200
165.1131824234 5.7435516126
164.8936170213 5.9874608306
164.6746347942 6.2615492237
164.4562334218 6.5617786419
164.2384105960 6.8818578163
164.0211640212 7.2132475400
163.8044914135 7.5456130223
163.5883905013 7.8676745998
163.3728590250 8.1681833822
163.1578947368 8.4367635284
162.9434954008 8.6644749082
162.7296587927 8.8442389638
162.5163826999 8.9713247526
162.3036649215 9.0439348086
162.0915032680 9.0635953964
161.8798955614 9.0349993500
161.6688396349 8.9652091269
161.4583333333 8.8624339190
161.2483745124 8.7347456452
161.0389610390 8.5890537183
160.8300907912 8.4305085395
160.6217616580 8.2624080550
160.4139715395 8.0866286421
160.2067183463 7.9044179755
160.0000000000 7.7172720481
159.7938144330 7.5275340993
159.5881595882 7.3384998235
159.3830334190 7.1540669916
159.1784338896 6.9782505590
158.9743589744 6.8147737731
158.7708066581 6.6668677176
158.5677749361 6.5372192767
158.3652618135 6.4279434012
158.1632653061 6.3405063588
157.9617834395 6.2756000619
157.7608142494 6.2329240465
157.5603557814 6.2109757858
157.3604060914 6.2069173028
157.1609632446 6.2165875937
156.9620253165 6.2348316242
156.7635903919 6.2561704726
156.5656565657 6.2757928104
156.3682219420 6.2906541750
156.1712846348 6.3002989168
155.9748427673 6.3070035668
155.7788944724 6.3151686295
155.5834378921 6.3301466341
155.3884711779 6.3569260018
155.1939924906 6.3990724014
155.0000000000 6.4581221657
154.8064918851 6.5334299711
154.6134663342 6.6224454280
154.4209215442 6.7213761876
154.2288557214 6.8260645434
154.0372670807 6.9329148854
153.8461538462 7.0395315560
153.6555142503 7.1449395704
153.4653465347 7.2493710041
153.2756489493 7.3537831013
153.0864197531 7.4593377834
152.8976572133 7.5669868833
152.7093596059 7.6772773005
152.5215252153 7.7903601754
152.3341523342 7.9061417136
152.1472392638 8.0243968395
151.9607843137 8.1446660772
151.7747858017 8.2659546213
151.5892420538 8.3863178773
151.4041514042 8.5025081516
151.2195121951 8.6097910304
151.0353227771 8.7020995319
150.8515815085 8.7724606787
150.6682867558 8.8136996565
150.4854368932 8.8193081434
150.3030303030 8.7843873624
150.1210653753 8.7065872305
149.9395405079 8.5869052251
149.7584541063 8.4300539066
149.5778045838 8.2441708136
149.3975903614 8.0398396710
149.2178098676 7.8287279531
149.0384615385 7.6221925132
148.8595438175 7.4302110938
148.6810551559 7.2607026381
148.5029940120 7.1192108937
148.3253588517 7.0089251850
148.1481481481 6.9308875793
147.9713603819 6.8843194946
147.7949940405 6.8669718148
147.6190476190 6.8754230082
147.4435196195 6.9052457188
147.2684085511 6.9510996368
147.0937129300 7.0067664304
146.9194312796 7.0653207388
146.7455621302 7.1194689843
146.5721040189 7.1621916310
146.3990554900 7.1875167299
146.2264150943 7.1912662590
146.0541813899 7.1715124272
145.8823529412 7.1286256732
145.7109283196 7.0649431189
145.5399061033 6.9842546815
145.3692848769 6.8913310868
145.1990632319 6.7915158007
145.0292397661 6.6904187244
144.8598130841 6.5936423894
144.6907817970 6.5066120693
144.5221445221 6.4345209847
144.3538998836 6.3822959613
144.1860465116 6.3544679756
144.0185830430 6.3548360842
143.8515081206 6.3859748887
143.6848203940 6.4486909543
143.5185185185 6.5415948146
143.3526011561 6.6608277174
143.1870669746 6.8001114082
143.0219146482 6.9511514539
142.8571428571 7.1045037158
142.6927502877 7.2508805244
142.5287356322 7.3826092948
142.3650975890 7.4948774903
142.2018348624 7.5863376461
142.0389461627 7.6589320537
141.8764302059 7.7171854292
141.7142857143 7.7672666696
141.5525114155 7.8160094069
141.3911060433 7.8699602461
141.2300683371 7.9344700196
141.0693970421 8.0129450124
140.9090909091 8.1064683937
140.7491486947 8.2139474011
140.5895691610 8.3327248859
140.4303510759 8.4595273548
140.2714932127 8.5913982759
140.1129943503 8.7264017269
139.9548532731 8.8639500001
139.7970687711 9.0047347408
139.6396396396 9.1503141269
139.4825646794 9.3024152331
139.3258426966 9.4620005569
139.1694725028 9.6283920710
139.0134529148 9.7986544456
138.8577827548 9.9675085863
138.7024608501 10.1277606366
138.5474860335 10.2712485278
138.3928571429 10.3901243966
138.2385730212 10.4783367580
138.0846325167 10.5329645125
137.9310344828 10.5549905988
137.7777777778 10.5491202774
137.6248612653 10.5226570091
137.4722838137 10.4838651609
137.3200442968 10.4404464549
137.1681415929 10.3985389233
137.0165745856 10.3623801229
136.8653421634 10.3343909145
136.7144432194 10.3154561196
136.5638766520 10.3051915285
136.4136413641 10.3021379201
136.2637362637 10.3039315165
136.1141602634 10.3075209408
135.9649122807 10.3095243360
135.8159912377 10.3066847532
135.6673960613 10.2963157511
135.5191256831 10.2766764884
135.3711790393 10.2471797680
135.2235550709 10.2084127634
135.0762527233 10.1619455204
134.9292709467 10.1099181002
134.7826086957 10.0544217856
134.6362649294 9.9967818832
134.4902386117 9.9368711804
134.3445287107 9.8727471553
134.1991341991 9.8008185198
134.0540540541 9.7165111151
133.9092872570 9.6152789864
133.7648327940 9.4936025757
133.6206896552 9.3498510226
133.4768568353 9.1848758178
133.3333333333 9.0022573510
133.1901181525 8.8080786751
133.0472103004 8.6102500809
132.9046087889 8.4175911409
132.7623126338 8.2389224445
132.6203208556 8.0823108808
132.4786324786 7.9545176520
132.3372465315 7.8605863092
132.1961620469 7.8035429987
132.0553780618 7.7842342242
131.9148936170 7.8013063754
131.7747077577 7.8513418681
131.6348195329 7.9291433255
131.4952279958 8.0281179279
131.3559322034 8.1407366250
131.2169312169 8.2590879552
131.0782241015 8.3755818901
130.9398099261 8.4837566944
130.8016877637 8.5790286339
130.6638566913 8.6591118450
130.5263157895 8.7238668231
130.3890641430 8.7747052235
130.2521008403 8.8137901519
130.1154249738 8.8434727212
129.9790356394 8.8660579387
129.8429319372 8.8838872652
129.7071129707 8.8994452230
129.5715778474 8.9152833206
129.4363256785 8.9337184809
129.3013555787 8.9564788446
129.1666666667 8.9845077190
129.0322580645 9.0181541973
128.8981288981 9.0576059762
128.7642782970 9.1032948650
128.6307053942 9.1559294130
128.4974093264 9.2161348478
128.3643892340 9.2837942460
128.2316442606 9.3574463436
128.0991735537 9.4340209624
127.9669762642 9.5090353772
127.8350515464 9.5771756520
127.7033985582 9.6330396439
127.5720164609 9.6716863139
127.4409044193 9.6889644906
127.3100616016 9.6816318457
127.1794871795 9.6474496827
127.0491803279 9.5852821590
126.9191402252 9.4951243431
126.7893660532 9.3779665010
126.6598569969 9.2356318455
126.5306122449 9.0707553096
126.4016309888 8.8868587672
126.2729124236 8.6883886197
126.1444557477 8.4805208709
126.0162601626 8.2686717664
125.8883248731 8.0580801179
125.7606490872 7.8535898631
125.6332320162 7.6597250854
125.5060728745 7.4808258294
125.3791708797 7.3210258933
125.2525252525 7.1839718424
125.1261352170 7.0723261624
125.0000000000 6.9873213740
124.8741188318 6.9284888541
124.7484909457 6.8936864324
124.6231155779 6.8793473035
124.4979919679 6.8808693893
124.3731193581 6.8930421007
124.2484969940 6.9104130390
124.1241241241 6.9276269863
124.0000000000 6.9397384755
123.8761238761 6.9426176760
123.7524950100 6.9333453694
123.6291126620 6.9104907250
123.5059760956 6.8740940598
123.3830845771 6.8253383955
123.2604373757 6.7660532509
123.1380337637 6.6982926644
123.0158730159 6.6241996362
122.8939544103 6.5460483300
122.7722772277 6.4663824383
122.6508407517 6.3879635365
122.5296442688 6.3134378095
122.4086870681 6.2448010749
122.2879684418 6.1829153869
122.1674876847 6.1273236115
122.0472440945 6.0764569549
121.9272369715 6.0282058174
121.8074656189 5.9806601638
121.6879293425 5.9327941500
121.5686274510 5.8848387351
121.4495592556 5.8382713154
121.3307240705 5.7953688467
121.2121212121 5.7585812385
121.0937500000 5.7298707622
120.9756097561 5.7101475560
120.8576998051 5.6989471184
120.7400194742 5.6944188959
120.6225680934 5.6937642411
120.5053449951 5.6940470527
120.3883495146 5.6931405619
120.2715809893 5.6905026558
120.1550387597 5.6873937840
120.0387221684 5.6865539308
119.9226305609 5.6913826424
119.8067632850 5.7049853672
119.6911196911 5.7293308738
119.5756991321 5.7647327990
119.4605009634 5.8098298737
119.3455245428 5.8620991336
119.2307692308 5.9188439712
119.1162343900 5.9782584680
119.0019193858 6.0402011316
118.8878235858 6.1062624878
118.7739463602 6.1790181631
118.6602870813 6.2607758960
118.5468451243 6.3523111265
118.4336198663 6.4520566661
118.3206106870 6.5560157465
118.2078169685 6.6583452400
118.0952380952 6.7523637622
117.9828734539 6.8315365907
117.8707224335 6.8901673051
117.7587844255 6.9236719892
117.6470588235 6.9286830784
117.5355450237 6.9031401813
117.4242424242 6.8464597366
117.3131504257 6.7596130353
117.2022684310 6.6449964162
117.0915958451 6.5061856086
116.9811320755 6.3477041232
116.8708765316 6.1749153708
116.7608286252 5.9939144455
116.6509877705 5.8112123062
116.5413533835 5.6332086690
116.4319248826 5.4655902327
116.3227016886 5.3127930644
116.2136832240 5.1776596284
116.1048689139 5.0612929211
115.9962581852 4.9630632097
115.8878504673 4.8807761589
115.7796451914 4.8110693054
115.6716417910 4.7500089983
115.5638397018 4.6938375693
115.4562383613 4.6396825373
115.3488372093 4.5859179867
115.2416356877 4.5321744057
115.1346332405 4.4789271898
115.0278293135 4.4270104113
114.9212233550 4.3772014255
114.8148148148 4.3300662365
114.7086031452 4.2859432552
114.6025878004 4.2449901107
114.4967682364 4.2071959547
114.3911439114 4.1723658479
114.2857142857 4.1401334726
114.1804788214 4.1099634840
114.0754369825 4.0811965027
113.9705882353 4.0531051530
113.8659320478 4.0249292903
113.7614678899 3.9959861442
113.6571952337 3.9658454896
113.5531135531 3.9345277509
113.4492223239 3.9025824386
113.3455210238 3.8710170626
113.2420091324 3.8411249161
113.1386861314 3.8142068308
113.0355515041 3.7913260388
112.9326047359 3.7731039912
112.8298453139 3.7595365389
112.7272727273 3.7499142004
112.6248864668 3.7428765095
112.5226860254 3.7366011518
112.4206708976 3.7291752060
112.3188405797 3.7190514532
112.2171945701 3.7054707133
112.1157323689 3.6887818238
112.0144534779 3.6704736523
111.9133574007 3.6528910778
111.8124436429 3.6387770733
111.7117117117 3.6307808727
111.6111611161 3.6310709779
111.5107913669 3.6411356028
111.4106019766 3.6616085918
111.3105924596 3.6921956923
111.2107623318 3.7315632519
111.1111111111 3.7773615626
111.0116383169 3.8264552442
110.9123434705 3.8753586158
110.8132260947 3.9209141570
110.7142857143 3.9609023393
110.6155218555 3.9945479777
110.5169340463 4.0226547625
110.4185218166 4.0474496317
110.3202846975 4.0720806599
110.2222222222 4.0999450201
110.1243339254 4.1339147425
110.0266193434 4.1756295873
109.9290780142 4.2249846543
109.8317094774 4.2800247101
109.7345132743 4.3372159841
109.6374889478 4.3921506764
109.5406360424 4.4404672068
109.4439541041 4.4787211203
109.3474426808 4.5049239491
109.2511013216 4.5186817097
109.1549295775 4.5208952753
109.0589270009 4.5133291931
108.9630931459 4.4981632724
108.8674275680 4.4776527939
108.7719298246 4.4539294507
108.6765994741 4.4289214366
108.5814360771 4.4044048335
108.4864391951 4.3821544471
108.3916083916 4.3641173584
108.2969432314 4.3524087912
108.2024432810 4.3491026235
108.1081081081 4.3558301826
108.0139372822 4.3733066386
107.9199303742 4.4010697340
107.8260869565 4.4374520715
107.7324066030 4.4798394868
107.6388888889 4.5250651152
107.5455333912 4.5698102813
107.4523396880 4.6108098858
107.3593073593 4.6448844458
107.2664359862 4.6689068105
107.1737251513 4.6797930162
107.0811744387 4.6746588044
106.9887834340 4.6510688675
106.8965517241 4.6073889460
106.8044788975 4.5430992593
106.7125645439 4.4590763040
106.6208082545 4.3576759601
106.5292096220 4.2425048442
106.4377682403 4.1178929895
106.3464837050 3.9881928037
106.2553556127 3.8571098291
106.1643835616 3.7273639513
106.0735671514 3.6006446951
105.9829059829 3.4778930451
105.8923996584 3.3597174854
105.8020477816 3.2467489956
105.7118499574 3.1399252075
105.6218057922 3.0404783630
105.5319148936 2.9498516483
105.4421768707 2.8694402217
105.3525913339 2.8003631024
105.2631578947 2.7432636992
105.1738761662 2.6981723143
105.0847457627 2.6644523296
104.9957662997 2.6408474442
104.9069373942 2.6255670769
104.8182586644 2.6164333889
104.7297297297 2.6111052311
104.6413502110 2.6073069011
104.5531197302 2.6031528321
104.4650379107 2.5974451382
104.3771043771 2.5898764144
104.2893187553 2.5810778414
104.2016806723 2.5724357347
104.1141897565 2.5657506681
104.0268456376 2.5628659973
103.9396479464 2.5653377308
103.8525963149 2.5742429989
103.7656903766 2.5900683998
103.6789297659 2.6127315898
103.5923141186 2.6416282432
103.5058430718 2.6757526099
103.4195162636 2.7138189111
103.3333333333 2.7543428538
103.2472939217 2.7957874076
103.1613976705 2.8366317636
103.0756442228 2.8755202730
102.9900332226 2.9114069459
102.9045643154 2.9436917684
102.8192371476 2.9723693730
102.7340513670 2.9980294004
102.6490066225 3.0217446941
102.5641025641 3.0447944533
102.4793388430 3.0683061929
102.3947151115 3.0929612802
102.3102310231 3.1188369116
102.2258862325 3.1453770130
102.1416803954 3.1715367428
102.0576131687 3.1959150495
101.9736842105 3.2168709409
101.8898931800 3.2326393449
101.8062397373 3.2413576009
101.7227235439 3.2411680446
101.6393442623 3.2304214894
101.5561015561 3.2079667223
101.4729950900 3.1735078144
101.3900245298 3.1279139345
101.3071895425 3.0732261500
101.2244897959 3.0124512079
101.1419249592 2.9490719267
101.0594947025 2.8865956719
100.9771986971 2.8281071185
100.8950366151 2.7760645825
100.8130081301 2.7321549264
100.7311129163 2.6972878866
100.6493506494 2.6716333127
100.5677210057 2.6546565920
100.4862236629 2.6452185805
100.4048582996 2.6417067869
100.3236245955 2.6422927675
100.2425222312 2.6453071901
100.1615508885 2.6496243353
100.0807102502 2.6549892656
100.0000000000 2.6621167553
99.9194198227 2.6724358849
99.8389694042 2.6876869987
99.7586484312 2.7093913093
99.6784565916 2.7383813240
99.5983935743 2.7745148145
99.5184590690 2.8165406062
99.4386527666 2.8621541894
99.3589743590 2.9082338273
99.2794235388 2.9512844351
99.2000000000 2.9880041257
99.1207034373 3.0159609276
99.0415335463 3.0341317346
98.9624900239 3.0432316841
98.8835725678 3.0455517132
98.8047808765 3.0444940138
98.7261146497 3.0438091946
98.6475735879 3.0468196580
98.5691573927 3.0558340912
98.4908657665 3.0718901661
98.4126984127 3.0948250189
98.3346550357 3.1236629597
98.2567353407 3.1571441150
98.1789390340 3.1941324779
98.1012658228 3.2338266696
98.0237154150 3.2756849534
97.9462875197 3.3192408780
97.8689818469 3.3638811775
97.7917981073 3.4088167180
97.7147360126 3.4531205051
97.6377952756 3.4958577130
97.5609756098 3.5360938488
97.4842767296 3.5727727789
97.4076983504 3.6044813544
97.3312401884 3.6293055997
97.2549019608 3.6449371654
97.1786833856 3.6490551640
97.1025841817 3.6398842238
97.0266040689 3.6167177154
96.9507427678 3.5802748440
96.8750000000 3.5326777306
96.7993754879 3.4771162242
96.7238689548 3.4172869800
96.6484801247 3.3567063812
96.5732087227 3.2981871438
96.4980544747 3.2435665522
96.4230171073 3.1937085185
96.3480963481 3.1487160414
96.2732919255 3.1082242002
96.1986035687 3.0716282798
96.1240310078 3.0382714951
96.0495739737 3.0075398008
95.9752321981 2.9789876211
95.9010054138 2.9524471780
95.8268933539 2.9280218075
95.7528957529 2.9060011106
95.6790123457 2.8866496668
95.6052428682 2.8699638329
95.5315870570 2.8554965119
95.4580446497 2.8423766837
95.3846153846 2.8294728585
95.3112990008 2.8157360566
95.2380952381 2.8005359757
95.1650038373 2.7839075184
95.0920245399 2.7665674418
95.0191570881 2.7497081470
94.9464012251 2.7346367060
94.8737566947 2.7223279093
94.8012232416 2.7131367785
94.7288006112 2.7067118138
94.6564885496 2.7021325791
94.5842868040 2.6982332414
94.5121951220 2.6939806006
94.4402132521 2.6887700269
94.3683409437 2.6825772023
94.2965779468 2.6759075827
94.2249240122 2.6695954322
94.1533788914 2.6645265480
94.0819423369 2.6613903977
94.0106141016 2.6605195632
93.9393939394 2.6618970460
93.8682816048 2.6653058204
93.7972768533 2.6705191398
93.7263794407 2.6774916238
93.6555891239 2.6863687164
93.5849056604 2.6973626290
93.5143288084 2.7104854256
93.4438583271 2.7253348172
93.3734939759 2.7410131885
93.3032355154 2.7561980447
93.2330827068 2.7693462188
93.1630353118 2.7789204596
93.0930930931 2.7836206636
93.0232558140 2.7825531407
92.9535232384 2.7753427460
92.8838951311 2.7622462860
92.8143712575 2.7441018563
92.7449513837 2.7222564209
92.6756352765 2.6983227671
92.6064227035 2.6739841386
92.5373134328 2.6507519497
92.4683072334 2.6298609342
92.3994038748 2.6122128684
92.3306031273 2.5982837548
92.2619047619 2.5880578186
92.1933085502 2.5809616263
92.1248142645 2.5758301233
92.0564216778 2.5709952675
91.9881305638 2.5644748505
91.9199406968 2.5543524157
91.8518518519 2.5392221286
91.7838638046 2.5186224625
91.7159763314 2.4932001918
91.6481892092 2.4646215629
91.5805022157 2.4351914265
91.5129151292 2.4073823317
91.4454277286 2.3834230238
91.3780397937 2.3650846229
91.3107511046 2.3535980780
91.2435614422 2.3496680113
91.1764705882 2.3535289157
91.1094783248 2.3649244700
91.0425844347 2.3831017311
90.9757887014 2.4067971801
90.9090909091 2.4342465971
90.8424908425 2.4633104348
90.7759882870 2.4917233751
90.7095830285 2.5174676068
90.6432748538 2.5391548125
90.5770635500 2.5563162694
90.5109489051 2.5694774883
90.4449307075 2.5799712415
90.3790087464 2.5895570069
90.3131828114 2.5999653611
90.2474526929 2.6125236419
90.1818181818 2.6278957149
90.1162790698 2.6460662944
90.0508351489 2.6663951171
89.9854862119 2.6878429037
89.9202320522 2.7092117628
89.8550724638 2.7293719559
89.7900072411 2.7474378304
89.7250361795 2.7628652003
89.6601590745 2.7754563062
89.5953757225 2.7853279260
89.5306859206 2.7928889446
89.4660894661 2.7987670088
89.4015861572 2.8037071643
89.3371757925 2.8085305671
89.2728581713 2.8141161877
89.2086330935 2.8214707321
89.1445003595 2.8317426932
89.0804597701 2.8461802116
89.0165111271 2.8659486194
88.9526542324 2.8918867401
88.8888888889 2.9242956713
88.8252148997 2.9627888113
88.7616320687 3.0062875809
88.6981402003 3.0531067854
88.6347390994 3.1010963224
88.5714285714 3.1476660398
88.5082084226 3.1898235138
88.4450784593 3.2242192988
88.3820384890 3.2473152465
88.3190883191 3.2557594789
88.2562277580 3.2468158854
88.1934566145 3.2188422653
88.1307746979 3.1716538683
88.0681818182 3.1066351846
88.0056777857 3.0266033978
87.9432624113 2.9353568211
87.8809355067 2.8370873742
87.8186968839 2.7357398693
87.7565463553 2.6345519795
87.6944837341 2.5358071398
87.6325088339 2.4408253020
87.5706214689 2.3501450757
87.5088214538 2.2638055506
87.4471086037 2.1816813687
87.3854827343 2.1037411783
87.3239436620 2.0301937723
87.2624912034 1.9615003521
87.2011251758 1.8982992034
87.1398453970 1.8412561363
87.0786516854 1.7909470469
87.0175438596 1.7477343455
86.9565217391 1.7117206365
86.8955851437 1.6827367389
86.8347338936 1.6604036743
86.7739678097 1.6441955956
86.7132867133 1.6335623372
86.6526904263 1.6280036383
86.5921787709 1.6270797632
86.5317515701 1.6303777632
86.4714086471 1.6374775129
86.4111498258 1.6478683395
86.3509749304 1.6610131894
86.2908837857 1.6763390482
86.2308762170 1.6933061700
86.1709520500 1.7114182223
86.1111111111 1.7302521037
86.0513532269 1.7494680181
85.9916782247 1.7688145799
85.9320859321 1.7881585827
85.8725761773 1.8073962792
85.8131487889 1.8264139043
85.7538035961 1.8449344695
85.6945404285 1.8624136982
85.6353591160 1.8779752420
85.5762594893 1.8904444922
85.5172413793 1.8985602516
85.4583046175 1.9013054236
85.3994490358 1.8982189151
85.3406744666 1.8895456931
85.2819807428 1.8761850618
85.2233676976 1.8594209797
85.1648351648 1.8406910508
85.1063829787 1.8213838425
85.0480109739 1.8027841340
84.9897189856 1.7860323977
84.9315068493 1.7720937491
84.8733744011 1.7616365542
84.8153214774 1.7549604939
84.7573479152 1.7519295783
84.6994535519 1.7520256050
84.6416382253 1.7544624484
84.5839017735 1.7583511992
84.5262440354 1.7629211431
84.4686648501 1.7676459145
84.4111640572 1.7723599035
84.3537414966 1.7772442201
84.2963970088 1.7826968142
84.2391304348 1.7891618313
84.1819416158 1.7969281139
84.1248303935 1.8060178120
84.0677966102 1.8161856917
84.0108401084 1.8269790938
83.9539607312 1.8378485864
83.8971583221 1.8482790986
83.8404327248 1.8579011501
83.7837837838 1.8665720326
83.7272113437 1.8744167873
83.6707152497 1.8817782728
83.6142953473 1.8890506594
83.5579514825 1.8964516079
83.5016835017 1.9038241332
83.4454912517 1.9105342094
83.3893745797 1.9155658834
83.3333333333 1.9177840194
83.2773673606 1.9162179737
83.2214765101 1.9103665795
83.1656606304 1.9003215489
83.1099195710 1.8867851675
83.0542531815 1.8709459839
82.9986613119 1.8542163081
82.9431438127 1.8380089146
82.8877005348 1.8234557727
82.8323313293 1.8112784269
82.7770360481 1.8017959884
82.7218145430 1.7950308246
82.6666666667 1.7909382030
82.6115922718 1.7895549726
82.5565912117 1.7911180338
82.5016633400 1.7959928981
82.4468085106 1.8045246702
82.3920265781 1.8168318896
82.3373173971 1.8326257126
82.2826808228 1.8511629423
82.2281167109 1.8713332764
82.1736249172 1.8918086698
82.1192052980 1.9112700610
82.0648577101 1.9286186474
82.0105820106 1.9430686694
81.9563780568 1.9541784597
81.9022457067 1.9617991844
81.8481848185 1.9660443851
81.7941952507 1.9672700451
81.7402768622 1.9660341327
81.6864295125 1.9630302629
81.6326530612 1.9589745098
81.5789473684 1.9544761189
81.5253122945 1.9499542204
81.4717477004 1.9456111920
81.4182534471 1.9414785965
81.3648293963 1.9374529307
81.3114754098 1.9332795222
81.2581913499 1.9285467627
81.2049770792 1.9227271801
81.1518324607 1.9152864174
81.0987573578 1.9059022534
81.0457516340 1.8946116061
80.9928151535 1.8819270795
80.9399477807 1.8687450133
80.8871493803 1.8561797522
80.8344198175 1.8453234506
80.7817589577 1.8370568235
80.7291666667 1.8319375792
80.6766428107 1.8301882748
80.6241872562 1.8317632575
80.5717998700 1.8364635074
80.5194805195 1.8440520818
80.4672290720 1.8543068066
80.4150453956 1.8669572278
80.3629293584 1.8815476419
80.3108808290 1.8972682642
80.2588996764 1.9128652170
80.2069857697 1.9267031997
80.1551389787 1.9369492017
80.1033591731 1.9418562283
80.0516462234 1.9400102340
80.0000000000 1.9305461293
79.9484203740 1.9132807620
79.8969072165 1.8887949981
79.8454603992 1.8583588050
79.7940797941 1.8237827527
79.7427652733 1.7871199301
79.6915167095 1.7503544684
79.6403339756 1.7151133729
79.5892169448 1.6825516266
79.5381654907 1.6533217545
79.4871794872 1.6277308044
79.4362588085 1.6058720144
79.3854033291 1.5877791264
79.3346129239 1.5735227213
79.2838874680 1.5632103476
79.2332268371 1.5568843823
79.1826309068 1.5544301912
79.1320995533 1.5554032248
79.0816326531 1.5589581318
79.0312300829 1.5638102655
78.9808917197 1.5683266483
78.9306174411 1.5707141380
78.8804071247 1.5692994844
78.8302606484 1.5627828407
78.7801778907 1.5504327094
78.7301587302 1.5321740406
78.6802030457 1.5085097141
78.6303107166 1.4804045488
78.5804816223 1.4490658970
78.5307156428 1.4158044692
78.4810126582 1.3818830159
78.4313725490 1.3484944943
78.3817951960 1.3167233451
78.3322804801 1.2875281101
78.2828282828 1.2616908976
78.2334384858 1.2397609772
78.1841109710 1.2219981276
78.1348456207 1.2083324001
78.0856423174 1.1984175391
78.0365009440 1.1916575189
77.9874213836 1.1873381058
77.9384035198 1.1847205089
77.8894472362 1.1831022778
77.8405524168 1.1818893741
77.7917189460 1.1805966267
77.7429467085 1.1789033758
77.6942355890 1.1767148326
77.6455854728 1.1742126251
77.5969962453 1.1718889591
77.5484677924 1.1704479214
77.5000000000 1.1706563963
77.4515927545 1.1731942774
77.4032459426 1.1784985105
77.3549594510 1.1867288600
77.3067331671 1.1978004360
77.2585669782 1.2114832146
77.2104607721 1.2275130505
77.1624144368 1.2456529157
77.1144278607 1.2657152950
77.0665009323 1.2874900160
77.0186335404 1.3106942351
76.9708255742 1.3348556196
76.9230769231 1.3593011866
76.8753874768 1.3831628138
76.8277571252 1.4054884070
76.7801857585 1.4253975234
76.7326732673 1.4422370173
76.6852195424 1.4556366445
76.6378244747 1.4655705239
76.5904879555 1.4722740778
76.5432098765 1.4762000991
76.4959901295 1.4779134805
76.4488286067 1.4780135972
76.4017252002 1.4770284434
76.3546798030 1.4753474442
76.3076923077 1.4731595266
76.2607626076 1.4704076895
76.2138905962 1.4667657664
76.1670761671 1.4616991541
76.1203192142 1.4545481452
76.0736196319 1.4447013665
76.0269773145 1.4317306005
75.9803921569 1.4155769925
75.9338640539 1.3965639112
75.8873929009 1.3754384136
75.8409785933 1.3532495264
75.7946210269 1.3312088513
75.7483200977 1.3105500926
75.7020757021 1.2923534334
75.6558877364 1.2773856320
75.6097560976 1.2660640168
75.5636806825 1.2583978372
75.5176613886 1.2540433446
75.4716981132 1.2523822531
75.4257907543 1.2526178358
75.3799392097 1.2539397507
75.3341433779 1.2556495220
75.2884031573 1.2572920247
75.2427184466 1.2587132202
75.1970891449 1.2600096885
75.1515151515 1.2614437457
75.1059963658 1.2633068669
75.0605326877 1.2658683276
75.0151240169 1.2692893563
74.9697702539 1.2736399691
74.9244712991 1.2788700991
74.8792270531 1.2848779979
74.8340374170 1.2915616761
74.7889022919 1.2989335299
74.7438215793 1.3071836737
74.6987951807 1.3166688386
74.6538229982 1.3277577380
74.6089049338 1.3406932344
74.5640408900 1.3554427453
74.5192307692 1.3716748155
74.4744744745 1.3887989770
74.4297719088 1.4061091700
74.3851229754 1.4229445899
74.3405275779 1.4387184753
74.2959856201 1.4529583734
74.2514970060 1.4651911315
74.2070616397 1.4748909329
74.1626794258 1.4815019891
74.1183502690 1.4845360906
74.0740740741 1.4836819576
74.0298507463 1.4789323881
73.9856801909 1.4706775564
73.9415623137 1.4596951240
73.8974970203 1.4471059323
73.8534842168 1.4342369711
73.8095238095 1.4224313376
73.7656157049 1.4127931274
73.7217598098 1.4060352578
73.6779560309 1.4023440562
73.6342042755 1.4014120712
73.5905044510 1.4025470061
73.5468564650 1.4048104130
73.5032602253 1.4072209094
73.4597156398 1.4089288306
73.4162226169 1.4093097533
73.3727810651 1.4079999873
73.3293908930 1.4047864299
73.2860520095 1.3995310905
73.2427643237 1.3920369522
73.1995277450 1.3820009178
73.1563421829 1.3690483673
73.1132075472 1.3527795116
73.0701237478 1.3329097112
73.0270906949 1.3093989101
72.9841082990 1.2825585740
72.9411764706 1.2531008378
72.8982951205 1.2220940773
72.8554641598 1.1908180360
72.8126834997 1.1605882166
72.7699530516 1.1325964001
72.7272727273 1.1077911678
72.6846424385 1.0867989842
72.6420620972 1.0699160730
72.5995316159 1.0571005782
72.5570509070 1.0479888391
72.5146198830 1.0419180757
72.4722384570 1.0380326953
72.4299065421 1.0353375984
72.3876240514 1.0328647373
72.3453908985 1.0297507916
72.3032069971 1.0253209346
72.2610722611 1.0191310853
72.2189866045 1.0109984117
72.1769499418 1.0010081736
72.1349621873 0.9894788838
72.0930232558 0.9769334071
72.0511330622 0.9640100777
72.0092915215 0.9513553625
71.9674985490 0.9395099094
71.9257540603 0.9288480025
71.8840579710 0.9194866734
71.8424101970 0.9113507891
71.8008106543 0.9041963989
71.7592592593 0.8977546781
71.7177559283 0.8918222768
71.6763005780 0.8863520337
71.6348931254 0.8814776680
71.5935334873 0.8774419296
71.5522215811 0.8745123406
71.5109573241 0.8728965824
71.4697406340 0.8726757102
71.4285714286 0.8738097965
71.3874496258 0.8761981468
71.3463751438 0.8797033934
71.3053479011 0.8842362968
71.2643678161 0.8897801476
71.2234348076 0.8963727447
71.1825487945 0.9041125843
71.1417096959 0.9130861061
71.1009174312 0.9233858698
71.0601719198 0.9350437033
71.0194730813 0.9480062700
70.9788208357 0.9620984592
70.9382151030 0.9769989110
70.8976558033 0.9922155317
70.8571428571 1.0070974788
70.8166761850 1.0208836331
70.7762557078 1.0328241052
70.7358813463 1.0422713965
70.6955530217 1.0488021661
70.6552706553 1.0522479252
70.6150341686 1.0527382037
70.5748434832 1.0506342364
70.5346985210 1.0464931615
70.4945992041 1.0409771930
70.4545454545 1.0348297168
70.4145371948 1.0287594187
70.3745743473 1.0234279505
70.3346568349 1.0193087489
70.2947845805 1.0166863075
70.2549575071 1.0156248020
70.2151755379 1.0159980806
70.1754385965 1.0176119950
70.1357466063 1.0202903057
70.0960994912 1.0239485624
70.0564971751 1.0285759080
70.0169395822 1.0341798716
69.9774266366 1.0406571093
69.9379582628 1.0477130926
69.8985343856 1.0548309152
69.8591549296 1.0612646773
69.8198198198 1.0662363138
69.7805289814 1.0690587757
69.7412823397 1.0693706354
69.7020798201 1.0672356153
69.6629213483 1.0631561792
69.6238068501 1.0579699013
69.5847362514 1.0526155413
69.5457094784 1.0479910096
69.5067264574 1.0447548200
69.4677871148 1.0432693480
69.4288913774 1.0436059957
69.3900391718 1.0455939722
69.3512304251 1.0489004351
69.3124650643 1.0530612391
69.2737430168 1.0575428878
69.2350642099 1.0616926667
69.1964285714 1.0648005914
69.1578360290 1.0661365344
69.1192865106 1.0650185035
69.0807799443 1.0609683540
69.0423162584 1.0537620506
69.0038953812 1.0435240180
68.9655172414 1.0307159530
68.9271817676 1.0160758266
68.8888888889 1.0004753473
68.8506385341 0.9847515963
68.8124306326 0.9696003576
68.7742651137 0.9554687722
68.7361419069 0.9425479104
68.6980609418 0.9307905069
68.6600221484 0.9199980659
68.6220254566 0.9099021475
68.5840707965 0.9002145464
68.5461580984 0.8907218298
68.5082872928 0.8812540880
68.4704583103 0.8717103624
68.4326710817 0.8620336270
68.3949255378 0.8521919799
68.3572216097 0.8422167103
68.3195592287 0.8322342043
68.2819383260 0.8224282769
68.2443588332 0.8130403819
68.2068206821 0.8043063368
68.1693238043 0.7964054538
68.1318681319 0.7894412360
68.0944535969 0.7834792532
68.0570801317 0.7785851854
68.0197476687 0.7749139762
67.9824561404 0.7726845962
67.9452054795 0.7721100444
67.9079956188 0.7733526078
67.8708264915 0.7763832429
67.8336980306 0.7809172272
67.7966101695 0.7864455648
67.7595628415 0.7922601521
67.7225559803 0.7975940897
67.6855895197 0.8017558704
67.6486633933 0.8042894387
67.6117775354 0.8050130468
67.5749318801 0.8041031734
67.5381263617 0.8019929647
67.5013609145 0.7992704402
67.4646354733 0.7965891862
67.4279499728 0.7945337120
67.3913043478 0.7935742213
67.3546985334 0.7940597645
67.3181324647 0.7962306735
67.2816060770 0.8002375009
67.2451193059 0.8061664984
67.2086720867 0.8140523164
67.1722643554 0.8238327846
67.1358960476 0.8353358627
67.0995670996 0.8481828103
67.0632774473 0.8617815289
67.0270270270 0.8753392686
66.9908157753 0.8879527256
66.9546436285 0.8987820491
66.9185105235 0.9071862926
66.8824163970 0.9129107976
66.8463611860 0.9160813369
66.8103448276 0.9171920646
66.7743672590 0.9169190120
66.7384284177 0.9160107432
66.7025282410 0.9151008851
66.6666666667 0.9146300885
66.6308436325 0.9148130512
66.5950590763 0.9156249028
66.5593129361 0.9168394996
66.5236051502 0.9181198233
66.4879356568 0.9190696837
66.4523043944 0.9193310561
66.4167113016 0.9186101652
66.3811563169 0.9167231632
66.3456393793 0.9136159342
66.3101604278 0.9093058177
66.2747194014 0.9039339860
66.2393162393 0.8977528122
66.2039508809 0.8911393345
66.1686232657 0.8845630451
66.1333333333 0.8785339196
66.0980810235 0.8735240227
66.0628662760 0.8698560406
66.0276890309 0.8676634335
65.9925492283 0.8668570599
65.9574468085 0.8671376635
65.9223817119 0.8680871932
65.8873538789 0.8692079356
65.8523632501 0.8699880114
65.8174097665 0.8699604564
65.7824933687 0.8687230105
65.7476139979 0.8659645202
65.7127715951 0.8614848572
65.6779661017 0.8551951855
65.6431974590 0.8471182792
65.6084656085 0.8373559277
65.5737704918 0.8261156453
65.5391120507 0.8136450721
65.5044902272 0.8002321899
65.4699049630 0.7861856951
65.4353562005 0.7718152616
65.4008438819 0.7574249452
65.3663679494 0.7433595901
65.3319283456 0.7299917078
65.2975250132 0.7177082630
65.2631578947 0.7068574795
65.2288269332 0.6976754279
65.1945320715 0.6902655613
65.1602732528 0.6845649023
65.1260504202 0.6803834885
65.0918635171 0.6774707138
65.0577124869 0.6755218856
65.0235972732 0.6742115178
64.9895178197 0.6732133656
64.9554740702 0.6722138221
64.9214659686 0.6709253400
64.8874934589 0.6690931865
64.8535564854 0.6665691566
64.8196549922 0.6632582695
64.7857889237 0.6591859347
64.7519582245 0.6544714875
64.7181628392 0.6493217785
64.6844027126 0.6440046048
64.6506777894 0.6387817205
64.6169880146 0.6338751976
64.5833333333 0.6294134700
64.5497136908 0.6254377616
64.5161290323 0.6218748719
64.4825793032 0.6186042316
64.4490644491 0.6154712593
64.4155844156 0.6123345007
64.3821391485 0.6090994282
64.3487285937 0.6057726231
64.3153526971 0.6024620733
64.2820114049 0.5993571836
64.2487046632 0.5967019390
64.2154324184 0.5947341056
64.1821946170 0.5936580858
64.1489912054 0.5935905659
64.1158221303 0.5945670385
64.0826873385 0.5965212271
64.0495867769 0.5992644837
64.0165203924 0.6025398527
63.9834881321 0.6059947709
63.9504899433 0.6092420462
63.9175257732 0.6119209812
63.8845955693 0.6137110129
63.8516992791 0.6144066400
63.8188368502 0.6139449038
63.7860082305 0.6123512247
63.7532133676 0.6097464590
63.7204522097 0.6062584993
63.6877247047 0.6020291432
63.6550308008 0.5971868344
63.6223704464 0.5918671416
63.5897435897 0.5862469879
63.5571501794 0.5805790095
63.5245901639 0.5751781046
63.4920634921 0.5704147683
63.4595701126 0.5666123956
63.4271099744 0.5640402246
63.3946830266 0.5627964428
63.3622892182 0.5628282794
63.3299284985 0.5639041286
63.2976008167 0.5656887499
63.2653061224 0.5677568195
63.2330443651 0.5697165921
63.2008154944 0.5712444052
63.1686194600 0.5721812360
63.1364562118 0.5725124184
63.1043256997 0.5723680000
63.0722278739 0.5719127693
63.0401626843 0.5713532581
63.0081300813 0.5708481015
62.9761300152 0.5704733763
62.9441624365 0.5702292925
62.9122272958 0.5700399968
62.8803245436 0.5697602943
62.8484541308 0.5692516098
62.8166160081 0.5683958516
62.7848101266 0.5671301082
62.7530364372 0.5654606545
62.7212948912 0.5634076454
62.6895854398 0.5609912745
62.6579080344 0.5581970515
62.6262626263 0.5550034964
62.5946491671 0.5513543091
62.5630676085 0.5472486989
62.5315179022 0.5427276259
62.5000000000 0.5378669646
62.4685138539 0.5327567053
62.4370594159 0.5274870551
62.4056366381 0.5220926197
62.3742454728 0.5165941239
62.3428858723 0.5110263144
62.3115577889 0.5054449934
62.2802611753 0.4999550628
62.2489959839 0.4947036779
62.2177621676 0.4898523552
62.1865596790 0.4855770063
62.1553884712 0.4820399162
62.1242484970 0.4794107259
62.0931397096 0.4778383493
62.0620620621 0.4774649308
62.0310155078 0.4784047165
62.0000000000 0.4807369252
