0.0100000000 0.0000000694
0.0200000000 0.0000006535
0.0300000000 0.0000019630
0.0400000000 0.0000039534
0.0500000000 0.0000065663
0.0600000000 0.0000098084
0.0700000000 0.0000136580
0.0800000000 0.0000181104
0.0900000000 0.0000231629
0.1000000000 0.0000288140
0.1100000000 0.0000350629
0.1200000000 0.0000419091
0.1300000000 0.0000493521
0.1400000000 0.0000574406
0.1500000000 0.0000660803
0.1600000000 0.0000753164
0.1700000000 0.0000851487
0.1800000000 0.0000956405
0.1900000000 0.0001066687
0.2000000000 0.0001183635
0.2100000000 0.0001305876
0.2200000000 0.0001434853
0.2300000000 0.0001569051
0.2400000000 0.0001710055
0.2500000000 0.0001857092
0.2600000000 0.0002010160
0.2700000000 0.0002169259
0.2800000000 0.0002334389
0.2900000000 0.0002505551
0.3000000000 0.0002682744
0.3100000000 0.0002865968
0.3200000000 0.0003056355
0.3300000000 0.0003251676
0.3400000000 0.0003454231
0.3500000000 0.0003662889
0.3600000000 0.0003876374
0.3700000000 0.0004097199
0.3800000000 0.0004325472
0.3900000000 0.0004558537
0.4000000000 0.0004797703
0.4100000000 0.0005042972
0.4200000000 0.0005295829
0.4300000000 0.0005554859
0.4400000000 0.0005820062
0.4500000000 0.0006091437
0.4600000000 0.0006368985
0.4700000000 0.0006652706
0.4800000000 0.0006942599
0.4900000000 0.0007240401
0.5000000000 0.0007544446
0.5100000000 0.0007854735
0.5200000000 0.0008171267
0.5300000000 0.0008494043
0.5400000000 0.0008823062
0.5500000000 0.0009160274
0.5600000000 0.0009503800
0.5700000000 0.0009851620
0.5800000000 0.0010209795
0.5900000000 0.0010572263
0.6000000000 0.0010941047
0.6100000000 0.0011318306
0.6200000000 0.0011701950
0.6300000000 0.0012091980
0.6400000000 0.0012488395
0.6500000000 0.0012893499
0.6600000000 0.0013305059
0.6700000000 0.0013723074
0.6800000000 0.0014147546
0.6900000000 0.0014578474
0.7000000000 0.0015018339
0.7100000000 0.0015464731
0.7200000000 0.0015917650
0.7300000000 0.0016377096
0.7400000000 0.0016845691
0.7500000000 0.0017320885
0.7600000000 0.0017802676
0.7700000000 0.0018291065
0.7800000000 0.0018788816
0.7900000000 0.0019293236
0.8000000000 0.0019804325
0.8100000000 0.0020324954
0.8200000000 0.0020849415
0.8300000000 0.0021386430
0.8400000000 0.0021927277
0.8500000000 0.0022474863
0.8600000000 0.0023032237
0.8700000000 0.0023599507
0.8800000000 0.0024170537
0.8900000000 0.0024751533
0.9000000000 0.0025339410
0.9100000000 0.0025937394
0.9200000000 0.0026542331
0.9300000000 0.0027154219
0.9400000000 0.0027773059
0.9500000000 0.0028402219
0.9600000000 0.0029038402
0.9700000000 0.0029685046
0.9800000000 0.0030338785
0.9900000000 0.0030999616
1.0000000000 0.0031671087
1.0100000000 0.0032349723
1.0200000000 0.0033035522
1.0300000000 0.0033732138
1.0400000000 0.0034435989
1.0500000000 0.0035150799
1.0600000000 0.0035872914
1.0700000000 0.0036602335
1.0800000000 0.0037342892
1.0900000000 0.0038090826
1.1000000000 0.0038850037
1.1100000000 0.0039616695
1.1200000000 0.0040394773
1.1300000000 0.0041176361
1.1400000000 0.0041973482
1.1500000000 0.0042778193
1.1600000000 0.0043590492
1.1700000000 0.0044414530
1.1800000000 0.0045246227
1.1900000000 0.0046089805
1.2000000000 0.0046941113
1.2100000000 0.0047804442
1.2200000000 0.0048675574
1.2300000000 0.0049558868
1.2400000000 0.0050450035
1.2500000000 0.0051353507
1.2600000000 0.0052264921
1.2700000000 0.0053188783
1.2800000000 0.0054120659
1.2900000000 0.0055065123
1.3000000000 0.0056017671
1.3100000000 0.0056982950
1.3200000000 0.0057961066
1.3300000000 0.0058947408
1.3400000000 0.0059946728
1.3500000000 0.0060954345
1.3600000000 0.0061975082
1.3700000000 0.0063004186
1.3800000000 0.0064051447
1.3900000000 0.0065102287
1.4000000000 0.0066171495
1.4100000000 0.0067249284
1.4200000000 0.0068335653
1.4300000000 0.0069440744
1.4400000000 0.0070554557
1.4500000000 0.0071677092
1.4600000000 0.0072818703
1.4700000000 0.0073969178
1.4800000000 0.0075133765
1.4900000000 0.0076307285
1.5000000000 0.0077495059
1.5100000000 0.0078697193
1.5200000000 0.0079913792
1.5300000000 0.0081139538
1.5400000000 0.0082379891
1.5500000000 0.0083634958
1.5600000000 0.0084904845
1.5700000000 0.0086189659
1.5800000000 0.0087483901
1.5900000000 0.0088793212
1.6000000000 0.0090117696
1.6100000000 0.0091457461
1.6200000000 0.0092812613
1.6300000000 0.0094177477
1.6400000000 0.0095557869
1.6500000000 0.0096959746
1.6600000000 0.0098371549
1.6700000000 0.0099799198
1.6800000000 0.0101242800
1.6900000000 0.0102702461
1.7000000000 0.0104178287
1.7100000000 0.0105664321
1.7200000000 0.0107172762
1.7300000000 0.0108697686
1.7400000000 0.0110239201
1.7500000000 0.0111791205
1.7600000000 0.0113366183
1.7700000000 0.0114958070
1.7800000000 0.0116566971
1.7900000000 0.0118192993
1.8000000000 0.0119836243
1.8100000000 0.0121496825
1.8200000000 0.0123174847
1.8300000000 0.0124876905
1.8400000000 0.0126590159
1.8500000000 0.0128327732
1.8600000000 0.0130083240
1.8700000000 0.0131856789
1.8800000000 0.0133648485
1.8900000000 0.0135458434
1.9000000000 0.0137293480
1.9100000000 0.0139147062
1.9200000000 0.0141026095
1.9300000000 0.0142917103
1.9400000000 0.0144833845
1.9500000000 0.0146776534
1.9600000000 0.0148731480
1.9700000000 0.0150712656
1.9800000000 0.0152720273
1.9900000000 0.0154747488
2.0000000000 0.0156794406
2.0100000000 0.0158868261
2.0200000000 0.0160962102
2.0300000000 0.0163083234
2.0400000000 0.0165224635
2.0500000000 0.0167393680
2.0600000000 0.0169590582
2.0700000000 0.0171808213
2.0800000000 0.0174054053
2.0900000000 0.0176320906
2.1000000000 0.0178616322
2.1100000000 0.0180940515
2.1200000000 0.0183293695
2.1300000000 0.0185668524
2.1400000000 0.0188072695
2.1500000000 0.0190506419
2.1600000000 0.0192969909
2.1700000000 0.0195463378
2.1800000000 0.0197987037
2.1900000000 0.0200533334
2.2000000000 0.0203117974
2.2100000000 0.0205725606
2.2200000000 0.0208372077
2.2300000000 0.0211049798
2.2400000000 0.0213758982
2.2500000000 0.0216499841
2.2600000000 0.0219272587
2.2700000000 0.0222085480
2.2800000000 0.0224930755
2.2900000000 0.0227808623
2.3000000000 0.0230719297
2.3100000000 0.0233671178
2.3200000000 0.0236656360
2.3300000000 0.0239683314
2.3400000000 0.0242744063
2.3500000000 0.0245847150
2.3600000000 0.0248992892
2.3700000000 0.0252173207
2.3800000000 0.0255396743
2.3900000000 0.0258655345
2.4000000000 0.0261966242
2.4100000000 0.0265312770
2.4200000000 0.0268703720
2.4300000000 0.0272148024
2.4400000000 0.0275628808
2.4500000000 0.0279154966
2.4600000000 0.0282735538
2.4700000000 0.0286353437
2.4800000000 0.0290026455
2.4900000000 0.0293755017
2.5000000000 0.0297521822
2.5100000000 0.0301353774
2.5200000000 0.0305224606
2.5300000000 0.0309161431
2.5400000000 0.0313146774
2.5500000000 0.0317189990
2.5600000000 0.0321282429
2.5700000000 0.0325442627
2.5800000000 0.0329661969
2.5900000000 0.0333931698
2.6000000000 0.0338270563
2.6100000000 0.0342679092
2.6200000000 0.0347139243
2.6300000000 0.0351669975
2.6400000000 0.0356271819
2.6500000000 0.0360935910
2.6600000000 0.0365672100
2.6700000000 0.0370480918
2.6800000000 0.0375362892
2.6900000000 0.0380309017
2.7000000000 0.0385348424
2.7100000000 0.0390453040
2.7200000000 0.0395642566
2.7300000000 0.0400907964
2.7400000000 0.0406269181
2.7500000000 0.0411707466
2.7600000000 0.0417233130
2.7700000000 0.0422846805
2.7800000000 0.0428558979
2.7900000000 0.0434360502
2.8000000000 0.0440252011
2.8100000000 0.0446254053
2.8200000000 0.0452347488
2.8300000000 0.0458542977
2.8400000000 0.0464851324
2.8500000000 0.0471273373
2.8600000000 0.0477799836
2.8700000000 0.0484441620
2.8800000000 0.0491199570
2.8900000000 0.0498074531
2.9000000000 0.0505077621
2.9100000000 0.0512209790
2.9200000000 0.0519471989
2.9300000000 0.0526875547
2.9400000000 0.0534411104
2.9500000000 0.0542090059
2.9600000000 0.0549913468
2.9700000000 0.0557882385
2.9800000000 0.0566018977
2.9900000000 0.0574303326
3.0000000000 0.0582757740
3.0100000000 0.0591383483
3.0200000000 0.0600181821
3.0300000000 0.0609164749
3.0400000000 0.0618333638
3.0500000000 0.0627689855
3.0600000000 0.0637245609
3.0700000000 0.0647002373
3.0800000000 0.0656983437
3.0900000000 0.0667168598
3.1000000000 0.0677592266
3.1100000000 0.0688234200
3.1200000000 0.0699129124
3.1300000000 0.0710278933
3.1400000000 0.0721685518
3.1500000000 0.0733350768
3.1600000000 0.0745310147
3.1700000000 0.0757554633
3.1800000000 0.0770097587
3.1900000000 0.0782952508
3.2000000000 0.0796133034
3.2100000000 0.0809641578
3.2200000000 0.0823514753
3.2300000000 0.0837743849
3.2400000000 0.0852365898
3.2500000000 0.0867372325
3.2600000000 0.0882789041
3.2700000000 0.0898642231
3.2800000000 0.0914946749
3.2900000000 0.0931729233
3.3000000000 0.0948993236
3.3100000000 0.0966777459
3.3200000000 0.0985097514
3.3300000000 0.1003980940
3.3400000000 0.1023455548
3.3500000000 0.1043549429
3.3600000000 0.1064302838
3.3700000000 0.1085732593
3.3800000000 0.1107891529
3.3900000000 0.1130809043
3.4000000000 0.1154526834
3.4100000000 0.1179099079
3.4200000000 0.1204556303
3.4300000000 0.1230965707
3.4400000000 0.1258370838
3.4500000000 0.1286827856
3.4600000000 0.1316417938
3.4700000000 0.1347210811
3.4800000000 0.1379264574
3.4900000000 0.1412674886
3.5000000000 0.1447525985
3.5100000000 0.1483915325
3.5200000000 0.1521953751
3.5300000000 0.1561765662
3.5400000000 0.1603464155
3.5500000000 0.1647188489
3.5600000000 0.1693104420
3.5700000000 0.1741391919
3.5800000000 0.1792207389
3.5900000000 0.1845797457
3.6000000000 0.1902360269
3.6100000000 0.1962172300
3.6200000000 0.2025512645
3.6300000000 0.2092701450
3.6400000000 0.2164100391
3.6500000000 0.2240113139
3.6600000000 0.2321185825
3.6700000000 0.2407833390
3.6800000000 0.2500627365
3.6900000000 0.2600222490
3.7000000000 0.2707370649
3.7100000000 0.2822882652
3.7200000000 0.2947759857
3.7300000000 0.3083064793
3.7400000000 0.3230053312
3.7500000000 0.3390150088
3.7600000000 0.3564989811
3.7700000000 0.3756379226
3.7800000000 0.3966431297
3.7900000000 0.4197461126
3.8000000000 0.4452040452
3.8100000000 0.4732972283
3.8200000000 0.5043171043
3.8300000000 0.5385608124
3.8400000000 0.5763000916
3.8500000000 0.6177498362
3.8600000000 0.6630228520
3.8700000000 0.7120558498
3.8800000000 0.7645592747
3.8900000000 0.8199492755
3.9000000000 0.8773540173
3.9100000000 0.9356773341
3.9200000000 0.9937663997
3.9300000000 1.0506310729
3.9400000000 1.1056321002
3.9500000000 1.1585491450
3.9600000000 1.2094454195
3.9700000000 1.2584448108
3.9800000000 1.3055097511
3.9900000000 1.3503876084
4.0000000000 1.3927453320
4.0100000000 1.4323937369
4.0200000000 1.4694864634
4.0300000000 1.5045438153
4.0400000000 1.5383382198
4.0500000000 1.5716922570
4.0600000000 1.6052507128
4.0700000000 1.6392598284
4.0800000000 1.6733427600
4.0900000000 1.7063413103
4.1000000000 1.7363143509
4.1100000000 1.7608025536
4.1200000000 1.7773215326
4.1300000000 1.7839923976
4.1400000000 1.7800788952
4.1500000000 1.7662721362
4.1600000000 1.7446320008
4.1700000000 1.7181895324
4.1800000000 1.6903871451
4.1900000000 1.6644944730
4.2000000000 1.6431916303
4.2100000000 1.6283648132
4.2200000000 1.6211404271
4.2300000000 1.6220574051
4.2400000000 1.6312930505
4.2500000000 1.6488334257
4.2600000000 1.6745268971
4.2700000000 1.7080056501
4.2800000000 1.7485555510
4.2900000000 1.7950381506
4.3000000000 1.8459359737
4.3100000000 1.8995572933
4.3200000000 1.9542968140
4.3300000000 2.0088182464
4.3400000000 2.0620046579
4.3500000000 2.1126688116
4.3600000000 2.1591396381
4.3700000000 2.1989571043
4.3800000000 2.2289334354
4.3900000000 2.2456428703
4.4000000000 2.2462533944
4.4100000000 2.2293942107
4.4200000000 2.1956813247
4.4300000000 2.1477092785
4.4400000000 2.0895218433
4.4500000000 2.0258155142
4.4600000000 1.9611535133
4.4700000000 1.8994026173
4.4800000000 1.8434511975
4.4900000000 1.7951596005
4.5000000000 1.7554398630
4.5100000000 1.7244101272
4.5200000000 1.7015929033
4.5300000000 1.6861061474
4.5400000000 1.6768538656
4.5500000000 1.6726405176
4.5600000000 1.6722042133
4.5700000000 1.6741780989
4.5800000000 1.6771074026
4.5900000000 1.6795764222
4.6000000000 1.6804864556
4.6100000000 1.6793860479
4.6200000000 1.6767122856
4.6300000000 1.6737865368
4.6400000000 1.6725955003
4.6500000000 1.6754268310
4.6600000000 1.6845307546
4.6700000000 1.7018803744
4.6800000000 1.7290585521
4.6900000000 1.7672402096
4.7000000000 1.8172251543
4.7100000000 1.8794707267
4.7200000000 1.9541001625
4.7300000000 2.0408897707
4.7400000000 2.1391930640
4.7500000000 2.2478324456
4.7600000000 2.3649715132
4.7700000000 2.4880274201
4.7800000000 2.6137077493
4.7900000000 2.7381959425
4.8000000000 2.8574896541
4.8100000000 2.9677880477
4.8200000000 3.0658434943
4.8300000000 3.1492204452
4.8400000000 3.2164401251
4.8500000000 3.2670550462
4.8600000000 3.3017126049
4.8700000000 3.3221520694
4.8800000000 3.3311015214
4.8900000000 3.3319746213
4.9000000000 3.3284621778
4.9100000000 3.3241460000
4.9200000000 3.3222515804
4.9300000000 3.3255551284
4.9400000000 3.3363829239
4.9500000000 3.3565889452
4.9600000000 3.3874506712
4.9700000000 3.4294387183
4.9800000000 3.4819261575
4.9900000000 3.5428400787
5.0000000000 3.6083411198
5.0100000000 3.6726283669
5.0200000000 3.7280943437
5.0300000000 3.7660273046
5.0400000000 3.7779384747
5.0500000000 3.7572690102
5.0600000000 3.7009654631
5.0700000000 3.6102905002
5.0800000000 3.4905489217
5.0900000000 3.3498511670
5.1000000000 3.1974361741
5.1100000000 3.0421218407
5.1200000000 2.8912851306
5.1300000000 2.7504410974
5.1400000000 2.6232757819
5.1500000000 2.5119568774
5.1600000000 2.4175339805
5.1700000000 2.3402958229
5.1800000000 2.2800809804
5.1900000000 2.2364838366
5.2000000000 2.2089743399
5.2100000000 2.1969551177
5.2200000000 2.1997560075
5.2300000000 2.2165542752
5.2400000000 2.2462801944
5.2500000000 2.2874833794
5.2600000000 2.3382132697
5.2700000000 2.3959957944
5.2800000000 2.4579437145
5.2900000000 2.5210697848
5.3000000000 2.5827492605
5.3100000000 2.6412218465
5.3200000000 2.6959042549
5.3300000000 2.7473960079
5.3400000000 2.7971398524
5.3500000000 2.8468699767
5.3600000000 2.8980498817
5.3700000000 2.9513909880
5.3800000000 3.0066125740
5.3900000000 3.0624251944
5.4000000000 3.1167494068
5.4100000000 3.1670750867
5.4200000000 3.2108876472
5.4300000000 3.2461365748
5.4400000000 3.2717084303
5.4500000000 3.2878635052
5.4600000000 3.2964629855
5.4700000000 3.3008291242
5.4800000000 3.3052247236
5.4900000000 3.3140671391
5.5000000000 3.3311684070
5.5100000000 3.3591783051
5.5200000000 3.3993459444
5.5300000000 3.4516300124
5.5400000000 3.5150992367
5.5500000000 3.5885117231
5.5600000000 3.6709340521
5.5700000000 3.7621219003
5.5800000000 3.8625088714
5.5900000000 3.9727249157
5.6000000000 4.0927849453
5.6100000000 4.2212081016
5.6200000000 4.3543820458
5.6300000000 4.4863940592
5.6400000000 4.6094841800
5.6500000000 4.7151571243
5.6600000000 4.7957072350
5.6700000000 4.8458622369
5.6800000000 4.8639885077
5.6900000000 4.8525391930
5.7000000000 4.8175794769
5.7100000000 4.7675923715
5.7200000000 4.7119527477
5.7300000000 4.6595654248
5.7400000000 4.6179283809
5.7500000000 4.5927710906
5.7600000000 4.5881186998
5.7700000000 4.6065810988
5.7800000000 4.6496772869
5.7900000000 4.7180531324
5.8000000000 4.8116550084
5.8100000000 4.9299054846
5.8200000000 5.0719790831
5.8300000000 5.2372007708
5.8400000000 5.4254386743
5.8500000000 5.6373659954
5.8600000000 5.8744224405
5.8700000000 6.1384472253
5.8800000000 6.4310700673
5.8900000000 6.7530174591
5.9000000000 7.1035686541
5.9100000000 7.4802873419
5.9200000000 7.8791248621
5.9300000000 8.2948533109
5.9400000000 8.7216718072
5.9500000000 9.1537649340
5.9600000000 9.5856700402
5.9700000000 10.0123389604
5.9800000000 10.4289297096
5.9900000000 10.8305245681
6.0000000000 11.2119084321
6.0100000000 11.5675633604
6.0200000000 11.8918672667
6.0300000000 12.1794312298
6.0400000000 12.4254739856
6.0500000000 12.6261673967
6.0600000000 12.7789514602
6.0700000000 12.8827532957
6.0800000000 12.9381177506
6.0900000000 12.9472260968
6.1000000000 12.9138934525
6.1100000000 12.8436124011
6.1200000000 12.7436058364
6.1300000000 12.6227484623
6.1400000000 12.4911699635
6.1500000000 12.3594321219
6.1600000000 12.2373287870
6.1700000000 12.1325320550
6.1800000000 12.0494693977
6.1900000000 11.9887796906
6.2000000000 11.9475962563
6.2100000000 11.9205678218
6.2200000000 11.9013556679
6.2300000000 11.8840500250
6.2400000000 11.8640070624
6.2500000000 11.8378658839
6.2600000000 11.8029339128
6.2700000000 11.7564484797
6.2800000000 11.6951537738
6.2900000000 11.6153400693
6.3000000000 11.5131764767
6.3100000000 11.3852263937
6.3200000000 11.2290269973
6.3300000000 11.0437589527
6.3400000000 10.8308571534
6.3500000000 10.5943451726
6.3600000000 10.3406671077
6.3700000000 10.0779977687
6.3800000000 9.8151943087
6.3900000000 9.5607135138
6.4000000000 9.3217614661
6.4100000000 9.1038265856
6.4200000000 8.9105497155
6.4300000000 8.7438173426
6.4400000000 8.6039628550
6.4500000000 8.4900547092
6.4600000000 8.4002515687
6.4700000000 8.3321920887
6.4800000000 8.2833202058
6.4900000000 8.2510377717
6.5000000000 8.2327135795
6.5100000000 8.2255903225
6.5200000000 8.2267742140
6.5300000000 8.2333238693
6.5400000000 8.2424508180
6.5500000000 8.2517235836
6.5600000000 8.2591879153
6.5700000000 8.2633016312
6.5800000000 8.2627219536
6.5900000000 8.2559811524
6.6000000000 8.2411291100
6.6100000000 8.2155060817
6.6200000000 8.1757853628
6.6300000000 8.1184365746
6.6400000000 8.0405448140
6.6500000000 7.9407999824
6.6600000000 7.8202192177
6.6700000000 7.6822288466
6.6800000000 7.5319135979
6.6900000000 7.3746544107
6.7000000000 7.2147445769
6.7100000000 7.0545344637
6.7200000000 6.8944948839
6.7300000000 6.7340619207
6.7400000000 6.5728327345
6.7500000000 6.4114264482
6.7600000000 6.2516068179
6.7700000000 6.0956858173
6.7800000000 5.9456021359
6.7900000000 5.8022274048
6.8000000000 5.6652683172
6.8100000000 5.5338094865
6.8200000000 5.4072355985
6.8300000000 5.2860432875
6.8400000000 5.1721886727
6.8500000000 5.0688697167
6.8600000000 4.9799015307
6.8700000000 4.9090814097
6.8800000000 4.8596876422
6.8900000000 4.8342368664
6.9000000000 4.8343938721
6.9100000000 4.8609346786
6.9200000000 4.9137073695
6.9300000000 4.9916025838
6.9400000000 5.0925383106
6.9500000000 5.2135158457
6.9600000000 5.3508066399
6.9700000000 5.5002703198
6.9800000000 5.6578297397
6.9900000000 5.8199663904
7.0000000000 5.9839894537
7.0100000000 6.1479446783
7.0200000000 6.3101021949
7.0300000000 6.4682302571
7.0400000000 6.6189699240
7.0500000000 6.7575969726
7.0600000000 6.8782873681
7.0700000000 6.9749745415
7.0800000000 7.0426080388
7.0900000000 7.0784810528
7.1000000000 7.0831526601
7.1100000000 7.0604591803
7.1200000000 7.0165151853
7.1300000000 6.9580168933
7.1400000000 6.8905166050
7.1500000000 6.8173438396
7.1600000000 6.7394322622
7.1700000000 6.6560119953
7.1800000000 6.5657312436
7.1900000000 6.4677835513
7.2000000000 6.3626418943
7.2100000000 6.2522017531
7.2200000000 6.1393717435
7.2300000000 6.0273905674
7.2400000000 5.9191623223
7.2500000000 5.8168702138
7.2600000000 5.7218162587
7.2700000000 5.6344350712
7.2800000000 5.5543491104
7.2900000000 5.4805262972
7.3000000000 5.4115739736
7.3100000000 5.3462103690
7.3200000000 5.2837231383
7.3300000000 5.2242065902
7.3400000000 5.1684234764
7.3500000000 5.1173333591
7.3600000000 5.0715660113
7.3700000000 5.0311152590
7.3800000000 4.9954678851
7.3900000000 4.9640825586
7.4000000000 4.9370622389
7.4100000000 4.9156469122
7.4200000000 4.9023634827
7.4300000000 4.9007885410
7.4400000000 4.9150489041
7.4500000000 4.9493172529
7.4600000000 5.0074028973
7.4700000000 5.0925183065
7.4800000000 5.2071945776
7.4900000000 5.3532794172
7.5000000000 5.5319380200
7.5100000000 5.7435516126
7.5200000000 5.9874608306
7.5300000000 6.2615492237
7.5400000000 6.5617786419
7.5500000000 6.8818578163
7.5600000000 7.2132475400
7.5700000000 7.5456130223
7.5800000000 7.8676745998
7.5900000000 8.1681833822
7.6000000000 8.4367635284
7.6100000000 8.6644749082
7.6200000000 8.8442389638
7.6300000000 8.9713247526
7.6400000000 9.0439348086
7.6500000000 9.0635953964
7.6600000000 9.0349993500
7.6700000000 8.9652091269
7.6800000000 8.8624339190
7.6900000000 8.7347456452
7.7000000000 8.5890537183
7.7100000000 8.4305085395
7.7200000000 8.2624080550
7.7300000000 8.0866286421
7.7400000000 7.9044179755
7.7500000000 7.7172720481
7.7600000000 7.5275340993
7.7700000000 7.3384998235
7.7800000000 7.1540669916
7.7900000000 6.9782505590
7.8000000000 6.8147737731
7.8100000000 6.6668677176
7.8200000000 6.5372192767
7.8300000000 6.4279434012
7.8400000000 6.3405063588
7.8500000000 6.2756000619
7.8600000000 6.2329240465
7.8700000000 6.2109757858
7.8800000000 6.2069173028
7.8900000000 6.2165875937
7.9000000000 6.2348316242
7.9100000000 6.2561704726
7.9200000000 6.2757928104
7.9300000000 6.2906541750
7.9400000000 6.3002989168
7.9500000000 6.3070035668
7.9600000000 6.3151686295
7.9700000000 6.3301466341
7.9800000000 6.3569260018
7.9900000000 6.3990724014
8.0000000000 6.4581221657
8.0100000000 6.5334299711
8.0200000000 6.6224454280
8.0300000000 6.7213761876
8.0400000000 6.8260645434
8.0500000000 6.9329148854
8.0600000000 7.0395315560
8.0700000000 7.1449395704
8.0800000000 7.2493710041
8.0900000000 7.3537831013
8.1000000000 7.4593377834
8.1100000000 7.5669868833
8.1200000000 7.6772773005
8.1300000000 7.7903601754
8.1400000000 7.9061417136
8.1500000000 8.0243968395
8.1600000000 8.1446660772
8.1700000000 8.2659546213
8.1800000000 8.3863178773
8.1900000000 8.5025081516
8.2000000000 8.6097910304
8.2100000000 8.7020995319
8.2200000000 8.7724606787
8.2300000000 8.8136996565
8.2400000000 8.8193081434
8.2500000000 8.7843873624
8.2600000000 8.7065872305
8.2700000000 8.5869052251
8.2800000000 8.4300539066
8.2900000000 8.2441708136
8.3000000000 8.0398396710
8.3100000000 7.8287279531
8.3200000000 7.6221925132
8.3300000000 7.4302110938
8.3400000000 7.2607026381
8.3500000000 7.1192108937
8.3600000000 7.0089251850
8.3700000000 6.9308875793
8.3800000000 6.8843194946
8.3900000000 6.8669718148
8.4000000000 6.8754230082
8.4100000000 6.9052457188
8.4200000000 6.9510996368
8.4300000000 7.0067664304
8.4400000000 7.0653207388
8.4500000000 7.1194689843
8.4600000000 7.1621916310
8.4700000000 7.1875167299
8.4800000000 7.1912662590
8.4900000000 7.1715124272
8.5000000000 7.1286256732
8.5100000000 7.0649431189
8.5200000000 6.9842546815
8.5300000000 6.8913310868
8.5400000000 6.7915158007
8.5500000000 6.6904187244
8.5600000000 6.5936423894
8.5700000000 6.5066120693
8.5800000000 6.4345209847
8.5900000000 6.3822959613
8.6000000000 6.3544679756
8.6100000000 6.3548360842
8.6200000000 6.3859748887
8.6300000000 6.4486909543
8.6400000000 6.5415948146
8.6500000000 6.6608277174
8.6600000000 6.8001114082
8.6700000000 6.9511514539
8.6800000000 7.1045037158
8.6900000000 7.2508805244
8.7000000000 7.3826092948
8.7100000000 7.4948774903
8.7200000000 7.5863376461
8.7300000000 7.6589320537
8.7400000000 7.7171854292
8.7500000000 7.7672666696
8.7600000000 7.8160094069
8.7700000000 7.8699602461
8.7800000000 7.9344700196
8.7900000000 8.0129450124
8.8000000000 8.1064683937
8.8100000000 8.2139474011
8.8200000000 8.3327248859
8.8300000000 8.4595273548
8.8400000000 8.5913982759
8.8500000000 8.7264017269
8.8600000000 8.8639500001
8.8700000000 9.0047347408
8.8800000000 9.1503141269
8.8900000000 9.3024152331
8.9000000000 9.4620005569
8.9100000000 9.6283920710
8.9200000000 9.7986544456
8.9300000000 9.9675085863
8.9400000000 10.1277606366
8.9500000000 10.2712485278
8.9600000000 10.3901243966
8.9700000000 10.4783367580
8.9800000000 10.5329645125
8.9900000000 10.5549905988
9.0000000000 10.5491202774
9.0100000000 10.5226570091
9.0200000000 10.4838651609
9.0300000000 10.4404464549
9.0400000000 10.3985389233
9.0500000000 10.3623801229
9.0600000000 10.3343909145
9.0700000000 10.3154561196
9.0800000000 10.3051915285
9.0900000000 10.3021379201
9.1000000000 10.3039315165
9.1100000000 10.3075209408
9.1200000000 10.3095243360
9.1300000000 10.3066847532
9.1400000000 10.2963157511
9.1500000000 10.2766764884
9.1600000000 10.2471797680
9.1700000000 10.2084127634
9.1800000000 10.1619455204
9.1900000000 10.1099181002
9.2000000000 10.0544217856
9.2100000000 9.9967818832
9.2200000000 9.9368711804
9.2300000000 9.8727471553
9.2400000000 9.8008185198
9.2500000000 9.7165111151
9.2600000000 9.6152789864
9.2700000000 9.4936025757
9.2800000000 9.3498510226
9.2900000000 9.1848758178
9.3000000000 9.0022573510
9.3100000000 8.8080786751
9.3200000000 8.6102500809
9.3300000000 8.4175911409
9.3400000000 8.2389224445
9.3500000000 8.0823108808
9.3600000000 7.9545176520
9.3700000000 7.8605863092
9.3800000000 7.8035429987
9.3900000000 7.7842342242
9.4000000000 7.8013063754
9.4100000000 7.8513418681
9.4200000000 7.9291433255
9.4300000000 8.0281179279
9.4400000000 8.1407366250
9.4500000000 8.2590879552
9.4600000000 8.3755818901
9.4700000000 8.4837566944
9.4800000000 8.5790286339
9.4900000000 8.6591118450
9.5000000000 8.7238668231
9.5100000000 8.7747052235
9.5200000000 8.8137901519
9.5300000000 8.8434727212
9.5400000000 8.8660579387
9.5500000000 8.8838872652
9.5600000000 8.8994452230
9.5700000000 8.9152833206
9.5800000000 8.9337184809
9.5900000000 8.9564788446
9.6000000000 8.9845077190
9.6100000000 9.0181541973
9.6200000000 9.0576059762
9.6300000000 9.1032948650
9.6400000000 9.1559294130
9.6500000000 9.2161348478
9.6600000000 9.2837942460
9.6700000000 9.3574463436
9.6800000000 9.4340209624
9.6900000000 9.5090353772
9.7000000000 9.5771756520
9.7100000000 9.6330396439
9.7200000000 9.6716863139
9.7300000000 9.6889644906
9.7400000000 9.6816318457
9.7500000000 9.6474496827
9.7600000000 9.5852821590
9.7700000000 9.4951243431
9.7800000000 9.3779665010
9.7900000000 9.2356318455
9.8000000000 9.0707553096
9.8100000000 8.8868587672
9.8200000000 8.6883886197
9.8300000000 8.4805208709
9.8400000000 8.2686717664
9.8500000000 8.0580801179
9.8600000000 7.8535898631
9.8700000000 7.6597250854
9.8800000000 7.4808258294
9.8900000000 7.3210258933
9.9000000000 7.1839718424
9.9100000000 7.0723261624
9.9200000000 6.9873213740
9.9300000000 6.9284888541
9.9400000000 6.8936864324
9.9500000000 6.8793473035
9.9600000000 6.8808693893
9.9700000000 6.8930421007
9.9800000000 6.9104130390
9.9900000000 6.9276269863
10.0000000000 6.9397384755
10.0100000000 6.9426176760
10.0200000000 6.9333453694
10.0300000000 6.9104907250
10.0400000000 6.8740940598
10.0500000000 6.8253383955
10.0600000000 6.7660532509
10.0700000000 6.6982926644
10.0800000000 6.6241996362
10.0900000000 6.5460483300
10.1000000000 6.4663824383
10.1100000000 6.3879635365
10.1200000000 6.3134378095
10.1300000000 6.2448010749
10.1400000000 6.1829153869
10.1500000000 6.1273236115
10.1600000000 6.0764569549
10.1700000000 6.0282058174
10.1800000000 5.9806601638
10.1900000000 5.9327941500
10.2000000000 5.8848387351
10.2100000000 5.8382713154
10.2200000000 5.7953688467
10.2300000000 5.7585812385
10.2400000000 5.7298707622
10.2500000000 5.7101475560
10.2600000000 5.6989471184
10.2700000000 5.6944188959
10.2800000000 5.6937642411
10.2900000000 5.6940470527
10.3000000000 5.6931405619
10.3100000000 5.6905026558
10.3200000000 5.6873937840
10.3300000000 5.6865539308
10.3400000000 5.6913826424
10.3500000000 5.7049853672
10.3600000000 5.7293308738
10.3700000000 5.7647327990
10.3800000000 5.8098298737
10.3900000000 5.8620991336
10.4000000000 5.9188439712
10.4100000000 5.9782584680
10.4200000000 6.0402011316
10.4300000000 6.1062624878
10.4400000000 6.1790181631
10.4500000000 6.2607758960
10.4600000000 6.3523111265
10.4700000000 6.4520566661
10.4800000000 6.5560157465
10.4900000000 6.6583452400
10.5000000000 6.7523637622
10.5100000000 6.8315365907
10.5200000000 6.8901673051
10.5300000000 6.9236719892
10.5400000000 6.9286830784
10.5500000000 6.9031401813
10.5600000000 6.8464597366
10.5700000000 6.7596130353
10.5800000000 6.6449964162
10.5900000000 6.5061856086
10.6000000000 6.3477041232
10.6100000000 6.1749153708
10.6200000000 5.9939144455
10.6300000000 5.8112123062
10.6400000000 5.6332086690
10.6500000000 5.4655902327
10.6600000000 5.3127930644
10.6700000000 5.1776596284
10.6800000000 5.0612929211
10.6900000000 4.9630632097
10.7000000000 4.8807761589
10.7100000000 4.8110693054
10.7200000000 4.7500089983
10.7300000000 4.6938375693
10.7400000000 4.6396825373
10.7500000000 4.5859179867
10.7600000000 4.5321744057
10.7700000000 4.4789271898
10.7800000000 4.4270104113
10.7900000000 4.3772014255
10.8000000000 4.3300662365
10.8100000000 4.2859432552
10.8200000000 4.2449901107
10.8300000000 4.2071959547
10.8400000000 4.1723658479
10.8500000000 4.1401334726
10.8600000000 4.1099634840
10.8700000000 4.0811965027
10.8800000000 4.0531051530
10.8900000000 4.0249292903
10.9000000000 3.9959861442
10.9100000000 3.9658454896
10.9200000000 3.9345277509
10.9300000000 3.9025824386
10.9400000000 3.8710170626
10.9500000000 3.8411249161
10.9600000000 3.8142068308
10.9700000000 3.7913260388
10.9800000000 3.7731039912
10.9900000000 3.7595365389
11.0000000000 3.7499142004
11.0100000000 3.7428765095
11.0200000000 3.7366011518
11.0300000000 3.7291752060
11.0400000000 3.7190514532
11.0500000000 3.7054707133
11.0600000000 3.6887818238
11.0700000000 3.6704736523
11.0800000000 3.6528910778
11.0900000000 3.6387770733
11.1000000000 3.6307808727
11.1100000000 3.6310709779
11.1200000000 3.6411356028
11.1300000000 3.6616085918
11.1400000000 3.6921956923
11.1500000000 3.7315632519
11.1600000000 3.7773615626
11.1700000000 3.8264552442
11.1800000000 3.8753586158
11.1900000000 3.9209141570
11.2000000000 3.9609023393
11.2100000000 3.9945479777
11.2200000000 4.0226547625
11.2300000000 4.0474496317
11.2400000000 4.0720806599
11.2500000000 4.0999450201
11.2600000000 4.1339147425
11.2700000000 4.1756295873
11.2800000000 4.2249846543
11.2900000000 4.2800247101
11.3000000000 4.3372159841
11.3100000000 4.3921506764
11.3200000000 4.4404672068
11.3300000000 4.4787211203
11.3400000000 4.5049239491
11.3500000000 4.5186817097
11.3600000000 4.5208952753
11.3700000000 4.5133291931
11.3800000000 4.4981632724
11.3900000000 4.4776527939
11.4000000000 4.4539294507
11.4100000000 4.4289214366
11.4200000000 4.4044048335
11.4300000000 4.3821544471
11.4400000000 4.3641173584
11.4500000000 4.3524087912
11.4600000000 4.3491026235
11.4700000000 4.3558301826
11.4800000000 4.3733066386
11.4900000000 4.4010697340
11.5000000000 4.4374520715
11.5100000000 4.4798394868
11.5200000000 4.5250651152
11.5300000000 4.5698102813
11.5400000000 4.6108098858
11.5500000000 4.6448844458
11.5600000000 4.6689068105
11.5700000000 4.6797930162
11.5800000000 4.6746588044
11.5900000000 4.6510688675
11.6000000000 4.6073889460
11.6100000000 4.5430992593
11.6200000000 4.4590763040
11.6300000000 4.3576759601
11.6400000000 4.2425048442
11.6500000000 4.1178929895
11.6600000000 3.9881928037
11.6700000000 3.8571098291
11.6800000000 3.7273639513
11.6900000000 3.6006446951
11.7000000000 3.4778930451
11.7100000000 3.3597174854
11.7200000000 3.2467489956
11.7300000000 3.1399252075
11.7400000000 3.0404783630
11.7500000000 2.9498516483
11.7600000000 2.8694402217
11.7700000000 2.8003631024
11.7800000000 2.7432636992
11.7900000000 2.6981723143
11.8000000000 2.6644523296
11.8100000000 2.6408474442
11.8200000000 2.6255670769
11.8300000000 2.6164333889
11.8400000000 2.6111052311
11.8500000000 2.6073069011
11.8600000000 2.6031528321
11.8700000000 2.5974451382
11.8800000000 2.5898764144
11.8900000000 2.5810778414
11.9000000000 2.5724357347
11.9100000000 2.5657506681
11.9200000000 2.5628659973
11.9300000000 2.5653377308
11.9400000000 2.5742429989
11.9500000000 2.5900683998
11.9600000000 2.6127315898
11.9700000000 2.6416282432
11.9800000000 2.6757526099
11.9900000000 2.7138189111
12.0000000000 2.7543428538
12.0100000000 2.7957874076
12.0200000000 2.8366317636
12.0300000000 2.8755202730
12.0400000000 2.9114069459
12.0500000000 2.9436917684
12.0600000000 2.9723693730
12.0700000000 2.9980294004
12.0800000000 3.0217446941
12.0900000000 3.0447944533
12.1000000000 3.0683061929
12.1100000000 3.0929612802
12.1200000000 3.1188369116
12.1300000000 3.1453770130
12.1400000000 3.1715367428
12.1500000000 3.1959150495
12.1600000000 3.2168709409
12.1700000000 3.2326393449
12.1800000000 3.2413576009
12.1900000000 3.2411680446
12.2000000000 3.2304214894
12.2100000000 3.2079667223
12.2200000000 3.1735078144
12.2300000000 3.1279139345
12.2400000000 3.0732261500
12.2500000000 3.0124512079
12.2600000000 2.9490719267
12.2700000000 2.8865956719
12.2800000000 2.8281071185
12.2900000000 2.7760645825
12.3000000000 2.7321549264
12.3100000000 2.6972878866
12.3200000000 2.6716333127
12.3300000000 2.6546565920
12.3400000000 2.6452185805
12.3500000000 2.6417067869
12.3600000000 2.6422927675
12.3700000000 2.6453071901
12.3800000000 2.6496243353
12.3900000000 2.6549892656
12.4000000000 2.6621167553
12.4100000000 2.6724358849
12.4200000000 2.6876869987
12.4300000000 2.7093913093
12.4400000000 2.7383813240
12.4500000000 2.7745148145
12.4600000000 2.8165406062
12.4700000000 2.8621541894
12.4800000000 2.9082338273
12.4900000000 2.9512844351
12.5000000000 2.9880041257
12.5100000000 3.0159609276
12.5200000000 3.0341317346
12.5300000000 3.0432316841
12.5400000000 3.0455517132
12.5500000000 3.0444940138
12.5600000000 3.0438091946
12.5700000000 3.0468196580
12.5800000000 3.0558340912
12.5900000000 3.0718901661
12.6000000000 3.0948250189
12.6100000000 3.1236629597
12.6200000000 3.1571441150
12.6300000000 3.1941324779
12.6400000000 3.2338266696
12.6500000000 3.2756849534
12.6600000000 3.3192408780
12.6700000000 3.3638811775
12.6800000000 3.4088167180
12.6900000000 3.4531205051
12.7000000000 3.4958577130
12.7100000000 3.5360938488
12.7200000000 3.5727727789
12.7300000000 3.6044813544
12.7400000000 3.6293055997
12.7500000000 3.6449371654
12.7600000000 3.6490551640
12.7700000000 3.6398842238
12.7800000000 3.6167177154
12.7900000000 3.5802748440
12.8000000000 3.5326777306
12.8100000000 3.4771162242
12.8200000000 3.4172869800
12.8300000000 3.3567063812
12.8400000000 3.2981871438
12.8500000000 3.2435665522
12.8600000000 3.1937085185
12.8700000000 3.1487160414
12.8800000000 3.1082242002
12.8900000000 3.0716282798
12.9000000000 3.0382714951
12.9100000000 3.0075398008
12.9200000000 2.9789876211
12.9300000000 2.9524471780
12.9400000000 2.9280218075
12.9500000000 2.9060011106
12.9600000000 2.8866496668
12.9700000000 2.8699638329
12.9800000000 2.8554965119
12.9900000000 2.8423766837
13.0000000000 2.8294728585
13.0100000000 2.8157360566
13.0200000000 2.8005359757
13.0300000000 2.7839075184
13.0400000000 2.7665674418
13.0500000000 2.7497081470
13.0600000000 2.7346367060
13.0700000000 2.7223279093
13.0800000000 2.7131367785
13.0900000000 2.7067118138
13.1000000000 2.7021325791
13.1100000000 2.6982332414
13.1200000000 2.6939806006
13.1300000000 2.6887700269
13.1400000000 2.6825772023
13.1500000000 2.6759075827
13.1600000000 2.6695954322
13.1700000000 2.6645265480
13.1800000000 2.6613903977
13.1900000000 2.6605195632
13.2000000000 2.6618970460
13.2100000000 2.6653058204
13.2200000000 2.6705191398
13.2300000000 2.6774916238
13.2400000000 2.6863687164
13.2500000000 2.6973626290
13.2600000000 2.7104854256
13.2700000000 2.7253348172
13.2800000000 2.7410131885
13.2900000000 2.7561980447
13.3000000000 2.7693462188
13.3100000000 2.7789204596
13.3200000000 2.7836206636
13.3300000000 2.7825531407
13.3400000000 2.7753427460
13.3500000000 2.7622462860
13.3600000000 2.7441018563
13.3700000000 2.7222564209
13.3800000000 2.6983227671
13.3900000000 2.6739841386
13.4000000000 2.6507519497
13.4100000000 2.6298609342
13.4200000000 2.6122128684
13.4300000000 2.5982837548
13.4400000000 2.5880578186
13.4500000000 2.5809616263
13.4600000000 2.5758301233
13.4700000000 2.5709952675
13.4800000000 2.5644748505
13.4900000000 2.5543524157
13.5000000000 2.5392221286
13.5100000000 2.5186224625
13.5200000000 2.4932001918
13.5300000000 2.4646215629
13.5400000000 2.4351914265
13.5500000000 2.4073823317
13.5600000000 2.3834230238
13.5700000000 2.3650846229
13.5800000000 2.3535980780
13.5900000000 2.3496680113
13.6000000000 2.3535289157
13.6100000000 2.3649244700
13.6200000000 2.3831017311
13.6300000000 2.4067971801
13.6400000000 2.4342465971
13.6500000000 2.4633104348
13.6600000000 2.4917233751
13.6700000000 2.5174676068
13.6800000000 2.5391548125
13.6900000000 2.5563162694
13.7000000000 2.5694774883
13.7100000000 2.5799712415
13.7200000000 2.5895570069
13.7300000000 2.5999653611
13.7400000000 2.6125236419
13.7500000000 2.6278957149
13.7600000000 2.6460662944
13.7700000000 2.6663951171
13.7800000000 2.6878429037
13.7900000000 2.7092117628
13.8000000000 2.7293719559
13.8100000000 2.7474378304
13.8200000000 2.7628652003
13.8300000000 2.7754563062
13.8400000000 2.7853279260
13.8500000000 2.7928889446
13.8600000000 2.7987670088
13.8700000000 2.8037071643
13.8800000000 2.8085305671
13.8900000000 2.8141161877
13.9000000000 2.8214707321
13.9100000000 2.8317426932
13.9200000000 2.8461802116
13.9300000000 2.8659486194
13.9400000000 2.8918867401
13.9500000000 2.9242956713
13.9600000000 2.9627888113
13.9700000000 3.0062875809
13.9800000000 3.0531067854
13.9900000000 3.1010963224
14.0000000000 3.1476660398
14.0100000000 3.1898235138
14.0200000000 3.2242192988
14.0300000000 3.2473152465
14.0400000000 3.2557594789
14.0500000000 3.2468158854
14.0600000000 3.2188422653
14.0700000000 3.1716538683
14.0800000000 3.1066351846
14.0900000000 3.0266033978
14.1000000000 2.9353568211
14.1100000000 2.8370873742
14.1200000000 2.7357398693
14.1300000000 2.6345519795
14.1400000000 2.5358071398
14.1500000000 2.4408253020
14.1600000000 2.3501450757
14.1700000000 2.2638055506
14.1800000000 2.1816813687
14.1900000000 2.1037411783
14.2000000000 2.0301937723
14.2100000000 1.9615003521
14.2200000000 1.8982992034
14.2300000000 1.8412561363
14.2400000000 1.7909470469
14.2500000000 1.7477343455
14.2600000000 1.7117206365
14.2700000000 1.6827367389
14.2800000000 1.6604036743
14.2900000000 1.6441955956
14.3000000000 1.6335623372
14.3100000000 1.6280036383
14.3200000000 1.6270797632
14.3300000000 1.6303777632
14.3400000000 1.6374775129
14.3500000000 1.6478683395
14.3600000000 1.6610131894
14.3700000000 1.6763390482
14.3800000000 1.6933061700
14.3900000000 1.7114182223
14.4000000000 1.7302521037
14.4100000000 1.7494680181
14.4200000000 1.7688145799
14.4300000000 1.7881585827
14.4400000000 1.8073962792
14.4500000000 1.8264139043
14.4600000000 1.8449344695
14.4700000000 1.8624136982
14.4800000000 1.8779752420
14.4900000000 1.8904444922
14.5000000000 1.8985602516
14.5100000000 1.9013054236
14.5200000000 1.8982189151
14.5300000000 1.8895456931
14.5400000000 1.8761850618
14.5500000000 1.8594209797
14.5600000000 1.8406910508
14.5700000000 1.8213838425
14.5800000000 1.8027841340
14.5900000000 1.7860323977
14.6000000000 1.7720937491
14.6100000000 1.7616365542
14.6200000000 1.7549604939
14.6300000000 1.7519295783
14.6400000000 1.7520256050
14.6500000000 1.7544624484
14.6600000000 1.7583511992
14.6700000000 1.7629211431
14.6800000000 1.7676459145
14.6900000000 1.7723599035
14.7000000000 1.7772442201
14.7100000000 1.7826968142
14.7200000000 1.7891618313
14.7300000000 1.7969281139
14.7400000000 1.8060178120
14.7500000000 1.8161856917
14.7600000000 1.8269790938
14.7700000000 1.8378485864
14.7800000000 1.8482790986
14.7900000000 1.8579011501
14.8000000000 1.8665720326
14.8100000000 1.8744167873
14.8200000000 1.8817782728
14.8300000000 1.8890506594
14.8400000000 1.8964516079
14.8500000000 1.9038241332
14.8600000000 1.9105342094
14.8700000000 1.9155658834
14.8800000000 1.9177840194
14.8900000000 1.9162179737
14.9000000000 1.9103665795
14.9100000000 1.9003215489
14.9200000000 1.8867851675
14.9300000000 1.8709459839
14.9400000000 1.8542163081
14.9500000000 1.8380089146
14.9600000000 1.8234557727
14.9700000000 1.8112784269
14.9800000000 1.8017959884
14.9900000000 1.7950308246
15.0000000000 1.7909382030
15.0100000000 1.7895549726
15.0200000000 1.7911180338
15.0300000000 1.7959928981
15.0400000000 1.8045246702
15.0500000000 1.8168318896
15.0600000000 1.8326257126
15.0700000000 1.8511629423
15.0800000000 1.8713332764
15.0900000000 1.8918086698
15.1000000000 1.9112700610
15.1100000000 1.9286186474
15.1200000000 1.9430686694
15.1300000000 1.9541784597
15.1400000000 1.9617991844
15.1500000000 1.9660443851
15.1600000000 1.9672700451
15.1700000000 1.9660341327
15.1800000000 1.9630302629
15.1900000000 1.9589745098
15.2000000000 1.9544761189
15.2100000000 1.9499542204
15.2200000000 1.9456111920
15.2300000000 1.9414785965
15.2400000000 1.9374529307
15.2500000000 1.9332795222
15.2600000000 1.9285467627
15.2700000000 1.9227271801
15.2800000000 1.9152864174
15.2900000000 1.9059022534
15.3000000000 1.8946116061
15.3100000000 1.8819270795
15.3200000000 1.8687450133
15.3300000000 1.8561797522
15.3400000000 1.8453234506
15.3500000000 1.8370568235
15.3600000000 1.8319375792
15.3700000000 1.8301882748
15.3800000000 1.8317632575
15.3900000000 1.8364635074
15.4000000000 1.8440520818
15.4100000000 1.8543068066
15.4200000000 1.8669572278
15.4300000000 1.8815476419
15.4400000000 1.8972682642
15.4500000000 1.9128652170
15.4600000000 1.9267031997
15.4700000000 1.9369492017
15.4800000000 1.9418562283
15.4900000000 1.9400102340
15.5000000000 1.9305461293
15.5100000000 1.9132807620
15.5200000000 1.8887949981
15.5300000000 1.8583588050
15.5400000000 1.8237827527
15.5500000000 1.7871199301
15.5600000000 1.7503544684
15.5700000000 1.7151133729
15.5800000000 1.6825516266
15.5900000000 1.6533217545
15.6000000000 1.6277308044
15.6100000000 1.6058720144
15.6200000000 1.5877791264
15.6300000000 1.5735227213
15.6400000000 1.5632103476
15.6500000000 1.5568843823
15.6600000000 1.5544301912
15.6700000000 1.5554032248
15.6800000000 1.5589581318
15.6900000000 1.5638102655
15.7000000000 1.5683266483
15.7100000000 1.5707141380
15.7200000000 1.5692994844
15.7300000000 1.5627828407
15.7400000000 1.5504327094
15.7500000000 1.5321740406
15.7600000000 1.5085097141
15.7700000000 1.4804045488
15.7800000000 1.4490658970
15.7900000000 1.4158044692
15.8000000000 1.3818830159
15.8100000000 1.3484944943
15.8200000000 1.3167233451
15.8300000000 1.2875281101
15.8400000000 1.2616908976
15.8500000000 1.2397609772
15.8600000000 1.2219981276
15.8700000000 1.2083324001
15.8800000000 1.1984175391
15.8900000000 1.1916575189
15.9000000000 1.1873381058
15.9100000000 1.1847205089
15.9200000000 1.1831022778
15.9300000000 1.1818893741
15.9400000000 1.1805966267
15.9500000000 1.1789033758
15.9600000000 1.1767148326
15.9700000000 1.1742126251
15.9800000000 1.1718889591
15.9900000000 1.1704479214
16.0000000000 1.1706563963
16.0100000000 1.1731942774
16.0200000000 1.1784985105
16.0300000000 1.1867288600
16.0400000000 1.1978004360
16.0500000000 1.2114832146
16.0600000000 1.2275130505
16.0700000000 1.2456529157
16.0800000000 1.2657152950
16.0900000000 1.2874900160
16.1000000000 1.3106942351
16.1100000000 1.3348556196
16.1200000000 1.3593011866
16.1300000000 1.3831628138
16.1400000000 1.4054884070
16.1500000000 1.4253975234
16.1600000000 1.4422370173
16.1700000000 1.4556366445
16.1800000000 1.4655705239
16.1900000000 1.4722740778
16.2000000000 1.4762000991
16.2100000000 1.4779134805
16.2200000000 1.4780135972
16.2300000000 1.4770284434
16.2400000000 1.4753474442
16.2500000000 1.4731595266
16.2600000000 1.4704076895
16.2700000000 1.4667657664
16.2800000000 1.4616991541
16.2900000000 1.4545481452
16.3000000000 1.4447013665
16.3100000000 1.4317306005
16.3200000000 1.4155769925
16.3300000000 1.3965639112
16.3400000000 1.3754384136
16.3500000000 1.3532495264
16.3600000000 1.3312088513
16.3700000000 1.3105500926
16.3800000000 1.2923534334
16.3900000000 1.2773856320
16.4000000000 1.2660640168
16.4100000000 1.2583978372
16.4200000000 1.2540433446
16.4300000000 1.2523822531
16.4400000000 1.2526178358
16.4500000000 1.2539397507
16.4600000000 1.2556495220
16.4700000000 1.2572920247
16.4800000000 1.2587132202
16.4900000000 1.2600096885
16.5000000000 1.2614437457
16.5100000000 1.2633068669
16.5200000000 1.2658683276
16.5300000000 1.2692893563
16.5400000000 1.2736399691
16.5500000000 1.2788700991
16.5600000000 1.2848779979
16.5700000000 1.2915616761
16.5800000000 1.2989335299
16.5900000000 1.3071836737
16.6000000000 1.3166688386
16.6100000000 1.3277577380
16.6200000000 1.3406932344
16.6300000000 1.3554427453
16.6400000000 1.3716748155
16.6500000000 1.3887989770
16.6600000000 1.4061091700
16.6700000000 1.4229445899
16.6800000000 1.4387184753
16.6900000000 1.4529583734
16.7000000000 1.4651911315
16.7100000000 1.4748909329
16.7200000000 1.4815019891
16.7300000000 1.4845360906
16.7400000000 1.4836819576
16.7500000000 1.4789323881
16.7600000000 1.4706775564
16.7700000000 1.4596951240
16.7800000000 1.4471059323
16.7900000000 1.4342369711
16.8000000000 1.4224313376
16.8100000000 1.4127931274
16.8200000000 1.4060352578
16.8300000000 1.4023440562
16.8400000000 1.4014120712
16.8500000000 1.4025470061
16.8600000000 1.4048104130
16.8700000000 1.4072209094
16.8800000000 1.4089288306
16.8900000000 1.4093097533
16.9000000000 1.4079999873
16.9100000000 1.4047864299
16.9200000000 1.3995310905
16.9300000000 1.3920369522
16.9400000000 1.3820009178
16.9500000000 1.3690483673
16.9600000000 1.3527795116
16.9700000000 1.3329097112
16.9800000000 1.3093989101
16.9900000000 1.2825585740
17.0000000000 1.2531008378
17.0100000000 1.2220940773
17.0200000000 1.1908180360
17.0300000000 1.1605882166
17.0400000000 1.1325964001
17.0500000000 1.1077911678
17.0600000000 1.0867989842
17.0700000000 1.0699160730
17.0800000000 1.0571005782
17.0900000000 1.0479888391
17.1000000000 1.0419180757
17.1100000000 1.0380326953
17.1200000000 1.0353375984
17.1300000000 1.0328647373
17.1400000000 1.0297507916
17.1500000000 1.0253209346
17.1600000000 1.0191310853
17.1700000000 1.0109984117
17.1800000000 1.0010081736
17.1900000000 0.9894788838
17.2000000000 0.9769334071
17.2100000000 0.9640100777
17.2200000000 0.9513553625
17.2300000000 0.9395099094
17.2400000000 0.9288480025
17.2500000000 0.9194866734
17.2600000000 0.9113507891
17.2700000000 0.9041963989
17.2800000000 0.8977546781
17.2900000000 0.8918222768
17.3000000000 0.8863520337
17.3100000000 0.8814776680
17.3200000000 0.8774419296
17.3300000000 0.8745123406
17.3400000000 0.8728965824
17.3500000000 0.8726757102
17.3600000000 0.8738097965
17.3700000000 0.8761981468
17.3800000000 0.8797033934
17.3900000000 0.8842362968
17.4000000000 0.8897801476
17.4100000000 0.8963727447
17.4200000000 0.9041125843
17.4300000000 0.9130861061
17.4400000000 0.9233858698
17.4500000000 0.9350437033
17.4600000000 0.9480062700
17.4700000000 0.9620984592
17.4800000000 0.9769989110
17.4900000000 0.9922155317
17.5000000000 1.0070974788
17.5100000000 1.0208836331
17.5200000000 1.0328241052
17.5300000000 1.0422713965
17.5400000000 1.0488021661
17.5500000000 1.0522479252
17.5600000000 1.0527382037
17.5700000000 1.0506342364
17.5800000000 1.0464931615
17.5900000000 1.0409771930
17.6000000000 1.0348297168
17.6100000000 1.0287594187
17.6200000000 1.0234279505
17.6300000000 1.0193087489
17.6400000000 1.0166863075
17.6500000000 1.0156248020
17.6600000000 1.0159980806
17.6700000000 1.0176119950
17.6800000000 1.0202903057
17.6900000000 1.0239485624
17.7000000000 1.0285759080
17.7100000000 1.0341798716
17.7200000000 1.0406571093
17.7300000000 1.0477130926
17.7400000000 1.0548309152
17.7500000000 1.0612646773
17.7600000000 1.0662363138
17.7700000000 1.0690587757
17.7800000000 1.0693706354
17.7900000000 1.0672356153
17.8000000000 1.0631561792
17.8100000000 1.0579699013
17.8200000000 1.0526155413
17.8300000000 1.0479910096
17.8400000000 1.0447548200
17.8500000000 1.0432693480
17.8600000000 1.0436059957
17.8700000000 1.0455939722
17.8800000000 1.0489004351
17.8900000000 1.0530612391
17.9000000000 1.0575428878
17.9100000000 1.0616926667
17.9200000000 1.0648005914
17.9300000000 1.0661365344
17.9400000000 1.0650185035
17.9500000000 1.0609683540
17.9600000000 1.0537620506
17.9700000000 1.0435240180
17.9800000000 1.0307159530
17.9900000000 1.0160758266
18.0000000000 1.0004753473
18.0100000000 0.9847515963
18.0200000000 0.9696003576
18.0300000000 0.9554687722
18.0400000000 0.9425479104
18.0500000000 0.9307905069
18.0600000000 0.9199980659
18.0700000000 0.9099021475
18.0800000000 0.9002145464
18.0900000000 0.8907218298
18.1000000000 0.8812540880
18.1100000000 0.8717103624
18.1200000000 0.8620336270
18.1300000000 0.8521919799
18.1400000000 0.8422167103
18.1500000000 0.8322342043
18.1600000000 0.8224282769
18.1700000000 0.8130403819
18.1800000000 0.8043063368
18.1900000000 0.7964054538
18.2000000000 0.7894412360
18.2100000000 0.7834792532
18.2200000000 0.7785851854
18.2300000000 0.7749139762
18.2400000000 0.7726845962
18.2500000000 0.7721100444
18.2600000000 0.7733526078
18.2700000000 0.7763832429
18.2800000000 0.7809172272
18.2900000000 0.7864455648
18.3000000000 0.7922601521
18.3100000000 0.7975940897
18.3200000000 0.8017558704
18.3300000000 0.8042894387
18.3400000000 0.8050130468
18.3500000000 0.8041031734
18.3600000000 0.8019929647
18.3700000000 0.7992704402
18.3800000000 0.7965891862
18.3900000000 0.7945337120
18.4000000000 0.7935742213
18.4100000000 0.7940597645
18.4200000000 0.7962306735
18.4300000000 0.8002375009
18.4400000000 0.8061664984
18.4500000000 0.8140523164
18.4600000000 0.8238327846
18.4700000000 0.8353358627
18.4800000000 0.8481828103
18.4900000000 0.8617815289
18.5000000000 0.8753392686
18.5100000000 0.8879527256
18.5200000000 0.8987820491
18.5300000000 0.9071862926
18.5400000000 0.9129107976
18.5500000000 0.9160813369
18.5600000000 0.9171920646
18.5700000000 0.9169190120
18.5800000000 0.9160107432
18.5900000000 0.9151008851
18.6000000000 0.9146300885
18.6100000000 0.9148130512
18.6200000000 0.9156249028
18.6300000000 0.9168394996
18.6400000000 0.9181198233
18.6500000000 0.9190696837
18.6600000000 0.9193310561
18.6700000000 0.9186101652
18.6800000000 0.9167231632
18.6900000000 0.9136159342
18.7000000000 0.9093058177
18.7100000000 0.9039339860
18.7200000000 0.8977528122
18.7300000000 0.8911393345
18.7400000000 0.8845630451
18.7500000000 0.8785339196
18.7600000000 0.8735240227
18.7700000000 0.8698560406
18.7800000000 0.8676634335
18.7900000000 0.8668570599
18.8000000000 0.8671376635
18.8100000000 0.8680871932
18.8200000000 0.8692079356
18.8300000000 0.8699880114
18.8400000000 0.8699604564
18.8500000000 0.8687230105
18.8600000000 0.8659645202
18.8700000000 0.8614848572
18.8800000000 0.8551951855
18.8900000000 0.8471182792
18.9000000000 0.8373559277
18.9100000000 0.8261156453
18.9200000000 0.8136450721
18.9300000000 0.8002321899
18.9400000000 0.7861856951
18.9500000000 0.7718152616
18.9600000000 0.7574249452
18.9700000000 0.7433595901
18.9800000000 0.7299917078
18.9900000000 0.7177082630
19.0000000000 0.7068574795
19.0100000000 0.6976754279
19.0200000000 0.6902655613
19.0300000000 0.6845649023
19.0400000000 0.6803834885
19.0500000000 0.6774707138
19.0600000000 0.6755218856
19.0700000000 0.6742115178
19.0800000000 0.6732133656
19.0900000000 0.6722138221
19.1000000000 0.6709253400
19.1100000000 0.6690931865
19.1200000000 0.6665691566
19.1300000000 0.6632582695
19.1400000000 0.6591859347
19.1500000000 0.6544714875
19.1600000000 0.6493217785
19.1700000000 0.6440046048
19.1800000000 0.6387817205
19.1900000000 0.6338751976
19.2000000000 0.6294134700
19.2100000000 0.6254377616
19.2200000000 0.6218748719
19.2300000000 0.6186042316
19.2400000000 0.6154712593
19.2500000000 0.6123345007
19.2600000000 0.6090994282
19.2700000000 0.6057726231
19.2800000000 0.6024620733
19.2900000000 0.5993571836
19.3000000000 0.5967019390
19.3100000000 0.5947341056
19.3200000000 0.5936580858
19.3300000000 0.5935905659
19.3400000000 0.5945670385
19.3500000000 0.5965212271
19.3600000000 0.5992644837
19.3700000000 0.6025398527
19.3800000000 0.6059947709
19.3900000000 0.6092420462
19.4000000000 0.6119209812
19.4100000000 0.6137110129
19.4200000000 0.6144066400
19.4300000000 0.6139449038
19.4400000000 0.6123512247
19.4500000000 0.6097464590
19.4600000000 0.6062584993
19.4700000000 0.6020291432
19.4800000000 0.5971868344
19.4900000000 0.5918671416
19.5000000000 0.5862469879
19.5100000000 0.5805790095
19.5200000000 0.5751781046
19.5300000000 0.5704147683
19.5400000000 0.5666123956
19.5500000000 0.5640402246
19.5600000000 0.5627964428
19.5700000000 0.5628282794
19.5800000000 0.5639041286
19.5900000000 0.5656887499
19.6000000000 0.5677568195
19.6100000000 0.5697165921
19.6200000000 0.5712444052
19.6300000000 0.5721812360
19.6400000000 0.5725124184
19.6500000000 0.5723680000
19.6600000000 0.5719127693
19.6700000000 0.5713532581
19.6800000000 0.5708481015
19.6900000000 0.5704733763
19.7000000000 0.5702292925
19.7100000000 0.5700399968
19.7200000000 0.5697602943
19.7300000000 0.5692516098
19.7400000000 0.5683958516
19.7500000000 0.5671301082
19.7600000000 0.5654606545
19.7700000000 0.5634076454
19.7800000000 0.5609912745
19.7900000000 0.5581970515
19.8000000000 0.5550034964
19.8100000000 0.5513543091
19.8200000000 0.5472486989
19.8300000000 0.5427276259
19.8400000000 0.5378669646
19.8500000000 0.5327567053
19.8600000000 0.5274870551
19.8700000000 0.5220926197
19.8800000000 0.5165941239
19.8900000000 0.5110263144
19.9000000000 0.5054449934
19.9100000000 0.4999550628
19.9200000000 0.4947036779
19.9300000000 0.4898523552
19.9400000000 0.4855770063
19.9500000000 0.4820399162
19.9600000000 0.4794107259
19.9700000000 0.4778383493
19.9800000000 0.4774649308
19.9900000000 0.4784047165
20.0000000000 0.4807369252
