0.0100000000 0.0000000006
0.0200000000 0.0000000089
0.0300000000 0.0000000435
0.0400000000 0.0000001290
0.0500000000 0.0000002965
0.0600000000 0.0000005733
0.0700000000 0.0000009831
0.0800000000 0.0000015441
0.0900000000 0.0000022689
0.1000000000 0.0000031654
0.1100000000 0.0000042378
0.1200000000 0.0000054873
0.1300000000 0.0000068867
0.1400000000 0.0000084839
0.1500000000 0.0000102537
0.1600000000 0.0000121935
0.1700000000 0.0000143008
0.1800000000 0.0000165728
0.1900000000 0.0000190072
0.2000000000 0.0000216019
0.2100000000 0.0000243546
0.2200000000 0.0000272638
0.2300000000 0.0000303278
0.2400000000 0.0000335451
0.2500000000 0.0000369145
0.2600000000 0.0000404349
0.2700000000 0.0000441054
0.2800000000 0.0000479250
0.2900000000 0.0000518931
0.3000000000 0.0000560089
0.3100000000 0.0000602719
0.3200000000 0.0000646815
0.3300000000 0.0000692374
0.3400000000 0.0000739390
0.3500000000 0.0000787861
0.3600000000 0.0000837782
0.3700000000 0.0000890357
0.3800000000 0.0000943210
0.3900000000 0.0000997507
0.4000000000 0.0001053245
0.4100000000 0.0001110422
0.4200000000 0.0001170431
0.4300000000 0.0001230519
0.4400000000 0.0001292043
0.4500000000 0.0001355000
0.4600000000 0.0001420933
0.4700000000 0.0001486792
0.4800000000 0.0001554081
0.4900000000 0.0001624454
0.5000000000 0.0001694639
0.5100000000 0.0001766252
0.5200000000 0.0001841059
0.5300000000 0.0001915564
0.5400000000 0.0001993334
0.5500000000 0.0002070729
0.5600000000 0.0002151462
0.5700000000 0.0002231744
0.5800000000 0.0002315436
0.5900000000 0.0002398605
0.6000000000 0.0002485256
0.6100000000 0.0002573404
0.6200000000 0.0002660917
0.6300000000 0.0002752022
0.6400000000 0.0002844623
0.6500000000 0.0002938719
0.6600000000 0.0003032033
0.6700000000 0.0003129084
0.6800000000 0.0003227630
0.6900000000 0.0003327671
0.7000000000 0.0003429206
0.7100000000 0.0003532236
0.7200000000 0.0003636759
0.7300000000 0.0003742777
0.7400000000 0.0003850289
0.7500000000 0.0003959294
0.7600000000 0.0004069793
0.7700000000 0.0004181786
0.7800000000 0.0004295272
0.7900000000 0.0004410250
0.8000000000 0.0004526722
0.8100000000 0.0004647509
0.8200000000 0.0004767003
0.8300000000 0.0004887990
0.8400000000 0.0005013399
0.8500000000 0.0005137407
0.8600000000 0.0005265910
0.8700000000 0.0005392939
0.8800000000 0.0005524534
0.8900000000 0.0005654584
0.9000000000 0.0005789271
0.9100000000 0.0005922341
0.9200000000 0.0006060121
0.9300000000 0.0006199465
0.9400000000 0.0006340373
0.9500000000 0.0006479518
0.9600000000 0.0006623517
0.9700000000 0.0006769080
0.9800000000 0.0006916207
0.9900000000 0.0007064897
1.0000000000 0.0007215150
1.0100000000 0.0007366967
1.0200000000 0.0007523924
1.0300000000 0.0007678903
1.0400000000 0.0007835446
1.0500000000 0.0007993551
1.0600000000 0.0008156941
1.0700000000 0.0008318208
1.0800000000 0.0008481038
1.0900000000 0.0008649260
1.1000000000 0.0008815252
1.1100000000 0.0008986707
1.1200000000 0.0009159797
1.1300000000 0.0009330549
1.1400000000 0.0009506872
1.1500000000 0.0009684828
1.1600000000 0.0009864419
1.1700000000 0.0010045645
1.1800000000 0.0010228504
1.1900000000 0.0010412997
1.2000000000 0.0010599125
1.2100000000 0.0010786886
1.2200000000 0.0010976282
1.2300000000 0.0011171641
1.2400000000 0.0011364340
1.2500000000 0.0011563075
1.2600000000 0.0011759077
1.2700000000 0.0011961187
1.2800000000 0.0012160492
1.2900000000 0.0012365976
1.3000000000 0.0012573165
1.3100000000 0.0012782059
1.3200000000 0.0012988007
1.3300000000 0.0013200275
1.3400000000 0.0013414249
1.3500000000 0.0013634686
1.3600000000 0.0013852105
1.3700000000 0.0014071229
1.3800000000 0.0014292058
1.3900000000 0.0014519493
1.4000000000 0.0014743767
1.4100000000 0.0014974719
1.4200000000 0.0015202438
1.4300000000 0.0015436907
1.4400000000 0.0015673151
1.4500000000 0.0015911172
1.4600000000 0.0016150968
1.4700000000 0.0016392540
1.4800000000 0.0016635888
1.4900000000 0.0016881012
1.5000000000 0.0017127912
1.5100000000 0.0017381917
1.5200000000 0.0017632404
1.5300000000 0.0017890068
1.5400000000 0.0018144142
1.5500000000 0.0018405465
1.5600000000 0.0018668634
1.5700000000 0.0018933650
1.5800000000 0.0019200513
1.5900000000 0.0019469223
1.6000000000 0.0019739780
1.6100000000 0.0020012183
1.6200000000 0.0020292156
1.6300000000 0.0020568289
1.6400000000 0.0020852061
1.6500000000 0.0021137752
1.6600000000 0.0021419496
1.6700000000 0.0021708987
1.6800000000 0.0022000396
1.6900000000 0.0022293722
1.7000000000 0.0022594974
1.7100000000 0.0022892172
1.7200000000 0.0023191287
1.7300000000 0.0023498435
1.7400000000 0.0023807571
1.7500000000 0.0024112511
1.7600000000 0.0024425589
1.7700000000 0.0024740656
1.7800000000 0.0025057712
1.7900000000 0.0025383085
1.8000000000 0.0025704154
1.8100000000 0.0026033611
1.8200000000 0.0026358693
1.8300000000 0.0026692235
1.8400000000 0.0027027836
1.8500000000 0.0027365496
1.8600000000 0.0027705217
1.8700000000 0.0028046997
1.8800000000 0.0028397485
1.8900000000 0.0028743420
1.9000000000 0.0029098135
1.9100000000 0.0029454980
1.9200000000 0.0029813956
1.9300000000 0.0030175063
1.9400000000 0.0030538301
1.9500000000 0.0030903669
1.9600000000 0.0031278101
1.9700000000 0.0031647766
1.9800000000 0.0032026566
1.9900000000 0.0032407568
2.0000000000 0.0032790771
2.0100000000 0.0033183288
2.0200000000 0.0033570930
2.0300000000 0.0033967957
2.0400000000 0.0034367256
2.0500000000 0.0034761574
2.0600000000 0.0035172673
2.0700000000 0.0035578790
2.0800000000 0.0035987180
2.0900000000 0.0036405238
2.1000000000 0.0036825640
2.1100000000 0.0037248386
2.1200000000 0.0037673475
2.1300000000 0.0038100908
2.1400000000 0.0038538259
2.1500000000 0.0038978024
2.1600000000 0.0039412559
2.1700000000 0.0039864798
2.1800000000 0.0040311807
2.1900000000 0.0040761231
2.2000000000 0.0041220856
2.2100000000 0.0041682967
2.2200000000 0.0042147564
2.2300000000 0.0042622540
2.2400000000 0.0043092143
2.2500000000 0.0043572197
2.2600000000 0.0044054808
2.2700000000 0.0044539975
2.2800000000 0.0045035770
2.2900000000 0.0045526086
2.3000000000 0.0046027101
2.3100000000 0.0046538922
2.3200000000 0.0047045227
2.3300000000 0.0047562410
2.3400000000 0.0048082291
2.3500000000 0.0048604871
2.3600000000 0.0049130149
2.3700000000 0.0049666517
2.3800000000 0.0050205655
2.3900000000 0.0050747563
2.4000000000 0.0051300738
2.4100000000 0.0051848220
2.4200000000 0.0052407040
2.4300000000 0.0052977307
2.4400000000 0.0053550484
2.4500000000 0.0054117897
2.4600000000 0.0054705574
2.4700000000 0.0055287486
2.4800000000 0.0055881092
2.4900000000 0.0056477681
2.5000000000 0.0057086106
2.5100000000 0.0057697584
2.5200000000 0.0058312116
2.5300000000 0.0058938661
2.5400000000 0.0059568331
2.5500000000 0.0060201125
2.5600000000 0.0060837043
2.5700000000 0.0061485189
2.5800000000 0.0062145668
2.5900000000 0.0062809413
2.6000000000 0.0063476425
2.6100000000 0.0064146702
2.6200000000 0.0064829527
2.6300000000 0.0065525004
2.6400000000 0.0066214539
2.6500000000 0.0066926184
2.6600000000 0.0067631886
2.6700000000 0.0068350454
2.6800000000 0.0069081995
2.6900000000 0.0069817086
2.7000000000 0.0070555727
2.7100000000 0.0071307519
2.7200000000 0.0072072567
2.7300000000 0.0072841308
2.7400000000 0.0073613740
2.7500000000 0.0074399606
2.7600000000 0.0075199014
2.7700000000 0.0076002255
2.7800000000 0.0076819179
2.7900000000 0.0077640008
2.8000000000 0.0078474662
2.8100000000 0.0079313291
2.8200000000 0.0080175879
2.8300000000 0.0081032558
2.8400000000 0.0081913407
2.8500000000 0.0082798446
2.8600000000 0.0083697806
2.8700000000 0.0084601425
2.8800000000 0.0085519509
2.8900000000 0.0086452162
2.9000000000 0.0087399493
2.9100000000 0.0088351296
2.9200000000 0.0089317917
2.9300000000 0.0090299464
2.9400000000 0.0091296042
2.9500000000 0.0092307758
2.9600000000 0.0093334719
2.9700000000 0.0094366507
2.9800000000 0.0095424241
2.9900000000 0.0096486944
3.0000000000 0.0097575877
3.0100000000 0.0098669920
3.0200000000 0.0099790478
3.0300000000 0.0100916288
3.0400000000 0.0102068895
3.0500000000 0.0103237706
3.0600000000 0.0104422825
3.0700000000 0.0105624359
3.0800000000 0.0106853330
3.0900000000 0.0108099000
3.1000000000 0.0109361476
3.1100000000 0.0110651885
3.1200000000 0.0111959383
3.1300000000 0.0113284078
3.1400000000 0.0114648329
3.1500000000 0.0116018968
3.1600000000 0.0117429590
3.1700000000 0.0118858046
3.1800000000 0.0120315712
3.1900000000 0.0121802801
3.2000000000 0.0123319526
3.2100000000 0.0124866100
3.2200000000 0.0126442735
3.2300000000 0.0128049644
3.2400000000 0.0129698523
3.2500000000 0.0131378172
3.2600000000 0.0133088804
3.2700000000 0.0134842222
3.2800000000 0.0136638743
3.2900000000 0.0138467029
3.3000000000 0.0140350681
3.3100000000 0.0142278394
3.3200000000 0.0144250488
3.3300000000 0.0146267282
3.3400000000 0.0148340931
3.3500000000 0.0150471862
3.3600000000 0.0152660499
3.3700000000 0.0154907268
3.3800000000 0.0157224574
3.3900000000 0.0159600933
3.4000000000 0.0162060871
3.4100000000 0.0164580855
3.4200000000 0.0167185551
3.4300000000 0.0169875598
3.4400000000 0.0172663824
3.4500000000 0.0175538748
3.4600000000 0.0178513268
3.4700000000 0.0181600428
3.4800000000 0.0184801076
3.4900000000 0.0188116063
3.5000000000 0.0191571048
3.5100000000 0.0195167092
3.5200000000 0.0198905259
3.5300000000 0.0202811630
3.5400000000 0.0206887481
3.5500000000 0.0211159247
3.5600000000 0.0215628416
3.5700000000 0.0220321777
3.5800000000 0.0225253715
3.5900000000 0.0230451481
3.6000000000 0.0235917089
3.6100000000 0.0241703729
3.6200000000 0.0247826668
3.6300000000 0.0254327043
3.6400000000 0.0261233514
3.6500000000 0.0268587958
3.6600000000 0.0276432673
3.6700000000 0.0284849397
3.6800000000 0.0293868549
3.6900000000 0.0303573131
3.7000000000 0.0314046990
3.7100000000 0.0325361665
3.7200000000 0.0337655306
3.7300000000 0.0351014593
3.7400000000 0.0365606557
3.7500000000 0.0381573329
3.7600000000 0.0399098395
3.7700000000 0.0418380407
3.7800000000 0.0439660129
3.7900000000 0.0463207530
3.8000000000 0.0489295193
3.8100000000 0.0518225298
3.8200000000 0.0550316417
3.8300000000 0.0585890107
3.8400000000 0.0625189281
3.8500000000 0.0668390794
3.8600000000 0.0715481550
3.8700000000 0.0766214999
3.8800000000 0.0819984621
3.8900000000 0.0875750692
3.9000000000 0.0932090293
3.9100000000 0.0987220447
3.9200000000 0.1039299074
3.9300000000 0.1086785966
3.9400000000 0.1128669642
3.9500000000 0.1164655569
3.9600000000 0.1195006917
3.9700000000 0.1220172279
3.9800000000 0.1240478228
3.9900000000 0.1255873743
4.0000000000 0.1266010400
4.0100000000 0.1270394689
4.0200000000 0.1268627946
4.0300000000 0.1260564340
4.0400000000 0.1246314044
4.0500000000 0.1226375404
4.0600000000 0.1201611096
4.0700000000 0.1173238317
4.0800000000 0.1142761038
4.0900000000 0.1111713038
4.1000000000 0.1081542068
4.1100000000 0.1053404951
4.1200000000 0.1028192920
4.1300000000 0.1006557364
4.1400000000 0.0989023937
4.1500000000 0.0975961520
4.1600000000 0.0967668564
4.1700000000 0.0964283595
4.1800000000 0.0965842432
4.1900000000 0.0972158286
4.2000000000 0.0982878590
4.2100000000 0.0997527794
4.2200000000 0.1015565744
4.2300000000 0.1036536724
4.2400000000 0.1060160567
4.2500000000 0.1086440034
4.2600000000 0.1115618893
4.2700000000 0.1148169560
4.2800000000 0.1184538225
4.2900000000 0.1225144476
4.3000000000 0.1270244016
4.3100000000 0.1319942008
4.3200000000 0.1374252475
4.3300000000 0.1433112597
4.3400000000 0.1496274444
4.3500000000 0.1563010775
4.3600000000 0.1631971195
4.3700000000 0.1700758537
4.3800000000 0.1765948729
4.3900000000 0.1823328071
4.4000000000 0.1868475373
4.4100000000 0.1897725281
4.4200000000 0.1909081682
4.4300000000 0.1902799273
4.4400000000 0.1881408990
4.4500000000 0.1849084122
4.4600000000 0.1810729997
4.4700000000 0.1771013378
4.4800000000 0.1733694534
4.4900000000 0.1701394095
4.5000000000 0.1675388509
4.5100000000 0.1655960943
4.5200000000 0.1642517681
4.5300000000 0.1634010670
4.5400000000 0.1629205455
4.5500000000 0.1626888427
4.5600000000 0.1625867247
4.5700000000 0.1624938936
4.5800000000 0.1622825125
4.5900000000 0.1618171337
4.6000000000 0.1609887739
4.6100000000 0.1597363978
4.6200000000 0.1580833826
4.6300000000 0.1561449988
4.6400000000 0.1540966093
4.6500000000 0.1521545931
4.6600000000 0.1505273433
4.6700000000 0.1494002882
4.6800000000 0.1489207131
4.6900000000 0.1491989736
4.7000000000 0.1503147198
4.7100000000 0.1523332030
4.7200000000 0.1553034379
4.7300000000 0.1592680535
4.7400000000 0.1642699188
4.7500000000 0.1703420592
4.7600000000 0.1775226893
4.7700000000 0.1858367131
4.7800000000 0.1953023406
4.7900000000 0.2059191753
4.8000000000 0.2176510853
4.8100000000 0.2304156895
4.8200000000 0.2440431218
4.8300000000 0.2582684566
4.8400000000 0.2727104180
4.8500000000 0.2869063104
4.8600000000 0.3003575866
4.8700000000 0.3126067592
4.8800000000 0.3233151046
4.8900000000 0.3322929672
4.9000000000 0.3394941835
4.9100000000 0.3449828244
4.9200000000 0.3488788103
4.9300000000 0.3513150726
4.9400000000 0.3524237950
4.9500000000 0.3523259722
4.9600000000 0.3511330666
4.9700000000 0.3489539305
4.9800000000 0.3459105808
4.9900000000 0.3421401057
5.0000000000 0.3377965930
5.0100000000 0.3330195412
5.0200000000 0.3279001003
5.0300000000 0.3224468833
5.0400000000 0.3165850968
5.0500000000 0.3102090647
5.0600000000 0.3032354164
5.0700000000 0.2956676779
5.0800000000 0.2876419842
5.0900000000 0.2794123387
5.1000000000 0.2713176859
5.1100000000 0.2637196886
5.1200000000 0.2569505232
5.1300000000 0.2512853385
5.1400000000 0.2469270707
5.1500000000 0.2440201727
5.1600000000 0.2426572523
5.1700000000 0.2429077157
5.1800000000 0.2448175135
5.1900000000 0.2484345401
5.2000000000 0.2537939548
5.2100000000 0.2609345949
5.2200000000 0.2698768961
5.2300000000 0.2806098091
5.2400000000 0.2930739010
5.2500000000 0.3071313573
5.2600000000 0.3225375784
5.2700000000 0.3389348264
5.2800000000 0.3558477053
5.2900000000 0.3727363414
5.3000000000 0.3890593580
5.3100000000 0.4043579377
5.3200000000 0.4183163073
5.3300000000 0.4307909331
5.3400000000 0.4417686944
5.3500000000 0.4513077670
5.3600000000 0.4594383886
5.3700000000 0.4660946974
5.3800000000 0.4710704179
5.3900000000 0.4740478868
5.4000000000 0.4746842436
5.4100000000 0.4727327302
5.4200000000 0.4681482262
5.4300000000 0.4611330365
5.4400000000 0.4521049680
5.4500000000 0.4416459784
5.4600000000 0.4304233530
5.4700000000 0.4191348798
5.4800000000 0.4084359075
5.4900000000 0.3989059850
5.5000000000 0.3909976155
5.5100000000 0.3850173621
5.5200000000 0.3811242709
5.5300000000 0.3793478322
5.5400000000 0.3796120897
5.5500000000 0.3817874504
5.5600000000 0.3857215726
5.5700000000 0.3912705979
5.5800000000 0.3982894665
5.5900000000 0.4066122960
5.6000000000 0.4159872605
5.6100000000 0.4260424232
5.6200000000 0.4362650944
5.6300000000 0.4460383858
5.6400000000 0.4547296049
5.6500000000 0.4618092041
5.6600000000 0.4669549257
5.6700000000 0.4700992311
5.6800000000 0.4714294141
5.6900000000 0.4713498506
5.7000000000 0.4704038757
5.7100000000 0.4692048724
5.7200000000 0.4683665750
5.7300000000 0.4684345695
5.7400000000 0.4698412170
5.7500000000 0.4728883803
5.7600000000 0.4777603617
5.7700000000 0.4845309479
5.7800000000 0.4931665323
5.7900000000 0.5034886732
5.8000000000 0.5151506378
5.8100000000 0.5276219634
5.8200000000 0.5402055957
5.8300000000 0.5521246894
5.8400000000 0.5626346627
5.8500000000 0.5711464041
5.8600000000 0.5773259045
5.8700000000 0.5811455015
5.8800000000 0.5828450794
5.8900000000 0.5828620751
5.9000000000 0.5816781351
5.9100000000 0.5797263606
5.9200000000 0.5773141513
5.9300000000 0.5746554032
5.9400000000 0.5719321832
5.9500000000 0.5693737347
5.9600000000 0.5672715040
5.9700000000 0.5659482412
5.9800000000 0.5656491576
5.9900000000 0.5664403742
6.0000000000 0.5681127103
6.0100000000 0.5701604745
6.0200000000 0.5718445472
6.0300000000 0.5723321656
6.0400000000 0.5709015116
6.0500000000 0.5671143078
6.0600000000 0.5609307200
6.0700000000 0.5526680948
6.0800000000 0.5428912029
6.0900000000 0.5322586387
6.1000000000 0.5214253055
6.1100000000 0.5109973613
6.1200000000 0.5015295664
6.1300000000 0.4935246975
6.1400000000 0.4874393913
6.1500000000 0.4836684266
6.1600000000 0.4825353371
6.1700000000 0.4842937967
6.1800000000 0.4891247212
6.1900000000 0.4971420998
6.2000000000 0.5083924129
6.2100000000 0.5228388562
6.2200000000 0.5403389685
6.2300000000 0.5606068866
6.2400000000 0.5831798100
6.2500000000 0.6074062385
6.2600000000 0.6324605058
6.2700000000 0.6574166523
6.2800000000 0.6813885858
6.2900000000 0.7036710192
6.3000000000 0.7238570480
6.3100000000 0.7418684002
6.3200000000 0.7578955427
6.3300000000 0.7722844501
6.3400000000 0.7854048852
6.3500000000 0.7975752859
6.3600000000 0.8090136584
6.3700000000 0.8198147116
6.3800000000 0.8299134281
6.3900000000 0.8390728279
6.4000000000 0.8468782889
6.4100000000 0.8528144477
6.4200000000 0.8563449110
6.4300000000 0.8570150116
6.4400000000 0.8545218086
6.4500000000 0.8487803254
6.4600000000 0.8399793360
6.4700000000 0.8286266586
6.4800000000 0.8155182657
6.4900000000 0.8016278887
6.5000000000 0.7879476958
6.5100000000 0.7752997697
6.5200000000 0.7642250989
6.5300000000 0.7549375366
6.5400000000 0.7473733868
6.5500000000 0.7413332260
6.5600000000 0.7366160940
6.5700000000 0.7331504378
6.5800000000 0.7310457900
6.5900000000 0.7305849729
6.6000000000 0.7321515426
6.6100000000 0.7361403087
6.6200000000 0.7428993948
6.6300000000 0.7526694875
6.6400000000 0.7655342511
6.6500000000 0.7814053151
6.6600000000 0.8000003400
6.6700000000 0.8208583269
6.6800000000 0.8433668036
6.6900000000 0.8668102270
6.7000000000 0.8904116599
6.7100000000 0.9133722802
6.7200000000 0.9349227063
6.7300000000 0.9543838893
6.7400000000 0.9712283230
6.7500000000 0.9851581014
6.7600000000 0.9961436928
6.7700000000 1.0044255528
6.7800000000 1.0104523460
6.7900000000 1.0147999445
6.8000000000 1.0180638058
6.8100000000 1.0207859011
6.8200000000 1.0234236003
6.8300000000 1.0262921393
6.8400000000 1.0295136946
6.8500000000 1.0329922081
6.8600000000 1.0364356796
6.8700000000 1.0394740994
6.8800000000 1.0418476595
6.8900000000 1.0435510852
6.9000000000 1.0448594113
6.9100000000 1.0462388228
6.9200000000 1.0481653919
6.9300000000 1.0509686847
6.9400000000 1.0547680078
6.9500000000 1.0594998590
6.9600000000 1.0650374719
6.9700000000 1.0713283045
6.9800000000 1.0785422960
6.9900000000 1.0871218033
7.0000000000 1.0978123761
7.0100000000 1.1115695608
7.0200000000 1.1294184865
7.0300000000 1.1523170801
7.0400000000 1.1809987818
7.0500000000 1.2158706472
7.0600000000 1.2569553626
7.0700000000 1.3038483467
7.0800000000 1.3557463189
7.0900000000 1.4115571969
7.1000000000 1.4700545197
7.1100000000 1.5301225206
7.1200000000 1.5909181287
7.1300000000 1.6519570606
7.1400000000 1.7130384179
7.1500000000 1.7740761988
7.1600000000 1.8349086005
7.1700000000 1.8951633874
7.1800000000 1.9542038443
7.1900000000 2.0111283978
7.2000000000 2.0648483506
7.2100000000 2.1142388758
7.2200000000 2.1582801931
7.2300000000 2.1962038798
7.2400000000 2.2275907683
7.2500000000 2.2524451749
7.2600000000 2.2712800927
7.2700000000 2.2852062431
7.2800000000 2.2959092085
7.2900000000 2.3054837679
7.3000000000 2.3161136222
7.3100000000 2.3297380920
7.3200000000 2.3478642022
7.3300000000 2.3715903121
7.3400000000 2.4017838376
7.3500000000 2.4392602247
7.3600000000 2.4847643334
7.3700000000 2.5387607417
7.3800000000 2.6010527857
7.3900000000 2.6703801563
7.4000000000 2.7441375309
7.4100000000 2.8183181642
7.4200000000 2.8877394697
7.4300000000 2.9466584029
7.4400000000 2.9897049032
7.4500000000 3.0130174723
7.4600000000 3.0152206438
7.4700000000 2.9978596649
7.4800000000 2.9650997767
7.4900000000 2.9227827549
7.5000000000 2.8772094295
7.5100000000 2.8340263897
7.5200000000 2.7974931391
7.5300000000 2.7702074752
7.5400000000 2.7532075278
7.5500000000 2.7462990140
7.5600000000 2.7484482291
7.5700000000 2.7581103367
7.5800000000 2.7734142324
7.5900000000 2.7922217916
7.6000000000 2.8121514445
7.6100000000 2.8306672522
7.6200000000 2.8452819853
7.6300000000 2.8539005309
7.6400000000 2.8552057746
7.6500000000 2.8488790465
7.6600000000 2.8356166200
7.6700000000 2.8168763411
7.6800000000 2.7945871435
7.6900000000 2.7709253565
7.7000000000 2.7482558550
7.7100000000 2.7291543433
7.7200000000 2.7163560563
7.7300000000 2.7125311728
7.7400000000 2.7199425030
7.7500000000 2.7400586230
7.7600000000 2.7732077928
7.7700000000 2.8183978989
7.7800000000 2.8732550940
7.7900000000 2.9341486027
7.8000000000 2.9965098325
7.8100000000 3.0553528256
7.8200000000 3.1059648552
7.8300000000 3.1446686399
7.8400000000 3.1694910249
7.8500000000 3.1805484321
7.8600000000 3.1800166234
7.8700000000 3.1716871881
7.8800000000 3.1602075668
7.8900000000 3.1502371158
7.9000000000 3.1457017599
7.9100000000 3.1493911248
7.9200000000 3.1628546011
7.9300000000 3.1865569536
7.9400000000 3.2201381758
7.9500000000 3.2626088212
7.9600000000 3.3124767560
7.9700000000 3.3678304668
7.9800000000 3.4264465674
7.9900000000 3.4860051652
8.0000000000 3.5442886283
8.0100000000 3.5993292791
8.0200000000 3.6494376255
8.0300000000 3.6931747896
8.0400000000 3.7292639925
8.0500000000 3.7564806488
8.0600000000 3.7736291318
8.0700000000 3.7796727072
8.0800000000 3.7740764552
8.0900000000 3.7572948086
8.1000000000 3.7311361403
8.1100000000 3.6988257564
8.1200000000 3.6646740369
8.1300000000 3.6334454112
8.1400000000 3.6096114574
8.1500000000 3.5966800771
8.1600000000 3.5967476603
8.1700000000 3.6103487011
8.1800000000 3.6365711258
8.1900000000 3.6733318304
8.2000000000 3.7176684426
8.2100000000 3.7659797980
8.2200000000 3.8141692086
8.2300000000 3.8577880978
8.2400000000 3.8923080142
8.2500000000 3.9135804503
8.2600000000 3.9185709044
8.2700000000 3.9060658857
8.2800000000 3.8771513689
8.2900000000 3.8351775173
8.3000000000 3.7851937575
8.3100000000 3.7331341514
8.3200000000 3.6849359228
8.3300000000 3.6458005415
8.3400000000 3.6196483271
8.3500000000 3.6087004889
8.3600000000 3.6132265983
8.3700000000 3.6314580966
8.3800000000 3.6597142541
8.3900000000 3.6927886208
8.4000000000 3.7246189226
8.4100000000 3.7491971757
8.4200000000 3.7615865418
8.4300000000 3.7588450710
8.4400000000 3.7406041645
8.4500000000 3.7090708066
8.4600000000 3.6684681496
8.4700000000 3.6240352857
8.4800000000 3.5809491156
8.4900000000 3.5434903579
8.5000000000 3.5146352449
8.5100000000 3.4960912652
8.5200000000 3.4886337475
8.5300000000 3.4925499632
8.5400000000 3.5079339585
8.5500000000 3.5348404658
8.5600000000 3.5732537482
8.5700000000 3.6230846526
8.5800000000 3.6842045566
8.5900000000 3.7565274728
8.6000000000 3.8399878240
8.6100000000 3.9343690968
8.6200000000 4.0390013329
8.6300000000 4.1524753495
8.6400000000 4.2724474170
8.6500000000 4.3956484793
8.6600000000 4.5180554987
8.6700000000 4.6352295856
8.6800000000 4.7427060899
8.6900000000 4.8364693664
8.7000000000 4.9133941602
8.7100000000 4.9716608097
8.7200000000 5.0109770604
8.7300000000 5.0324906226
8.7400000000 5.0383781763
8.7500000000 5.0311978261
8.7600000000 5.0132721859
8.7700000000 4.9862832730
8.7800000000 4.9512594100
8.7900000000 4.9089030673
8.8000000000 4.8600258910
8.8100000000 4.8058734216
8.8200000000 4.7482450342
8.8300000000 4.6893175467
8.8400000000 4.6313091764
8.8500000000 4.5760376187
8.8600000000 4.5245252835
8.8700000000 4.4768455562
8.8800000000 4.4323355911
8.8900000000 4.3901669327
8.9000000000 4.3500392110
8.9100000000 4.3127233541
8.9200000000 4.2802430017
8.9300000000 4.2556444215
8.9400000000 4.2424760679
8.9500000000 4.2442126671
8.9600000000 4.2637591741
8.9700000000 4.3031700416
8.9800000000 4.3634928035
8.9900000000 4.4446984716
9.0000000000 4.5455231320
9.0100000000 4.6633090295
9.0200000000 4.7938423123
9.0300000000 4.9314022751
9.0400000000 5.0691132854
9.0500000000 5.1997045289
9.0600000000 5.3165075078
9.0700000000 5.4144325247
9.0800000000 5.4905408088
9.0900000000 5.5440827884
9.1000000000 5.5760106075
9.1100000000 5.5883307740
9.1200000000 5.5835258728
9.1300000000 5.5641256468
9.1400000000 5.5324878316
9.1500000000 5.4907108968
9.1600000000 5.4407205144
9.1700000000 5.3845298803
9.1800000000 5.3245872489
9.1900000000 5.2640374948
9.2000000000 5.2067874449
9.2100000000 5.1573201129
9.2200000000 5.1202667966
9.2300000000 5.0999128131
9.2400000000 5.0996770763
9.2500000000 5.1217061001
9.2600000000 5.1665893717
9.2700000000 5.2332075682
9.2800000000 5.3187925653
9.2900000000 5.4191622712
9.3000000000 5.5292392121
9.3100000000 5.6437714100
9.3200000000 5.7582104771
9.3300000000 5.8695774452
9.3400000000 5.9769598759
9.3500000000 6.0815569204
9.3600000000 6.1861553259
9.3700000000 6.2941964055
9.3800000000 6.4087487554
9.3900000000 6.5315564543
9.4000000000 6.6624088590
9.4100000000 6.7988585355
9.4200000000 6.9363012252
9.4300000000 7.0683517969
9.4400000000 7.1875368227
9.4500000000 7.2862542126
9.4600000000 7.3580324180
9.4700000000 7.3988185611
9.4800000000 7.4079217108
9.4900000000 7.3882097699
9.5000000000 7.3454181202
9.5100000000 7.2868252699
9.5200000000 7.2197189286
9.5300000000 7.1501288903
9.5400000000 7.0821242233
9.5500000000 7.0176873490
9.5600000000 6.9570911411
9.5700000000 6.8995212675
9.5800000000 6.8437449227
9.5900000000 6.7886455644
9.6000000000 6.7336027709
9.6100000000 6.6786819298
9.6200000000 6.6245892171
9.6300000000 6.5724058042
9.6400000000 6.5232285195
9.6500000000 6.4779214832
9.6600000000 6.4371363914
9.6700000000 6.4016387222
9.6800000000 6.3728088148
9.6900000000 6.3529762865
9.7000000000 6.3454122343
9.7100000000 6.3538741026
9.7200000000 6.3819886433
9.7300000000 6.4326680288
9.7400000000 6.5078360361
9.7500000000 6.6083674813
9.7600000000 6.7341197875
9.7700000000 6.8838291861
9.7800000000 7.0548557797
9.7900000000 7.2429115352
9.8000000000 7.4419905646
9.8100000000 7.6446290817
9.8200000000 7.8424856093
9.8300000000 8.0271906106
9.8400000000 8.1912695041
9.8500000000 8.3290851205
9.8600000000 8.4376536181
9.8700000000 8.5171532765
9.8800000000 8.5708843752
9.8900000000 8.6046231705
9.9000000000 8.6254140420
9.9100000000 8.6401826840
9.9200000000 8.6545449651
9.9300000000 8.6721196594
9.9400000000 8.6943617622
9.9500000000 8.7209333266
9.9600000000 8.7503413991
9.9700000000 8.7807112038
9.9800000000 8.8104445730
9.9900000000 8.8385458747
10.0000000000 8.8645708726
10.0100000000 8.8883176448
10.0200000000 8.9094463016
10.0300000000 8.9272203084
10.0400000000 8.9404899157
10.0500000000 8.9479008648
10.0600000000 8.9483062446
10.0700000000 8.9411512186
10.0800000000 8.9266964302
10.0900000000 8.9059469171
10.1000000000 8.8803604070
10.1100000000 8.8515269262
10.1200000000 8.8209191550
10.1300000000 8.7897169079
10.1400000000 8.7586976988
10.1500000000 8.7281646323
10.1600000000 8.6979899298
10.1700000000 8.6677726357
10.1800000000 8.6370758861
10.1900000000 8.6057356401
10.2000000000 8.5740854871
10.2100000000 8.5430664198
10.2200000000 8.5140481029
10.2300000000 8.4884062140
10.2400000000 8.4669317533
10.2500000000 8.4492229277
10.2600000000 8.4333155623
10.2700000000 8.4157428874
10.2800000000 8.3921727807
10.2900000000 8.3585282107
10.3000000000 8.3121302182
10.3100000000 8.2524691686
10.3200000000 8.1812934263
10.3300000000 8.1020558680
10.3400000000 8.0189308146
10.3500000000 7.9356684330
10.3600000000 7.8545347701
10.3700000000 7.7756643110
10.3800000000 7.6970515895
10.3900000000 7.6153512379
10.4000000000 7.5272709430
10.4100000000 7.4311310824
10.4200000000 7.3279576320
10.4300000000 7.2217164290
10.4400000000 7.1186425353
10.4500000000 7.0259487937
10.4600000000 6.9503641415
10.4700000000 6.8968901437
10.4800000000 6.8679379758
10.4900000000 6.8629415627
10.5000000000 6.8783883061
10.5100000000 6.9082091709
10.5200000000 6.9445652351
10.5300000000 6.9789402623
10.5400000000 7.0034867539
10.5500000000 7.0123960753
10.5600000000 7.0029552880
10.5700000000 6.9759437518
10.5800000000 6.9352388531
10.5900000000 6.8867755452
10.6000000000 6.8372911605
10.6100000000 6.7931571247
10.6200000000 6.7595368848
10.6300000000 6.7398591544
10.6400000000 6.7356341497
10.6500000000 6.7464946002
10.6600000000 6.7705604607
10.6700000000 6.8049337197
10.6800000000 6.8462504927
10.6900000000 6.8910438420
10.7000000000 6.9359213151
10.7100000000 6.9777823839
10.7200000000 7.0142168946
10.7300000000 7.0442104100
10.7400000000 7.0688024454
10.7500000000 7.0911952622
10.7600000000 7.1161534108
10.7700000000 7.1487303262
10.7800000000 7.1928855638
10.7900000000 7.2504265915
10.8000000000 7.3205821207
10.8100000000 7.4002214985
10.8200000000 7.4845526975
10.8300000000 7.5680412368
10.8400000000 7.6453233294
10.8500000000 7.7119220516
10.8600000000 7.7647249451
10.8700000000 7.8021383006
10.8800000000 7.8238908489
10.8900000000 7.8305239474
10.9000000000 7.8227446899
10.9100000000 7.8008986955
10.9200000000 7.7648841286
10.9300000000 7.7145295006
10.9400000000 7.6502052541
10.9500000000 7.5734051771
10.9600000000 7.4868964521
10.9700000000 7.3943974548
10.9800000000 7.2997876454
10.9900000000 7.2062375304
11.0000000000 7.1156183740
11.0100000000 7.0285726557
11.0200000000 6.9452101920
11.0300000000 6.8660974621
11.0400000000 6.7930562088
11.0500000000 6.7293984016
11.0600000000 6.6795233884
11.0700000000 6.6481139164
11.0800000000 6.6392312459
11.0900000000 6.6556261745
11.1000000000 6.6983421594
11.1100000000 6.7666367772
11.1200000000 6.8580237193
11.1300000000 6.9683590857
11.1400000000 7.0919441044
11.1500000000 7.2217569752
11.1600000000 7.3498826248
11.1700000000 7.4681809396
11.1800000000 7.5689671107
11.1900000000 7.6454634640
11.2000000000 7.6920822552
11.2100000000 7.7046535591
11.2200000000 7.6809616377
11.2300000000 7.6214035864
11.2400000000 7.5295202318
11.2500000000 7.4118873921
11.2600000000 7.2773233364
11.2700000000 7.1356399606
11.2800000000 6.9963907862
11.2900000000 6.8680253438
11.3000000000 6.7574166087
11.3100000000 6.6696598349
11.3200000000 6.6079574461
11.3300000000 6.5735300892
11.3400000000 6.5656052190
11.3500000000 6.5815666070
11.3600000000 6.6172671217
11.3700000000 6.6674398011
11.3800000000 6.7261822278
11.3900000000 6.7874932187
11.4000000000 6.8459622404
11.4100000000 6.8974706336
11.4200000000 6.9397508739
11.4300000000 6.9724709243
11.4400000000 6.9968515026
11.4500000000 7.0149172112
11.4600000000 7.0287800533
11.4700000000 7.0400749382
11.4800000000 7.0497110545
11.4900000000 7.0577966716
11.5000000000 7.0637244631
11.5100000000 7.0663374644
11.5200000000 7.0642462730
11.5300000000 7.0561998498
11.5400000000 7.0414227873
11.5500000000 7.0197435425
11.5600000000 6.9914704375
11.5700000000 6.9570555502
11.5800000000 6.9168058090
11.5900000000 6.8706941087
11.6000000000 6.8183137902
11.6100000000 6.7589317004
11.6200000000 6.6915697644
11.6300000000 6.6152589349
11.6400000000 6.5293646943
11.6500000000 6.4339577890
11.6600000000 6.3300156760
11.6700000000 6.2193361075
11.6800000000 6.1043124675
11.6900000000 5.9876356902
11.7000000000 5.8721028127
11.7100000000 5.7605377169
11.7200000000 5.6558081164
11.7300000000 5.5608113966
11.7400000000 5.4784509554
11.7500000000 5.4114876174
11.7600000000 5.3623093310
11.7700000000 5.3326160131
11.7800000000 5.3231297827
11.7900000000 5.3333903896
11.8000000000 5.3617361441
11.8100000000 5.4054789432
11.8200000000 5.4612229411
11.8300000000 5.5251849346
11.8400000000 5.5934908207
11.8500000000 5.6624834440
11.8600000000 5.7291044375
11.8700000000 5.7913689321
11.8800000000 5.8487855779
11.8900000000 5.9025307115
11.9000000000 5.9551773921
11.9100000000 6.0100462088
11.9200000000 6.0703887311
11.9300000000 6.1386935698
11.9400000000 6.2162095075
11.9500000000 6.3027323935
11.9600000000 6.3965231054
11.9700000000 6.4943928842
11.9800000000 6.5919600963
11.9900000000 6.6842578187
12.0000000000 6.7665495901
12.0100000000 6.8352229090
12.0200000000 6.8884446375
12.0300000000 6.9262886171
12.0400000000 6.9503414466
12.0500000000 6.9629329108
12.0600000000 6.9664020591
12.0700000000 6.9627668586
12.0800000000 6.9538414534
12.0900000000 6.9415485309
12.1000000000 6.9281510632
12.1100000000 6.9160917366
12.1200000000 6.9075296600
12.1300000000 6.9036579290
12.1400000000 6.9041366951
12.1500000000 6.9068452232
12.1600000000 6.9080254749
12.1700000000 6.9028427289
12.1800000000 6.8861978927
12.1900000000 6.8535869571
12.2000000000 6.8018098152
12.2100000000 6.7292793922
12.2200000000 6.6359513351
12.2300000000 6.5228779897
12.2400000000 6.3917591495
12.2500000000 6.2447320166
12.2600000000 6.0845443975
12.2700000000 5.9149097117
12.2800000000 5.7407212312
12.2900000000 5.5678170588
12.3000000000 5.4023089934
12.3100000000 5.2497018572
12.3200000000 5.1141334295
12.3300000000 4.9979982108
12.3400000000 4.9019412320
12.3500000000 4.8252264774
12.3600000000 4.7662400981
12.3700000000 4.7229989485
12.3800000000 4.6936157880
12.3900000000 4.6766051776
12.4000000000 4.6711020778
12.4100000000 4.6768876414
12.4200000000 4.6941649845
12.4300000000 4.7231605317
12.4400000000 4.7636161932
12.4500000000 4.8144302597
12.4600000000 4.8734647827
12.4700000000 4.9376271565
12.4800000000 5.0030601877
12.4900000000 5.0654059847
12.5000000000 5.1201931503
12.5100000000 5.1634215965
12.5200000000 5.1923104570
12.5300000000 5.2061423387
12.5400000000 5.2067249373
12.5500000000 5.1983257222
12.5600000000 5.1868628028
12.5700000000 5.1786513048
12.5800000000 5.1790159428
12.5900000000 5.1911948342
12.6000000000 5.2158326147
12.6100000000 5.2510728305
12.6200000000 5.2932283785
12.6300000000 5.3377051657
12.6400000000 5.3799681786
12.6500000000 5.4161902657
12.6600000000 5.4436329443
12.6700000000 5.4608183750
12.6800000000 5.4676076078
12.6900000000 5.4651705188
12.7000000000 5.4556182742
12.7100000000 5.4412504475
12.7200000000 5.4236772166
12.7300000000 5.4031282131
12.7400000000 5.3784049976
12.7500000000 5.3474660066
12.7600000000 5.3085120355
12.7700000000 5.2609990923
12.7800000000 5.2061591986
12.7900000000 5.1466999203
12.8000000000 5.0858787086
12.8100000000 5.0263285057
12.8200000000 4.9691870559
12.8300000000 4.9139010720
12.8400000000 4.8586213399
12.8500000000 4.8010891691
12.8600000000 4.7395860928
12.8700000000 4.6736419364
12.8800000000 4.6042795575
12.8900000000 4.5338235499
12.9000000000 4.4653360398
12.9100000000 4.4020019230
12.9200000000 4.3465710020
12.9300000000 4.3010183796
12.9400000000 4.2664241626
12.9500000000 4.2429970517
12.9600000000 4.2301262817
12.9700000000 4.2263820427
12.9800000000 4.2295985557
12.9900000000 4.2370476554
13.0000000000 4.2458622798
13.0100000000 4.2536038938
13.0200000000 4.2588683549
13.0300000000 4.2617325984
13.0400000000 4.2638480770
13.0500000000 4.2681073520
13.0600000000 4.2779735859
13.0700000000 4.2966100898
13.0800000000 4.3260775704
13.0900000000 4.3667982130
13.1000000000 4.4173801155
13.1100000000 4.4748036216
13.1200000000 4.5348229028
13.1300000000 4.5924427069
13.1400000000 4.6423815714
13.1500000000 4.6795789054
13.1600000000 4.6998398673
13.1700000000 4.7005972051
13.1800000000 4.6815695968
13.1900000000 4.6450231698
13.2000000000 4.5954410999
13.2100000000 4.5386971190
13.2200000000 4.4810590389
13.2300000000 4.4282862776
13.2400000000 4.3850268633
13.2500000000 4.3545557759
13.2600000000 4.3387132198
13.2700000000 4.3380486697
13.2800000000 4.3520317063
13.2900000000 4.3793163624
13.3000000000 4.4179454260
13.3100000000 4.4654151630
13.3200000000 4.5186206268
13.3300000000 4.5738827904
13.3400000000 4.6271376123
13.3500000000 4.6744439749
13.3600000000 4.7126117016
13.3700000000 4.7396594592
13.3800000000 4.7549001117
13.3900000000 4.7586043391
13.4000000000 4.7514865401
13.4100000000 4.7343158660
13.4200000000 4.7077543901
13.4300000000 4.6724099137
13.4400000000 4.6290100119
13.4500000000 4.5785386304
13.4600000000 4.5222179736
13.4700000000 4.4613772826
13.4800000000 4.3972633250
13.4900000000 4.3308919415
13.5000000000 4.2629805620
13.5100000000 4.1939848402
13.5200000000 4.1241619617
13.5300000000 4.0535905268
13.5400000000 3.9821597143
13.5500000000 3.9095007019
13.5600000000 3.8350237306
13.5700000000 3.7580713599
13.5800000000 3.6782120312
13.5900000000 3.5955244096
13.6000000000 3.5107784599
13.6100000000 3.4254307168
13.6200000000 3.3413760489
13.6300000000 3.2606273945
13.6400000000 3.1848630475
13.6500000000 3.1150624355
13.6600000000 3.0512512639
13.6700000000 2.9925595213
13.6800000000 2.9375010428
13.6900000000 2.8844493877
13.7000000000 2.8321601737
13.7100000000 2.7801562126
13.7200000000 2.7288771697
13.7300000000 2.6795401802
13.7400000000 2.6338184860
13.7500000000 2.5933818468
13.7600000000 2.5595383281
13.7700000000 2.5329748540
13.7800000000 2.5137286432
13.7900000000 2.5012945919
13.8000000000 2.4948834682
13.8100000000 2.4936403555
13.8200000000 2.4968456691
13.8300000000 2.5040189365
13.8400000000 2.5149759636
13.8500000000 2.5298391630
13.8600000000 2.5490381916
13.8700000000 2.5732355020
13.8800000000 2.6031766340
13.8900000000 2.6395167321
13.9000000000 2.6826796498
13.9100000000 2.7327687811
13.9200000000 2.7896651570
13.9300000000 2.8532563748
13.9400000000 2.9236649255
13.9500000000 3.0014147533
13.9600000000 3.0873591110
13.9700000000 3.1824268383
13.9800000000 3.2872214936
13.9900000000 3.4015825498
14.0000000000 3.5243003622
14.0100000000 3.6529843651
14.0200000000 3.7841926631
14.0300000000 3.9137486358
14.0400000000 4.0371935182
14.0500000000 4.1503028320
14.0600000000 4.2495294088
14.0700000000 4.3322900104
14.0800000000 4.3970050615
14.0900000000 4.4429552573
14.1000000000 4.4699610867
14.1100000000 4.4780072212
14.1200000000 4.4669321568
14.1300000000 4.4363816339
14.1400000000 4.3860950031
14.1500000000 4.3164281167
14.1600000000 4.2287789824
14.1700000000 4.1256275940
14.1800000000 4.0101278521
14.1900000000 3.8855180193
14.2000000000 3.7546726478
14.2100000000 3.6199608730
14.2200000000 3.4834043712
14.2300000000 3.3468841595
14.2400000000 3.2122941135
14.2500000000 3.0815072295
14.2600000000 2.9562119938
14.2700000000 2.8377736323
14.2800000000 2.7271406645
14.2900000000 2.6248704002
14.3000000000 2.5311847061
14.3100000000 2.4461145698
14.3200000000 2.3695410866
14.3300000000 2.3012714723
14.3400000000 2.2410580562
14.3500000000 2.1886760685
14.3600000000 2.1440120663
14.3700000000 2.1071383997
14.3800000000 2.0783781957
14.3900000000 2.0582381327
14.4000000000 2.0473303572
14.4100000000 2.0462395610
14.4200000000 2.0554186960
14.4300000000 2.0750648850
14.4400000000 2.1050054847
14.4500000000 2.1445506869
14.4600000000 2.1923867901
14.4700000000 2.2464857798
14.4800000000 2.3041534625
14.4900000000 2.3622343906
14.5000000000 2.4175206983
14.5100000000 2.4672312030
14.5200000000 2.5094584042
14.5300000000 2.5434140997
14.5400000000 2.5694025698
14.5500000000 2.5885369064
14.5600000000 2.6024473011
14.5700000000 2.6129407293
14.5800000000 2.6217871698
14.5900000000 2.6304850219
14.6000000000 2.6400840858
14.6100000000 2.6509438512
14.6200000000 2.6626777756
14.6300000000 2.6742204858
14.6400000000 2.6840770700
14.6500000000 2.6906907216
14.6600000000 2.6927518886
14.6700000000 2.6893949340
14.6800000000 2.6803022060
14.6900000000 2.6657402664
14.7000000000 2.6465132986
14.7100000000 2.6238082562
14.7200000000 2.5989601654
14.7300000000 2.5730917976
14.7400000000 2.5468248774
14.7500000000 2.5200833504
14.7600000000 2.4921936518
14.7700000000 2.4622097767
14.7800000000 2.4293902688
14.7900000000 2.3936189159
14.8000000000 2.3556290950
14.8100000000 2.3169800188
14.8200000000 2.2797970668
14.8300000000 2.2464288444
14.8400000000 2.2190800776
14.8500000000 2.1995615588
14.8600000000 2.1891288662
14.8700000000 2.1884974361
14.8800000000 2.1979801534
14.8900000000 2.2176469257
14.9000000000 2.2474855416
14.9100000000 2.2875429427
14.9200000000 2.3378948318
14.9300000000 2.3985748422
14.9400000000 2.4694333898
14.9500000000 2.5499874432
14.9600000000 2.6393373133
14.9700000000 2.7361653927
14.9800000000 2.8387759202
14.9900000000 2.9451298857
15.0000000000 3.0528395965
15.0100000000 3.1590379510
15.0200000000 3.2602825678
15.0300000000 3.3524932614
15.0400000000 3.4310998577
15.0500000000 3.4915313379
15.0600000000 3.5299359823
15.0700000000 3.5439483943
15.0800000000 3.5332491187
15.0900000000 3.4995865878
15.1000000000 3.4463405815
15.1100000000 3.3777829684
15.1200000000 3.2983291644
15.1300000000 3.2120141086
15.1400000000 3.1222485882
15.1500000000 3.0317849337
15.1600000000 2.9428313416
15.1700000000 2.8571207913
15.1800000000 2.7759906075
15.1900000000 2.7004937358
15.2000000000 2.6315015442
15.2100000000 2.5697569733
15.2200000000 2.5159387932
15.2300000000 2.4705725621
15.2400000000 2.4339306461
15.2500000000 2.4059061139
15.2600000000 2.3859483949
15.2700000000 2.3730718303
15.2800000000 2.3659427070
15.2900000000 2.3630655135
15.3000000000 2.3630010937
15.3100000000 2.3645697905
15.3200000000 2.3669927066
15.3300000000 2.3699087263
15.3400000000 2.3733032433
15.3500000000 2.3774158010
15.3600000000 2.3826317834
15.3700000000 2.3894100367
15.3800000000 2.3981582314
15.3900000000 2.4090714361
15.4000000000 2.4220067419
15.4100000000 2.4364670103
15.4200000000 2.4517044533
15.4300000000 2.4669494077
15.4400000000 2.4815665798
15.4500000000 2.4950864859
15.4600000000 2.5071587563
15.4700000000 2.5173958586
15.4800000000 2.5253259535
15.4900000000 2.5304186082
15.5000000000 2.5322097047
15.5100000000 2.5304319701
15.5200000000 2.5250624525
15.5300000000 2.5162866982
15.5400000000 2.5043791835
15.5500000000 2.4896147270
15.5600000000 2.4722371745
15.5700000000 2.4525014287
15.5800000000 2.4307735788
15.5900000000 2.4076474977
15.6000000000 2.3839620878
15.6100000000 2.3607711260
15.6200000000 2.3392282060
15.6300000000 2.3204600758
15.6400000000 2.3054812551
15.6500000000 2.2951768732
15.6600000000 2.2903171887
15.6700000000 2.2915828278
15.6800000000 2.2995158661
15.6900000000 2.3144602841
15.7000000000 2.3364069975
15.7100000000 2.3649561148
15.7200000000 2.3993649280
15.7300000000 2.4387664773
15.7400000000 2.4824147551
15.7500000000 2.5299400376
15.7600000000 2.5814388735
15.7700000000 2.6373724488
15.7800000000 2.6983587428
15.7900000000 2.7647903126
15.8000000000 2.8364696111
15.8100000000 2.9122996279
15.8200000000 2.9901145375
15.8300000000 3.0667439790
15.8400000000 3.1383394818
15.8500000000 3.2008384538
15.8600000000 3.2505485981
15.8700000000 3.2847067681
15.8800000000 3.3018428735
15.8900000000 3.3020641992
15.9000000000 3.2870684603
15.9100000000 3.2600064548
15.9200000000 3.2250746288
15.9300000000 3.1868785323
15.9400000000 3.1498045748
15.9500000000 3.1174833090
15.9600000000 3.0924950868
15.9700000000 3.0763441918
15.9800000000 3.0695567152
15.9900000000 3.0718666519
16.0000000000 3.0823625764
16.0100000000 3.0995620138
16.0200000000 3.1214605048
16.0300000000 3.1456984999
16.0400000000 3.1697600292
16.0500000000 3.1913891427
16.0600000000 3.2089362627
16.0700000000 3.2216778618
16.0800000000 3.2299344871
16.0900000000 3.2349286652
16.1000000000 3.2384724747
16.1100000000 3.2425634514
16.1200000000 3.2490000430
16.1300000000 3.2590968991
16.1400000000 3.2734848403
16.1500000000 3.2920393698
16.1600000000 3.3139545644
16.1700000000 3.3379517850
16.1800000000 3.3625746147
16.1900000000 3.3864731050
16.2000000000 3.4085913759
16.2100000000 3.4281246662
16.2200000000 3.4443583513
16.2300000000 3.4565496263
16.2400000000 3.4638947118
16.2500000000 3.4656997867
16.2600000000 3.4615900103
16.2700000000 3.4516874293
16.2800000000 3.4365913318
16.2900000000 3.4172084868
16.3000000000 3.3945451247
16.3100000000 3.3695786554
16.3200000000 3.3431932186
16.3300000000 3.3162065578
16.3400000000 3.2894510712
16.3500000000 3.2638335762
16.3600000000 3.2402758540
16.3700000000 3.2196763529
16.3800000000 3.2028061831
16.3900000000 3.1902262206
16.4000000000 3.1822256707
16.4100000000 3.1786842655
16.4200000000 3.1789780134
16.4300000000 3.1819397855
16.4400000000 3.1859403848
16.4500000000 3.1891229237
16.4600000000 3.1897522990
16.4700000000 3.1865597548
16.4800000000 3.1790118734
16.4900000000 3.1673784046
16.5000000000 3.1526477424
16.5100000000 3.1363164322
16.5200000000 3.1200677762
16.5300000000 3.1055033161
16.5400000000 3.0938778004
16.5500000000 3.0859482316
16.5600000000 3.0819271475
16.5700000000 3.0814858949
16.5800000000 3.0838579347
16.5900000000 3.0879926820
16.6000000000 3.0926933922
16.6100000000 3.0967940337
16.6200000000 3.0992368387
16.6300000000 3.0991830784
16.6400000000 3.0960077839
16.6500000000 3.0893277610
16.6600000000 3.0790631852
16.6700000000 3.0654830959
16.6800000000 3.0491958793
16.6900000000 3.0310954716
16.7000000000 3.0121737001
16.7100000000 2.9933649020
16.7200000000 2.9754285041
16.7300000000 2.9589927847
16.7400000000 2.9446435442
16.7500000000 2.9330244124
16.7600000000 2.9248759684
16.7700000000 2.9210020232
16.7800000000 2.9222243360
16.7900000000 2.9292864914
16.8000000000 2.9427518114
16.8100000000 2.9628338558
16.8200000000 2.9892272036
16.8300000000 3.0209895403
16.8400000000 3.0565145750
16.8500000000 3.0936235033
16.8600000000 3.1298190029
16.8700000000 3.1625549059
16.8800000000 3.1895211628
16.8900000000 3.2088659853
16.9000000000 3.2193449248
16.9100000000 3.2203755042
16.9200000000 3.2120373539
16.9300000000 3.1949842342
16.9400000000 3.1703629577
16.9500000000 3.1396428374
16.9600000000 3.1044896672
16.9700000000 3.0665991133
16.9800000000 3.0275962555
16.9900000000 2.9889847060
17.0000000000 2.9520436678
17.0100000000 2.9178488254
17.0200000000 2.8872021633
17.0300000000 2.8606068694
17.0400000000 2.8382993406
17.0500000000 2.8202817191
17.0600000000 2.8064235336
17.0700000000 2.7964954920
17.0800000000 2.7901864117
17.0900000000 2.7871088677
17.1000000000 2.7867304270
17.1100000000 2.7883333773
17.1200000000 2.7910718924
17.1300000000 2.7940351013
17.1400000000 2.7963217050
17.1500000000 2.7971204136
17.1600000000 2.7957617652
17.1700000000 2.7916952702
17.1800000000 2.7845298154
17.1900000000 2.7741376980
17.2000000000 2.7607304854
17.2100000000 2.7449528512
17.2200000000 2.7278385194
17.2300000000 2.7105925938
17.2400000000 2.6942741156
17.2500000000 2.6795809225
17.2600000000 2.6667028724
17.2700000000 2.6554762540
17.2800000000 2.6455624120
17.2900000000 2.6366912722
17.3000000000 2.6287838321
17.3100000000 2.6219936449
17.3200000000 2.6166552076
17.3300000000 2.6132670249
17.3400000000 2.6123986552
17.3500000000 2.6146206346
17.3600000000 2.6203756954
17.3700000000 2.6297620222
17.3800000000 2.6424155624
17.3900000000 2.6574860356
17.4000000000 2.6737652568
17.4100000000 2.6898741952
17.4200000000 2.7044851456
17.4300000000 2.7164151726
17.4400000000 2.7246960409
17.4500000000 2.7286442180
17.4600000000 2.7279019064
17.4700000000 2.7225313229
17.4800000000 2.7130453122
17.4900000000 2.7003975708
17.5000000000 2.6857969165
17.5100000000 2.6705383532
17.5200000000 2.6557152628
17.5300000000 2.6419946311
17.5400000000 2.6294558653
17.5500000000 2.6176237011
17.5600000000 2.6055309757
17.5700000000 2.5919708812
17.5800000000 2.5756792116
17.5900000000 2.5555586740
17.6000000000 2.5308924148
17.6100000000 2.5014284245
17.6200000000 2.4674709810
17.6300000000 2.4298306213
17.6400000000 2.3897147359
17.6500000000 2.3485697565
17.6600000000 2.3079159149
17.6700000000 2.2691622278
17.6800000000 2.2334914738
17.6900000000 2.2017740180
17.7000000000 2.1745771795
17.7100000000 2.1521989808
17.7200000000 2.1347686889
17.7300000000 2.1222397974
17.7400000000 2.1144013156
17.7500000000 2.1108350726
17.7600000000 2.1108670573
17.7700000000 2.1135973490
17.7800000000 2.1180088260
17.7900000000 2.1230882406
17.8000000000 2.1279413919
17.8100000000 2.1319144785
17.8200000000 2.1346006424
17.8300000000 2.1357920148
17.8400000000 2.1354134946
17.8500000000 2.1334321131
17.8600000000 2.1298328736
17.8700000000 2.1246673883
17.8800000000 2.1180844907
17.8900000000 2.1104157339
17.9000000000 2.1021761006
17.9100000000 2.0940586393
17.9200000000 2.0867888528
17.9300000000 2.0810027678
17.9400000000 2.0769962674
17.9500000000 2.0746078433
17.9600000000 2.0731683223
17.9700000000 2.0716828856
17.9800000000 2.0690504026
17.9900000000 2.0643629045
18.0000000000 2.0570651491
18.0100000000 2.0469677723
18.0200000000 2.0341257752
18.0300000000 2.0187289596
18.0400000000 2.0009612277
18.0500000000 1.9810560240
18.0600000000 1.9593151459
18.0700000000 1.9361400129
18.0800000000 1.9120199492
18.0900000000 1.8874400790
18.1000000000 1.8627947939
18.1100000000 1.8384058705
18.1200000000 1.8145158794
18.1300000000 1.7913746015
18.1400000000 1.7693445934
18.1500000000 1.7489141200
18.1600000000 1.7307100774
18.1700000000 1.7154797201
18.1800000000 1.7039910920
18.1900000000 1.6969889238
18.2000000000 1.6950254305
18.2100000000 1.6983966842
18.2200000000 1.7070478752
18.2300000000 1.7205350477
18.2400000000 1.7380373211
18.2500000000 1.7583758438
18.2600000000 1.7799517513
18.2700000000 1.8008215106
18.2800000000 1.8187155545
18.2900000000 1.8312998179
18.3000000000 1.8364677370
18.3100000000 1.8327260034
18.3200000000 1.8194942318
18.3300000000 1.7972133724
18.3400000000 1.7672502264
18.3500000000 1.7316088379
18.3600000000 1.6925842785
18.3700000000 1.6524765774
18.3800000000 1.6133203417
18.3900000000 1.5767755386
18.4000000000 1.5440864192
18.4100000000 1.5160526931
18.4200000000 1.4930324964
18.4300000000 1.4750347961
18.4400000000 1.4617430256
18.4500000000 1.4526855630
18.4600000000 1.4473309537
18.4700000000 1.4452154317
18.4800000000 1.4459753205
18.4900000000 1.4493156994
18.5000000000 1.4549151390
18.5100000000 1.4624194221
18.5200000000 1.4713331813
18.5300000000 1.4810836042
18.5400000000 1.4910268095
18.5500000000 1.5005691202
18.5600000000 1.5092310212
18.5700000000 1.5167175941
18.5800000000 1.5229251874
18.5900000000 1.5278202387
18.6000000000 1.5313434266
18.6100000000 1.5332879612
18.6200000000 1.5332415285
18.6300000000 1.5307009923
18.6400000000 1.5252001882
18.6500000000 1.5165472464
18.6600000000 1.5049281379
18.6700000000 1.4909595579
18.6800000000 1.4756008247
18.6900000000 1.4599431190
18.7000000000 1.4450039792
18.7100000000 1.4315592436
18.7200000000 1.4200837780
18.7300000000 1.4107888558
18.7400000000 1.4037244829
18.7500000000 1.3989404929
18.7600000000 1.3965059378
18.7700000000 1.3965414921
18.7800000000 1.3991158888
18.7900000000 1.4040901972
18.8000000000 1.4111109102
18.8100000000 1.4195772063
18.8200000000 1.4287509723
18.8300000000 1.4378605608
18.8400000000 1.4462371341
18.8500000000 1.4533472738
18.8600000000 1.4588905967
18.8700000000 1.4627091111
18.8800000000 1.4648134809
18.8900000000 1.4652857978
18.9000000000 1.4642667605
18.9100000000 1.4619102668
18.9200000000 1.4583769748
18.9300000000 1.4538017485
18.9400000000 1.4482609753
18.9500000000 1.4418311827
18.9600000000 1.4346021250
18.9700000000 1.4267226235
18.9800000000 1.4184007867
18.9900000000 1.4098125416
19.0000000000 1.4010228836
19.0100000000 1.3919133431
19.0200000000 1.3822404012
19.0300000000 1.3717007056
19.0400000000 1.3601148667
19.0500000000 1.3474542013
19.0600000000 1.3339268932
19.0700000000 1.3198471727
19.0800000000 1.3055500514
19.0900000000 1.2912924294
19.1000000000 1.2771867264
19.1100000000 1.2632531762
19.1200000000 1.2494657635
19.1300000000 1.2358778437
19.1400000000 1.2226224595
19.1500000000 1.2098993875
19.1600000000 1.1978824659
19.1700000000 1.1866530510
19.1800000000 1.1761065947
19.1900000000 1.1659918690
19.2000000000 1.1559703595
19.2100000000 1.1457758367
19.2200000000 1.1353346123
19.2300000000 1.1248863213
19.2400000000 1.1149984225
19.2500000000 1.1064938620
19.2600000000 1.1002646307
19.2700000000 1.0970977523
19.2800000000 1.0975808296
19.2900000000 1.1020073394
19.3000000000 1.1103756643
19.3100000000 1.1224822512
19.3200000000 1.1379549182
19.3300000000 1.1563132043
19.3400000000 1.1769953700
19.3500000000 1.1993184177
19.3600000000 1.2224917093
19.3700000000 1.2455567942
19.3800000000 1.2674678743
19.3900000000 1.2871653892
19.4000000000 1.3037768186
19.4100000000 1.3167303641
19.4200000000 1.3258689080
19.4300000000 1.3313564575
19.4400000000 1.3335646349
19.4500000000 1.3328583466
19.4600000000 1.3293943097
19.4700000000 1.3230735013
19.4800000000 1.3135605438
19.4900000000 1.3004713740
19.5000000000 1.2835683577
19.5100000000 1.2629969219
19.5200000000 1.2393278517
19.5300000000 1.2135190685
19.5400000000 1.1867420025
19.5500000000 1.1601458248
19.5600000000 1.1347217188
19.5700000000 1.1111864596
19.5800000000 1.0900147696
19.5900000000 1.0714447214
19.6000000000 1.0555718325
19.6100000000 1.0424233416
19.6200000000 1.0320056472
19.6300000000 1.0243110495
19.6400000000 1.0193177061
19.6500000000 1.0169486077
19.6600000000 1.0170782877
19.6700000000 1.0194848845
19.6800000000 1.0238500036
19.6900000000 1.0297244113
19.7000000000 1.0365005260
19.7100000000 1.0434533449
19.7200000000 1.0497951115
19.7300000000 1.0547848345
19.7400000000 1.0578859603
19.7500000000 1.0588420971
19.7600000000 1.0576844107
19.7700000000 1.0547117362
19.7800000000 1.0503402063
19.7900000000 1.0450143155
19.8000000000 1.0391520573
19.8100000000 1.0330967065
19.8200000000 1.0271372782
19.8300000000 1.0215566182
19.8400000000 1.0166175711
19.8500000000 1.0125628911
19.8600000000 1.0096013311
19.8700000000 1.0078936785
19.8800000000 1.0075111032
19.8900000000 1.0085248128
19.9000000000 1.0109714344
19.9100000000 1.0149083040
19.9200000000 1.0203580937
19.9300000000 1.0272810203
19.9400000000 1.0355262242
19.9500000000 1.0447830803
19.9600000000 1.0545601968
19.9700000000 1.0641782602
19.9800000000 1.0728391488
19.9900000000 1.0797297732
20.0000000000 1.0841607107
