0.0100000000 99.1940447143
0.0200000000 96.8522609820
0.0300000000 93.1856193255
0.0400000000 88.4951052227
0.0500000000 83.1158849542
0.0600000000 77.3676593242
0.0700000000 71.5215581999
0.0800000000 65.7854375637
0.0900000000 60.3036624086
0.1000000000 55.1655082030
0.1100000000 50.4170284673
0.1200000000 46.0729783711
0.1300000000 42.1270544988
0.1400000000 38.5598786869
0.1500000000 35.3448061860
0.1600000000 32.4519187783
0.1700000000 29.8506284178
0.1800000000 27.5112777413
0.1900000000 25.4060480211
0.2000000000 23.5094076615
0.2100000000 21.7982673241
0.2200000000 20.2519561694
0.2300000000 18.8520954580
0.2400000000 17.5824194930
0.2500000000 16.4285749628
0.2600000000 15.3779177080
0.2700000000 14.4193181465
0.2800000000 13.5429809226
0.2900000000 12.7402812552
0.3000000000 12.0036190592
0.3100000000 11.3262896095
0.3200000000 10.7023703050
0.3300000000 10.1266216012
0.3400000000 9.5944005656
0.3500000000 9.1015861346
0.3600000000 8.6445138236
0.3700000000 8.2199193593
0.3800000000 7.8248897532
0.3900000000 7.4568205705
0.4000000000 7.1133791706
0.4100000000 6.7924724440
0.4200000000 6.4922190128
0.4300000000 6.2109246042
0.4400000000 5.9470610453
0.4500000000 5.6992474442
0.4600000000 5.4662339624
0.4700000000 5.2468876253
0.4800000000 5.0401795697
0.4900000000 4.8451741334
0.5000000000 4.6610191673
0.5100000000 4.4869372464
0.5200000000 4.3222182113
0.5300000000 4.1662124600
0.5400000000 4.0183248374
0.5500000000 3.8780094351
0.5600000000 3.7447647830
0.5700000000 3.6181297869
0.5800000000 3.4976797144
0.5900000000 3.3830230280
0.6000000000 3.2737983683
0.6100000000 3.1696717067
0.6200000000 3.0703340830
0.6300000000 2.9754992286
0.6400000000 2.8849018500
0.6500000000 2.7982956528
0.6600000000 2.7154517695
0.6700000000 2.6361574416
0.6800000000 2.5602144600
0.6900000000 2.4874382649
0.7000000000 2.4176566389
0.7100000000 2.3507088669
0.7200000000 2.2864447912
0.7300000000 2.2247238922
0.7400000000 2.1654147790
0.7500000000 2.1083942831
0.7600000000 2.0535469866
0.7700000000 2.0007646346
0.7800000000 1.9499455140
0.7900000000 1.9009940685
0.8000000000 1.8538204951
0.8100000000 1.8083402465
0.8200000000 1.7644737381
0.8300000000 1.7221459251
0.8400000000 1.6812861523
0.8500000000 1.6418276291
0.8600000000 1.6037073531
0.8700000000 1.5668658535
0.8800000000 1.5312467928
0.8900000000 1.4967970390
0.9000000000 1.4634661491
0.9100000000 1.4312064382
0.9200000000 1.3999727300
0.9300000000 1.3697221609
0.9400000000 1.3404140707
0.9500000000 1.3120098691
0.9600000000 1.2844729396
0.9700000000 1.2577685013
0.9800000000 1.2318634532
0.9900000000 1.2067263083
1.0000000000 1.1823271515
1.0100000000 1.1586374772
1.0200000000 1.1356301664
1.0300000000 1.1132793263
1.0400000000 1.0915603102
1.0500000000 1.0704496213
1.0600000000 1.0499248246
1.0700000000 1.0299645162
1.0800000000 1.0105482476
1.0900000000 0.9916564454
1.1000000000 0.9732705140
1.1100000000 0.9553725958
1.1200000000 0.9379455688
1.1300000000 0.9209731561
1.1400000000 0.9044397297
1.1500000000 0.8883302582
1.1600000000 0.8726304802
1.1700000000 0.8573266401
1.1800000000 0.8424055204
1.1900000000 0.8278545479
1.2000000000 0.8136615958
1.2100000000 0.7998150481
1.2200000000 0.7863037498
1.2300000000 0.7731169515
1.2400000000 0.7602444216
1.2500000000 0.7476762165
1.2600000000 0.7354028796
1.2700000000 0.7234152818
1.2800000000 0.7117046281
1.2900000000 0.7002624485
1.3000000000 0.6890806370
1.3100000000 0.6781513396
1.3200000000 0.6674670517
1.3300000000 0.6570205047
1.3400000000 0.6468047360
1.3500000000 0.6368129721
1.3600000000 0.6270387309
1.3700000000 0.6174757390
1.3800000000 0.6081179919
1.3900000000 0.5989596444
1.4000000000 0.5899950696
1.4100000000 0.5812188852
1.4200000000 0.5726257959
1.4300000000 0.5642108054
1.4400000000 0.5559690171
1.4500000000 0.5478957058
1.4600000000 0.5399862891
1.4700000000 0.5322364104
1.4800000000 0.5246417930
1.4900000000 0.5171983225
1.5000000000 0.5099020141
1.5100000000 0.5027490156
1.5200000000 0.4957355855
1.5300000000 0.4888581544
1.5400000000 0.4821132003
1.5500000000 0.4754973829
1.5600000000 0.4690073774
1.5700000000 0.4626400190
1.5800000000 0.4563922718
1.5900000000 0.4502611193
1.6000000000 0.4442437187
1.6100000000 0.4383372537
1.6200000000 0.4325390481
1.6300000000 0.4268463906
1.6400000000 0.4212568216
1.6500000000 0.4157678146
1.6600000000 0.4103769970
1.6700000000 0.4050820332
1.6800000000 0.3998806409
1.6900000000 0.3947706595
1.7000000000 0.3897499393
1.7100000000 0.3848163913
1.7200000000 0.3799680867
1.7300000000 0.3752029673
1.7400000000 0.3705192253
1.7500000000 0.3659149649
1.7600000000 0.3613884205
1.7700000000 0.3569378608
1.7800000000 0.3525615809
1.7900000000 0.3482579038
1.8000000000 0.3440252657
1.8100000000 0.3398620900
1.8200000000 0.3357669178
1.8300000000 0.3317382058
1.8400000000 0.3277745288
1.8500000000 0.3238745350
1.8600000000 0.3200368008
1.8700000000 0.3162600918
1.8800000000 0.3125430647
1.8900000000 0.3088844625
1.9000000000 0.3052830635
1.9100000000 0.3017376972
1.9200000000 0.2982471994
1.9300000000 0.2948104527
1.9400000000 0.2914263498
1.9500000000 0.2880937947
1.9600000000 0.2848117757
1.9700000000 0.2815792253
1.9800000000 0.2783952300
1.9900000000 0.2752587484
2.0000000000 0.2721688627
2.0100000000 0.2691246692
2.0200000000 0.2661252489
2.0300000000 0.2631696922
2.0400000000 0.2602572230
2.0500000000 0.2573869362
2.0600000000 0.2545580479
2.0700000000 0.2517697679
2.0800000000 0.2490213179
2.0900000000 0.2463119034
2.1000000000 0.2436408640
2.1100000000 0.2410073750
2.1200000000 0.2384108167
2.1300000000 0.2358504447
2.1400000000 0.2333256449
2.1500000000 0.2308356832
2.1600000000 0.2283799581
2.1700000000 0.2259578484
2.1800000000 0.2235687667
2.1900000000 0.2212120336
2.2000000000 0.2188871037
2.2100000000 0.2165934596
2.2200000000 0.2143304254
2.2300000000 0.2120975673
2.2400000000 0.2098942638
2.2500000000 0.2077200582
2.2600000000 0.2055743800
2.2700000000 0.2034567557
2.2800000000 0.2013667372
2.2900000000 0.1993037632
2.3000000000 0.1972674019
2.3100000000 0.1952572158
2.3200000000 0.1932726901
2.3300000000 0.1913134755
2.3400000000 0.1893790754
2.3500000000 0.1874690919
2.3600000000 0.1855831195
2.3700000000 0.1837207437
2.3800000000 0.1818815819
2.3900000000 0.1800652070
2.4000000000 0.1782712554
2.4100000000 0.1764993975
2.4200000000 0.1747492190
2.4300000000 0.1730204103
2.4400000000 0.1713125853
2.4500000000 0.1696253878
2.4600000000 0.1679585214
2.4700000000 0.1663116570
2.4800000000 0.1646844529
2.4900000000 0.1630765664
2.5000000000 0.1614877533
2.5100000000 0.1599176606
2.5200000000 0.1583660356
2.5300000000 0.1568325483
2.5400000000 0.1553169022
2.5500000000 0.1538188659
2.5600000000 0.1523380972
2.5700000000 0.1508744251
2.5800000000 0.1494274989
2.5900000000 0.1479970713
2.6000000000 0.1465829247
2.6100000000 0.1451847672
2.6200000000 0.1438024073
2.6300000000 0.1424355456
2.6400000000 0.1410839871
2.6500000000 0.1397474918
2.6600000000 0.1384258237
2.6700000000 0.1371187723
2.6800000000 0.1358260913
2.6900000000 0.1345476024
2.7000000000 0.1332830530
2.7100000000 0.1320322909
2.7200000000 0.1307950926
2.7300000000 0.1295712327
2.7400000000 0.1283605166
2.7500000000 0.1271627808
2.7600000000 0.1259778251
2.7700000000 0.1248054481
2.7800000000 0.1236454783
2.7900000000 0.1224977784
2.8000000000 0.1213621025
2.8100000000 0.1202383086
2.8200000000 0.1191262142
2.8300000000 0.1180256748
2.8400000000 0.1169365368
2.8500000000 0.1158585813
2.8600000000 0.1147916871
2.8700000000 0.1137357331
2.8800000000 0.1126904910
2.8900000000 0.1116558688
2.9000000000 0.1106317041
2.9100000000 0.1096178337
2.9200000000 0.1086141246
2.9300000000 0.1076204430
2.9400000000 0.1066366534
2.9500000000 0.1056626185
2.9600000000 0.1046981657
2.9700000000 0.1037432232
2.9800000000 0.1027976132
2.9900000000 0.1018612279
3.0000000000 0.1009339202
3.0100000000 0.1000156132
3.0200000000 0.0991061569
3.0300000000 0.0982054377
3.0400000000 0.0973133030
3.0500000000 0.0964297026
3.0600000000 0.0955544498
3.0700000000 0.0946874907
3.0800000000 0.0938286688
3.0900000000 0.0929779284
3.1000000000 0.0921351118
3.1100000000 0.0913001257
3.1200000000 0.0904728775
3.1300000000 0.0896532395
3.1400000000 0.0888411474
3.1500000000 0.0880364740
3.1600000000 0.0872391519
3.1700000000 0.0864490181
3.1800000000 0.0856660382
3.1900000000 0.0848901112
3.2000000000 0.0841211029
3.2100000000 0.0833589436
3.2200000000 0.0826035628
3.2300000000 0.0818548564
3.2400000000 0.0811127184
3.2500000000 0.0803770768
3.2600000000 0.0796478250
3.2700000000 0.0789249200
3.2800000000 0.0782082539
3.2900000000 0.0774977188
3.3000000000 0.0767932686
3.3100000000 0.0760947941
3.3200000000 0.0754022172
3.3300000000 0.0747154911
3.3400000000 0.0740345033
3.3500000000 0.0733591735
3.3600000000 0.0726894212
3.3700000000 0.0720251970
3.3800000000 0.0713663864
3.3900000000 0.0707129397
3.4000000000 0.0700647725
3.4100000000 0.0694218349
3.4200000000 0.0687839779
3.4300000000 0.0681512127
3.4400000000 0.0675234221
3.4500000000 0.0669005217
3.4600000000 0.0662824256
3.4700000000 0.0656691105
3.4800000000 0.0650604902
3.4900000000 0.0644564469
3.5000000000 0.0638569241
3.5100000000 0.0632618975
3.5200000000 0.0626712174
3.5300000000 0.0620848577
3.5400000000 0.0615026997
3.5500000000 0.0609247168
3.5600000000 0.0603508212
3.5700000000 0.0597808928
3.5800000000 0.0592149051
3.5900000000 0.0586527380
3.6000000000 0.0580943346
3.6100000000 0.0575396353
3.6200000000 0.0569885210
3.6300000000 0.0564409026
3.6400000000 0.0558967527
3.6500000000 0.0553559212
3.6600000000 0.0548183806
3.6700000000 0.0542840106
3.6800000000 0.0537527544
3.6900000000 0.0532245530
3.7000000000 0.0526992880
3.7100000000 0.0521769322
3.7200000000 0.0516574266
3.7300000000 0.0511407144
3.7400000000 0.0506267970
3.7500000000 0.0501156469
3.7600000000 0.0496073552
3.7700000000 0.0491019831
3.7800000000 0.0485997092
3.7900000000 0.0481008289
3.8000000000 0.0476056369
3.8100000000 0.0471147487
3.8200000000 0.0466288346
3.8300000000 0.0461488822
3.8400000000 0.0456761937
3.8500000000 0.0452123236
3.8600000000 0.0447591344
3.8700000000 0.0443188200
3.8800000000 0.0438935832
3.8900000000 0.0434854303
3.9000000000 0.0430957381
3.9100000000 0.0427248266
3.9200000000 0.0423716255
3.9300000000 0.0420337195
3.9400000000 0.0417078801
3.9500000000 0.0413907926
3.9600000000 0.0410798847
3.9700000000 0.0407736021
3.9800000000 0.0404713951
3.9900000000 0.0401729113
4.0000000000 0.0398776551
4.0100000000 0.0395844257
4.0200000000 0.0392914695
4.0300000000 0.0389965170
4.0400000000 0.0386971818
4.0500000000 0.0383909935
4.0600000000 0.0380757357
4.0700000000 0.0377496390
4.0800000000 0.0374117952
4.0900000000 0.0370621990
4.1000000000 0.0367016254
4.1100000000 0.0363314504
4.1200000000 0.0359532573
4.1300000000 0.0355685857
4.1400000000 0.0351790436
4.1500000000 0.0347861405
4.1600000000 0.0343913989
4.1700000000 0.0339964061
4.1800000000 0.0336026772
4.1900000000 0.0332116534
4.2000000000 0.0328245133
4.2100000000 0.0324421231
4.2200000000 0.0320649067
4.2300000000 0.0316928291
4.2400000000 0.0313254854
4.2500000000 0.0309624021
4.2600000000 0.0306033306
4.2700000000 0.0302483234
4.2800000000 0.0298980398
4.2900000000 0.0295534219
4.3000000000 0.0292157635
4.3100000000 0.0288864442
4.3200000000 0.0285669806
4.3300000000 0.0282591534
4.3400000000 0.0279652040
4.3500000000 0.0276877610
4.3600000000 0.0274297712
4.3700000000 0.0271937511
4.3800000000 0.0269810954
4.3900000000 0.0267909014
4.4000000000 0.0266193918
4.4100000000 0.0264597816
4.4200000000 0.0263031367
4.4300000000 0.0261400377
4.4400000000 0.0259623640
4.4500000000 0.0257647564
4.4600000000 0.0255452096
4.4700000000 0.0253048212
4.4800000000 0.0250469089
4.4900000000 0.0247760162
4.5000000000 0.0244969341
4.5100000000 0.0242140698
4.5200000000 0.0239309612
4.5300000000 0.0236500659
4.5400000000 0.0233729143
4.5500000000 0.0231002823
4.5600000000 0.0228324472
4.5700000000 0.0225694124
4.5800000000 0.0223106663
4.5900000000 0.0220549741
4.6000000000 0.0218003165
4.6100000000 0.0215438708
4.6200000000 0.0212826465
4.6300000000 0.0210139481
4.6400000000 0.0207360638
4.6500000000 0.0204484024
4.6600000000 0.0201514208
4.6700000000 0.0198463832
4.6800000000 0.0195349861
4.6900000000 0.0192190482
4.7000000000 0.0189004174
4.7100000000 0.0185808407
4.7200000000 0.0182619872
4.7300000000 0.0179454326
4.7400000000 0.0176327993
4.7500000000 0.0173257706
4.7600000000 0.0170261206
4.7700000000 0.0167358087
4.7800000000 0.0164570650
4.7900000000 0.0161923505
4.8000000000 0.0159444830
4.8100000000 0.0157165460
4.8200000000 0.0155117235
4.8300000000 0.0153327604
4.8400000000 0.0151814615
4.8500000000 0.0150579898
4.8600000000 0.0149603730
4.8700000000 0.0148846766
4.8800000000 0.0148255492
4.8900000000 0.0147771444
4.9000000000 0.0147341226
4.9100000000 0.0146921186
4.9200000000 0.0146478684
4.9300000000 0.0145991153
4.9400000000 0.0145442254
4.9500000000 0.0144819342
4.9600000000 0.0144112810
4.9700000000 0.0143313653
4.9800000000 0.0142414326
4.9900000000 0.0141410604
5.0000000000 0.0140302805
5.0100000000 0.0139098333
5.0200000000 0.0137809210
5.0300000000 0.0136446782
5.0400000000 0.0135016220
5.0500000000 0.0133510897
5.0600000000 0.0131913181
5.0700000000 0.0130196986
5.0800000000 0.0128337034
5.0900000000 0.0126315629
5.1000000000 0.0124128220
5.1100000000 0.0121783841
5.1200000000 0.0119302326
5.1300000000 0.0116711321
5.1400000000 0.0114040426
5.1500000000 0.0111318780
5.1600000000 0.0108573601
5.1700000000 0.0105830166
5.1800000000 0.0103110924
5.1900000000 0.0100437889
5.2000000000 0.0097832840
5.2100000000 0.0095318752
5.2200000000 0.0092920704
5.2300000000 0.0090666261
5.2400000000 0.0088584517
5.2500000000 0.0086705281
5.2600000000 0.0085055641
5.2700000000 0.0083655736
5.2800000000 0.0082513539
5.2900000000 0.0081621142
5.3000000000 0.0080954203
5.3100000000 0.0080474500
5.3200000000 0.0080138274
5.3300000000 0.0079903752
5.3400000000 0.0079739008
5.3500000000 0.0079624761
5.3600000000 0.0079552162
5.3700000000 0.0079517337
5.3800000000 0.0079511879
5.3900000000 0.0079515235
5.4000000000 0.0079489726
5.4100000000 0.0079383019
5.4200000000 0.0079138137
5.4300000000 0.0078702638
5.4400000000 0.0078038312
5.4500000000 0.0077125208
5.4600000000 0.0075962006
5.4700000000 0.0074564758
5.4800000000 0.0072964276
5.4900000000 0.0071202298
5.5000000000 0.0069326897
5.5100000000 0.0067387731
5.5200000000 0.0065431953
5.5300000000 0.0063499895
5.5400000000 0.0061624149
5.5500000000 0.0059829220
5.5600000000 0.0058133103
5.5700000000 0.0056550275
5.5800000000 0.0055094343
5.5900000000 0.0053779733
5.6000000000 0.0052619663
5.6100000000 0.0051623024
5.6200000000 0.0050787979
5.6300000000 0.0050096831
5.6400000000 0.0049515500
5.6500000000 0.0048995960
5.6600000000 0.0048484460
5.6700000000 0.0047929848
5.6800000000 0.0047291537
5.6900000000 0.0046543990
5.7000000000 0.0045678003
5.7100000000 0.0044700562
5.7200000000 0.0043632608
5.7300000000 0.0042504661
5.7400000000 0.0041352194
5.7500000000 0.0040212052
5.7600000000 0.0039119254
5.7700000000 0.0038106934
5.7800000000 0.0037204902
5.7900000000 0.0036439324
5.8000000000 0.0035828697
5.8100000000 0.0035379759
5.8200000000 0.0035083580
5.8300000000 0.0034913948
5.8400000000 0.0034829549
5.8500000000 0.0034780027
5.8600000000 0.0034714089
5.8700000000 0.0034588849
5.8800000000 0.0034375599
5.8900000000 0.0034063016
5.9000000000 0.0033654576
5.9100000000 0.0033162763
5.9200000000 0.0032601536
5.9300000000 0.0031982398
5.9400000000 0.0031314008
5.9500000000 0.0030606006
5.9600000000 0.0029872577
5.9700000000 0.0029135442
5.9800000000 0.0028421444
5.9900000000 0.0027757687
6.0000000000 0.0027164056
6.0100000000 0.0026645857
6.0200000000 0.0026189443
6.0300000000 0.0025762235
6.0400000000 0.0025319611
6.0500000000 0.0024814428
6.0600000000 0.0024209507
6.0700000000 0.0023484024
6.0800000000 0.0022635427
6.0900000000 0.0021675136
6.1000000000 0.0020623692
6.1100000000 0.0019505860
6.1200000000 0.0018348986
6.1300000000 0.0017181302
6.1400000000 0.0016032032
6.1500000000 0.0014929912
6.1600000000 0.0013902565
6.1700000000 0.0012975503
6.1800000000 0.0012171585
6.1900000000 0.0011510871
6.2000000000 0.0011010319
6.2100000000 0.0010683410
6.2200000000 0.0010538863
6.2300000000 0.0010578897
6.2400000000 0.0010797058
6.2500000000 0.0011176266
6.2600000000 0.0011687997
6.2700000000 0.0012293687
6.2800000000 0.0012949764
6.2900000000 0.0013614415
6.3000000000 0.0014254712
6.3100000000 0.0014850958
6.3200000000 0.0015397020
6.3300000000 0.0015897119
6.3400000000 0.0016360410
6.3500000000 0.0016797170
6.3600000000 0.0017215569
6.3700000000 0.0017619927
6.3800000000 0.0018008252
6.3900000000 0.0018370894
6.4000000000 0.0018689316
6.4100000000 0.0018938887
6.4200000000 0.0019092290
6.4300000000 0.0019124503
6.4400000000 0.0019016716
6.4500000000 0.0018760065
6.4600000000 0.0018358873
6.4700000000 0.0017833529
6.4800000000 0.0017219753
6.4900000000 0.0016563899
6.5000000000 0.0015915440
6.5100000000 0.0015317774
6.5200000000 0.0014802104
6.5300000000 0.0014384641
6.5400000000 0.0014068516
6.5500000000 0.0013850058
6.5600000000 0.0013725215
6.5700000000 0.0013695592
6.5800000000 0.0013770773
6.5900000000 0.0013967547
6.6000000000 0.0014306218
6.6100000000 0.0014806003
6.6200000000 0.0015481854
6.6300000000 0.0016341353
6.6400000000 0.0017382334
6.6500000000 0.0018592160
6.6600000000 0.0019947160
6.6700000000 0.0021414171
6.6800000000 0.0022952657
6.6900000000 0.0024517773
6.7000000000 0.0026063456
6.7100000000 0.0027545088
6.7200000000 0.0028923145
6.7300000000 0.0030167076
6.7400000000 0.0031259191
6.7500000000 0.0032197979
6.7600000000 0.0032998719
6.7700000000 0.0033691361
6.7800000000 0.0034314940
6.7900000000 0.0034911168
6.8000000000 0.0035518335
6.8100000000 0.0036167347
6.8200000000 0.0036880740
6.8300000000 0.0037669232
6.8400000000 0.0038530407
6.8500000000 0.0039450378
6.8600000000 0.0040409033
6.8700000000 0.0041391501
6.8800000000 0.0042399090
6.8900000000 0.0043454181
6.9000000000 0.0044595131
6.9100000000 0.0045864219
6.9200000000 0.0047294657
6.9300000000 0.0048904043
6.9400000000 0.0050696419
6.9500000000 0.0052669891
6.9600000000 0.0054829913
6.9700000000 0.0057197682
6.9800000000 0.0059818069
6.9900000000 0.0062756396
7.0000000000 0.0066092635
7.0100000000 0.0069907497
7.0200000000 0.0074267151
7.0300000000 0.0079211646
7.0400000000 0.0084745174
7.0500000000 0.0090832648
7.0600000000 0.0097399597
7.0700000000 0.0104338135
7.0800000000 0.0111516746
7.0900000000 0.0118799321
7.1000000000 0.0126064393
7.1100000000 0.0133226032
7.1200000000 0.0140237957
7.1300000000 0.0147086600
7.1400000000 0.0153771182
7.1500000000 0.0160280314
7.1600000000 0.0166575394
7.1700000000 0.0172586368
7.1800000000 0.0178215213
7.1900000000 0.0183347625
7.2000000000 0.0187870535
7.2100000000 0.0191693195
7.2200000000 0.0194764187
7.2300000000 0.0197083755
7.2400000000 0.0198708334
7.2500000000 0.0199755520
7.2600000000 0.0200407857
7.2700000000 0.0200910530
7.2800000000 0.0201552116
7.2900000000 0.0202625368
7.3000000000 0.0204381292
7.3100000000 0.0206996135
7.3200000000 0.0210567919
7.3300000000 0.0215140623
7.3400000000 0.0220733162
7.3500000000 0.0227353627
7.3600000000 0.0234977451
7.3700000000 0.0243501960
7.3800000000 0.0252694389
7.3900000000 0.0262151580
7.4000000000 0.0271293929
7.4100000000 0.0279399200
7.4200000000 0.0285681789
7.4300000000 0.0289417684
7.4400000000 0.0290097353
7.4500000000 0.0287570852
7.4600000000 0.0282127679
7.4700000000 0.0274472239
7.4800000000 0.0265587909
7.4900000000 0.0256540358
7.5000000000 0.0248282734
7.5100000000 0.0241519277
7.5200000000 0.0236647947
7.5300000000 0.0233777291
7.5400000000 0.0232788183
7.5500000000 0.0233412461
7.5600000000 0.0235303381
7.5700000000 0.0238084069
7.5800000000 0.0241367980
7.5900000000 0.0244763396
7.6000000000 0.0247880281
7.6100000000 0.0250351314
7.6200000000 0.0251871888
7.6300000000 0.0252252521
7.6400000000 0.0251465081
7.6500000000 0.0249651398
7.6600000000 0.0247095029
7.6700000000 0.0244162758
7.6800000000 0.0241253457
7.6900000000 0.0238768631
7.7000000000 0.0237107790
7.7100000000 0.0236668327
7.7200000000 0.0237824651
7.7300000000 0.0240879070
7.7400000000 0.0246005025
7.7500000000 0.0253192220
7.7600000000 0.0262214528
7.7700000000 0.0272627346
7.7800000000 0.0283792992
7.7900000000 0.0294934230
7.8000000000 0.0305220214
7.8100000000 0.0313876736
7.8200000000 0.0320309024
7.8300000000 0.0324214799
7.8400000000 0.0325655299
7.8500000000 0.0325061000
7.8600000000 0.0323158792
7.8700000000 0.0320841855
7.8800000000 0.0319007772
7.8900000000 0.0318414107
7.9000000000 0.0319580051
7.9100000000 0.0322760429
7.9200000000 0.0327972831
7.9300000000 0.0335056162
7.9400000000 0.0343731186
7.9500000000 0.0353637899
7.9600000000 0.0364358148
7.9700000000 0.0375434184
7.9800000000 0.0386394548
7.9900000000 0.0396797125
8.0000000000 0.0406260273
8.0100000000 0.0414477179
8.0200000000 0.0421210535
8.0300000000 0.0426276187
8.0400000000 0.0429525089
8.0500000000 0.0430825815
8.0600000000 0.0430073228
8.0700000000 0.0427231022
8.0800000000 0.0422407707
8.0900000000 0.0415939825
8.1000000000 0.0408427570
8.1100000000 0.0400695934
8.1200000000 0.0393685270
8.1300000000 0.0388300161
8.1400000000 0.0385263009
8.1500000000 0.0385005914
8.1600000000 0.0387623329
8.1700000000 0.0392887378
8.1800000000 0.0400308568
8.1900000000 0.0409215005
8.2000000000 0.0418822121
8.2100000000 0.0428282902
8.2200000000 0.0436721904
8.2300000000 0.0443273130
8.2400000000 0.0447151185
8.2500000000 0.0447757492
8.2600000000 0.0444823633
8.2700000000 0.0438520140
8.2800000000 0.0429491332
8.2900000000 0.0418776230
8.3000000000 0.0407634069
8.3100000000 0.0397350194
8.3200000000 0.0389054810
8.3300000000 0.0383592724
8.3400000000 0.0381442313
8.3500000000 0.0382668333
8.3600000000 0.0386913236
8.3700000000 0.0393426725
8.3800000000 0.0401144238
8.3900000000 0.0408813722
8.4000000000 0.0415172282
8.4100000000 0.0419150582
8.4200000000 0.0420067995
8.4300000000 0.0417774090
8.4400000000 0.0412689917
8.4500000000 0.0405717980
8.4600000000 0.0398048673
8.4700000000 0.0390914157
8.4800000000 0.0385368841
8.4900000000 0.0382159167
8.5000000000 0.0381699050
8.5100000000 0.0384133269
8.5200000000 0.0389441374
8.5300000000 0.0397540745
8.5400000000 0.0408335856
8.5500000000 0.0421736351
8.5600000000 0.0437639032
8.5700000000 0.0455928133
8.5800000000 0.0476482552
8.5900000000 0.0499181607
8.6000000000 0.0523883812
8.6100000000 0.0550369281
8.6200000000 0.0578269504
8.6300000000 0.0607017996
8.6400000000 0.0635838856
8.6500000000 0.0663783528
8.6600000000 0.0689805189
8.6700000000 0.0712862823
8.6800000000 0.0732022070
8.6900000000 0.0746569362
8.7000000000 0.0756100005
8.7100000000 0.0760586659
8.7200000000 0.0760380765
8.7300000000 0.0756135306
8.7400000000 0.0748655323
8.7500000000 0.0738720450
8.7600000000 0.0726951745
8.7700000000 0.0713754001
8.7800000000 0.0699366024
8.7900000000 0.0683977651
8.8000000000 0.0667845318
8.8100000000 0.0651353831
8.8200000000 0.0635013480
8.8300000000 0.0619387038
8.8400000000 0.0604987156
8.8500000000 0.0592169381
8.8600000000 0.0581058577
8.8700000000 0.0571556805
8.8800000000 0.0563445194
8.8900000000 0.0556556233
8.9000000000 0.0550941324
8.9100000000 0.0546966974
8.9200000000 0.0545298476
8.9300000000 0.0546784696
8.9400000000 0.0552291575
8.9500000000 0.0562548272
8.9600000000 0.0578036182
8.9700000000 0.0598939034
8.9800000000 0.0625123944
8.9900000000 0.0656135817
9.0000000000 0.0691166674
9.0100000000 0.0729035375
9.0200000000 0.0768182625
9.0300000000 0.0806744183
9.0400000000 0.0842711501
9.0500000000 0.0874189243
9.0600000000 0.0899675708
9.0700000000 0.0918285412
9.0800000000 0.0929816653
9.0900000000 0.0934663165
9.1000000000 0.0933603969
9.1100000000 0.0927595134
9.1200000000 0.0917613765
9.1300000000 0.0904562755
9.1400000000 0.0889239469
9.1500000000 0.0872344023
9.1600000000 0.0854535911
9.1700000000 0.0836528523
9.1800000000 0.0819186899
9.1900000000 0.0803577680
9.2000000000 0.0790944988
9.2100000000 0.0782613423
9.2200000000 0.0779829383
9.2300000000 0.0783604891
9.2400000000 0.0794573369
9.2500000000 0.0812893037
9.2600000000 0.0838201413
9.2700000000 0.0869615275
9.2800000000 0.0905805909
9.2900000000 0.0945124775
9.3000000000 0.0985819277
9.3100000000 0.1026288210
9.3200000000 0.1065359692
9.3300000000 0.1102517997
9.3400000000 0.1137971540
9.3500000000 0.1172556858
9.3600000000 0.1207469498
9.3700000000 0.1243896867
9.3800000000 0.1282673701
9.3900000000 0.1324001519
9.4000000000 0.1367306336
9.4100000000 0.1411226417
9.4200000000 0.1453720349
9.4300000000 0.1492263964
9.4400000000 0.1524154016
9.4500000000 0.1546882749
9.4600000000 0.1558593935
9.4700000000 0.1558501585
9.4800000000 0.1547129180
9.4900000000 0.1526247843
9.5000000000 0.1498503280
9.5100000000 0.1466858678
9.5200000000 0.1434028428
9.5300000000 0.1402062353
9.5400000000 0.1372170962
9.5500000000 0.1344763465
9.5600000000 0.1319653743
9.5700000000 0.1296328685
9.5800000000 0.1274205980
9.5900000000 0.1252823304
9.6000000000 0.1231958507
9.6100000000 0.1211674015
9.6200000000 0.1192274939
9.6300000000 0.1174192629
9.6400000000 0.1157849255
9.6500000000 0.1143580209
9.6600000000 0.1131664224
9.6700000000 0.1122461009
9.6800000000 0.1116594116
9.6900000000 0.1115049806
9.7000000000 0.1119133740
9.7100000000 0.1130270480
9.7200000000 0.1149759125
9.7300000000 0.1178564403
9.7400000000 0.1217235604
9.7500000000 0.1265895909
9.7600000000 0.1324252745
9.7700000000 0.1391547153
9.7800000000 0.1466445669
9.7900000000 0.1546945282
9.8000000000 0.1630373620
9.8100000000 0.1713530762
9.8200000000 0.1792952525
9.8300000000 0.1865277869
9.8400000000 0.1927632622
9.8500000000 0.1978011028
9.8600000000 0.2015594076
9.8700000000 0.2040928830
9.8800000000 0.2055858188
9.8900000000 0.2063198404
9.9000000000 0.2066184459
9.9100000000 0.2067867410
9.9200000000 0.2070616358
9.9300000000 0.2075856970
9.9400000000 0.2084035929
9.9500000000 0.2094818348
9.9600000000 0.2107390253
9.9700000000 0.2120813305
9.9800000000 0.2134318637
9.9900000000 0.2147444392
10.0000000000 0.2159998508
10.0100000000 0.2171905321
10.0200000000 0.2183020175
10.0300000000 0.2193001739
10.0400000000 0.2201298221
10.0500000000 0.2207239530
10.0600000000 0.2210231667
10.0700000000 0.2209942938
10.0800000000 0.2206422693
10.0900000000 0.2200081017
10.1000000000 0.2191559319
10.1100000000 0.2181583114
10.1200000000 0.2170843502
10.1300000000 0.2159912472
10.1400000000 0.2149186749
10.1500000000 0.2138843170
10.1600000000 0.2128845117
10.1700000000 0.2119004999
10.1800000000 0.2109087480
10.1900000000 0.2098958613
10.2000000000 0.2088708902
10.2100000000 0.2078740526
10.2200000000 0.2069720809
10.2300000000 0.2062418792
10.2400000000 0.2057435582
10.2500000000 0.2054895718
10.2600000000 0.2054205997
10.2700000000 0.2053985177
10.2800000000 0.2052260377
10.2900000000 0.2046933461
10.3000000000 0.2036328954
10.3100000000 0.2019649769
10.3200000000 0.1997148940
10.3300000000 0.1970007855
10.3400000000 0.1939973540
10.3500000000 0.1908866956
10.3600000000 0.1878056477
10.3700000000 0.1848051540
10.3800000000 0.1818326726
10.3900000000 0.1787512124
10.4000000000 0.1753903712
10.4100000000 0.1716166842
10.4200000000 0.1673953130
10.4300000000 0.1628212944
10.4400000000 0.1581107174
10.4500000000 0.1535594960
10.4600000000 0.1494842479
10.4700000000 0.1461653864
10.4800000000 0.1437997703
10.4900000000 0.1424710701
10.5000000000 0.1421365900
10.5100000000 0.1426296262
10.5200000000 0.1436796354
10.5300000000 0.1449480551
10.5400000000 0.1460800361
10.5500000000 0.1467642331
10.5600000000 0.1467892801
10.5700000000 0.1460785911
10.5800000000 0.1446944525
10.5900000000 0.1428107668
10.6000000000 0.1406689971
10.6100000000 0.1385300946
10.6200000000 0.1366345223
10.6300000000 0.1351724783
10.6400000000 0.1342668470
10.6500000000 0.1339655747
10.6600000000 0.1342478806
10.6700000000 0.1350386651
10.6800000000 0.1362289936
10.6900000000 0.1376912629
10.7000000000 0.1392876145
10.7100000000 0.1408774026
10.7200000000 0.1423320422
10.7300000000 0.1435650170
10.7400000000 0.1445668996
10.7500000000 0.1454244462
10.7600000000 0.1463116399
10.7700000000 0.1474473532
10.7800000000 0.1490384695
10.7900000000 0.1512271984
10.8000000000 0.1540580734
10.8100000000 0.1574715362
10.8200000000 0.1613199462
10.8300000000 0.1653987558
10.8400000000 0.1694830803
10.8500000000 0.1733610792
10.8600000000 0.1768610637
10.8700000000 0.1798674376
10.8800000000 0.1823218855
10.8900000000 0.1842093126
10.9000000000 0.1855321574
10.9100000000 0.1862832303
10.9200000000 0.1864330612
10.9300000000 0.1859380836
10.9400000000 0.1847643312
10.9500000000 0.1829175839
10.9600000000 0.1804613527
10.9700000000 0.1775157991
10.9800000000 0.1742328598
10.9900000000 0.1707580983
11.0000000000 0.1671943581
11.0100000000 0.1635888179
11.0200000000 0.1599481089
11.0300000000 0.1562769591
11.0400000000 0.1526195927
11.0500000000 0.1490861989
11.0600000000 0.1458525147
11.0700000000 0.1431378082
11.0800000000 0.1411694415
11.0900000000 0.1401491245
11.1000000000 0.1402277887
11.1100000000 0.1414923471
11.1200000000 0.1439594195
11.1300000000 0.1475718547
11.1400000000 0.1521951639
11.1500000000 0.1576180316
11.1600000000 0.1635607303
11.1700000000 0.1696962709
11.1800000000 0.1756778249
11.1900000000 0.1811604586
11.2000000000 0.1858161221
11.2100000000 0.1893430400
11.2200000000 0.1914885605
11.2300000000 0.1920830087
11.2400000000 0.1910795076
11.2500000000 0.1885746733
11.2600000000 0.1848003439
11.2700000000 0.1800859254
11.2800000000 0.1748084098
11.2900000000 0.1693497752
11.3000000000 0.1640664532
11.3100000000 0.1592718427
11.3200000000 0.1552236112
11.3300000000 0.1521117298
11.3400000000 0.1500483486
11.3500000000 0.1490629826
11.3600000000 0.1491047298
11.3700000000 0.1500511509
11.3800000000 0.1517207972
11.3900000000 0.1538905279
11.4000000000 0.1563207298
11.4100000000 0.1587883610
11.4200000000 0.1611218682
11.4300000000 0.1632233704
11.4400000000 0.1650713205
11.4500000000 0.1667019083
11.4600000000 0.1681822872
11.4700000000 0.1695832909
11.4800000000 0.1709612633
11.4900000000 0.1723468151
11.5000000000 0.1737403524
11.5100000000 0.1751123107
11.5200000000 0.1764102185
11.5300000000 0.1775719501
11.5400000000 0.1785429292
11.5500000000 0.1792894646
11.5600000000 0.1798019455
11.5700000000 0.1800866394
11.5800000000 0.1801531529
11.5900000000 0.1800034206
11.6000000000 0.1796245500
11.6100000000 0.1789863135
11.6200000000 0.1780391365
11.6300000000 0.1767184829
11.6400000000 0.1749553805
11.6500000000 0.1726931932
11.6600000000 0.1699040031
11.6700000000 0.1665947332
11.6800000000 0.1628063468
11.6900000000 0.1586042516
11.7000000000 0.1540702932
11.7100000000 0.1492975787
11.7200000000 0.1443895423
11.7300000000 0.1394610466
11.7400000000 0.1346396310
11.7500000000 0.1300632671
11.7600000000 0.1258749853
11.7700000000 0.1222112530
11.7800000000 0.1191885164
11.7900000000 0.1168879336
11.8000000000 0.1153452788
11.8100000000 0.1145478162
11.8200000000 0.1144380947
11.8300000000 0.1149220292
11.8400000000 0.1158774606
11.8500000000 0.1171639691
11.8600000000 0.1186358863
11.8700000000 0.1201620079
11.8800000000 0.1216498758
11.8900000000 0.1230670954
11.9000000000 0.1244491732
11.9100000000 0.1258905049
11.9200000000 0.1275203027
11.9300000000 0.1294739875
11.9400000000 0.1318670075
11.9500000000 0.1347761864
11.9600000000 0.1382244715
11.9700000000 0.1421712485
11.9800000000 0.1465071652
11.9900000000 0.1510638309
12.0000000000 0.1556371700
12.0100000000 0.1600238529
12.0200000000 0.1640600230
12.0300000000 0.1676477090
12.0400000000 0.1707600577
12.0500000000 0.1734238497
12.0600000000 0.1756905696
12.0700000000 0.1776143116
12.0800000000 0.1792470398
12.0900000000 0.1806484083
12.1000000000 0.1819022402
12.1100000000 0.1831219745
12.1200000000 0.1844422219
12.1300000000 0.1859930575
12.1400000000 0.1878682454
12.1500000000 0.1900969130
12.1600000000 0.1926265980
12.1700000000 0.1953239719
12.1800000000 0.1979941176
12.1900000000 0.2004110683
12.2000000000 0.2023547101
12.2100000000 0.2036407424
12.2200000000 0.2041377937
12.2300000000 0.2037636321
12.2400000000 0.2024707129
12.2500000000 0.2002312363
12.2600000000 0.1970357616
12.2700000000 0.1929079703
12.2800000000 0.1879269518
12.2900000000 0.1822398873
12.3000000000 0.1760564794
12.3100000000 0.1696225556
12.3200000000 0.1631846151
12.3300000000 0.1569571551
12.3400000000 0.1511003200
12.3500000000 0.1457138926
12.3600000000 0.1408427814
12.3700000000 0.1364899090
12.3800000000 0.1326335926
12.3900000000 0.1292434637
12.4000000000 0.1262966150
12.4100000000 0.1237905942
12.4200000000 0.1217476587
12.4300000000 0.1202109702
12.4400000000 0.1192293498
12.4500000000 0.1188390241
12.4600000000 0.1190458089
12.4700000000 0.1198158930
12.4800000000 0.1210705586
12.4900000000 0.1226863709
12.5000000000 0.1244973482
12.5100000000 0.1263068850
12.5200000000 0.1279097418
12.5300000000 0.1291294069
12.5400000000 0.1298577734
12.5500000000 0.1300860539
12.5600000000 0.1299128288
12.5700000000 0.1295238248
12.5800000000 0.1291497652
12.5900000000 0.1290148483
12.6000000000 0.1292913449
12.6100000000 0.1300684734
12.6200000000 0.1313460573
12.6300000000 0.1330463550
12.6400000000 0.1350415284
12.6500000000 0.1371824660
12.6600000000 0.1393215754
12.6700000000 0.1413312076
12.6800000000 0.1431177108
12.6900000000 0.1446367827
12.7000000000 0.1459000041
12.7100000000 0.1469646012
12.7200000000 0.1479049499
12.7300000000 0.1487741691
12.7400000000 0.1495734761
12.7500000000 0.1502442958
12.7600000000 0.1506881293
12.7700000000 0.1508082171
12.7800000000 0.1505518706
12.7900000000 0.1499361435
12.8000000000 0.1490431910
12.8100000000 0.1479879640
12.8200000000 0.1468743700
12.8300000000 0.1457594249
12.8400000000 0.1446362723
12.8500000000 0.1434416786
12.8600000000 0.1420833302
12.8700000000 0.1404732569
12.8800000000 0.1385577613
12.8900000000 0.1363348985
12.9000000000 0.1338539133
12.9100000000 0.1312046605
12.9200000000 0.1284980316
12.9300000000 0.1258481730
12.9400000000 0.1233584450
12.9500000000 0.1211138311
12.9600000000 0.1191762033
12.9700000000 0.1175795756
12.9800000000 0.1163237462
12.9900000000 0.1153697863
13.0000000000 0.1146425149
13.0100000000 0.1140419319
13.0200000000 0.1134647120
13.0300000000 0.1128308097
13.0400000000 0.1121069031
13.0500000000 0.1113197878
13.0600000000 0.1105550470
13.0700000000 0.1099400944
13.0800000000 0.1096168458
13.0900000000 0.1097113879
13.1000000000 0.1103091965
13.1100000000 0.1114391454
13.1200000000 0.1130695058
13.1300000000 0.1151101645
13.1400000000 0.1174186334
13.1500000000 0.1198083434
13.1600000000 0.1220634801
13.1700000000 0.1239643071
13.1800000000 0.1253213015
13.1900000000 0.1260105999
13.2000000000 0.1259957628
13.2100000000 0.1253299896
13.2200000000 0.1241392757
13.2300000000 0.1225947389
13.2400000000 0.1208852944
13.2500000000 0.1191949288
13.2600000000 0.1176862662
13.2700000000 0.1164926224
13.2800000000 0.1157135435
13.2900000000 0.1154173617
13.3000000000 0.1156452299
13.3100000000 0.1164131690
13.3200000000 0.1177086050
13.3300000000 0.1194842126
13.3400000000 0.1216523727
13.3500000000 0.1240902716
13.3600000000 0.1266579229
13.3700000000 0.1292226706
13.3800000000 0.1316807280
13.3900000000 0.1339642646
13.4000000000 0.1360349177
13.4100000000 0.1378712236
13.4200000000 0.1394564035
13.4300000000 0.1407732803
13.4400000000 0.1418065095
13.4500000000 0.1425488108
13.4600000000 0.1430058059
13.4700000000 0.1431967628
13.4800000000 0.1431508825
13.4900000000 0.1429016908
13.5000000000 0.1424803052
13.5100000000 0.1419132830
13.5200000000 0.1412218508
13.5300000000 0.1404228298
13.5400000000 0.1395283483
13.5500000000 0.1385415056
13.5600000000 0.1374524329
13.5700000000 0.1362352415
13.5800000000 0.1348531507
13.5900000000 0.1332674583
13.6000000000 0.1314505405
13.6100000000 0.1293968018
13.6200000000 0.1271283577
13.6300000000 0.1246941828
13.6400000000 0.1221623452
13.6500000000 0.1196061521
13.6600000000 0.1170877051
13.6700000000 0.1146434320
13.6800000000 0.1122774768
13.6900000000 0.1099626880
13.7000000000 0.1076520378
13.7100000000 0.1052952274
13.7200000000 0.1028545788
13.7300000000 0.1003169371
13.7400000000 0.0976967518
13.7500000000 0.0950319500
13.7600000000 0.0923738771
13.7700000000 0.0897744873
13.7800000000 0.0872765110
13.7900000000 0.0849068466
13.8000000000 0.0826758957
13.8100000000 0.0805804577
13.8200000000 0.0786093276
13.8300000000 0.0767476461
13.8400000000 0.0749817105
13.8500000000 0.0733020455
13.8600000000 0.0717072332
13.8700000000 0.0702050866
13.8800000000 0.0688138952
13.8900000000 0.0675587298
13.9000000000 0.0664673555
13.9100000000 0.0655634438
13.9200000000 0.0648640230
13.9300000000 0.0643800468
13.9400000000 0.0641227117
13.9500000000 0.0641118260
13.9600000000 0.0643830200
13.9700000000 0.0649895296
13.9800000000 0.0659975617
13.9900000000 0.0674751029
14.0000000000 0.0694785103
14.0100000000 0.0720383852
14.0200000000 0.0751499541
14.0300000000 0.0787692566
14.0400000000 0.0828157008
14.0500000000 0.0871809286
14.0600000000 0.0917428457
14.0700000000 0.0963802665
14.0800000000 0.1009851375
14.0900000000 0.1054691209
14.1000000000 0.1097639314
14.1100000000 0.1138147858
14.1200000000 0.1175680445
14.1300000000 0.1209599061
14.1400000000 0.1239126640
14.1500000000 0.1263440967
14.1600000000 0.1281867575
14.1700000000 0.1294057744
14.1800000000 0.1300049347
14.1900000000 0.1300184627
14.2000000000 0.1294951997
14.2100000000 0.1284842844
14.2200000000 0.1270298420
14.2300000000 0.1251731846
14.2400000000 0.1229587024
14.2500000000 0.1204382319
14.2600000000 0.1176696528
14.2700000000 0.1147141500
14.2800000000 0.1116293514
14.2900000000 0.1084657903
14.3000000000 0.1052651985
14.3100000000 0.1020602136
14.3200000000 0.0988764787
14.3300000000 0.0957336992
14.3400000000 0.0926454105
14.3500000000 0.0896204200
14.3600000000 0.0866641348
14.3700000000 0.0837817439
14.3800000000 0.0809824716
14.3900000000 0.0782822596
14.4000000000 0.0757055084
14.4100000000 0.0732841984
14.4200000000 0.0710562639
14.4300000000 0.0690640159
14.4400000000 0.0673505381
14.4500000000 0.0659567491
14.4600000000 0.0649146991
14.4700000000 0.0642412559
14.4800000000 0.0639308338
14.4900000000 0.0639502914
14.5000000000 0.0642389161
14.5100000000 0.0647156596
14.5200000000 0.0652909444
14.5300000000 0.0658823237
14.5400000000 0.0664254388
14.5500000000 0.0668797545
14.5600000000 0.0672297695
14.5700000000 0.0674801200
14.5800000000 0.0676526882
14.5900000000 0.0677810225
14.6000000000 0.0679057135
14.6100000000 0.0680653620
14.6200000000 0.0682890633
14.6300000000 0.0685881317
14.6400000000 0.0689532453
14.6500000000 0.0693578035
14.6600000000 0.0697632929
14.6700000000 0.0701269519
14.6800000000 0.0704083124
14.6900000000 0.0705749486
14.7000000000 0.0706071294
14.7100000000 0.0705006060
14.7200000000 0.0702677334
14.7300000000 0.0699318775
14.7400000000 0.0695200666
14.7500000000 0.0690513882
14.7600000000 0.0685278223
14.7700000000 0.0679320111
14.7800000000 0.0672312573
14.7900000000 0.0663884903
14.8000000000 0.0653741016
14.8100000000 0.0641758766
14.8200000000 0.0628036808
14.8300000000 0.0612881636
14.8400000000 0.0596758046
14.8500000000 0.0580210660
14.8600000000 0.0563789559
14.8700000000 0.0547988727
14.8800000000 0.0533225595
14.8900000000 0.0519838812
14.9000000000 0.0508118043
14.9100000000 0.0498342811
14.9200000000 0.0490811249
14.9300000000 0.0485855615
14.9400000000 0.0483829508
14.9500000000 0.0485076490
14.9600000000 0.0489897163
14.9700000000 0.0498514931
14.9800000000 0.0511065462
14.9900000000 0.0527597636
15.0000000000 0.0548064875
15.0100000000 0.0572301158
15.0200000000 0.0599962324
15.0300000000 0.0630451608
15.0400000000 0.0662840280
15.0500000000 0.0695858621
15.0600000000 0.0727980801
15.0700000000 0.0757611993
15.0800000000 0.0783333513
15.0900000000 0.0804120221
15.1000000000 0.0819442919
15.1100000000 0.0829256577
15.1200000000 0.0833877775
15.1300000000 0.0833845111
15.1400000000 0.0829777313
15.1500000000 0.0822303450
15.1600000000 0.0812021112
15.1700000000 0.0799480828
15.1800000000 0.0785177497
15.1900000000 0.0769557082
15.2000000000 0.0753020052
15.2100000000 0.0735947589
15.2200000000 0.0718721767
15.2300000000 0.0701743145
15.2400000000 0.0685411009
15.2500000000 0.0670094131
15.2600000000 0.0656092945
15.2700000000 0.0643597109
15.2800000000 0.0632662141
15.2900000000 0.0623204486
15.3000000000 0.0615032492
15.3100000000 0.0607885557
15.3200000000 0.0601499931
15.3300000000 0.0595651391
15.3400000000 0.0590185254
15.3500000000 0.0585020284
15.3600000000 0.0580147099
15.3700000000 0.0575628383
15.3800000000 0.0571581552
15.3900000000 0.0568156922
15.4000000000 0.0565486900
15.4100000000 0.0563640179
15.4200000000 0.0562594700
15.4300000000 0.0562256435
15.4400000000 0.0562498216
15.4500000000 0.0563198268
15.4600000000 0.0564258808
15.4700000000 0.0565588769
15.4800000000 0.0567076032
15.4900000000 0.0568567804
15.5000000000 0.0569877788
15.5100000000 0.0570808299
15.5200000000 0.0571189066
15.5300000000 0.0570895614
15.5400000000 0.0569842819
15.5500000000 0.0567971594
15.5600000000 0.0565218761
15.5700000000 0.0561511590
15.5800000000 0.0556774957
15.5900000000 0.0550952245
15.6000000000 0.0544042179
15.6100000000 0.0536113034
15.6200000000 0.0527308588
15.6300000000 0.0517827755
15.6400000000 0.0507904050
15.6500000000 0.0497782742
15.6600000000 0.0487721062
15.6700000000 0.0477984248
15.6800000000 0.0468853401
15.6900000000 0.0460615722
15.7000000000 0.0453531234
15.7100000000 0.0447793573
15.7200000000 0.0443497727
15.7300000000 0.0440638568
15.7400000000 0.0439149827
15.7500000000 0.0438964089
15.7600000000 0.0440084324
15.7700000000 0.0442626200
15.7800000000 0.0446834168
15.7900000000 0.0453039422
15.8000000000 0.0461591913
15.8100000000 0.0472760237
15.8200000000 0.0486618387
15.8300000000 0.0502961962
15.8400000000 0.0521270652
15.8500000000 0.0540722765
15.8600000000 0.0560276151
15.8700000000 0.0578793059
15.8800000000 0.0595165835
15.8900000000 0.0608465837
15.9000000000 0.0618049099
15.9100000000 0.0623657026
15.9200000000 0.0625450534
15.9300000000 0.0623962480
15.9400000000 0.0620001658
15.9500000000 0.0614501763
15.9600000000 0.0608391361
15.9700000000 0.0602498507
15.9800000000 0.0597495768
15.9900000000 0.0593890450
16.0000000000 0.0592029950
16.0100000000 0.0592090340
16.0200000000 0.0594057939
16.0300000000 0.0597721456
16.0400000000 0.0602667705
16.0500000000 0.0608337009
16.0600000000 0.0614110170
16.0700000000 0.0619419558
16.0800000000 0.0623868513
16.0900000000 0.0627292606
16.1000000000 0.0629777735
16.1100000000 0.0631623002
16.1200000000 0.0633264677
16.1300000000 0.0635191998
16.1400000000 0.0637863789
16.1500000000 0.0641630059
16.1600000000 0.0646677868
16.1700000000 0.0653017622
16.1800000000 0.0660506841
16.1900000000 0.0668913006
16.2000000000 0.0677988468
16.2100000000 0.0687509068
16.2200000000 0.0697269764
16.2300000000 0.0707047607
16.2400000000 0.0716562828
16.2500000000 0.0725477861
16.2600000000 0.0733445577
16.2700000000 0.0740175687
16.2800000000 0.0745492159
16.2900000000 0.0749338205
16.3000000000 0.0751751155
16.3100000000 0.0752825556
16.3200000000 0.0752676027
16.3300000000 0.0751423566
16.3400000000 0.0749202512
16.3500000000 0.0746189195
16.3600000000 0.0742605791
16.3700000000 0.0738723198
16.3800000000 0.0734853310
16.3900000000 0.0731322709
16.4000000000 0.0728462255
16.4100000000 0.0726569361
16.4200000000 0.0725862463
16.4300000000 0.0726420647
16.4400000000 0.0728144788
16.4500000000 0.0730735438
16.4600000000 0.0733740573
16.4700000000 0.0736634276
16.4800000000 0.0738916569
16.4900000000 0.0740212347
16.5000000000 0.0740331811
16.5100000000 0.0739290533
16.5200000000 0.0737296791
16.5300000000 0.0734695195
16.5400000000 0.0731904952
16.5500000000 0.0729344412
16.5600000000 0.0727376724
16.5700000000 0.0726262845
16.5800000000 0.0726137385
16.5900000000 0.0727008465
16.6000000000 0.0728763715
16.6100000000 0.0731207608
16.6200000000 0.0734080621
16.6300000000 0.0737101449
16.6400000000 0.0739977020
16.6500000000 0.0742420309
16.6600000000 0.0744165675
16.6700000000 0.0745002336
16.6800000000 0.0744799532
16.6900000000 0.0743534409
16.7000000000 0.0741282965
16.7100000000 0.0738181270
16.7200000000 0.0734383604
16.7300000000 0.0730030542
16.7400000000 0.0725254946
16.7500000000 0.0720197264
16.7600000000 0.0715037706
16.7700000000 0.0710009669
16.7800000000 0.0705408791
16.7900000000 0.0701586644
16.8000000000 0.0698948483
16.8100000000 0.0697921231
16.8200000000 0.0698900437
16.8300000000 0.0702192758
16.8400000000 0.0707946168
16.8500000000 0.0716096735
16.8600000000 0.0726371174
16.8700000000 0.0738295020
16.8800000000 0.0751258661
16.8900000000 0.0764575478
16.9000000000 0.0777554738
16.9100000000 0.0789561502
16.9200000000 0.0800060638
16.9300000000 0.0808647519
16.9400000000 0.0815071843
16.9500000000 0.0819230424
16.9600000000 0.0821159984
16.9700000000 0.0821013247
16.9800000000 0.0819023334
16.9900000000 0.0815489822
17.0000000000 0.0810741089
17.0100000000 0.0805132351
17.0200000000 0.0799015318
17.0300000000 0.0792717370
17.0400000000 0.0786522928
17.0500000000 0.0780664544
17.0600000000 0.0775326258
17.0700000000 0.0770655612
17.0800000000 0.0766775976
17.0900000000 0.0763792944
17.1000000000 0.0761786124
17.1100000000 0.0760776621
17.1200000000 0.0760729399
17.1300000000 0.0761536526
17.1400000000 0.0763031657
17.1500000000 0.0765010878
17.1600000000 0.0767245220
17.1700000000 0.0769486925
17.1800000000 0.0771473073
17.1900000000 0.0772939289
17.2000000000 0.0773646439
17.2100000000 0.0773435726
17.2200000000 0.0772286839
17.2300000000 0.0770325730
17.2400000000 0.0767788076
17.2500000000 0.0764955350
17.2600000000 0.0762052364
17.2700000000 0.0759208039
17.2800000000 0.0756447717
17.2900000000 0.0753732666
17.3000000000 0.0751004924
17.3100000000 0.0748231533
17.3200000000 0.0745427932
17.3300000000 0.0742664297
17.3400000000 0.0740078041
17.3500000000 0.0737877797
17.3600000000 0.0736332581
17.3700000000 0.0735736451
17.3800000000 0.0736342667
17.3900000000 0.0738304157
17.4000000000 0.0741638122
17.4100000000 0.0746227096
17.4200000000 0.0751847824
17.4300000000 0.0758207587
17.4400000000 0.0764973117
17.4500000000 0.0771786431
17.4600000000 0.0778292658
17.4700000000 0.0784169327
17.4800000000 0.0789176886
17.4900000000 0.0793198730
17.5000000000 0.0796270725
17.5100000000 0.0798573954
17.5200000000 0.0800409600
17.5300000000 0.0802125342
17.5400000000 0.0804036100
17.5500000000 0.0806364757
17.5600000000 0.0809183840
17.5700000000 0.0812411012
17.5800000000 0.0815814127
17.5900000000 0.0819054776
17.6000000000 0.0821735825
17.6100000000 0.0823450855
17.6200000000 0.0823852024
17.6300000000 0.0822698007
17.6400000000 0.0819872112
17.6500000000 0.0815407346
17.6600000000 0.0809457670
17.6700000000 0.0802284255
17.6800000000 0.0794204117
17.6900000000 0.0785558457
17.7000000000 0.0776672298
17.7100000000 0.0767838880
17.7200000000 0.0759326455
17.7300000000 0.0751371764
17.7400000000 0.0744197324
17.7500000000 0.0737991520
17.7600000000 0.0732891486
17.7700000000 0.0728952451
17.7800000000 0.0726144002
17.7900000000 0.0724346091
17.8000000000 0.0723384407
17.8100000000 0.0723055321
17.8200000000 0.0723164940
17.8300000000 0.0723553117
17.8400000000 0.0724090928
17.8500000000 0.0724672582
17.8600000000 0.0725200427
17.8700000000 0.0725572824
17.8800000000 0.0725687054
17.8900000000 0.0725469521
17.9000000000 0.0724889478
17.9100000000 0.0723987752
17.9200000000 0.0722897648
17.9300000000 0.0721828260
17.9400000000 0.0721035052
17.9500000000 0.0720759102
17.9600000000 0.0721146564
17.9700000000 0.0722212932
17.9800000000 0.0723832251
17.9900000000 0.0725786811
18.0000000000 0.0727824316
18.0100000000 0.0729723980
18.0200000000 0.0731318378
18.0300000000 0.0732493406
18.0400000000 0.0733157159
18.0500000000 0.0733227986
18.0600000000 0.0732634510
18.0700000000 0.0731331083
18.0800000000 0.0729307557
18.0900000000 0.0726595056
18.1000000000 0.0723244021
18.1100000000 0.0719299134
18.1200000000 0.0714791184
18.1300000000 0.0709729021
18.1400000000 0.0704121457
18.1500000000 0.0697990805
18.1600000000 0.0691395873
18.1700000000 0.0684456884
18.1800000000 0.0677351463
18.1900000000 0.0670326343
18.2000000000 0.0663680021
18.2100000000 0.0657747854
18.2200000000 0.0652864589
18.2300000000 0.0649336455
18.2400000000 0.0647422159
18.2500000000 0.0647313147
18.2600000000 0.0649102630
18.2700000000 0.0652766086
18.2800000000 0.0658100189
18.2900000000 0.0664714267
18.3000000000 0.0672028525
18.3100000000 0.0679335039
18.3200000000 0.0685890857
18.3300000000 0.0691036567
18.3400000000 0.0694284142
18.3500000000 0.0695369620
18.3600000000 0.0694250965
18.3700000000 0.0691074466
18.3800000000 0.0686124549
18.3900000000 0.0679758157
18.4000000000 0.0672374811
18.4100000000 0.0664369719
18.4200000000 0.0656106887
18.4300000000 0.0647899970
18.4400000000 0.0639985011
18.4500000000 0.0632519287
18.4600000000 0.0625591929
18.4700000000 0.0619253516
18.4800000000 0.0613534058
18.4900000000 0.0608474831
18.5000000000 0.0604118509
18.5100000000 0.0600513098
18.5200000000 0.0597687524
18.5300000000 0.0595639267
18.5400000000 0.0594321324
18.5500000000 0.0593643392
18.5600000000 0.0593488799
18.5700000000 0.0593734857
18.5800000000 0.0594289765
18.5900000000 0.0595093006
18.6000000000 0.0596123532
18.6100000000 0.0597363720
18.6200000000 0.0598758762
18.6300000000 0.0600196111
18.6400000000 0.0601490254
18.6500000000 0.0602411663
18.6600000000 0.0602731762
18.6700000000 0.0602274913
18.6800000000 0.0600968158
18.6900000000 0.0598841297
18.7000000000 0.0596020222
18.7100000000 0.0592683390
18.7200000000 0.0589015324
18.7300000000 0.0585177509
18.7400000000 0.0581286694
18.7500000000 0.0577433571
18.7600000000 0.0573700912
18.7700000000 0.0570194443
18.7800000000 0.0567046377
18.7900000000 0.0564395852
18.8000000000 0.0562367228
18.8100000000 0.0561033358
18.8200000000 0.0560406532
18.8300000000 0.0560429182
18.8400000000 0.0561001250
18.8500000000 0.0561987057
18.8600000000 0.0563251986
18.8700000000 0.0564671269
18.8800000000 0.0566143788
18.8900000000 0.0567594356
18.9000000000 0.0568969831
18.9100000000 0.0570235983
18.9200000000 0.0571374063
18.9300000000 0.0572377084
18.9400000000 0.0573238544
18.9500000000 0.0573947366
18.9600000000 0.0574485675
18.9700000000 0.0574844002
18.9800000000 0.0575033426
18.9900000000 0.0575097818
19.0000000000 0.0575088946
19.0100000000 0.0575049747
19.0200000000 0.0574984763
19.0300000000 0.0574849154
19.0400000000 0.0574563520
19.0500000000 0.0574041337
19.0600000000 0.0573215505
19.0700000000 0.0572060439
19.0800000000 0.0570597430
19.0900000000 0.0568867038
19.1000000000 0.0566914564
19.1100000000 0.0564767356
19.1200000000 0.0562426999
19.1300000000 0.0559882918
19.1400000000 0.0557132206
19.1500000000 0.0554192465
19.1600000000 0.0551108622
19.1700000000 0.0547944528
19.1800000000 0.0544748868
19.1900000000 0.0541542506
19.2000000000 0.0538290225
19.2100000000 0.0534908379
19.2200000000 0.0531277726
19.2300000000 0.0527280175
19.2400000000 0.0522844507
19.2500000000 0.0517971996
19.2600000000 0.0512749924
19.2700000000 0.0507335758
19.2800000000 0.0501935138
19.2900000000 0.0496765309
19.3000000000 0.0492029671
19.3100000000 0.0487901935
19.3200000000 0.0484523607
19.3300000000 0.0482004414
19.3400000000 0.0480435483
19.3500000000 0.0479877123
19.3600000000 0.0480369572
19.3700000000 0.0481900694
19.3800000000 0.0484398846
19.3900000000 0.0487718327
19.4000000000 0.0491649828
19.4100000000 0.0495954854
19.4200000000 0.0500404880
19.4300000000 0.0504825461
19.4400000000 0.0509120586
19.4500000000 0.0513258646
19.4600000000 0.0517244346
19.4700000000 0.0521074872
19.4800000000 0.0524689044
19.4900000000 0.0527959015
19.5000000000 0.0530689171
19.5100000000 0.0532659135
19.5200000000 0.0533685376
19.5300000000 0.0533654320
19.5400000000 0.0532557530
19.5500000000 0.0530477090
19.5600000000 0.0527557418
19.5700000000 0.0523975445
19.5800000000 0.0519906516
19.5900000000 0.0515507092
19.6000000000 0.0510906393
19.6100000000 0.0506211933
19.6200000000 0.0501514993
19.6300000000 0.0496900060
19.6400000000 0.0492453795
19.6500000000 0.0488264487
19.6600000000 0.0484420790
19.6700000000 0.0481009413
19.6800000000 0.0478109132
19.6900000000 0.0475783271
19.7000000000 0.0474066647
19.7100000000 0.0472952920
19.7200000000 0.0472378361
19.7300000000 0.0472218621
19.7400000000 0.0472311317
19.7500000000 0.0472476008
19.7600000000 0.0472554134
19.7700000000 0.0472424057
19.7800000000 0.0472018473
19.7900000000 0.0471309659
19.8000000000 0.0470300836
19.8100000000 0.0469010586
19.8200000000 0.0467459166
19.8300000000 0.0465678165
19.8400000000 0.0463699550
19.8500000000 0.0461567399
19.8600000000 0.0459340115
19.8700000000 0.0457072210
19.8800000000 0.0454822598
19.8900000000 0.0452642770
19.9000000000 0.0450581064
19.9100000000 0.0448695402
19.9200000000 0.0447052121
19.9300000000 0.0445727492
19.9400000000 0.0444808193
19.9500000000 0.0444368717
19.9600000000 0.0444465938
19.9700000000 0.0445119954
19.9800000000 0.0446288642
19.9900000000 0.0447868390
20.0000000000 0.0449690825
