124000.0000000000 76.7216453711
62000.0000000000 45.1715012982
41333.3333333333 26.7987723453
31000.0000000000 17.0728173068
24800.0000000000 11.6387810241
20666.6666666667 8.3774444008
17714.2857142857 6.2919681593
15500.0000000000 4.8868472101
13777.7777777778 3.8988999732
12400.0000000000 3.1795426982
11272.7272727273 2.6403297860
10333.3333333333 2.2261763994
9538.4615384615 1.9014220839
8857.1428571429 1.6422009846
8266.6666666667 1.4320746561
7750.0000000000 1.2594329867
7294.1176470588 1.1158934170
6888.8888888889 0.9952846710
6526.3157894737 0.8929839919
6200.0000000000 0.8054744866
5904.7619047619 0.7300429410
5636.3636363636 0.6645695668
5391.3043478261 0.6073791461
5166.6666666667 0.5571338199
4960.0000000000 0.5127548988
4769.2307692308 0.4733649486
4592.5925925926 0.4382444160
4428.5714285714 0.4067987910
4275.8620689655 0.3785334161
4133.3333333333 0.3530340681
4000.0000000000 0.3299517561
3875.0000000000 0.3089907820
3757.5757575758 0.2898992970
3647.0588235294 0.2724617061
3542.8571428571 0.2564925962
3444.4444444444 0.2418318071
3351.3513513514 0.2283404313
3263.1578947368 0.2158974935
3179.4871794872 0.2043972681
3100.0000000000 0.1937470116
3024.3902439024 0.1838651107
2952.3809523810 0.1746795248
2883.7209302326 0.1661264389
2818.1818181818 0.1581491929
2755.5555555556 0.1506973396
2695.6521739130 0.1437258195
2638.2978723404 0.1371943158
2583.3333333333 0.1310666440
2530.6122448980 0.1253102677
2480.0000000000 0.1198958667
2431.3725490196 0.1147969529
2384.6153846154 0.1099895515
2339.6226415094 0.1054519409
2296.2962962963 0.1011643581
2254.5454545455 0.0971088478
2214.2857142857 0.0932690136
2175.4385964912 0.0896298942
2137.9310344828 0.0861778086
2101.6949152542 0.0829002190
2066.6666666667 0.0797856128
2032.7868852459 0.0768234187
2000.0000000000 0.0740039165
1968.2539682540 0.0713181395
1937.5000000000 0.0687578226
1907.6923076923 0.0663153198
1878.7878787879 0.0639835763
1850.7462686567 0.0617560412
1823.5294117647 0.0596266472
1797.1014492754 0.0575897745
1771.4285714286 0.0556401817
1746.4788732394 0.0537730107
1722.2222222222 0.0519837235
1698.6301369863 0.0502681015
1675.6756756757 0.0486222014
1653.3333333333 0.0470423510
1631.5789473684 0.0455251070
1610.3896103896 0.0440672530
1589.7435897436 0.0426657726
1569.6202531646 0.0413178501
1550.0000000000 0.0400208303
1530.8641975309 0.0387722337
1512.1951219512 0.0375697210
1493.9759036145 0.0364111004
1476.1904761905 0.0352943023
1458.8235294118 0.0342173851
1441.8604651163 0.0331785144
1425.2873563218 0.0321759623
1409.0909090909 0.0312081024
1393.2584269663 0.0302733913
1377.7777777778 0.0293703794
1362.6373626374 0.0284976868
1347.8260869565 0.0276540184
1333.3333333333 0.0268381448
1319.1489361702 0.0260488895
1305.2631578947 0.0252851587
1291.6666666667 0.0245459008
1278.3505154639 0.0238301244
1265.3061224490 0.0231368851
1252.5252525253 0.0224652874
1240.0000000000 0.0218144805
1227.7227722772 0.0211836558
1215.6862745098 0.0205720425
1203.8834951456 0.0199789090
1192.3076923077 0.0194035597
1180.9523809524 0.0188453300
1169.8113207547 0.0183035834
1158.8785046729 0.0177777169
1148.1481481481 0.0172671622
1137.6146788991 0.0167713611
1127.2727272727 0.0162897918
1117.1171171171 0.0158219595
1107.1428571429 0.0153673817
1097.3451327434 0.0149255997
1087.7192982456 0.0144961732
1078.2608695652 0.0140786965
1068.9655172414 0.0136727545
1059.8290598291 0.0132779766
1050.8474576271 0.0128939843
1042.0168067227 0.0125204347
1033.3333333333 0.0121569921
1024.7933884298 0.0118033284
1016.3934426230 0.0114591332
1008.1300813008 0.0111241134
1000.0000000000 0.0107979848
992.0000000000 0.0104804719
984.1269841270 0.0101713132
976.3779527559 0.0098702564
968.7500000000 0.0095770542
961.2403100775 0.0092914827
953.8461538462 0.0090133101
946.5648854962 0.0087423234
939.3939393939 0.0084783199
932.3308270677 0.0082210941
925.3731343284 0.0079704596
918.5185185185 0.0077262319
911.7647058824 0.0074882286
905.1094890511 0.0072562781
898.5507246377 0.0070302234
892.0863309353 0.0068098977
885.7142857143 0.0065951532
879.4326241135 0.0063858366
873.2394366197 0.0061818134
867.1328671329 0.0059829399
861.1111111111 0.0057890871
855.1724137931 0.0056001253
849.3150684932 0.0054159315
843.5374149660 0.0052363857
837.8378378378 0.0050613787
832.2147651007 0.0048907930
826.6666666667 0.0047245256
821.1920529801 0.0045624693
815.7894736842 0.0044045273
810.4575163399 0.0042506026
805.1948051948 0.0041006013
800.0000000000 0.0039544328
794.8717948718 0.0038120098
789.8089171975 0.0036732484
784.8101265823 0.0035380645
779.8742138365 0.0034063839
775.0000000000 0.0032781292
770.1863354037 0.0031532228
765.4320987654 0.0030315970
760.7361963190 0.0029131809
756.0975609756 0.0027979101
751.5151515152 0.0026857139
746.9879518072 0.0025765373
742.5149700599 0.0024703131
738.0952380952 0.0023669866
733.7278106509 0.0022664999
729.4117647059 0.0021687957
725.1461988304 0.0020738252
720.9302325581 0.0019815318
716.7630057803 0.0018918698
712.6436781609 0.0018047886
708.5714285714 0.0017202406
704.5454545455 0.0016381810
700.5649717514 0.0015585654
696.6292134831 0.0014813524
692.7374301676 0.0014064983
688.8888888889 0.0013339671
685.0828729282 0.0012637159
681.3186813187 0.0011957094
677.5956284153 0.0011299102
673.9130434783 0.0010662837
670.2702702703 0.0010047977
666.6666666667 0.0009454141
663.1016042781 0.0008881057
659.5744680851 0.0008328395
656.0846560847 0.0007795849
652.6315789474 0.0007283137
649.2146596859 0.0006789983
645.8333333333 0.0006316093
642.4870466321 0.0005861235
639.1752577320 0.0005425126
635.8974358974 0.0005007541
632.6530612245 0.0004608238
629.4416243655 0.0004226969
626.2626262626 0.0003863533
623.1155778894 0.0003517706
620.0000000000 0.0003189267
616.9154228856 0.0002878041
613.8613861386 0.0002583816
610.8374384236 0.0002306403
607.8431372549 0.0002045634
604.8780487805 0.0001801328
601.9417475728 0.0001573316
599.0338164251 0.0001361437
596.1538461538 0.0001165540
593.3014354067 0.0000985464
590.4761904762 0.0000821077
587.6777251185 0.0000672241
584.9056603774 0.0000538818
582.1596244131 0.0000420680
579.4392523364 0.0000317706
576.7441860465 0.0000229781
574.0740740741 0.0000156794
571.4285714286 0.0000098637
568.8073394495 0.0000055208
566.2100456621 0.0000026410
563.6363636364 0.0000012153
561.0859728507 0.0000012347
558.5585585586 0.0000026912
556.0538116592 0.0000055770
553.5714285714 0.0000098846
551.1111111111 0.0000156070
548.6725663717 0.0000227379
546.2555066079 0.0000312713
543.8596491228 0.0000412011
541.4847161572 0.0000525226
539.1304347826 0.0000652315
536.7965367965 0.0000793223
534.4827586207 0.0000947915
532.1888412017 0.0001116365
529.9145299145 0.0001298526
527.6595744681 0.0001494381
525.4237288136 0.0001703900
523.2067510549 0.0001927067
521.0084033613 0.0002163870
518.8284518828 0.0002414291
516.6666666667 0.0002678319
514.5228215768 0.0002955969
512.3966942149 0.0003247223
510.2880658436 0.0003552082
508.1967213115 0.0003870580
506.1224489796 0.0004202692
504.0650406504 0.0004548450
502.0242914980 0.0004907889
500.0000000000 0.0005280995
497.9919678715 0.0005667834
496.0000000000 0.0006068417
494.0239043825 0.0006482784
492.0634920635 0.0006910976
490.1185770751 0.0007353042
488.1889763780 0.0007808986
486.2745098039 0.0008278913
484.3750000000 0.0008762863
482.4902723735 0.0009260878
480.6201550388 0.0009773032
478.7644787645 0.0010299402
476.9230769231 0.0010840017
475.0957854406 0.0011394997
473.2824427481 0.0011964436
471.4828897338 0.0012548342
469.6969696970 0.0013146890
467.9245283019 0.0013760124
466.1654135338 0.0014388165
464.4194756554 0.0015031068
462.6865671642 0.0015689001
460.9665427509 0.0016362064
459.2592592593 0.0017050330
457.5645756458 0.0017753985
455.8823529412 0.0018473109
454.2124542125 0.0019207823
452.5547445255 0.0019958303
450.9090909091 0.0020724678
449.2753623188 0.0021507094
447.6534296029 0.0022305696
446.0431654676 0.0023120639
444.4444444444 0.0023952127
442.8571428571 0.0024800281
441.2811387900 0.0025665325
439.7163120567 0.0026547384
438.1625441696 0.0027446749
436.6197183099 0.0028363512
435.0877192982 0.0029297927
433.5664335664 0.0030250198
432.0557491289 0.0031220487
430.5555555556 0.0032209128
429.0657439446 0.0033216297
427.5862068966 0.0034242293
426.1168384880 0.0035287244
424.6575342466 0.0036351462
423.2081911263 0.0037435276
421.7687074830 0.0038538893
420.3389830508 0.0039662661
418.9189189189 0.0040806804
417.5084175084 0.0041971688
416.1073825503 0.0043157558
414.7157190635 0.0044364797
413.3333333333 0.0045593739
411.9601328904 0.0046844721
410.5960264901 0.0048118169
409.2409240924 0.0049414297
407.8947368421 0.0050733624
406.5573770492 0.0052076534
405.2287581699 0.0053443427
403.9087947883 0.0054834708
402.5974025974 0.0056250884
401.2944983819 0.0057692300
400.0000000000 0.0059159574
398.7138263666 0.0060653077
397.4358974359 0.0062173464
396.1661341853 0.0063721048
394.9044585987 0.0065296597
393.6507936508 0.0066900633
392.4050632911 0.0068533701
391.1671924290 0.0070196349
389.9371069182 0.0071889336
388.7147335423 0.0073613351
387.5000000000 0.0075368907
386.2928348910 0.0077156923
385.0931677019 0.0078977956
383.9009287926 0.0080832972
382.7160493827 0.0082722674
381.5384615385 0.0084647977
380.3680981595 0.0086609625
379.2048929664 0.0088608598
378.0487804878 0.0090645903
376.8996960486 0.0092722472
375.7575757576 0.0094839483
374.6223564955 0.0096997821
373.4939759036 0.0099198616
372.3723723724 0.0101443279
371.2574850299 0.0103732906
370.1492537313 0.0106068871
369.0476190476 0.0108452349
367.9525222552 0.0110885041
366.8639053254 0.0113368342
365.7817109145 0.0115903679
364.7058823529 0.0118493053
363.6363636364 0.0121137879
362.5730994152 0.0123840004
361.5160349854 0.0126601628
360.4651162791 0.0129424605
359.4202898551 0.0132311133
358.3815028902 0.0135263501
357.3487031700 0.0138284071
356.3218390805 0.0141375428
355.3008595989 0.0144540120
354.2857142857 0.0147781229
353.2763532764 0.0151101658
352.2727272727 0.0154504573
351.2747875354 0.0157993424
350.2824858757 0.0161571944
349.2957746479 0.0165243864
348.3146067416 0.0169013403
347.3389355742 0.0172884958
346.3687150838 0.0176862914
345.4038997214 0.0180952749
344.4444444444 0.0185159273
343.4903047091 0.0189488604
342.5414364641 0.0193946772
341.5977961433 0.0198540104
340.6593406593 0.0203275792
339.7260273973 0.0208161211
338.7978142077 0.0213204118
337.8746594005 0.0218413089
336.9565217391 0.0223797378
336.0433604336 0.0229366009
335.1351351351 0.0235129389
334.2318059299 0.0241097753
333.3333333333 0.0247282357
332.4396782842 0.0253693966
331.5508021390 0.0260343871
330.6666666667 0.0267242876
329.7872340426 0.0274401182
328.9124668435 0.0281827266
328.0423280423 0.0289527193
327.1767810026 0.0297503292
326.3157894737 0.0305752077
325.4593175853 0.0314262381
324.6073298429 0.0323011009
323.7597911227 0.0331960123
322.9166666667 0.0341052107
322.0779220779 0.0350204373
321.2435233161 0.0359307789
320.4134366925 0.0368223788
319.5876288660 0.0376791293
318.7660668380 0.0384837655
317.9487179487 0.0392204510
317.1355498721 0.0398774915
316.3265306122 0.0404501566
315.5216284987 0.0409417167
314.7208121827 0.0413618544
313.9240506329 0.0417225116
313.1313131313 0.0420330510
312.3425692695 0.0422976412
311.5577889447 0.0425159943
310.7769423559 0.0426874341
310.0000000000 0.0428150920
309.2269326683 0.0429080730
308.4577114428 0.0429797579
307.6923076923 0.0430436031
306.9306930693 0.0431083382
306.1728395062 0.0431746338
305.4187192118 0.0432332313
304.6683046683 0.0432643903
303.9215686275 0.0432392991
303.1784841076 0.0431244579
302.4390243902 0.0428892415
301.7031630170 0.0425161714
300.9708737864 0.0420096579
300.2421307506 0.0414006409
299.5169082126 0.0407442482
298.7951807229 0.0401108416
298.0769230769 0.0395734474
297.3621103118 0.0391945751
296.6507177033 0.0390168503
295.9427207637 0.0390590823
295.2380952381 0.0393182082
294.5368171021 0.0397749972
293.8388625592 0.0404011061
293.1442080378 0.0411653995
292.4528301887 0.0420373738
291.7647058824 0.0429875502
291.0798122066 0.0439856024
290.3981264637 0.0449980776
289.7196261682 0.0459877458
289.0442890443 0.0469157480
288.3720930233 0.0477459295
287.7030162413 0.0484495527
287.0370370370 0.0490069865
286.3741339492 0.0494054336
285.7142857143 0.0496323878
285.0574712644 0.0496691444
284.4036697248 0.0494884087
283.7528604119 0.0490594138
283.1050228311 0.0483604798
282.4601366743 0.0473946130
281.8181818182 0.0462014122
281.1791383220 0.0448588799
280.5429864253 0.0434732348
279.9097065463 0.0421600601
279.2792792793 0.0410237063
278.6516853933 0.0401420509
278.0269058296 0.0395595970
277.4049217002 0.0392888101
276.7857142857 0.0393160667
276.1692650334 0.0396098520
275.5555555556 0.0401278666
274.9445676275 0.0408236343
274.3362831858 0.0416516133
273.7306843267 0.0425706763
273.1277533040 0.0435459785
272.5274725275 0.0445488755
271.9298245614 0.0455561956
271.3347921225 0.0465499786
270.7423580786 0.0475203301
270.1525054466 0.0484696411
269.5652173913 0.0494169223
268.9804772234 0.0503985577
268.3982683983 0.0514635364
267.8185745140 0.0526644906
267.2413793103 0.0540477156
266.6666666667 0.0556457505
266.0944206009 0.0574743704
265.5246252677 0.0595332302
264.9572649573 0.0618085723
264.3923240938 0.0642761884
263.8297872340 0.0669038294
263.2696390658 0.0696521212
262.7118644068 0.0724748510
262.1564482030 0.0753181847
261.6033755274 0.0781195264
261.0526315789 0.0808070084
260.5042016807 0.0833005688
259.9580712788 0.0855161649
259.4142259414 0.0873733932
258.8726513570 0.0888048826
258.3333333333 0.0897654902
257.7962577963 0.0902381941
257.2614107884 0.0902361287
256.7287784679 0.0898007607
256.1983471074 0.0889980863
255.6701030928 0.0879142839
255.1440329218 0.0866512347
254.6201232033 0.0853193581
254.0983606557 0.0840280424
253.5787321063 0.0828741224
253.0612244898 0.0819323936
252.5458248473 0.0812518979
252.0325203252 0.0808568410
251.5212981744 0.0807501953
251.0121457490 0.0809160735
250.5050505051 0.0813198255
250.0000000000 0.0819051312
249.4969818913 0.0825899861
248.9959839357 0.0832640226
248.4969939880 0.0837879325
248.0000000000 0.0839983600
247.5049900200 0.0837202662
247.0119521912 0.0827907029
246.5208747515 0.0810924462
246.0317460317 0.0785905699
245.5445544554 0.0753586074
245.0592885375 0.0715810214
244.5759368836 0.0675261564
244.0944881890 0.0634973972
243.6149312377 0.0597794143
243.1372549020 0.0565972336
242.6614481409 0.0540968050
242.1875000000 0.0523466906
241.7153996101 0.0513532553
241.2451361868 0.0510801502
240.7766990291 0.0514668700
240.3100775194 0.0524426270
239.8452611219 0.0539352285
239.3822393822 0.0558759777
238.9210019268 0.0582010377
238.4615384615 0.0608509216
238.0038387716 0.0637686368
237.5478927203 0.0668969362
237.0936902486 0.0701756095
236.6412213740 0.0735393713
236.1904761905 0.0769174962
235.7414448669 0.0802357727
235.2941176471 0.0834227493
234.8484848485 0.0864193731
234.4045368620 0.0891902512
233.9622641509 0.0917328858
233.5216572505 0.0940795871
233.0827067669 0.0962889730
232.6454033771 0.0984298056
232.2097378277 0.1005612320
231.7757009346 0.1027170686
231.3432835821 0.1048977261
230.9124767225 0.1070710083
230.4832713755 0.1091808109
230.0556586271 0.1111613674
229.6296296296 0.1129536647
229.2051756007 0.1145199590
228.7822878229 0.1158557870
228.3609576427 0.1169985034
227.9411764706 0.1180305713
227.5229357798 0.1190761301
227.1062271062 0.1202850856
226.6910420475 0.1218084777
226.2773722628 0.1237694758
225.8652094718 0.1262413420
225.4545454545 0.1292376102
225.0453720508 0.1327168320
224.6376811594 0.1365978620
224.2314647378 0.1407823004
223.8267148014 0.1451777438
223.4234234234 0.1497156131
223.0215827338 0.1543578096
222.6211849192 0.1590866579
222.2222222222 0.1638808692
221.8246869410 0.1686853476
221.4285714286 0.1733854310
221.0338680927 0.1777986869
220.6405693950 0.1816875574
220.2486678508 0.1847962343
219.8581560284 0.1869032956
219.4690265487 0.1878826539
219.0812720848 0.1877528943
218.6948853616 0.1867015267
218.3098591549 0.1850708506
217.9261862917 0.1833088713
217.5438596491 0.1818970052
217.1628721541 0.1812775804
216.7832167832 0.1817988783
216.4048865620 0.1836908316
216.0278745645 0.1870687191
215.6521739130 0.1919568164
215.2777777778 0.1983175117
214.9046793761 0.2060765961
214.5328719723 0.2151401611
214.1623488774 0.2254044923
213.7931034483 0.2367645015
213.4251290878 0.2491248121
213.0584192440 0.2624142270
212.6929674099 0.2765981984
212.3287671233 0.2916833505
211.9658119658 0.3077065219
211.6040955631 0.3247088808
211.2436115843 0.3427013673
210.8843537415 0.3616305782
210.5263157895 0.3813566112
210.1694915254 0.4016494454
209.8138747885 0.4222057358
209.4594594595 0.4426803487
209.1062394604 0.4627259541
208.7542087542 0.4820254742
208.4033613445 0.5003099220
208.0536912752 0.5173560576
207.7051926298 0.5329698853
207.3578595318 0.5469618100
207.0116861436 0.5591302048
206.6666666667 0.5692575651
206.3227953411 0.5771227845
205.9800664452 0.5825221493
205.6384742952 0.5852931842
205.2980132450 0.5853341501
204.9586776860 0.5826190386
204.6204620462 0.5772075829
204.2833607908 0.5692488668
203.9473684211 0.5589785920
203.6124794745 0.5467123694
203.2786885246 0.5328403945
202.9459901800 0.5178276759
202.6143790850 0.5022127591
202.2838499184 0.4865950355
201.9543973941 0.4716000915
201.6260162602 0.4578201691
201.2987012987 0.4457384942
200.9724473258 0.4356544795
200.6472491909 0.4276351098
200.3231017771 0.4215091515
200.0000000000 0.4169133285
199.6779388084 0.4133769984
199.3569131833 0.4104239999
199.0369181380 0.4076556762
198.7179487179 0.4047880710
198.4000000000 0.4016353930
198.0830670927 0.3980588793
197.7671451356 0.3939153459
197.4522292994 0.3890311149
197.1383147854 0.3832063686
196.8253968254 0.3762359327
196.5134706815 0.3679391121
196.2025316456 0.3581910817
195.8925750395 0.3469586663
195.5835962145 0.3343322891
195.2755905512 0.3205422598
194.9685534591 0.3059471083
194.6624803768 0.2909937501
194.3573667712 0.2761591106
194.0532081377 0.2618911594
193.7500000000 0.2485641317
193.4477379095 0.2364553749
193.1464174455 0.2257409872
192.8460342146 0.2165034043
192.5465838509 0.2087441729
192.2480620155 0.2024003309
191.9504643963 0.1973636081
191.6537867079 0.1935010473
191.3580246914 0.1906723486
191.0631741140 0.1887385052
190.7692307692 0.1875628535
190.4761904762 0.1870064975
190.1840490798 0.1869268767
189.8928024502 0.1871810804
189.6024464832 0.1876346198
189.3129770992 0.1881710524
189.0243902439 0.1886982505
188.7366818874 0.1891462726
188.4498480243 0.1894583886
188.1638846737 0.1895763891
187.8787878788 0.1894234473
187.5945537065 0.1888914988
187.3111782477 0.1878393374
187.0286576169 0.1861089974
186.7469879518 0.1835587528
186.4661654135 0.1801064086
186.1861861862 0.1757647686
185.9070464768 0.1706524253
185.6287425150 0.1649694016
185.3512705531 0.1589435825
185.0746268657 0.1527711974
184.7988077496 0.1465744522
184.5238095238 0.1403948033
184.2496285290 0.1342204939
183.9762611276 0.1280327023
183.7037037037 0.1218443696
183.4319526627 0.1157127107
183.1610044313 0.1097226856
182.8908554572 0.1039542394
182.6215022091 0.0984534390
182.3529411765 0.0932233331
182.0851688693 0.0882383246
181.8181818182 0.0834749200
181.5519765739 0.0789415093
181.2865497076 0.0746941991
181.0218978102 0.0708328941
180.7580174927 0.0674820788
180.4949053857 0.0647691853
180.2325581395 0.0628065359
179.9709724238 0.0616814961
179.7101449275 0.0614522569
179.4500723589 0.0621458593
179.1907514451 0.0637566679
178.9321789322 0.0662454024
178.6743515850 0.0695389565
178.4172661871 0.0735328100
178.1609195402 0.0780977554
177.9053084648 0.0830913439
177.6504297994 0.0883740000
177.3962804006 0.0938254371
177.1428571429 0.0993527684
176.8901569187 0.1048862330
176.6381766382 0.1103608441
176.3869132290 0.1156916939
176.1363636364 0.1207534272
175.8865248227 0.1253738000
175.6373937677 0.1293448830
175.3889674682 0.1324545135
175.1412429379 0.1345311875
174.8942172073 0.1354900832
174.6478873239 0.1353638130
174.4022503516 0.1343002410
174.1573033708 0.1325248971
173.9130434783 0.1302797368
173.6694677871 0.1277622557
173.4265734266 0.1250885792
173.1843575419 0.1222888140
172.9428172943 0.1193327415
172.7019498607 0.1161699590
172.4617524339 0.1127696121
172.2222222222 0.1091459107
171.9833564494 0.1053629357
171.7451523546 0.1015201318
171.5076071923 0.0977284912
171.2707182320 0.0940874870
171.0344827586 0.0906717689
170.7988980716 0.0875259146
170.5639614856 0.0846652075
170.3296703297 0.0820781168
170.0960219479 0.0797320279
169.8630136986 0.0775832986
169.6306429549 0.0755926705
169.3989071038 0.0737398354
169.1678035471 0.0720305365
168.9373297003 0.0704916050
168.7074829932 0.0691558953
168.4782608696 0.0680463090
168.2496607870 0.0671676399
168.0216802168 0.0665124012
167.7943166441 0.0660771176
167.5675675676 0.0658832655
167.3414304993 0.0659909904
167.1159029650 0.0665010945
166.8909825034 0.0675447418
166.6666666667 0.0692659397
166.4429530201 0.0718047807
166.2198391421 0.0752847727
165.9973226238 0.0798058749
165.7754010695 0.0854423531
165.5540720961 0.0922423129
165.3333333333 0.1002263792
165.1131824234 0.1093820550
164.8936170213 0.1196522450
164.6746347942 0.1309190551
164.4562334218 0.1429878672
164.2384105960 0.1555788866
164.0211640212 0.1683329885
163.8044914135 0.1808344062
163.5883905013 0.1926466118
163.3728590250 0.2033494459
163.1578947368 0.2125682917
162.9434954008 0.2199918797
162.7296587927 0.2253866822
162.5163826999 0.2286156462
162.3036649215 0.2296611708
162.0915032680 0.2286384456
161.8798955614 0.2257844814
161.6688396349 0.2214213822
161.4583333333 0.2159040809
161.2483745124 0.2095681495
161.0389610390 0.2026902469
160.8300907912 0.1954669618
160.6217616580 0.1880141718
160.4139715395 0.1803875417
160.2067183463 0.1726168928
160.0000000000 0.1647435100
159.7938144330 0.1568451634
159.5881595882 0.1490405725
159.3830334190 0.1414747535
159.1784338896 0.1342986699
158.9743589744 0.1276522443
158.7708066581 0.1216557531
158.5677749361 0.1164077915
158.3652618135 0.1119843549
158.1632653061 0.1084361941
157.9617834395 0.1057843098
157.7608142494 0.1040120237
157.5603557814 0.1030573321
157.3604060914 0.1028082959
157.1609632446 0.1031041201
156.9620253165 0.1037481894
156.7635903919 0.1045339361
156.5656565657 0.1052824786
156.3682219420 0.1058836475
156.1712846348 0.1063258123
155.9748427673 0.1066997002
155.7788944724 0.1071738280
155.5834378921 0.1079491846
155.3884711779 0.1092092765
155.1939924906 0.1110806503
155.0000000000 0.1136108920
154.8064918851 0.1167643696
154.6134663342 0.1204344694
154.4209215442 0.1244705955
154.2288557214 0.1287128812
154.0372670807 0.1330277945
153.8461538462 0.1373316159
153.6555142503 0.1415969902
153.4653465347 0.1458427962
153.2756489493 0.1501141771
153.0864197531 0.1544617376
152.8976572133 0.1589256838
152.7093596059 0.1635292100
152.5215252153 0.1682799163
152.3341523342 0.1731766490
152.1472392638 0.1782139659
151.9607843137 0.1833769286
151.7747858017 0.1886274893
151.5892420538 0.1938861796
151.4041514042 0.1990166132
151.2195121951 0.2038170501
151.0353227771 0.2080265517
150.8515815085 0.2113424295
150.6682867558 0.2134495819
150.4854368932 0.2140568769
150.3030303030 0.2129370565
150.1210653753 0.2099673179
149.9395405079 0.2051652580
149.7584541063 0.1987074306
149.5778045838 0.1909203709
149.3975903614 0.1822413591
149.2178098676 0.1731616639
149.0384615385 0.1641667995
148.8595438175 0.1556900698
148.6810551559 0.1480820994
148.5029940120 0.1415959083
148.3253588517 0.1363863442
148.1481481481 0.1325175840
147.9713603819 0.1299762505
147.7949940405 0.1286858132
147.6190476190 0.1285191713
147.4435196195 0.1293059686
147.2684085511 0.1308365177
147.0937129300 0.1328629926
146.9194312796 0.1351054354
146.7455621302 0.1372644094
146.5721040189 0.1390461748
146.3990554900 0.1401940467
146.2264150943 0.1405198771
146.0541813899 0.1399247121
145.8823529412 0.1384033484
145.7109283196 0.1360330021
145.5399061033 0.1329537646
145.3692848769 0.1293497337
145.1990632319 0.1254324753
145.0292397661 0.1214282028
144.8598130841 0.1175662838
144.6907817970 0.1140715846
144.5221445221 0.1111613553
144.3538998836 0.1090430772
144.1860465116 0.1079085130
144.0185830430 0.1079195727
143.8515081206 0.1091876996
143.6848203940 0.1117510208
143.5185185185 0.1155559827
143.3526011561 0.1204455805
143.1870669746 0.1261610638
143.0219146482 0.1323589495
142.8571428571 0.1386479038
142.6927502877 0.1446442623
142.5287356322 0.1500338613
142.3650975890 0.1546247073
142.2018348624 0.1583722030
142.0389461627 0.1613715641
141.8764302059 0.1638278353
141.7142857143 0.1660159723
141.5525114155 0.1682386281
141.3911060433 0.1707842816
141.2300683371 0.1738866176
141.0693970421 0.1776910834
140.9090909091 0.1822383471
140.7491486947 0.1874718117
140.5895691610 0.1932666602
140.4303510759 0.1994739967
140.2714932127 0.2059643096
140.1129943503 0.2126599457
139.9548532731 0.2195500628
139.7970687711 0.2266868424
139.6396396396 0.2341647529
139.4825646794 0.2420854879
139.3258426966 0.2505100720
139.1694725028 0.2594130407
139.0134529148 0.2686488807
138.8577827548 0.2779447105
138.7024608501 0.2869192755
138.5474860335 0.2951293631
138.3928571429 0.3021355122
138.2385730212 0.3075815445
138.0846325167 0.3112700694
137.9310344828 0.3132117437
137.7777777778 0.3136243583
137.6248612653 0.3128794928
137.4722838137 0.3114171657
137.3200442968 0.3096623893
137.1681415929 0.3079668765
137.0165745856 0.3065865537
136.8653421634 0.3056825338
136.7144432194 0.3053340730
136.5638766520 0.3055511241
136.4136413641 0.3062828455
136.2637362637 0.3074235794
136.1141602634 0.3088209712
135.9649122807 0.3102921897
135.8159912377 0.3116473083
135.6673960613 0.3127147479
135.5191256831 0.3133655107
135.3711790393 0.3135299412
135.2235550709 0.3132059418
135.0762527233 0.3124562736
134.9292709467 0.3113926384
134.7826086957 0.3101463115
134.6362649294 0.3088282881
134.4902386117 0.3074844112
134.3445287107 0.3060608848
134.1991341991 0.3043951227
134.0540540541 0.3022364760
133.9092872570 0.2992922735
133.7648327940 0.2952818709
133.6206896552 0.2899894329
133.4768568353 0.2833090181
133.3333333333 0.2752755723
133.1901181525 0.2660735586
133.0472103004 0.2560190375
132.9046087889 0.2455220446
132.7623126338 0.2350416082
132.6203208556 0.2250437417
132.4786324786 0.2159669379
132.3372465315 0.2081943869
132.1961620469 0.2020299298
132.0553780618 0.1976803705
131.9148936170 0.1952435382
131.7747077577 0.1947042022
131.6348195329 0.1959382350
131.4952279958 0.1987231268
131.3559322034 0.2027536804
131.2169312169 0.2076636078
131.0782241015 0.2130570017
130.9398099261 0.2185499554
130.8016877637 0.2238175112
130.6638566913 0.2286320784
130.5263157895 0.2328755683
130.3890641430 0.2365252452
130.2521008403 0.2396193627
130.1154249738 0.2422260887
129.9790356394 0.2444251160
129.8429319372 0.2463082826
129.7071129707 0.2479857367
129.5715778474 0.2495863382
129.4363256785 0.2512454216
129.3013555787 0.2530837936
129.1666666667 0.2551891910
129.0322580645 0.2576170943
128.8981288981 0.2604088233
128.7642782970 0.2636184000
128.6307053942 0.2673257990
128.4974093264 0.2716289349
128.3643892340 0.2766124578
128.2316442606 0.2823075968
128.0991735537 0.2886613108
127.9669762642 0.2955256170
127.8350515464 0.3026729030
127.7033985582 0.3098286384
127.5720164609 0.3167030568
127.4409044193 0.3230153677
127.3100616016 0.3285053733
127.1794871795 0.3329422364
127.0491803279 0.3361353459
126.9191402252 0.3379433868
126.7893660532 0.3382735689
126.6598569969 0.3370765505
126.5306122449 0.3343439090
126.4016309888 0.3301150790
126.2729124236 0.3244893978
126.1444557477 0.3176298064
126.0162601626 0.3097465795
125.8883248731 0.3010742103
125.7606490872 0.2918518136
125.6332320162 0.2823192867
125.5060728745 0.2727248341
125.3791708797 0.2633336311
125.2525252525 0.2544235011
125.1261352170 0.2462659919
125.0000000000 0.2390984278
124.8741188318 0.2330962382
124.7484909457 0.2283550044
124.6231155779 0.2248857391
124.4979919679 0.2226198380
124.3731193581 0.2214218749
124.2484969940 0.2211036443
124.1241241241 0.2214379887
124.0000000000 0.2221718961
123.8761238761 0.2230450491
123.7524950100 0.2238136875
123.6291126620 0.2242772646
123.5059760956 0.2242967060
123.3830845771 0.2237984655
123.2604373757 0.2227617810
123.1380337637 0.2211988935
123.0158730159 0.2191422317
122.8939544103 0.2166399659
122.7722772277 0.2137638591
122.6508407517 0.2106165462
122.5296442688 0.2073280065
122.4086870681 0.2040367072
122.2879684418 0.2008598606
122.1674876847 0.1978669986
122.0472440945 0.1950647083
121.9272369715 0.1924010514
121.8074656189 0.1897880404
121.6879293425 0.1871352820
121.5686274510 0.1843831404
121.4495592556 0.1815259401
121.3307240705 0.1786159199
121.2121212121 0.1757513763
121.0937500000 0.1730519765
120.9756097561 0.1706292316
120.8576998051 0.1685572721
120.7400194742 0.1668487860
120.6225680934 0.1654475217
120.5053449951 0.1642419034
120.3883495146 0.1630990900
120.2715809893 0.1619103353
120.1550387597 0.1606278331
120.0387221684 0.1592837435
119.9226305609 0.1579818031
119.8067632850 0.1568695574
119.6911196911 0.1560990733
119.5756991321 0.1557865509
119.4605009634 0.1559828137
119.3455245428 0.1566648658
119.2307692308 0.1577546591
119.1162343900 0.1591599354
119.0019193858 0.1608265318
118.8878235858 0.1627767884
118.7739463602 0.1651175739
118.6602870813 0.1680116039
118.5468451243 0.1716245717
118.4336198663 0.1760674742
118.3206106870 0.1813545133
118.2078169685 0.1873894511
118.0952380952 0.1939809706
117.9828734539 0.2008754538
117.8707224335 0.2077927939
117.7587844255 0.2144497616
117.6470588235 0.2205727622
117.5355450237 0.2259078630
117.4242424242 0.2302339435
117.3131504257 0.2333791980
117.2022684310 0.2352294581
117.0915958451 0.2357294267
116.9811320755 0.2348790266
116.8708765316 0.2327334128
116.7608286252 0.2294090617
116.6509877705 0.2250854072
116.5413533835 0.2199970214
116.4319248826 0.2144129466
116.3227016886 0.2086108860
116.2136832240 0.2028515803
116.1048689139 0.1973563623
115.9962581852 0.1922897771
115.8878504673 0.1877466884
115.7796451914 0.1837454196
115.6716417910 0.1802330797
115.5638397018 0.1771042775
115.4562383613 0.1742314096
115.3488372093 0.1714974930
115.2416356877 0.1688198847
115.1346332405 0.1661579051
115.0278293135 0.1635056555
114.9212233550 0.1608762317
114.8148148148 0.1582901723
114.7086031452 0.1557677248
114.6025878004 0.1533274543
114.4967682364 0.1509849455
114.3911439114 0.1487521329
114.2857142857 0.1466349471
114.1804788214 0.1446319991
114.0754369825 0.1427334614
113.9705882353 0.1409218488
113.8659320478 0.1391705694
113.7614678899 0.1374449651
113.6571952337 0.1357058862
113.5531135531 0.1339177568
113.4492223239 0.1320582689
113.3455210238 0.1301248511
113.2420091324 0.1281371673
113.1386861314 0.1261331935
113.0355515041 0.1241621109
112.9326047359 0.1222770526
112.8298453139 0.1205243024
112.7272727273 0.1189331216
112.6248864668 0.1175075585
112.5226860254 0.1162209020
112.4206708976 0.1150182761
112.3188405797 0.1138247669
112.2171945701 0.1125615525
112.1157323689 0.1111650319
112.0144534779 0.1096036358
111.9133574007 0.1078867391
111.8124436429 0.1060631591
111.7117117117 0.1042104709
111.6111611161 0.1024221204
111.5107913669 0.1007954002
111.4106019766 0.0994212914
111.3105924596 0.0983755898
111.2107623318 0.0977083171
111.1111111111 0.0974330945
111.0116383169 0.0975198788
110.9123434705 0.0978946711
110.8132260947 0.0984509844
110.7142857143 0.0990700713
110.6155218555 0.0996454697
110.5169340463 0.1001059583
110.4185218166 0.1004315388
110.3202846975 0.1006576583
110.2222222222 0.1008691349
110.1243339254 0.1011837095
110.0266193434 0.1017260477
109.9290780142 0.1025992078
109.8317094774 0.1038587890
109.7345132743 0.1054959873
109.6374889478 0.1074359304
109.5406360424 0.1095533725
109.4439541041 0.1116985378
109.3474426808 0.1137282375
109.2511013216 0.1155289817
109.1549295775 0.1170278777
109.0589270009 0.1181921734
108.9630931459 0.1190216047
108.8674275680 0.1195378709
108.7719298246 0.1197760736
108.6765994741 0.1197769376
108.5814360771 0.1195831053
108.4864391951 0.1192415008
108.3916083916 0.1188095747
108.2969432314 0.1183632859
108.2024432810 0.1179996419
108.1081081081 0.1178309353
108.0139372822 0.1179685448
107.9199303742 0.1185054900
107.8260869565 0.1195010959
107.7324066030 0.1209745613
107.6388888889 0.1229073139
107.5455333912 0.1252525245
107.4523396880 0.1279451018
107.3593073593 0.1309059778
107.2664359862 0.1340428407
107.1737251513 0.1372451626
107.0811744387 0.1403843938
106.9887834340 0.1433158471
106.8965517241 0.1458880392
106.8044788975 0.1479551059
106.7125645439 0.1493945562
106.6208082545 0.1501246710
106.5292096220 0.1501188245
106.4377682403 0.1494081510
106.3464837050 0.1480708629
106.2553556127 0.1462101834
106.1643835616 0.1439318063
106.0735671514 0.1413242340
105.9829059829 0.1384518400
105.8923996584 0.1353557258
105.8020477816 0.1320636506
105.7118499574 0.1286023661
105.6218057922 0.1250066282
105.5319148936 0.1213254776
105.4421768707 0.1176212066
105.3525913339 0.1139655619
105.2631578947 0.1104325004
105.1738761662 0.1070906803
105.0847457627 0.1039970214
104.9957662997 0.1011900380
104.9069373942 0.0986873065
104.8182586644 0.0964823165
104.7297297297 0.0945457533
104.6413502110 0.0928266290
104.5531197302 0.0912593140
104.4650379107 0.0897722541
104.3771043771 0.0883003050
104.2893187553 0.0867974810
104.2016806723 0.0852436050
104.1141897565 0.0836468735
104.0268456376 0.0820385795
103.9396479464 0.0804649990
103.8525963149 0.0789786584
103.7656903766 0.0776301279
103.6789297659 0.0764621931
103.5923141186 0.0755061360
103.5058430718 0.0747794744
103.4195162636 0.0742868037
103.3333333333 0.0740191884
103.2472939217 0.0739560916
103.1613976705 0.0740664946
103.0756442228 0.0743109632
102.9900332226 0.0746450782
102.9045643154 0.0750247126
102.8192371476 0.0754123815
102.7340513670 0.0757847792
102.6490066225 0.0761377924
102.5641025641 0.0764869741
102.4793388430 0.0768630399
102.3947151115 0.0773026627
102.3102310231 0.0778394264
102.2258862325 0.0784963547
102.1416803954 0.0792824543
102.0576131687 0.0801922526
101.9736842105 0.0812062015
101.8898931800 0.0822924975
101.8062397373 0.0834057737
101.7227235439 0.0844862511
101.6393442623 0.0854607138
101.5561015561 0.0862461137
101.4729950900 0.0867585596
101.3900245298 0.0869285601
101.3071895425 0.0867129559
101.2244897959 0.0861046546
101.1419249592 0.0851322026
101.0594947025 0.0838530771
100.9771986971 0.0823431246
100.8950366151 0.0806862382
100.8130081301 0.0789650261
100.7311129163 0.0772551488
100.6493506494 0.0756199001
100.5677210057 0.0741071946
100.4862236629 0.0727454098
100.4048582996 0.0715418178
100.3236245955 0.0704813947
100.2425222312 0.0695312436
100.1615508885 0.0686494202
100.0807102502 0.0677983662
100.0000000000 0.0669586092
99.9194198227 0.0661360760
99.8389694042 0.0653637625
99.7586484312 0.0646945195
99.6784565916 0.0641888421
99.5983935743 0.0639025228
99.5184590690 0.0638738281
99.4386527666 0.0641130292
99.3589743590 0.0645963680
99.2794235388 0.0652649484
99.2000000000 0.0660296314
99.1207034373 0.0667848727
99.0415335463 0.0674278115
98.9624900239 0.0678795856
98.8835725678 0.0681012335
98.8047808765 0.0681014956
98.7261146497 0.0679313037
98.6475735879 0.0676700790
98.5691573927 0.0674060566
98.4908657665 0.0672179070
98.4126984127 0.0671611359
98.3346550357 0.0672643388
98.2567353407 0.0675338898
98.1789390340 0.0679642942
98.1012658228 0.0685491125
98.0237154150 0.0692859527
97.9462875197 0.0701773062
97.8689818469 0.0712253499
97.7917981073 0.0724285858
97.7147360126 0.0737796825
97.6377952756 0.0752683359
97.5609756098 0.0768836890
97.4842767296 0.0786145121
97.4076983504 0.0804430702
97.3312401884 0.0823360172
97.2549019608 0.0842362752
97.1786833856 0.0860626033
97.1025841817 0.0877170834
97.0266040689 0.0891011346
96.9507427678 0.0901345524
96.8750000000 0.0907709660
96.7993754879 0.0910065585
96.7238689548 0.0908788861
96.6484801247 0.0904558436
96.5732087227 0.0898198759
96.4980544747 0.0890510753
96.4230171073 0.0882157650
96.3480963481 0.0873613176
96.2732919255 0.0865171737
96.1986035687 0.0856978494
96.1240310078 0.0849075826
96.0495739737 0.0841431115
95.9752321981 0.0833968850
95.9010054138 0.0826628492
95.8268933539 0.0819400146
95.7528957529 0.0812362237
95.6790123457 0.0805672562
95.6052428682 0.0799514108
95.5315870570 0.0794016915
95.4580446497 0.0789191310
95.3846153846 0.0784882973
95.3112990008 0.0780802137
95.2380952381 0.0776597293
95.1650038373 0.0771962695
95.0920245399 0.0766737496
95.0191570881 0.0760965943
94.9464012251 0.0754886690
94.8737566947 0.0748849742
94.8012232416 0.0743213499
94.7288006112 0.0738226118
94.6564885496 0.0733958813
94.5842868040 0.0730298925
94.5121951220 0.0726996085
94.4402132521 0.0723757362
94.3683409437 0.0720333683
94.2965779468 0.0716595312
94.2249240122 0.0712556938
94.1533788914 0.0708358617
94.0819423369 0.0704208604
94.0106141016 0.0700315089
93.9393939394 0.0696829231
93.8682816048 0.0693826550
93.7972768533 0.0691324454
93.7263794407 0.0689338616
93.6555891239 0.0687933647
93.5849056604 0.0687251305
93.5143288084 0.0687480596
93.4438583271 0.0688793092
93.3734939759 0.0691273343
93.3032355154 0.0694866819
93.2330827068 0.0699363891
93.1630353118 0.0704425367
93.0930930931 0.0709616994
93.0232558140 0.0714468658
92.9535232384 0.0718517166
92.8838951311 0.0721373436
92.8143712575 0.0722773711
92.7449513837 0.0722614718
92.6756352765 0.0720959893
92.6064227035 0.0718022135
92.5373134328 0.0714111763
92.4683072334 0.0709595789
92.3994038748 0.0704871114
92.3306031273 0.0700326360
92.2619047619 0.0696313811
92.1933085502 0.0693106375
92.1248142645 0.0690836321
92.0564216778 0.0689455440
91.9881305638 0.0688696186
91.9199406968 0.0688085792
91.8518518519 0.0687014713
91.7838638046 0.0684864318
91.7159763314 0.0681146261
91.6481892092 0.0675614923
91.5805022157 0.0668309539
91.5129151292 0.0659516673
91.4454277286 0.0649687909
91.3780397937 0.0639350615
91.3107511046 0.0629046976
91.2435614422 0.0619287977
91.1764705882 0.0610538852
91.1094783248 0.0603200571
91.0425844347 0.0597586777
90.9757887014 0.0593896853
90.9090909091 0.0592169932
90.8424908425 0.0592258797
90.7759882870 0.0593816189
90.7095830285 0.0596335992
90.6432748538 0.0599230795
90.5770635500 0.0601954501
90.5109489051 0.0604112708
90.4449307075 0.0605540110
90.3790087464 0.0606315022
90.3131828114 0.0606710895
90.2474526929 0.0607107974
90.1818181818 0.0607892678
90.1162790698 0.0609377385
90.0508351489 0.0611740392
89.9854862119 0.0615009065
89.9202320522 0.0619076762
89.8550724638 0.0623728822
89.7900072411 0.0628704483
89.7250361795 0.0633733772
89.6601590745 0.0638574040
89.5953757225 0.0643030524
89.5306859206 0.0646973344
89.4660894661 0.0650340343
89.4015861572 0.0653137039
89.3371757925 0.0655414196
89.2728581713 0.0657266983
89.2086330935 0.0658844767
89.1445003595 0.0660376119
89.0804597701 0.0662196729
89.0165111271 0.0664750295
88.9526542324 0.0668558340
88.8888888889 0.0674159307
88.8252148997 0.0682038392
88.7616320687 0.0692562788
88.6981402003 0.0705957613
88.6347390994 0.0722296840
88.5714285714 0.0741493254
88.5082084226 0.0763280335
88.4450784593 0.0787166680
88.3820384890 0.0812400814
88.3190883191 0.0837982848
88.2562277580 0.0862715531
88.1934566145 0.0885324737
88.1307746979 0.0904614748
88.0681818182 0.0919626083
88.0056777857 0.0929771168
87.9432624113 0.0934898294
87.8809355067 0.0935269051
87.8186968839 0.0931455154
87.7565463553 0.0924199653
87.6944837341 0.0914269613
87.6325088339 0.0902340792
87.5706214689 0.0888924732
87.5088214538 0.0874353835
87.4471086037 0.0858809250
87.3854827343 0.0842377817
87.3239436620 0.0825121717
87.2624912034 0.0807128738
87.2011251758 0.0788552598
87.1398453970 0.0769607463
87.0786516854 0.0750556828
87.0175438596 0.0731686396
86.9565217391 0.0713269718
86.8955851437 0.0695544304
86.8347338936 0.0678689437
86.7739678097 0.0662824517
86.7132867133 0.0648014334
86.6526904263 0.0634294480
86.5921787709 0.0621687138
86.5317515701 0.0610219821
86.4714086471 0.0599918596
86.4111498258 0.0590796560
86.3509749304 0.0582843764
86.2908837857 0.0576023448
86.2308762170 0.0570279193
86.1709520500 0.0565538516
86.1111111111 0.0561722474
86.0513532269 0.0558750179
85.9916782247 0.0556549482
85.9320859321 0.0555069625
85.8725761773 0.0554293492
85.8131487889 0.0554234926
85.7538035961 0.0554928113
85.6945404285 0.0556392377
85.6353591160 0.0558591700
85.5762594893 0.0561384565
85.5172413793 0.0564496810
85.4583046175 0.0567545287
85.3994490358 0.0570104062
85.3406744666 0.0571792165
85.2819807428 0.0572348374
85.2233676976 0.0571658458
85.1648351648 0.0569734997
85.1063829787 0.0566685580
85.0480109739 0.0562678820
84.9897189856 0.0557935198
84.9315068493 0.0552719766
84.8733744011 0.0547322496
84.8153214774 0.0542031926
84.7573479152 0.0537093922
84.6994535519 0.0532674603
84.6416382253 0.0528842155
84.5839017735 0.0525567580
84.5262440354 0.0522745683
84.4686648501 0.0520231894
84.4111640572 0.0517892009
84.3537414966 0.0515639191
84.2963970088 0.0513465838
84.2391304348 0.0511433684
84.1819416158 0.0509653447
84.1248303935 0.0508234710
84.0677966102 0.0507260738
84.0108401084 0.0506758256
83.9539607312 0.0506695546
83.8971583221 0.0506993295
83.8404327248 0.0507543432
83.7837837838 0.0508235998
83.7272113437 0.0508996265
83.6707152497 0.0509812500
83.6142953473 0.0510748680
83.5579514825 0.0511920413
83.5016835017 0.0513449848
83.4454912517 0.0515398170
83.3893745797 0.0517711943
83.3333333333 0.0520209582
83.2773673606 0.0522607305
83.2214765101 0.0524570718
83.1656606304 0.0525790459
83.1099195710 0.0526040722
83.0542531815 0.0525223854
82.9986613119 0.0523379886
82.9431438127 0.0520665253
82.8877005348 0.0517311315
82.8323313293 0.0513563029
82.7770360481 0.0509628936
82.7218145430 0.0505650819
82.6666666667 0.0501715787
82.6115922718 0.0497878415
82.5565912117 0.0494209194
82.5016633400 0.0490831241
82.4468085106 0.0487923938
82.3920265781 0.0485704088
82.3373173971 0.0484380219
82.2826808228 0.0484098625
82.2281167109 0.0484909230
82.1736249172 0.0486749179
82.1192052980 0.0489450919
82.0648577101 0.0492785290
82.0105820106 0.0496497063
81.9563780568 0.0500343260
81.9022457067 0.0504103475
81.8481848185 0.0507599587
81.7941952507 0.0510695174
81.7402768622 0.0513312267
81.6864295125 0.0515437248
81.6326530612 0.0517122403
81.5789473684 0.0518462111
81.5253122945 0.0519570070
81.4717477004 0.0520549718
81.4182534471 0.0521485602
81.3648293963 0.0522444636
81.3114754098 0.0523463555
81.2581913499 0.0524539503
81.2049770792 0.0525609425
81.1518324607 0.0526543335
81.0987573578 0.0527164291
81.0457516340 0.0527283590
80.9928151535 0.0526764471
80.9399477807 0.0525561196
80.8871493803 0.0523739615
80.8344198175 0.0521463381
80.7817589577 0.0518951484
80.7291666667 0.0516445189
80.6766428107 0.0514163642
80.6241872562 0.0512284436
80.5717998700 0.0510942899
80.5194805195 0.0510245944
80.4672290720 0.0510303757
80.4150453956 0.0511241068
80.3629293584 0.0513197228
80.3108808290 0.0516290881
80.2588996764 0.0520569119
80.2069857697 0.0525955649
80.1551389787 0.0532231965
80.1033591731 0.0539046528
80.0516462234 0.0545945979
80.0000000000 0.0552431666
79.9484203740 0.0558013045
79.8969072165 0.0562270563
79.8454603992 0.0564915591
79.7940797941 0.0565824210
79.7427652733 0.0565054795
79.6915167095 0.0562810570
79.6403339756 0.0559391329
79.5892169448 0.0555125758
79.5381654907 0.0550312872
79.4871794872 0.0545198464
79.4362588085 0.0539973561
79.3854033291 0.0534784644
79.3346129239 0.0529768542
79.2838874680 0.0525080636
79.2332268371 0.0520898656
79.1826309068 0.0517427484
79.1320995533 0.0514868612
79.0816326531 0.0513389408
79.0312300829 0.0513073955
78.9808917197 0.0513887266
78.9306174411 0.0515652478
78.8804071247 0.0518068465
78.8302606484 0.0520736427
78.7801778907 0.0523231975
78.7301587302 0.0525154649
78.6802030457 0.0526182872
78.6303107166 0.0526104315
78.5804816223 0.0524808513
78.5307156428 0.0522287521
78.4810126582 0.0518599129
78.4313725490 0.0513857432
78.3817951960 0.0508214983
78.3322804801 0.0501859611
78.2828282828 0.0495010308
78.2334384858 0.0487905657
78.1841109710 0.0480779478
78.1348456207 0.0473847327
78.0856423174 0.0467277501
78.0365009440 0.0461177355
77.9874213836 0.0455592647
77.9384035198 0.0450514992
77.8894472362 0.0445887311
77.8405524168 0.0441623402
77.7917189460 0.0437610692
77.7429467085 0.0433720546
77.6942355890 0.0429817641
77.6455854728 0.0425778686
77.5969962453 0.0421529886
77.5484677924 0.0417057469
77.5000000000 0.0412422775
77.4515927545 0.0407749303
77.4032459426 0.0403187628
77.3549594510 0.0398884359
77.3067331671 0.0394962998
77.2585669782 0.0391504904
77.2104607721 0.0388566854
77.1624144368 0.0386187224
77.1144278607 0.0384406857
77.0665009323 0.0383279606
77.0186335404 0.0382865898
76.9708255742 0.0383219787
76.9230769231 0.0384363533
76.8753874768 0.0386268577
76.8277571252 0.0388841513
76.7801857585 0.0391928124
76.7326732673 0.0395338848
76.6852195424 0.0398874034
76.6378244747 0.0402351905
76.5904879555 0.0405633926
76.5432098765 0.0408629686
76.4959901295 0.0411301593
76.4488286067 0.0413661948
76.4017252002 0.0415765823
76.3546798030 0.0417693712
76.3076923077 0.0419536577
76.2607626076 0.0421375456
76.2138905962 0.0423260310
76.1670761671 0.0425186942
76.1203192142 0.0427085044
76.0736196319 0.0428821088
76.0269773145 0.0430208051
75.9803921569 0.0431049594
75.9338640539 0.0431165519
75.8873929009 0.0430430552
75.8409785933 0.0428796786
75.7946210269 0.0426306603
75.7483200977 0.0423084580
75.7020757021 0.0419323002
75.6558877364 0.0415249766
75.6097560976 0.0411107572
75.5636806825 0.0407108395
75.5176613886 0.0403421879
75.4716981132 0.0400152921
75.4257907543 0.0397332656
75.3799392097 0.0394925697
75.3341433779 0.0392841536
75.2884031573 0.0390963653
75.2427184466 0.0389182626
75.1970891449 0.0387420226
75.1515151515 0.0385640348
75.1059963658 0.0383844775
75.0605326877 0.0382063286
75.0151240169 0.0380336338
74.9697702539 0.0378706245
74.9244712991 0.0377203503
74.8792270531 0.0375836000
74.8340374170 0.0374593396
74.7889022919 0.0373450207
74.7438215793 0.0372399910
74.6987951807 0.0371473645
74.6538229982 0.0370749621
74.6089049338 0.0370345162
74.5640408900 0.0370385460
74.5192307692 0.0370972899
74.4744744745 0.0372159518
74.4297719088 0.0373940276
74.3851229754 0.0376270089
74.3405275779 0.0379080684
74.2959856201 0.0382303717
74.2514970060 0.0385866157
74.2070616397 0.0389679084
74.1626794258 0.0393619729
74.1183502690 0.0397524952
74.0740740741 0.0401202708
74.0298507463 0.0404448079
73.9856801909 0.0407081110
73.9415623137 0.0408972230
73.8974970203 0.0410073482
73.8534842168 0.0410434969
73.8095238095 0.0410208126
73.7656157049 0.0409621440
73.7217598098 0.0408944346
73.6779560309 0.0408436329
73.6342042755 0.0408310486
73.5905044510 0.0408702894
73.5468564650 0.0409660438
73.5032602253 0.0411149596
73.4597156398 0.0413081161
73.4162226169 0.0415338538
73.3727810651 0.0417815934
73.3293908930 0.0420428921
73.2860520095 0.0423120906
73.2427643237 0.0425844105
73.1995277450 0.0428545291
73.1563421829 0.0431137057
73.1132075472 0.0433495998
73.0701237478 0.0435454930
73.0270906949 0.0436826492
72.9841082990 0.0437423747
72.9411764706 0.0437100659
72.8982951205 0.0435780011
72.8554641598 0.0433477259
72.8126834997 0.0430292556
72.7699530516 0.0426395009
72.7272727273 0.0422004989
72.6846424385 0.0417358737
72.6420620972 0.0412693559
72.5995316159 0.0408229382
72.5570509070 0.0404149255
72.5146198830 0.0400587278
72.4722384570 0.0397612492
72.4299065421 0.0395227645
72.3876240514 0.0393373293
72.3453908985 0.0391940079
72.3032069971 0.0390785630
72.2610722611 0.0389752627
72.2189866045 0.0388681474
72.1769499418 0.0387434353
72.1349621873 0.0385897582
72.0930232558 0.0384007310
72.0511330622 0.0381748218
72.0092915215 0.0379152742
71.9674985490 0.0376294502
71.9257540603 0.0373270613
71.8840579710 0.0370176133
71.8424101970 0.0367082242
71.8008106543 0.0364028682
71.7592592593 0.0361013461
71.7177559283 0.0358005068
71.6763005780 0.0354963403
71.6348931254 0.0351858688
71.5935334873 0.0348689421
71.5522215811 0.0345480701
71.5109573241 0.0342280358
71.4697406340 0.0339141578
71.4285714286 0.0336108769
71.3874496258 0.0333209207
71.3463751438 0.0330454258
71.3053479011 0.0327840959
71.2643678161 0.0325368399
71.2234348076 0.0323040278
71.1825487945 0.0320870559
71.1417096959 0.0318889926
71.1009174312 0.0317138930
71.0601719198 0.0315670292
71.0194730813 0.0314543363
70.9788208357 0.0313820142
70.9382151030 0.0313554431
70.8976558033 0.0313781008
70.8571428571 0.0314501241
70.8166761850 0.0315671550
70.7762557078 0.0317201827
70.7358813463 0.0318964136
70.6955530217 0.0320801981
70.6552706553 0.0322557296
70.6150341686 0.0324085471
70.5748434832 0.0325275540
70.5346985210 0.0326050649
70.4945992041 0.0326378576
70.4545454545 0.0326266382
70.4145371948 0.0325760109
70.3745743473 0.0324942124
70.3346568349 0.0323914582
70.2947845805 0.0322787639
70.2549575071 0.0321660757
70.2151755379 0.0320603810
70.1754385965 0.0319658758
70.1357466063 0.0318844915
70.0960994912 0.0318172229
70.0564971751 0.0317667113
70.0169395822 0.0317372975
69.9774266366 0.0317347031
69.9379582628 0.0317646655
69.8985343856 0.0318304252
69.8591549296 0.0319300078
69.8198198198 0.0320553780
69.7805289814 0.0321925040
69.7412823397 0.0323240232
69.7020798201 0.0324328408
69.6629213483 0.0325064936
69.6238068501 0.0325392190
69.5847362514 0.0325332768
69.5457094784 0.0324977310
69.5067264574 0.0324457524
69.4677871148 0.0323916545
69.4288913774 0.0323490921
69.3900391718 0.0323287090
69.3512304251 0.0323386455
69.3124650643 0.0323842555
69.2737430168 0.0324683056
69.2350642099 0.0325908287
69.1964285714 0.0327480143
69.1578360290 0.0329322689
69.1192865106 0.0331316589
69.0807799443 0.0333309836
69.0423162584 0.0335133993
69.0038953812 0.0336631554
68.9655172414 0.0337676992
68.9271817676 0.0338200087
68.8888888889 0.0338197906
68.8506385341 0.0337723654
68.8124306326 0.0336873185
68.7742651137 0.0335761532
68.7361419069 0.0334498505
68.6980609418 0.0333174309
68.6600221484 0.0331845858
68.6220254566 0.0330541696
68.5840707965 0.0329263141
68.5461580984 0.0327995037
68.5082872928 0.0326714393
68.4704583103 0.0325396943
68.4326710817 0.0324017120
68.3949255378 0.0322547227
68.3572216097 0.0320958940
68.3195592287 0.0319225576
68.2819383260 0.0317334939
68.2443588332 0.0315288053
68.2068206821 0.0313107664
68.1693238043 0.0310822914
68.1318681319 0.0308460951
68.0944535969 0.0306045152
68.0570801317 0.0303586756
68.0197476687 0.0301102461
67.9824561404 0.0298623213
67.9452054795 0.0296202348
67.9079956188 0.0293919080
67.8708264915 0.0291863386
67.8336980306 0.0290116248
67.7966101695 0.0288734664
67.7595628415 0.0287723845
67.7225559803 0.0287040601
67.6855895197 0.0286591281
67.6486633933 0.0286245637
67.6117775354 0.0285868364
67.5749318801 0.0285339404
67.5381263617 0.0284574511
67.5013609145 0.0283536123
67.4646354733 0.0282232945
67.4279499728 0.0280705112
67.3913043478 0.0279014899
67.3546985334 0.0277233641
67.3181324647 0.0275435780
67.2816060770 0.0273690094
67.2451193059 0.0272070056
67.2086720867 0.0270646965
67.1722643554 0.0269498564
67.1358960476 0.0268706282
67.0995670996 0.0268340855
67.0632774473 0.0268451403
67.0270270270 0.0269043963
66.9908157753 0.0270071517
66.9546436285 0.0271427713
66.9185105235 0.0272962939
66.8824163970 0.0274515299
66.8463611860 0.0275938715
66.8103448276 0.0277130864
66.7743672590 0.0278051581
66.7384284177 0.0278713234
66.7025282410 0.0279174936
66.6666666667 0.0279522539
66.6308436325 0.0279843053
66.5950590763 0.0280216655
66.5593129361 0.0280697155
66.5236051502 0.0281308403
66.4879356568 0.0282046390
66.4523043944 0.0282878046
66.4167113016 0.0283754962
66.3811563169 0.0284618464
66.3456393793 0.0285412121
66.3101604278 0.0286079123
66.2747194014 0.0286570941
66.2393162393 0.0286844541
66.2039508809 0.0286880136
66.1686232657 0.0286679808
66.1333333333 0.0286281552
66.0980810235 0.0285751787
66.0628662760 0.0285181970
66.0276890309 0.0284667687
65.9925492283 0.0284300957
65.9574468085 0.0284149254
65.9223817119 0.0284252829
65.8873538789 0.0284619827
65.8523632501 0.0285234336
65.8174097665 0.0286054399
65.7824933687 0.0287024631
65.7476139979 0.0288077179
65.7127715951 0.0289138912
65.6779661017 0.0290138921
65.6431974590 0.0291009484
65.6084656085 0.0291692303
65.5737704918 0.0292140589
65.5391120507 0.0292321903
65.5044902272 0.0292212640
65.4699049630 0.0291805024
65.4353562005 0.0291097519
65.4008438819 0.0290094630
65.3663679494 0.0288807454
65.3319283456 0.0287259788
65.2975250132 0.0285494241
65.2631578947 0.0283571453
65.2288269332 0.0281567664
65.1945320715 0.0279563092
65.1602732528 0.0277628910
65.1260504202 0.0275821069
65.0918635171 0.0274179316
65.0577124869 0.0272725368
65.0235972732 0.0271466275
64.9895178197 0.0270398384
64.9554740702 0.0269502393
64.9214659686 0.0268749252
64.8874934589 0.0268098232
64.8535564854 0.0267501393
64.8196549922 0.0266911624
64.7857889237 0.0266279254
64.7519582245 0.0265566270
64.7181628392 0.0264745999
64.6844027126 0.0263810812
64.6506777894 0.0262773227
64.6169880146 0.0261657290
64.5833333333 0.0260496964
64.5497136908 0.0259325599
64.5161290323 0.0258169849
64.4825793032 0.0257042083
64.4490644491 0.0255941951
64.4155844156 0.0254855694
64.3821391485 0.0253759309
64.3487285937 0.0252624382
64.3153526971 0.0251426569
64.2820114049 0.0250155578
64.2487046632 0.0248817473
64.2154324184 0.0247433914
64.1821946170 0.0246040253
64.1489912054 0.0244679734
64.1158221303 0.0243402564
64.0826873385 0.0242252729
64.0495867769 0.0241270589
64.0165203924 0.0240481864
63.9834881321 0.0239897995
63.9504899433 0.0239508550
63.9175257732 0.0239286171
63.8845955693 0.0239182892
63.8516992791 0.0239145843
63.8188368502 0.0239118056
63.7860082305 0.0239052499
63.7532133676 0.0238914328
63.7204522097 0.0238679366
63.6877247047 0.0238330111
63.6550308008 0.0237852878
63.6223704464 0.0237232116
63.5897435897 0.0236451356
63.5571501794 0.0235501398
63.5245901639 0.0234385059
63.4920634921 0.0233123111
63.4595701126 0.0231757644
63.4271099744 0.0230348642
63.3946830266 0.0228961537
63.3622892182 0.0227662568
63.3299284985 0.0226500612
63.2976008167 0.0225508234
63.2653061224 0.0224686841
63.2330443651 0.0224014206
63.2008154944 0.0223449609
63.1686194600 0.0222942622
63.1364562118 0.0222446869
63.1043256997 0.0221930179
63.0722278739 0.0221376668
63.0401626843 0.0220789886
63.0081300813 0.0220183253
62.9761300152 0.0219579090
62.9441624365 0.0218998639
62.9122272958 0.0218458022
62.8803245436 0.0217962384
62.8484541308 0.0217505943
62.8166160081 0.0217071387
62.7848101266 0.0216642935
62.7530364372 0.0216204679
62.7212948912 0.0215747171
62.6895854398 0.0215267041
62.6579080344 0.0214762047
62.6262626263 0.0214224775
62.5946491671 0.0213643955
62.5630676085 0.0213002799
62.5315179022 0.0212285673
62.5000000000 0.0211482907
62.4685138539 0.0210589227
62.4370594159 0.0209605378
62.4056366381 0.0208531741
62.3742454728 0.0207364412
62.3428858723 0.0206096925
62.3115577889 0.0204719454
62.2802611753 0.0203220504
62.2489959839 0.0201598593
62.2177621676 0.0199853624
62.1865596790 0.0197992757
62.1553884712 0.0196027743
62.1242484970 0.0193973392
62.0931397096 0.0191848854
62.0620620621 0.0189677856
62.0310155078 0.0187486231
62.0000000000 0.0185300764
