124000.0000000000 99.1940447143
62000.0000000000 96.8522609820
41333.3333333333 93.1856193255
31000.0000000000 88.4951052227
24800.0000000000 83.1158849542
20666.6666666667 77.3676593242
17714.2857142857 71.5215581999
15500.0000000000 65.7854375637
13777.7777777778 60.3036624086
12400.0000000000 55.1655082030
11272.7272727273 50.4170284673
10333.3333333333 46.0729783711
9538.4615384615 42.1270544988
8857.1428571429 38.5598786869
8266.6666666667 35.3448061860
7750.0000000000 32.4519187783
7294.1176470588 29.8506284178
6888.8888888889 27.5112777413
6526.3157894737 25.4060480211
6200.0000000000 23.5094076615
5904.7619047619 21.7982673241
5636.3636363636 20.2519561694
5391.3043478261 18.8520954580
5166.6666666667 17.5824194930
4960.0000000000 16.4285749628
4769.2307692308 15.3779177080
4592.5925925926 14.4193181465
4428.5714285714 13.5429809226
4275.8620689655 12.7402812552
4133.3333333333 12.0036190592
4000.0000000000 11.3262896095
3875.0000000000 10.7023703050
3757.5757575758 10.1266216012
3647.0588235294 9.5944005656
3542.8571428571 9.1015861346
3444.4444444444 8.6445138236
3351.3513513514 8.2199193593
3263.1578947368 7.8248897532
3179.4871794872 7.4568205705
3100.0000000000 7.1133791706
3024.3902439024 6.7924724440
2952.3809523810 6.4922190128
2883.7209302326 6.2109246042
2818.1818181818 5.9470610453
2755.5555555556 5.6992474442
2695.6521739130 5.4662339624
2638.2978723404 5.2468876253
2583.3333333333 5.0401795697
2530.6122448980 4.8451741334
2480.0000000000 4.6610191673
2431.3725490196 4.4869372464
2384.6153846154 4.3222182113
2339.6226415094 4.1662124600
2296.2962962963 4.0183248374
2254.5454545455 3.8780094351
2214.2857142857 3.7447647830
2175.4385964912 3.6181297869
2137.9310344828 3.4976797144
2101.6949152542 3.3830230280
2066.6666666667 3.2737983683
2032.7868852459 3.1696717067
2000.0000000000 3.0703340830
1968.2539682540 2.9754992286
1937.5000000000 2.8849018500
1907.6923076923 2.7982956528
1878.7878787879 2.7154517695
1850.7462686567 2.6361574416
1823.5294117647 2.5602144600
1797.1014492754 2.4874382649
1771.4285714286 2.4176566389
1746.4788732394 2.3507088669
1722.2222222222 2.2864447912
1698.6301369863 2.2247238922
1675.6756756757 2.1654147790
1653.3333333333 2.1083942831
1631.5789473684 2.0535469866
1610.3896103896 2.0007646346
1589.7435897436 1.9499455140
1569.6202531646 1.9009940685
1550.0000000000 1.8538204951
1530.8641975309 1.8083402465
1512.1951219512 1.7644737381
1493.9759036145 1.7221459251
1476.1904761905 1.6812861523
1458.8235294118 1.6418276291
1441.8604651163 1.6037073531
1425.2873563218 1.5668658535
1409.0909090909 1.5312467928
1393.2584269663 1.4967970390
1377.7777777778 1.4634661491
1362.6373626374 1.4312064382
1347.8260869565 1.3999727300
1333.3333333333 1.3697221609
1319.1489361702 1.3404140707
1305.2631578947 1.3120098691
1291.6666666667 1.2844729396
1278.3505154639 1.2577685013
1265.3061224490 1.2318634532
1252.5252525253 1.2067263083
1240.0000000000 1.1823271515
1227.7227722772 1.1586374772
1215.6862745098 1.1356301664
1203.8834951456 1.1132793263
1192.3076923077 1.0915603102
1180.9523809524 1.0704496213
1169.8113207547 1.0499248246
1158.8785046729 1.0299645162
1148.1481481481 1.0105482476
1137.6146788991 0.9916564454
1127.2727272727 0.9732705140
1117.1171171171 0.9553725958
1107.1428571429 0.9379455688
1097.3451327434 0.9209731561
1087.7192982456 0.9044397297
1078.2608695652 0.8883302582
1068.9655172414 0.8726304802
1059.8290598291 0.8573266401
1050.8474576271 0.8424055204
1042.0168067227 0.8278545479
1033.3333333333 0.8136615958
1024.7933884298 0.7998150481
1016.3934426230 0.7863037498
1008.1300813008 0.7731169515
1000.0000000000 0.7602444216
992.0000000000 0.7476762165
984.1269841270 0.7354028796
976.3779527559 0.7234152818
968.7500000000 0.7117046281
961.2403100775 0.7002624485
953.8461538462 0.6890806370
946.5648854962 0.6781513396
939.3939393939 0.6674670517
932.3308270677 0.6570205047
925.3731343284 0.6468047360
918.5185185185 0.6368129721
911.7647058824 0.6270387309
905.1094890511 0.6174757390
898.5507246377 0.6081179919
892.0863309353 0.5989596444
885.7142857143 0.5899950696
879.4326241135 0.5812188852
873.2394366197 0.5726257959
867.1328671329 0.5642108054
861.1111111111 0.5559690171
855.1724137931 0.5478957058
849.3150684932 0.5399862891
843.5374149660 0.5322364104
837.8378378378 0.5246417930
832.2147651007 0.5171983225
826.6666666667 0.5099020141
821.1920529801 0.5027490156
815.7894736842 0.4957355855
810.4575163399 0.4888581544
805.1948051948 0.4821132003
800.0000000000 0.4754973829
794.8717948718 0.4690073774
789.8089171975 0.4626400190
784.8101265823 0.4563922718
779.8742138365 0.4502611193
775.0000000000 0.4442437187
770.1863354037 0.4383372537
765.4320987654 0.4325390481
760.7361963190 0.4268463906
756.0975609756 0.4212568216
751.5151515152 0.4157678146
746.9879518072 0.4103769970
742.5149700599 0.4050820332
738.0952380952 0.3998806409
733.7278106509 0.3947706595
729.4117647059 0.3897499393
725.1461988304 0.3848163913
720.9302325581 0.3799680867
716.7630057803 0.3752029673
712.6436781609 0.3705192253
708.5714285714 0.3659149649
704.5454545455 0.3613884205
700.5649717514 0.3569378608
696.6292134831 0.3525615809
692.7374301676 0.3482579038
688.8888888889 0.3440252657
685.0828729282 0.3398620900
681.3186813187 0.3357669178
677.5956284153 0.3317382058
673.9130434783 0.3277745288
670.2702702703 0.3238745350
666.6666666667 0.3200368008
663.1016042781 0.3162600918
659.5744680851 0.3125430647
656.0846560847 0.3088844625
652.6315789474 0.3052830635
649.2146596859 0.3017376972
645.8333333333 0.2982471994
642.4870466321 0.2948104527
639.1752577320 0.2914263498
635.8974358974 0.2880937947
632.6530612245 0.2848117757
629.4416243655 0.2815792253
626.2626262626 0.2783952300
623.1155778894 0.2752587484
620.0000000000 0.2721688627
616.9154228856 0.2691246692
613.8613861386 0.2661252489
610.8374384236 0.2631696922
607.8431372549 0.2602572230
604.8780487805 0.2573869362
601.9417475728 0.2545580479
599.0338164251 0.2517697679
596.1538461538 0.2490213179
593.3014354067 0.2463119034
590.4761904762 0.2436408640
587.6777251185 0.2410073750
584.9056603774 0.2384108167
582.1596244131 0.2358504447
579.4392523364 0.2333256449
576.7441860465 0.2308356832
574.0740740741 0.2283799581
571.4285714286 0.2259578484
568.8073394495 0.2235687667
566.2100456621 0.2212120336
563.6363636364 0.2188871037
561.0859728507 0.2165934596
558.5585585586 0.2143304254
556.0538116592 0.2120975673
553.5714285714 0.2098942638
551.1111111111 0.2077200582
548.6725663717 0.2055743800
546.2555066079 0.2034567557
543.8596491228 0.2013667372
541.4847161572 0.1993037632
539.1304347826 0.1972674019
536.7965367965 0.1952572158
534.4827586207 0.1932726901
532.1888412017 0.1913134755
529.9145299145 0.1893790754
527.6595744681 0.1874690919
525.4237288136 0.1855831195
523.2067510549 0.1837207437
521.0084033613 0.1818815819
518.8284518828 0.1800652070
516.6666666667 0.1782712554
514.5228215768 0.1764993975
512.3966942149 0.1747492190
510.2880658436 0.1730204103
508.1967213115 0.1713125853
506.1224489796 0.1696253878
504.0650406504 0.1679585214
502.0242914980 0.1663116570
500.0000000000 0.1646844529
497.9919678715 0.1630765664
496.0000000000 0.1614877533
494.0239043825 0.1599176606
492.0634920635 0.1583660356
490.1185770751 0.1568325483
488.1889763780 0.1553169022
486.2745098039 0.1538188659
484.3750000000 0.1523380972
482.4902723735 0.1508744251
480.6201550388 0.1494274989
478.7644787645 0.1479970713
476.9230769231 0.1465829247
475.0957854406 0.1451847672
473.2824427481 0.1438024073
471.4828897338 0.1424355456
469.6969696970 0.1410839871
467.9245283019 0.1397474918
466.1654135338 0.1384258237
464.4194756554 0.1371187723
462.6865671642 0.1358260913
460.9665427509 0.1345476024
459.2592592593 0.1332830530
457.5645756458 0.1320322909
455.8823529412 0.1307950926
454.2124542125 0.1295712327
452.5547445255 0.1283605166
450.9090909091 0.1271627808
449.2753623188 0.1259778251
447.6534296029 0.1248054481
446.0431654676 0.1236454783
444.4444444444 0.1224977784
442.8571428571 0.1213621025
441.2811387900 0.1202383086
439.7163120567 0.1191262142
438.1625441696 0.1180256748
436.6197183099 0.1169365368
435.0877192982 0.1158585813
433.5664335664 0.1147916871
432.0557491289 0.1137357331
430.5555555556 0.1126904910
429.0657439446 0.1116558688
427.5862068966 0.1106317041
426.1168384880 0.1096178337
424.6575342466 0.1086141246
423.2081911263 0.1076204430
421.7687074830 0.1066366534
420.3389830508 0.1056626185
418.9189189189 0.1046981657
417.5084175084 0.1037432232
416.1073825503 0.1027976132
414.7157190635 0.1018612279
413.3333333333 0.1009339202
411.9601328904 0.1000156132
410.5960264901 0.0991061569
409.2409240924 0.0982054377
407.8947368421 0.0973133030
406.5573770492 0.0964297026
405.2287581699 0.0955544498
403.9087947883 0.0946874907
402.5974025974 0.0938286688
401.2944983819 0.0929779284
400.0000000000 0.0921351118
398.7138263666 0.0913001257
397.4358974359 0.0904728775
396.1661341853 0.0896532395
394.9044585987 0.0888411474
393.6507936508 0.0880364740
392.4050632911 0.0872391519
391.1671924290 0.0864490181
389.9371069182 0.0856660382
388.7147335423 0.0848901112
387.5000000000 0.0841211029
386.2928348910 0.0833589436
385.0931677019 0.0826035628
383.9009287926 0.0818548564
382.7160493827 0.0811127184
381.5384615385 0.0803770768
380.3680981595 0.0796478250
379.2048929664 0.0789249200
378.0487804878 0.0782082539
376.8996960486 0.0774977188
375.7575757576 0.0767932686
374.6223564955 0.0760947941
373.4939759036 0.0754022172
372.3723723724 0.0747154911
371.2574850299 0.0740345033
370.1492537313 0.0733591735
369.0476190476 0.0726894212
367.9525222552 0.0720251970
366.8639053254 0.0713663864
365.7817109145 0.0707129397
364.7058823529 0.0700647725
363.6363636364 0.0694218349
362.5730994152 0.0687839779
361.5160349854 0.0681512127
360.4651162791 0.0675234221
359.4202898551 0.0669005217
358.3815028902 0.0662824256
357.3487031700 0.0656691105
356.3218390805 0.0650604902
355.3008595989 0.0644564469
354.2857142857 0.0638569241
353.2763532764 0.0632618975
352.2727272727 0.0626712174
351.2747875354 0.0620848577
350.2824858757 0.0615026997
349.2957746479 0.0609247168
348.3146067416 0.0603508212
347.3389355742 0.0597808928
346.3687150838 0.0592149051
345.4038997214 0.0586527380
344.4444444444 0.0580943346
343.4903047091 0.0575396353
342.5414364641 0.0569885210
341.5977961433 0.0564409026
340.6593406593 0.0558967527
339.7260273973 0.0553559212
338.7978142077 0.0548183806
337.8746594005 0.0542840106
336.9565217391 0.0537527544
336.0433604336 0.0532245530
335.1351351351 0.0526992880
334.2318059299 0.0521769322
333.3333333333 0.0516574266
332.4396782842 0.0511407144
331.5508021390 0.0506267970
330.6666666667 0.0501156469
329.7872340426 0.0496073552
328.9124668435 0.0491019831
328.0423280423 0.0485997092
327.1767810026 0.0481008289
326.3157894737 0.0476056369
325.4593175853 0.0471147487
324.6073298429 0.0466288346
323.7597911227 0.0461488822
322.9166666667 0.0456761937
322.0779220779 0.0452123236
321.2435233161 0.0447591344
320.4134366925 0.0443188200
319.5876288660 0.0438935832
318.7660668380 0.0434854303
317.9487179487 0.0430957381
317.1355498721 0.0427248266
316.3265306122 0.0423716255
315.5216284987 0.0420337195
314.7208121827 0.0417078801
313.9240506329 0.0413907926
313.1313131313 0.0410798847
312.3425692695 0.0407736021
311.5577889447 0.0404713951
310.7769423559 0.0401729113
310.0000000000 0.0398776551
309.2269326683 0.0395844257
308.4577114428 0.0392914695
307.6923076923 0.0389965170
306.9306930693 0.0386971818
306.1728395062 0.0383909935
305.4187192118 0.0380757357
304.6683046683 0.0377496390
303.9215686275 0.0374117952
303.1784841076 0.0370621990
302.4390243902 0.0367016254
301.7031630170 0.0363314504
300.9708737864 0.0359532573
300.2421307506 0.0355685857
299.5169082126 0.0351790436
298.7951807229 0.0347861405
298.0769230769 0.0343913989
297.3621103118 0.0339964061
296.6507177033 0.0336026772
295.9427207637 0.0332116534
295.2380952381 0.0328245133
294.5368171021 0.0324421231
293.8388625592 0.0320649067
293.1442080378 0.0316928291
292.4528301887 0.0313254854
291.7647058824 0.0309624021
291.0798122066 0.0306033306
290.3981264637 0.0302483234
289.7196261682 0.0298980398
289.0442890443 0.0295534219
288.3720930233 0.0292157635
287.7030162413 0.0288864442
287.0370370370 0.0285669806
286.3741339492 0.0282591534
285.7142857143 0.0279652040
285.0574712644 0.0276877610
284.4036697248 0.0274297712
283.7528604119 0.0271937511
283.1050228311 0.0269810954
282.4601366743 0.0267909014
281.8181818182 0.0266193918
281.1791383220 0.0264597816
280.5429864253 0.0263031367
279.9097065463 0.0261400377
279.2792792793 0.0259623640
278.6516853933 0.0257647564
278.0269058296 0.0255452096
277.4049217002 0.0253048212
276.7857142857 0.0250469089
276.1692650334 0.0247760162
275.5555555556 0.0244969341
274.9445676275 0.0242140698
274.3362831858 0.0239309612
273.7306843267 0.0236500659
273.1277533040 0.0233729143
272.5274725275 0.0231002823
271.9298245614 0.0228324472
271.3347921225 0.0225694124
270.7423580786 0.0223106663
270.1525054466 0.0220549741
269.5652173913 0.0218003165
268.9804772234 0.0215438708
268.3982683983 0.0212826465
267.8185745140 0.0210139481
267.2413793103 0.0207360638
266.6666666667 0.0204484024
266.0944206009 0.0201514208
265.5246252677 0.0198463832
264.9572649573 0.0195349861
264.3923240938 0.0192190482
263.8297872340 0.0189004174
263.2696390658 0.0185808407
262.7118644068 0.0182619872
262.1564482030 0.0179454326
261.6033755274 0.0176327993
261.0526315789 0.0173257706
260.5042016807 0.0170261206
259.9580712788 0.0167358087
259.4142259414 0.0164570650
258.8726513570 0.0161923505
258.3333333333 0.0159444830
257.7962577963 0.0157165460
257.2614107884 0.0155117235
256.7287784679 0.0153327604
256.1983471074 0.0151814615
255.6701030928 0.0150579898
255.1440329218 0.0149603730
254.6201232033 0.0148846766
254.0983606557 0.0148255492
253.5787321063 0.0147771444
253.0612244898 0.0147341226
252.5458248473 0.0146921186
252.0325203252 0.0146478684
251.5212981744 0.0145991153
251.0121457490 0.0145442254
250.5050505051 0.0144819342
250.0000000000 0.0144112810
249.4969818913 0.0143313653
248.9959839357 0.0142414326
248.4969939880 0.0141410604
248.0000000000 0.0140302805
247.5049900200 0.0139098333
247.0119521912 0.0137809210
246.5208747515 0.0136446782
246.0317460317 0.0135016220
245.5445544554 0.0133510897
245.0592885375 0.0131913181
244.5759368836 0.0130196986
244.0944881890 0.0128337034
243.6149312377 0.0126315629
243.1372549020 0.0124128220
242.6614481409 0.0121783841
242.1875000000 0.0119302326
241.7153996101 0.0116711321
241.2451361868 0.0114040426
240.7766990291 0.0111318780
240.3100775194 0.0108573601
239.8452611219 0.0105830166
239.3822393822 0.0103110924
238.9210019268 0.0100437889
238.4615384615 0.0097832840
238.0038387716 0.0095318752
237.5478927203 0.0092920704
237.0936902486 0.0090666261
236.6412213740 0.0088584517
236.1904761905 0.0086705281
235.7414448669 0.0085055641
235.2941176471 0.0083655736
234.8484848485 0.0082513539
234.4045368620 0.0081621142
233.9622641509 0.0080954203
233.5216572505 0.0080474500
233.0827067669 0.0080138274
232.6454033771 0.0079903752
232.2097378277 0.0079739008
231.7757009346 0.0079624761
231.3432835821 0.0079552162
230.9124767225 0.0079517337
230.4832713755 0.0079511879
230.0556586271 0.0079515235
229.6296296296 0.0079489726
229.2051756007 0.0079383019
228.7822878229 0.0079138137
228.3609576427 0.0078702638
227.9411764706 0.0078038312
227.5229357798 0.0077125208
227.1062271062 0.0075962006
226.6910420475 0.0074564758
226.2773722628 0.0072964276
225.8652094718 0.0071202298
225.4545454545 0.0069326897
225.0453720508 0.0067387731
224.6376811594 0.0065431953
224.2314647378 0.0063499895
223.8267148014 0.0061624149
223.4234234234 0.0059829220
223.0215827338 0.0058133103
222.6211849192 0.0056550275
222.2222222222 0.0055094343
221.8246869410 0.0053779733
221.4285714286 0.0052619663
221.0338680927 0.0051623024
220.6405693950 0.0050787979
220.2486678508 0.0050096831
219.8581560284 0.0049515500
219.4690265487 0.0048995960
219.0812720848 0.0048484460
218.6948853616 0.0047929848
218.3098591549 0.0047291537
217.9261862917 0.0046543990
217.5438596491 0.0045678003
217.1628721541 0.0044700562
216.7832167832 0.0043632608
216.4048865620 0.0042504661
216.0278745645 0.0041352194
215.6521739130 0.0040212052
215.2777777778 0.0039119254
214.9046793761 0.0038106934
214.5328719723 0.0037204902
214.1623488774 0.0036439324
213.7931034483 0.0035828697
213.4251290878 0.0035379759
213.0584192440 0.0035083580
212.6929674099 0.0034913948
212.3287671233 0.0034829549
211.9658119658 0.0034780027
211.6040955631 0.0034714089
211.2436115843 0.0034588849
210.8843537415 0.0034375599
210.5263157895 0.0034063016
210.1694915254 0.0033654576
209.8138747885 0.0033162763
209.4594594595 0.0032601536
209.1062394604 0.0031982398
208.7542087542 0.0031314008
208.4033613445 0.0030606006
208.0536912752 0.0029872577
207.7051926298 0.0029135442
207.3578595318 0.0028421444
207.0116861436 0.0027757687
206.6666666667 0.0027164056
206.3227953411 0.0026645857
205.9800664452 0.0026189443
205.6384742952 0.0025762235
205.2980132450 0.0025319611
204.9586776860 0.0024814428
204.6204620462 0.0024209507
204.2833607908 0.0023484024
203.9473684211 0.0022635427
203.6124794745 0.0021675136
203.2786885246 0.0020623692
202.9459901800 0.0019505860
202.6143790850 0.0018348986
202.2838499184 0.0017181302
201.9543973941 0.0016032032
201.6260162602 0.0014929912
201.2987012987 0.0013902565
200.9724473258 0.0012975503
200.6472491909 0.0012171585
200.3231017771 0.0011510871
200.0000000000 0.0011010319
199.6779388084 0.0010683410
199.3569131833 0.0010538863
199.0369181380 0.0010578897
198.7179487179 0.0010797058
198.4000000000 0.0011176266
198.0830670927 0.0011687997
197.7671451356 0.0012293687
197.4522292994 0.0012949764
197.1383147854 0.0013614415
196.8253968254 0.0014254712
196.5134706815 0.0014850958
196.2025316456 0.0015397020
195.8925750395 0.0015897119
195.5835962145 0.0016360410
195.2755905512 0.0016797170
194.9685534591 0.0017215569
194.6624803768 0.0017619927
194.3573667712 0.0018008252
194.0532081377 0.0018370894
193.7500000000 0.0018689316
193.4477379095 0.0018938887
193.1464174455 0.0019092290
192.8460342146 0.0019124503
192.5465838509 0.0019016716
192.2480620155 0.0018760065
191.9504643963 0.0018358873
191.6537867079 0.0017833529
191.3580246914 0.0017219753
191.0631741140 0.0016563899
190.7692307692 0.0015915440
190.4761904762 0.0015317774
190.1840490798 0.0014802104
189.8928024502 0.0014384641
189.6024464832 0.0014068516
189.3129770992 0.0013850058
189.0243902439 0.0013725215
188.7366818874 0.0013695592
188.4498480243 0.0013770773
188.1638846737 0.0013967547
187.8787878788 0.0014306218
187.5945537065 0.0014806003
187.3111782477 0.0015481854
187.0286576169 0.0016341353
186.7469879518 0.0017382334
186.4661654135 0.0018592160
186.1861861862 0.0019947160
185.9070464768 0.0021414171
185.6287425150 0.0022952657
185.3512705531 0.0024517773
185.0746268657 0.0026063456
184.7988077496 0.0027545088
184.5238095238 0.0028923145
184.2496285290 0.0030167076
183.9762611276 0.0031259191
183.7037037037 0.0032197979
183.4319526627 0.0032998719
183.1610044313 0.0033691361
182.8908554572 0.0034314940
182.6215022091 0.0034911168
182.3529411765 0.0035518335
182.0851688693 0.0036167347
181.8181818182 0.0036880740
181.5519765739 0.0037669232
181.2865497076 0.0038530407
181.0218978102 0.0039450378
180.7580174927 0.0040409033
180.4949053857 0.0041391501
180.2325581395 0.0042399090
179.9709724238 0.0043454181
179.7101449275 0.0044595131
179.4500723589 0.0045864219
179.1907514451 0.0047294657
178.9321789322 0.0048904043
178.6743515850 0.0050696419
178.4172661871 0.0052669891
178.1609195402 0.0054829913
177.9053084648 0.0057197682
177.6504297994 0.0059818069
177.3962804006 0.0062756396
177.1428571429 0.0066092635
176.8901569187 0.0069907497
176.6381766382 0.0074267151
176.3869132290 0.0079211646
176.1363636364 0.0084745174
175.8865248227 0.0090832648
175.6373937677 0.0097399597
175.3889674682 0.0104338135
175.1412429379 0.0111516746
174.8942172073 0.0118799321
174.6478873239 0.0126064393
174.4022503516 0.0133226032
174.1573033708 0.0140237957
173.9130434783 0.0147086600
173.6694677871 0.0153771182
173.4265734266 0.0160280314
173.1843575419 0.0166575394
172.9428172943 0.0172586368
172.7019498607 0.0178215213
172.4617524339 0.0183347625
172.2222222222 0.0187870535
171.9833564494 0.0191693195
171.7451523546 0.0194764187
171.5076071923 0.0197083755
171.2707182320 0.0198708334
171.0344827586 0.0199755520
170.7988980716 0.0200407857
170.5639614856 0.0200910530
170.3296703297 0.0201552116
170.0960219479 0.0202625368
169.8630136986 0.0204381292
169.6306429549 0.0206996135
169.3989071038 0.0210567919
169.1678035471 0.0215140623
168.9373297003 0.0220733162
168.7074829932 0.0227353627
168.4782608696 0.0234977451
168.2496607870 0.0243501960
168.0216802168 0.0252694389
167.7943166441 0.0262151580
167.5675675676 0.0271293929
167.3414304993 0.0279399200
167.1159029650 0.0285681789
166.8909825034 0.0289417684
166.6666666667 0.0290097353
166.4429530201 0.0287570852
166.2198391421 0.0282127679
165.9973226238 0.0274472239
165.7754010695 0.0265587909
165.5540720961 0.0256540358
165.3333333333 0.0248282734
165.1131824234 0.0241519277
164.8936170213 0.0236647947
164.6746347942 0.0233777291
164.4562334218 0.0232788183
164.2384105960 0.0233412461
164.0211640212 0.0235303381
163.8044914135 0.0238084069
163.5883905013 0.0241367980
163.3728590250 0.0244763396
163.1578947368 0.0247880281
162.9434954008 0.0250351314
162.7296587927 0.0251871888
162.5163826999 0.0252252521
162.3036649215 0.0251465081
162.0915032680 0.0249651398
161.8798955614 0.0247095029
161.6688396349 0.0244162758
161.4583333333 0.0241253457
161.2483745124 0.0238768631
161.0389610390 0.0237107790
160.8300907912 0.0236668327
160.6217616580 0.0237824651
160.4139715395 0.0240879070
160.2067183463 0.0246005025
160.0000000000 0.0253192220
159.7938144330 0.0262214528
159.5881595882 0.0272627346
159.3830334190 0.0283792992
159.1784338896 0.0294934230
158.9743589744 0.0305220214
158.7708066581 0.0313876736
158.5677749361 0.0320309024
158.3652618135 0.0324214799
158.1632653061 0.0325655299
157.9617834395 0.0325061000
157.7608142494 0.0323158792
157.5603557814 0.0320841855
157.3604060914 0.0319007772
157.1609632446 0.0318414107
156.9620253165 0.0319580051
156.7635903919 0.0322760429
156.5656565657 0.0327972831
156.3682219420 0.0335056162
156.1712846348 0.0343731186
155.9748427673 0.0353637899
155.7788944724 0.0364358148
155.5834378921 0.0375434184
155.3884711779 0.0386394548
155.1939924906 0.0396797125
155.0000000000 0.0406260273
154.8064918851 0.0414477179
154.6134663342 0.0421210535
154.4209215442 0.0426276187
154.2288557214 0.0429525089
154.0372670807 0.0430825815
153.8461538462 0.0430073228
153.6555142503 0.0427231022
153.4653465347 0.0422407707
153.2756489493 0.0415939825
153.0864197531 0.0408427570
152.8976572133 0.0400695934
152.7093596059 0.0393685270
152.5215252153 0.0388300161
152.3341523342 0.0385263009
152.1472392638 0.0385005914
151.9607843137 0.0387623329
151.7747858017 0.0392887378
151.5892420538 0.0400308568
151.4041514042 0.0409215005
151.2195121951 0.0418822121
151.0353227771 0.0428282902
150.8515815085 0.0436721904
150.6682867558 0.0443273130
150.4854368932 0.0447151185
150.3030303030 0.0447757492
150.1210653753 0.0444823633
149.9395405079 0.0438520140
149.7584541063 0.0429491332
149.5778045838 0.0418776230
149.3975903614 0.0407634069
149.2178098676 0.0397350194
149.0384615385 0.0389054810
148.8595438175 0.0383592724
148.6810551559 0.0381442313
148.5029940120 0.0382668333
148.3253588517 0.0386913236
148.1481481481 0.0393426725
147.9713603819 0.0401144238
147.7949940405 0.0408813722
147.6190476190 0.0415172282
147.4435196195 0.0419150582
147.2684085511 0.0420067995
147.0937129300 0.0417774090
146.9194312796 0.0412689917
146.7455621302 0.0405717980
146.5721040189 0.0398048673
146.3990554900 0.0390914157
146.2264150943 0.0385368841
146.0541813899 0.0382159167
145.8823529412 0.0381699050
145.7109283196 0.0384133269
145.5399061033 0.0389441374
145.3692848769 0.0397540745
145.1990632319 0.0408335856
145.0292397661 0.0421736351
144.8598130841 0.0437639032
144.6907817970 0.0455928133
144.5221445221 0.0476482552
144.3538998836 0.0499181607
144.1860465116 0.0523883812
144.0185830430 0.0550369281
143.8515081206 0.0578269504
143.6848203940 0.0607017996
143.5185185185 0.0635838856
143.3526011561 0.0663783528
143.1870669746 0.0689805189
143.0219146482 0.0712862823
142.8571428571 0.0732022070
142.6927502877 0.0746569362
142.5287356322 0.0756100005
142.3650975890 0.0760586659
142.2018348624 0.0760380765
142.0389461627 0.0756135306
141.8764302059 0.0748655323
141.7142857143 0.0738720450
141.5525114155 0.0726951745
141.3911060433 0.0713754001
141.2300683371 0.0699366024
141.0693970421 0.0683977651
140.9090909091 0.0667845318
140.7491486947 0.0651353831
140.5895691610 0.0635013480
140.4303510759 0.0619387038
140.2714932127 0.0604987156
140.1129943503 0.0592169381
139.9548532731 0.0581058577
139.7970687711 0.0571556805
139.6396396396 0.0563445194
139.4825646794 0.0556556233
139.3258426966 0.0550941324
139.1694725028 0.0546966974
139.0134529148 0.0545298476
138.8577827548 0.0546784696
138.7024608501 0.0552291575
138.5474860335 0.0562548272
138.3928571429 0.0578036182
138.2385730212 0.0598939034
138.0846325167 0.0625123944
137.9310344828 0.0656135817
137.7777777778 0.0691166674
137.6248612653 0.0729035375
137.4722838137 0.0768182625
137.3200442968 0.0806744183
137.1681415929 0.0842711501
137.0165745856 0.0874189243
136.8653421634 0.0899675708
136.7144432194 0.0918285412
136.5638766520 0.0929816653
136.4136413641 0.0934663165
136.2637362637 0.0933603969
136.1141602634 0.0927595134
135.9649122807 0.0917613765
135.8159912377 0.0904562755
135.6673960613 0.0889239469
135.5191256831 0.0872344023
135.3711790393 0.0854535911
135.2235550709 0.0836528523
135.0762527233 0.0819186899
134.9292709467 0.0803577680
134.7826086957 0.0790944988
134.6362649294 0.0782613423
134.4902386117 0.0779829383
134.3445287107 0.0783604891
134.1991341991 0.0794573369
134.0540540541 0.0812893037
133.9092872570 0.0838201413
133.7648327940 0.0869615275
133.6206896552 0.0905805909
133.4768568353 0.0945124775
133.3333333333 0.0985819277
133.1901181525 0.1026288210
133.0472103004 0.1065359692
132.9046087889 0.1102517997
132.7623126338 0.1137971540
132.6203208556 0.1172556858
132.4786324786 0.1207469498
132.3372465315 0.1243896867
132.1961620469 0.1282673701
132.0553780618 0.1324001519
131.9148936170 0.1367306336
131.7747077577 0.1411226417
131.6348195329 0.1453720349
131.4952279958 0.1492263964
131.3559322034 0.1524154016
131.2169312169 0.1546882749
131.0782241015 0.1558593935
130.9398099261 0.1558501585
130.8016877637 0.1547129180
130.6638566913 0.1526247843
130.5263157895 0.1498503280
130.3890641430 0.1466858678
130.2521008403 0.1434028428
130.1154249738 0.1402062353
129.9790356394 0.1372170962
129.8429319372 0.1344763465
129.7071129707 0.1319653743
129.5715778474 0.1296328685
129.4363256785 0.1274205980
129.3013555787 0.1252823304
129.1666666667 0.1231958507
129.0322580645 0.1211674015
128.8981288981 0.1192274939
128.7642782970 0.1174192629
128.6307053942 0.1157849255
128.4974093264 0.1143580209
128.3643892340 0.1131664224
128.2316442606 0.1122461009
128.0991735537 0.1116594116
127.9669762642 0.1115049806
127.8350515464 0.1119133740
127.7033985582 0.1130270480
127.5720164609 0.1149759125
127.4409044193 0.1178564403
127.3100616016 0.1217235604
127.1794871795 0.1265895909
127.0491803279 0.1324252745
126.9191402252 0.1391547153
126.7893660532 0.1466445669
126.6598569969 0.1546945282
126.5306122449 0.1630373620
126.4016309888 0.1713530762
126.2729124236 0.1792952525
126.1444557477 0.1865277869
126.0162601626 0.1927632622
125.8883248731 0.1978011028
125.7606490872 0.2015594076
125.6332320162 0.2040928830
125.5060728745 0.2055858188
125.3791708797 0.2063198404
125.2525252525 0.2066184459
125.1261352170 0.2067867410
125.0000000000 0.2070616358
124.8741188318 0.2075856970
124.7484909457 0.2084035929
124.6231155779 0.2094818348
124.4979919679 0.2107390253
124.3731193581 0.2120813305
124.2484969940 0.2134318637
124.1241241241 0.2147444392
124.0000000000 0.2159998508
123.8761238761 0.2171905321
123.7524950100 0.2183020175
123.6291126620 0.2193001739
123.5059760956 0.2201298221
123.3830845771 0.2207239530
123.2604373757 0.2210231667
123.1380337637 0.2209942938
123.0158730159 0.2206422693
122.8939544103 0.2200081017
122.7722772277 0.2191559319
122.6508407517 0.2181583114
122.5296442688 0.2170843502
122.4086870681 0.2159912472
122.2879684418 0.2149186749
122.1674876847 0.2138843170
122.0472440945 0.2128845117
121.9272369715 0.2119004999
121.8074656189 0.2109087480
121.6879293425 0.2098958613
121.5686274510 0.2088708902
121.4495592556 0.2078740526
121.3307240705 0.2069720809
121.2121212121 0.2062418792
121.0937500000 0.2057435582
120.9756097561 0.2054895718
120.8576998051 0.2054205997
120.7400194742 0.2053985177
120.6225680934 0.2052260377
120.5053449951 0.2046933461
120.3883495146 0.2036328954
120.2715809893 0.2019649769
120.1550387597 0.1997148940
120.0387221684 0.1970007855
119.9226305609 0.1939973540
119.8067632850 0.1908866956
119.6911196911 0.1878056477
119.5756991321 0.1848051540
119.4605009634 0.1818326726
119.3455245428 0.1787512124
119.2307692308 0.1753903712
119.1162343900 0.1716166842
119.0019193858 0.1673953130
118.8878235858 0.1628212944
118.7739463602 0.1581107174
118.6602870813 0.1535594960
118.5468451243 0.1494842479
118.4336198663 0.1461653864
118.3206106870 0.1437997703
118.2078169685 0.1424710701
118.0952380952 0.1421365900
117.9828734539 0.1426296262
117.8707224335 0.1436796354
117.7587844255 0.1449480551
117.6470588235 0.1460800361
117.5355450237 0.1467642331
117.4242424242 0.1467892801
117.3131504257 0.1460785911
117.2022684310 0.1446944525
117.0915958451 0.1428107668
116.9811320755 0.1406689971
116.8708765316 0.1385300946
116.7608286252 0.1366345223
116.6509877705 0.1351724783
116.5413533835 0.1342668470
116.4319248826 0.1339655747
116.3227016886 0.1342478806
116.2136832240 0.1350386651
116.1048689139 0.1362289936
115.9962581852 0.1376912629
115.8878504673 0.1392876145
115.7796451914 0.1408774026
115.6716417910 0.1423320422
115.5638397018 0.1435650170
115.4562383613 0.1445668996
115.3488372093 0.1454244462
115.2416356877 0.1463116399
115.1346332405 0.1474473532
115.0278293135 0.1490384695
114.9212233550 0.1512271984
114.8148148148 0.1540580734
114.7086031452 0.1574715362
114.6025878004 0.1613199462
114.4967682364 0.1653987558
114.3911439114 0.1694830803
114.2857142857 0.1733610792
114.1804788214 0.1768610637
114.0754369825 0.1798674376
113.9705882353 0.1823218855
113.8659320478 0.1842093126
113.7614678899 0.1855321574
113.6571952337 0.1862832303
113.5531135531 0.1864330612
113.4492223239 0.1859380836
113.3455210238 0.1847643312
113.2420091324 0.1829175839
113.1386861314 0.1804613527
113.0355515041 0.1775157991
112.9326047359 0.1742328598
112.8298453139 0.1707580983
112.7272727273 0.1671943581
112.6248864668 0.1635888179
112.5226860254 0.1599481089
112.4206708976 0.1562769591
112.3188405797 0.1526195927
112.2171945701 0.1490861989
112.1157323689 0.1458525147
112.0144534779 0.1431378082
111.9133574007 0.1411694415
111.8124436429 0.1401491245
111.7117117117 0.1402277887
111.6111611161 0.1414923471
111.5107913669 0.1439594195
111.4106019766 0.1475718547
111.3105924596 0.1521951639
111.2107623318 0.1576180316
111.1111111111 0.1635607303
111.0116383169 0.1696962709
110.9123434705 0.1756778249
110.8132260947 0.1811604586
110.7142857143 0.1858161221
110.6155218555 0.1893430400
110.5169340463 0.1914885605
110.4185218166 0.1920830087
110.3202846975 0.1910795076
110.2222222222 0.1885746733
110.1243339254 0.1848003439
110.0266193434 0.1800859254
109.9290780142 0.1748084098
109.8317094774 0.1693497752
109.7345132743 0.1640664532
109.6374889478 0.1592718427
109.5406360424 0.1552236112
109.4439541041 0.1521117298
109.3474426808 0.1500483486
109.2511013216 0.1490629826
109.1549295775 0.1491047298
109.0589270009 0.1500511509
108.9630931459 0.1517207972
108.8674275680 0.1538905279
108.7719298246 0.1563207298
108.6765994741 0.1587883610
108.5814360771 0.1611218682
108.4864391951 0.1632233704
108.3916083916 0.1650713205
108.2969432314 0.1667019083
108.2024432810 0.1681822872
108.1081081081 0.1695832909
108.0139372822 0.1709612633
107.9199303742 0.1723468151
107.8260869565 0.1737403524
107.7324066030 0.1751123107
107.6388888889 0.1764102185
107.5455333912 0.1775719501
107.4523396880 0.1785429292
107.3593073593 0.1792894646
107.2664359862 0.1798019455
107.1737251513 0.1800866394
107.0811744387 0.1801531529
106.9887834340 0.1800034206
106.8965517241 0.1796245500
106.8044788975 0.1789863135
106.7125645439 0.1780391365
106.6208082545 0.1767184829
106.5292096220 0.1749553805
106.4377682403 0.1726931932
106.3464837050 0.1699040031
106.2553556127 0.1665947332
106.1643835616 0.1628063468
106.0735671514 0.1586042516
105.9829059829 0.1540702932
105.8923996584 0.1492975787
105.8020477816 0.1443895423
105.7118499574 0.1394610466
105.6218057922 0.1346396310
105.5319148936 0.1300632671
105.4421768707 0.1258749853
105.3525913339 0.1222112530
105.2631578947 0.1191885164
105.1738761662 0.1168879336
105.0847457627 0.1153452788
104.9957662997 0.1145478162
104.9069373942 0.1144380947
104.8182586644 0.1149220292
104.7297297297 0.1158774606
104.6413502110 0.1171639691
104.5531197302 0.1186358863
104.4650379107 0.1201620079
104.3771043771 0.1216498758
104.2893187553 0.1230670954
104.2016806723 0.1244491732
104.1141897565 0.1258905049
104.0268456376 0.1275203027
103.9396479464 0.1294739875
103.8525963149 0.1318670075
103.7656903766 0.1347761864
103.6789297659 0.1382244715
103.5923141186 0.1421712485
103.5058430718 0.1465071652
103.4195162636 0.1510638309
103.3333333333 0.1556371700
103.2472939217 0.1600238529
103.1613976705 0.1640600230
103.0756442228 0.1676477090
102.9900332226 0.1707600577
102.9045643154 0.1734238497
102.8192371476 0.1756905696
102.7340513670 0.1776143116
102.6490066225 0.1792470398
102.5641025641 0.1806484083
102.4793388430 0.1819022402
102.3947151115 0.1831219745
102.3102310231 0.1844422219
102.2258862325 0.1859930575
102.1416803954 0.1878682454
102.0576131687 0.1900969130
101.9736842105 0.1926265980
101.8898931800 0.1953239719
101.8062397373 0.1979941176
101.7227235439 0.2004110683
101.6393442623 0.2023547101
101.5561015561 0.2036407424
101.4729950900 0.2041377937
101.3900245298 0.2037636321
101.3071895425 0.2024707129
101.2244897959 0.2002312363
101.1419249592 0.1970357616
101.0594947025 0.1929079703
100.9771986971 0.1879269518
100.8950366151 0.1822398873
100.8130081301 0.1760564794
100.7311129163 0.1696225556
100.6493506494 0.1631846151
100.5677210057 0.1569571551
100.4862236629 0.1511003200
100.4048582996 0.1457138926
100.3236245955 0.1408427814
100.2425222312 0.1364899090
100.1615508885 0.1326335926
100.0807102502 0.1292434637
100.0000000000 0.1262966150
99.9194198227 0.1237905942
99.8389694042 0.1217476587
99.7586484312 0.1202109702
99.6784565916 0.1192293498
99.5983935743 0.1188390241
99.5184590690 0.1190458089
99.4386527666 0.1198158930
99.3589743590 0.1210705586
99.2794235388 0.1226863709
99.2000000000 0.1244973482
99.1207034373 0.1263068850
99.0415335463 0.1279097418
98.9624900239 0.1291294069
98.8835725678 0.1298577734
98.8047808765 0.1300860539
98.7261146497 0.1299128288
98.6475735879 0.1295238248
98.5691573927 0.1291497652
98.4908657665 0.1290148483
98.4126984127 0.1292913449
98.3346550357 0.1300684734
98.2567353407 0.1313460573
98.1789390340 0.1330463550
98.1012658228 0.1350415284
98.0237154150 0.1371824660
97.9462875197 0.1393215754
97.8689818469 0.1413312076
97.7917981073 0.1431177108
97.7147360126 0.1446367827
97.6377952756 0.1459000041
97.5609756098 0.1469646012
97.4842767296 0.1479049499
97.4076983504 0.1487741691
97.3312401884 0.1495734761
97.2549019608 0.1502442958
97.1786833856 0.1506881293
97.1025841817 0.1508082171
97.0266040689 0.1505518706
96.9507427678 0.1499361435
96.8750000000 0.1490431910
96.7993754879 0.1479879640
96.7238689548 0.1468743700
96.6484801247 0.1457594249
96.5732087227 0.1446362723
96.4980544747 0.1434416786
96.4230171073 0.1420833302
96.3480963481 0.1404732569
96.2732919255 0.1385577613
96.1986035687 0.1363348985
96.1240310078 0.1338539133
96.0495739737 0.1312046605
95.9752321981 0.1284980316
95.9010054138 0.1258481730
95.8268933539 0.1233584450
95.7528957529 0.1211138311
95.6790123457 0.1191762033
95.6052428682 0.1175795756
95.5315870570 0.1163237462
95.4580446497 0.1153697863
95.3846153846 0.1146425149
95.3112990008 0.1140419319
95.2380952381 0.1134647120
95.1650038373 0.1128308097
95.0920245399 0.1121069031
95.0191570881 0.1113197878
94.9464012251 0.1105550470
94.8737566947 0.1099400944
94.8012232416 0.1096168458
94.7288006112 0.1097113879
94.6564885496 0.1103091965
94.5842868040 0.1114391454
94.5121951220 0.1130695058
94.4402132521 0.1151101645
94.3683409437 0.1174186334
94.2965779468 0.1198083434
94.2249240122 0.1220634801
94.1533788914 0.1239643071
94.0819423369 0.1253213015
94.0106141016 0.1260105999
93.9393939394 0.1259957628
93.8682816048 0.1253299896
93.7972768533 0.1241392757
93.7263794407 0.1225947389
93.6555891239 0.1208852944
93.5849056604 0.1191949288
93.5143288084 0.1176862662
93.4438583271 0.1164926224
93.3734939759 0.1157135435
93.3032355154 0.1154173617
93.2330827068 0.1156452299
93.1630353118 0.1164131690
93.0930930931 0.1177086050
93.0232558140 0.1194842126
92.9535232384 0.1216523727
92.8838951311 0.1240902716
92.8143712575 0.1266579229
92.7449513837 0.1292226706
92.6756352765 0.1316807280
92.6064227035 0.1339642646
92.5373134328 0.1360349177
92.4683072334 0.1378712236
92.3994038748 0.1394564035
92.3306031273 0.1407732803
92.2619047619 0.1418065095
92.1933085502 0.1425488108
92.1248142645 0.1430058059
92.0564216778 0.1431967628
91.9881305638 0.1431508825
91.9199406968 0.1429016908
91.8518518519 0.1424803052
91.7838638046 0.1419132830
91.7159763314 0.1412218508
91.6481892092 0.1404228298
91.5805022157 0.1395283483
91.5129151292 0.1385415056
91.4454277286 0.1374524329
91.3780397937 0.1362352415
91.3107511046 0.1348531507
91.2435614422 0.1332674583
91.1764705882 0.1314505405
91.1094783248 0.1293968018
91.0425844347 0.1271283577
90.9757887014 0.1246941828
90.9090909091 0.1221623452
90.8424908425 0.1196061521
90.7759882870 0.1170877051
90.7095830285 0.1146434320
90.6432748538 0.1122774768
90.5770635500 0.1099626880
90.5109489051 0.1076520378
90.4449307075 0.1052952274
90.3790087464 0.1028545788
90.3131828114 0.1003169371
90.2474526929 0.0976967518
90.1818181818 0.0950319500
90.1162790698 0.0923738771
90.0508351489 0.0897744873
89.9854862119 0.0872765110
89.9202320522 0.0849068466
89.8550724638 0.0826758957
89.7900072411 0.0805804577
89.7250361795 0.0786093276
89.6601590745 0.0767476461
89.5953757225 0.0749817105
89.5306859206 0.0733020455
89.4660894661 0.0717072332
89.4015861572 0.0702050866
89.3371757925 0.0688138952
89.2728581713 0.0675587298
89.2086330935 0.0664673555
89.1445003595 0.0655634438
89.0804597701 0.0648640230
89.0165111271 0.0643800468
88.9526542324 0.0641227117
88.8888888889 0.0641118260
88.8252148997 0.0643830200
88.7616320687 0.0649895296
88.6981402003 0.0659975617
88.6347390994 0.0674751029
88.5714285714 0.0694785103
88.5082084226 0.0720383852
88.4450784593 0.0751499541
88.3820384890 0.0787692566
88.3190883191 0.0828157008
88.2562277580 0.0871809286
88.1934566145 0.0917428457
88.1307746979 0.0963802665
88.0681818182 0.1009851375
88.0056777857 0.1054691209
87.9432624113 0.1097639314
87.8809355067 0.1138147858
87.8186968839 0.1175680445
87.7565463553 0.1209599061
87.6944837341 0.1239126640
87.6325088339 0.1263440967
87.5706214689 0.1281867575
87.5088214538 0.1294057744
87.4471086037 0.1300049347
87.3854827343 0.1300184627
87.3239436620 0.1294951997
87.2624912034 0.1284842844
87.2011251758 0.1270298420
87.1398453970 0.1251731846
87.0786516854 0.1229587024
87.0175438596 0.1204382319
86.9565217391 0.1176696528
86.8955851437 0.1147141500
86.8347338936 0.1116293514
86.7739678097 0.1084657903
86.7132867133 0.1052651985
86.6526904263 0.1020602136
86.5921787709 0.0988764787
86.5317515701 0.0957336992
86.4714086471 0.0926454105
86.4111498258 0.0896204200
86.3509749304 0.0866641348
86.2908837857 0.0837817439
86.2308762170 0.0809824716
86.1709520500 0.0782822596
86.1111111111 0.0757055084
86.0513532269 0.0732841984
85.9916782247 0.0710562639
85.9320859321 0.0690640159
85.8725761773 0.0673505381
85.8131487889 0.0659567491
85.7538035961 0.0649146991
85.6945404285 0.0642412559
85.6353591160 0.0639308338
85.5762594893 0.0639502914
85.5172413793 0.0642389161
85.4583046175 0.0647156596
85.3994490358 0.0652909444
85.3406744666 0.0658823237
85.2819807428 0.0664254388
85.2233676976 0.0668797545
85.1648351648 0.0672297695
85.1063829787 0.0674801200
85.0480109739 0.0676526882
84.9897189856 0.0677810225
84.9315068493 0.0679057135
84.8733744011 0.0680653620
84.8153214774 0.0682890633
84.7573479152 0.0685881317
84.6994535519 0.0689532453
84.6416382253 0.0693578035
84.5839017735 0.0697632929
84.5262440354 0.0701269519
84.4686648501 0.0704083124
84.4111640572 0.0705749486
84.3537414966 0.0706071294
84.2963970088 0.0705006060
84.2391304348 0.0702677334
84.1819416158 0.0699318775
84.1248303935 0.0695200666
84.0677966102 0.0690513882
84.0108401084 0.0685278223
83.9539607312 0.0679320111
83.8971583221 0.0672312573
83.8404327248 0.0663884903
83.7837837838 0.0653741016
83.7272113437 0.0641758766
83.6707152497 0.0628036808
83.6142953473 0.0612881636
83.5579514825 0.0596758046
83.5016835017 0.0580210660
83.4454912517 0.0563789559
83.3893745797 0.0547988727
83.3333333333 0.0533225595
83.2773673606 0.0519838812
83.2214765101 0.0508118043
83.1656606304 0.0498342811
83.1099195710 0.0490811249
83.0542531815 0.0485855615
82.9986613119 0.0483829508
82.9431438127 0.0485076490
82.8877005348 0.0489897163
82.8323313293 0.0498514931
82.7770360481 0.0511065462
82.7218145430 0.0527597636
82.6666666667 0.0548064875
82.6115922718 0.0572301158
82.5565912117 0.0599962324
82.5016633400 0.0630451608
82.4468085106 0.0662840280
82.3920265781 0.0695858621
82.3373173971 0.0727980801
82.2826808228 0.0757611993
82.2281167109 0.0783333513
82.1736249172 0.0804120221
82.1192052980 0.0819442919
82.0648577101 0.0829256577
82.0105820106 0.0833877775
81.9563780568 0.0833845111
81.9022457067 0.0829777313
81.8481848185 0.0822303450
81.7941952507 0.0812021112
81.7402768622 0.0799480828
81.6864295125 0.0785177497
81.6326530612 0.0769557082
81.5789473684 0.0753020052
81.5253122945 0.0735947589
81.4717477004 0.0718721767
81.4182534471 0.0701743145
81.3648293963 0.0685411009
81.3114754098 0.0670094131
81.2581913499 0.0656092945
81.2049770792 0.0643597109
81.1518324607 0.0632662141
81.0987573578 0.0623204486
81.0457516340 0.0615032492
80.9928151535 0.0607885557
80.9399477807 0.0601499931
80.8871493803 0.0595651391
80.8344198175 0.0590185254
80.7817589577 0.0585020284
80.7291666667 0.0580147099
80.6766428107 0.0575628383
80.6241872562 0.0571581552
80.5717998700 0.0568156922
80.5194805195 0.0565486900
80.4672290720 0.0563640179
80.4150453956 0.0562594700
80.3629293584 0.0562256435
80.3108808290 0.0562498216
80.2588996764 0.0563198268
80.2069857697 0.0564258808
80.1551389787 0.0565588769
80.1033591731 0.0567076032
80.0516462234 0.0568567804
80.0000000000 0.0569877788
79.9484203740 0.0570808299
79.8969072165 0.0571189066
79.8454603992 0.0570895614
79.7940797941 0.0569842819
79.7427652733 0.0567971594
79.6915167095 0.0565218761
79.6403339756 0.0561511590
79.5892169448 0.0556774957
79.5381654907 0.0550952245
79.4871794872 0.0544042179
79.4362588085 0.0536113034
79.3854033291 0.0527308588
79.3346129239 0.0517827755
79.2838874680 0.0507904050
79.2332268371 0.0497782742
79.1826309068 0.0487721062
79.1320995533 0.0477984248
79.0816326531 0.0468853401
79.0312300829 0.0460615722
78.9808917197 0.0453531234
78.9306174411 0.0447793573
78.8804071247 0.0443497727
78.8302606484 0.0440638568
78.7801778907 0.0439149827
78.7301587302 0.0438964089
78.6802030457 0.0440084324
78.6303107166 0.0442626200
78.5804816223 0.0446834168
78.5307156428 0.0453039422
78.4810126582 0.0461591913
78.4313725490 0.0472760237
78.3817951960 0.0486618387
78.3322804801 0.0502961962
78.2828282828 0.0521270652
78.2334384858 0.0540722765
78.1841109710 0.0560276151
78.1348456207 0.0578793059
78.0856423174 0.0595165835
78.0365009440 0.0608465837
77.9874213836 0.0618049099
77.9384035198 0.0623657026
77.8894472362 0.0625450534
77.8405524168 0.0623962480
77.7917189460 0.0620001658
77.7429467085 0.0614501763
77.6942355890 0.0608391361
77.6455854728 0.0602498507
77.5969962453 0.0597495768
77.5484677924 0.0593890450
77.5000000000 0.0592029950
77.4515927545 0.0592090340
77.4032459426 0.0594057939
77.3549594510 0.0597721456
77.3067331671 0.0602667705
77.2585669782 0.0608337009
77.2104607721 0.0614110170
77.1624144368 0.0619419558
77.1144278607 0.0623868513
77.0665009323 0.0627292606
77.0186335404 0.0629777735
76.9708255742 0.0631623002
76.9230769231 0.0633264677
76.8753874768 0.0635191998
76.8277571252 0.0637863789
76.7801857585 0.0641630059
76.7326732673 0.0646677868
76.6852195424 0.0653017622
76.6378244747 0.0660506841
76.5904879555 0.0668913006
76.5432098765 0.0677988468
76.4959901295 0.0687509068
76.4488286067 0.0697269764
76.4017252002 0.0707047607
76.3546798030 0.0716562828
76.3076923077 0.0725477861
76.2607626076 0.0733445577
76.2138905962 0.0740175687
76.1670761671 0.0745492159
76.1203192142 0.0749338205
76.0736196319 0.0751751155
76.0269773145 0.0752825556
75.9803921569 0.0752676027
75.9338640539 0.0751423566
75.8873929009 0.0749202512
75.8409785933 0.0746189195
75.7946210269 0.0742605791
75.7483200977 0.0738723198
75.7020757021 0.0734853310
75.6558877364 0.0731322709
75.6097560976 0.0728462255
75.5636806825 0.0726569361
75.5176613886 0.0725862463
75.4716981132 0.0726420647
75.4257907543 0.0728144788
75.3799392097 0.0730735438
75.3341433779 0.0733740573
75.2884031573 0.0736634276
75.2427184466 0.0738916569
75.1970891449 0.0740212347
75.1515151515 0.0740331811
75.1059963658 0.0739290533
75.0605326877 0.0737296791
75.0151240169 0.0734695195
74.9697702539 0.0731904952
74.9244712991 0.0729344412
74.8792270531 0.0727376724
74.8340374170 0.0726262845
74.7889022919 0.0726137385
74.7438215793 0.0727008465
74.6987951807 0.0728763715
74.6538229982 0.0731207608
74.6089049338 0.0734080621
74.5640408900 0.0737101449
74.5192307692 0.0739977020
74.4744744745 0.0742420309
74.4297719088 0.0744165675
74.3851229754 0.0745002336
74.3405275779 0.0744799532
74.2959856201 0.0743534409
74.2514970060 0.0741282965
74.2070616397 0.0738181270
74.1626794258 0.0734383604
74.1183502690 0.0730030542
74.0740740741 0.0725254946
74.0298507463 0.0720197264
73.9856801909 0.0715037706
73.9415623137 0.0710009669
73.8974970203 0.0705408791
73.8534842168 0.0701586644
73.8095238095 0.0698948483
73.7656157049 0.0697921231
73.7217598098 0.0698900437
73.6779560309 0.0702192758
73.6342042755 0.0707946168
73.5905044510 0.0716096735
73.5468564650 0.0726371174
73.5032602253 0.0738295020
73.4597156398 0.0751258661
73.4162226169 0.0764575478
73.3727810651 0.0777554738
73.3293908930 0.0789561502
73.2860520095 0.0800060638
73.2427643237 0.0808647519
73.1995277450 0.0815071843
73.1563421829 0.0819230424
73.1132075472 0.0821159984
73.0701237478 0.0821013247
73.0270906949 0.0819023334
72.9841082990 0.0815489822
72.9411764706 0.0810741089
72.8982951205 0.0805132351
72.8554641598 0.0799015318
72.8126834997 0.0792717370
72.7699530516 0.0786522928
72.7272727273 0.0780664544
72.6846424385 0.0775326258
72.6420620972 0.0770655612
72.5995316159 0.0766775976
72.5570509070 0.0763792944
72.5146198830 0.0761786124
72.4722384570 0.0760776621
72.4299065421 0.0760729399
72.3876240514 0.0761536526
72.3453908985 0.0763031657
72.3032069971 0.0765010878
72.2610722611 0.0767245220
72.2189866045 0.0769486925
72.1769499418 0.0771473073
72.1349621873 0.0772939289
72.0930232558 0.0773646439
72.0511330622 0.0773435726
72.0092915215 0.0772286839
71.9674985490 0.0770325730
71.9257540603 0.0767788076
71.8840579710 0.0764955350
71.8424101970 0.0762052364
71.8008106543 0.0759208039
71.7592592593 0.0756447717
71.7177559283 0.0753732666
71.6763005780 0.0751004924
71.6348931254 0.0748231533
71.5935334873 0.0745427932
71.5522215811 0.0742664297
71.5109573241 0.0740078041
71.4697406340 0.0737877797
71.4285714286 0.0736332581
71.3874496258 0.0735736451
71.3463751438 0.0736342667
71.3053479011 0.0738304157
71.2643678161 0.0741638122
71.2234348076 0.0746227096
71.1825487945 0.0751847824
71.1417096959 0.0758207587
71.1009174312 0.0764973117
71.0601719198 0.0771786431
71.0194730813 0.0778292658
70.9788208357 0.0784169327
70.9382151030 0.0789176886
70.8976558033 0.0793198730
70.8571428571 0.0796270725
70.8166761850 0.0798573954
70.7762557078 0.0800409600
70.7358813463 0.0802125342
70.6955530217 0.0804036100
70.6552706553 0.0806364757
70.6150341686 0.0809183840
70.5748434832 0.0812411012
70.5346985210 0.0815814127
70.4945992041 0.0819054776
70.4545454545 0.0821735825
70.4145371948 0.0823450855
70.3745743473 0.0823852024
70.3346568349 0.0822698007
70.2947845805 0.0819872112
70.2549575071 0.0815407346
70.2151755379 0.0809457670
70.1754385965 0.0802284255
70.1357466063 0.0794204117
70.0960994912 0.0785558457
70.0564971751 0.0776672298
70.0169395822 0.0767838880
69.9774266366 0.0759326455
69.9379582628 0.0751371764
69.8985343856 0.0744197324
69.8591549296 0.0737991520
69.8198198198 0.0732891486
69.7805289814 0.0728952451
69.7412823397 0.0726144002
69.7020798201 0.0724346091
69.6629213483 0.0723384407
69.6238068501 0.0723055321
69.5847362514 0.0723164940
69.5457094784 0.0723553117
69.5067264574 0.0724090928
69.4677871148 0.0724672582
69.4288913774 0.0725200427
69.3900391718 0.0725572824
69.3512304251 0.0725687054
69.3124650643 0.0725469521
69.2737430168 0.0724889478
69.2350642099 0.0723987752
69.1964285714 0.0722897648
69.1578360290 0.0721828260
69.1192865106 0.0721035052
69.0807799443 0.0720759102
69.0423162584 0.0721146564
69.0038953812 0.0722212932
68.9655172414 0.0723832251
68.9271817676 0.0725786811
68.8888888889 0.0727824316
68.8506385341 0.0729723980
68.8124306326 0.0731318378
68.7742651137 0.0732493406
68.7361419069 0.0733157159
68.6980609418 0.0733227986
68.6600221484 0.0732634510
68.6220254566 0.0731331083
68.5840707965 0.0729307557
68.5461580984 0.0726595056
68.5082872928 0.0723244021
68.4704583103 0.0719299134
68.4326710817 0.0714791184
68.3949255378 0.0709729021
68.3572216097 0.0704121457
68.3195592287 0.0697990805
68.2819383260 0.0691395873
68.2443588332 0.0684456884
68.2068206821 0.0677351463
68.1693238043 0.0670326343
68.1318681319 0.0663680021
68.0944535969 0.0657747854
68.0570801317 0.0652864589
68.0197476687 0.0649336455
67.9824561404 0.0647422159
67.9452054795 0.0647313147
67.9079956188 0.0649102630
67.8708264915 0.0652766086
67.8336980306 0.0658100189
67.7966101695 0.0664714267
67.7595628415 0.0672028525
67.7225559803 0.0679335039
67.6855895197 0.0685890857
67.6486633933 0.0691036567
67.6117775354 0.0694284142
67.5749318801 0.0695369620
67.5381263617 0.0694250965
67.5013609145 0.0691074466
67.4646354733 0.0686124549
67.4279499728 0.0679758157
67.3913043478 0.0672374811
67.3546985334 0.0664369719
67.3181324647 0.0656106887
67.2816060770 0.0647899970
67.2451193059 0.0639985011
67.2086720867 0.0632519287
67.1722643554 0.0625591929
67.1358960476 0.0619253516
67.0995670996 0.0613534058
67.0632774473 0.0608474831
67.0270270270 0.0604118509
66.9908157753 0.0600513098
66.9546436285 0.0597687524
66.9185105235 0.0595639267
66.8824163970 0.0594321324
66.8463611860 0.0593643392
66.8103448276 0.0593488799
66.7743672590 0.0593734857
66.7384284177 0.0594289765
66.7025282410 0.0595093006
66.6666666667 0.0596123532
66.6308436325 0.0597363720
66.5950590763 0.0598758762
66.5593129361 0.0600196111
66.5236051502 0.0601490254
66.4879356568 0.0602411663
66.4523043944 0.0602731762
66.4167113016 0.0602274913
66.3811563169 0.0600968158
66.3456393793 0.0598841297
66.3101604278 0.0596020222
66.2747194014 0.0592683390
66.2393162393 0.0589015324
66.2039508809 0.0585177509
66.1686232657 0.0581286694
66.1333333333 0.0577433571
66.0980810235 0.0573700912
66.0628662760 0.0570194443
66.0276890309 0.0567046377
65.9925492283 0.0564395852
65.9574468085 0.0562367228
65.9223817119 0.0561033358
65.8873538789 0.0560406532
65.8523632501 0.0560429182
65.8174097665 0.0561001250
65.7824933687 0.0561987057
65.7476139979 0.0563251986
65.7127715951 0.0564671269
65.6779661017 0.0566143788
65.6431974590 0.0567594356
65.6084656085 0.0568969831
65.5737704918 0.0570235983
65.5391120507 0.0571374063
65.5044902272 0.0572377084
65.4699049630 0.0573238544
65.4353562005 0.0573947366
65.4008438819 0.0574485675
65.3663679494 0.0574844002
65.3319283456 0.0575033426
65.2975250132 0.0575097818
65.2631578947 0.0575088946
65.2288269332 0.0575049747
65.1945320715 0.0574984763
65.1602732528 0.0574849154
65.1260504202 0.0574563520
65.0918635171 0.0574041337
65.0577124869 0.0573215505
65.0235972732 0.0572060439
64.9895178197 0.0570597430
64.9554740702 0.0568867038
64.9214659686 0.0566914564
64.8874934589 0.0564767356
64.8535564854 0.0562426999
64.8196549922 0.0559882918
64.7857889237 0.0557132206
64.7519582245 0.0554192465
64.7181628392 0.0551108622
64.6844027126 0.0547944528
64.6506777894 0.0544748868
64.6169880146 0.0541542506
64.5833333333 0.0538290225
64.5497136908 0.0534908379
64.5161290323 0.0531277726
64.4825793032 0.0527280175
64.4490644491 0.0522844507
64.4155844156 0.0517971996
64.3821391485 0.0512749924
64.3487285937 0.0507335758
64.3153526971 0.0501935138
64.2820114049 0.0496765309
64.2487046632 0.0492029671
64.2154324184 0.0487901935
64.1821946170 0.0484523607
64.1489912054 0.0482004414
64.1158221303 0.0480435483
64.0826873385 0.0479877123
64.0495867769 0.0480369572
64.0165203924 0.0481900694
63.9834881321 0.0484398846
63.9504899433 0.0487718327
63.9175257732 0.0491649828
63.8845955693 0.0495954854
63.8516992791 0.0500404880
63.8188368502 0.0504825461
63.7860082305 0.0509120586
63.7532133676 0.0513258646
63.7204522097 0.0517244346
63.6877247047 0.0521074872
63.6550308008 0.0524689044
63.6223704464 0.0527959015
63.5897435897 0.0530689171
63.5571501794 0.0532659135
63.5245901639 0.0533685376
63.4920634921 0.0533654320
63.4595701126 0.0532557530
63.4271099744 0.0530477090
63.3946830266 0.0527557418
63.3622892182 0.0523975445
63.3299284985 0.0519906516
63.2976008167 0.0515507092
63.2653061224 0.0510906393
63.2330443651 0.0506211933
63.2008154944 0.0501514993
63.1686194600 0.0496900060
63.1364562118 0.0492453795
63.1043256997 0.0488264487
63.0722278739 0.0484420790
63.0401626843 0.0481009413
63.0081300813 0.0478109132
62.9761300152 0.0475783271
62.9441624365 0.0474066647
62.9122272958 0.0472952920
62.8803245436 0.0472378361
62.8484541308 0.0472218621
62.8166160081 0.0472311317
62.7848101266 0.0472476008
62.7530364372 0.0472554134
62.7212948912 0.0472424057
62.6895854398 0.0472018473
62.6579080344 0.0471309659
62.6262626263 0.0470300836
62.5946491671 0.0469010586
62.5630676085 0.0467459166
62.5315179022 0.0465678165
62.5000000000 0.0463699550
62.4685138539 0.0461567399
62.4370594159 0.0459340115
62.4056366381 0.0457072210
62.3742454728 0.0454822598
62.3428858723 0.0452642770
62.3115577889 0.0450581064
62.2802611753 0.0448695402
62.2489959839 0.0447052121
62.2177621676 0.0445727492
62.1865596790 0.0444808193
62.1553884712 0.0444368717
62.1242484970 0.0444465938
62.0931397096 0.0445119954
62.0620620621 0.0446288642
62.0310155078 0.0447868390
62.0000000000 0.0449690825
