124000.0000000000 0.8059552851
62000.0000000000 3.1477390090
41333.3333333333 6.8143806310
31000.0000000000 11.5048946483
24800.0000000000 16.8841147492
20666.6666666667 22.6323401025
17714.2857142857 28.4784408170
15500.0000000000 34.2145608922
13777.7777777778 39.6963353225
12400.0000000000 44.8344886315
11272.7272727273 49.5829672949
10333.3333333333 53.9270161416
9538.4615384615 57.8729386145
8857.1428571429 61.4401128292
8266.6666666667 64.6551835603
7750.0000000000 67.5480690281
7294.1176470588 70.1493572815
6888.8888888889 72.4887056859
6526.3157894737 74.5939329717
6200.0000000000 76.4905707366
5904.7619047619 78.2017083213
5636.3636363636 79.7480165668
5391.3043478261 81.1478742142
5166.6666666667 82.4175469619
4960.0000000000 83.5713881227
4769.2307692308 84.6220418571
4592.5925925926 85.5806377481
4428.5714285714 86.4569711524
4275.8620689655 87.2596668517
4133.3333333333 87.9963249319
4000.0000000000 88.6736501186
3875.0000000000 89.2975650135
3757.5757575758 89.8733091614
3647.0588235294 90.4055254954
3542.8571428571 90.8983350793
3444.4444444444 91.3554023982
3351.3513513514 91.7799916050
3263.1578947368 92.1750159258
3179.4871794872 92.5430796788
3100.0000000000 92.8865155049
3024.3902439024 93.2074165137
2952.3809523810 93.5076639442
2883.7209302326 93.7889523439
2818.1818181818 94.0528097504
2755.5555555556 94.3006170558
2695.6521739130 94.5336239443
2638.2978723404 94.7529636955
2583.3333333333 94.9596650222
2530.6122448980 95.1546634212
2480.0000000000 95.3388113688
2431.3725490196 95.5128861284
2384.6153846154 95.6775976828
2339.6226415094 95.8335959837
2296.2962962963 95.9814758291
2254.5454545455 96.1217834920
2214.2857142857 96.2550200709
2175.4385964912 96.3816470387
2137.9310344828 96.5020887419
2101.6949152542 96.6167371116
2066.6666666667 96.7259531061
2032.7868852459 96.8300709529
2000.0000000000 96.9293998253
1968.2539682540 97.0242255692
1937.5000000000 97.1148136877
1907.6923076923 97.2014104753
1878.7878787879 97.2842450272
1850.7462686567 97.3635296500
1823.5294117647 97.4394627770
1797.1014492754 97.5122289681
1771.4285714286 97.5820004405
1746.4788732394 97.6489379096
1722.2222222222 97.7131915329
1698.6301369863 97.7749018300
1675.6756756757 97.8342001921
1653.3333333333 97.8912097875
1631.5789473684 97.9460460340
1610.3896103896 97.9988171868
1589.7435897436 98.0496249589
1569.6202531646 98.0985649065
1550.0000000000 98.1457268327
1530.8641975309 98.1911950026
1512.1951219512 98.2350495616
1493.9759036145 98.2773652759
1476.1904761905 98.3182125078
1458.8235294118 98.3576586302
1441.8604651163 98.3957660559
1425.2873563218 98.4325948527
1409.0909090909 98.4682007538
1393.2584269663 98.5026375026
1377.7777777778 98.5359549237
1362.6373626374 98.5682013277
1347.8260869565 98.5994212579
1333.3333333333 98.6296578926
1319.1489361702 98.6589518920
1305.2631578947 98.6873421791
1291.6666666667 98.7148647086
1278.3505154639 98.7415545907
1265.3061224490 98.7674449261
1252.5252525253 98.7925672021
1240.0000000000 98.8169513335
1227.7227722772 98.8406258261
1215.6862745098 98.8636174411
1203.8834951456 98.8859527833
1192.3076923077 98.9076561452
1180.9523809524 98.9287510236
1169.8113207547 98.9492594813
1158.8785046729 98.9692036630
1148.1481481481 98.9886036485
1137.6146788991 99.0074786286
1127.2727272727 99.0258479607
1117.1171171171 99.0437287334
1107.1428571429 99.0611384515
1097.3451327434 99.0780937890
1087.7192982456 99.0946095831
1078.2608695652 99.1107012590
1068.9655172414 99.1263830779
1059.8290598291 99.1416687954
1050.8474576271 99.1565716292
1042.0168067227 99.1711041524
1033.3333333333 99.1852784917
1024.7933884298 99.1991062632
1016.3934426230 99.2125986220
1008.1300813008 99.2257658844
1000.0000000000 99.2386191444
992.0000000000 99.2511674760
984.1269841270 99.2634212127
976.3779527559 99.2753885996
968.7500000000 99.2870793227
961.2403100775 99.2985009539
953.8461538462 99.3096620465
946.5648854962 99.3205704544
939.3939393939 99.3312341476
932.3308270677 99.3416594678
925.3731343284 99.3518538391
918.5185185185 99.3618235593
911.7647058824 99.3715760586
905.1094890511 99.3811171381
898.5507246377 99.3904528023
892.0863309353 99.3995884063
885.7142857143 99.4085305537
879.4326241135 99.4172836429
873.2394366197 99.4258539602
867.1328671329 99.4342455039
861.1111111111 99.4424636677
855.1724137931 99.4505131771
849.3150684932 99.4583986141
843.5374149660 99.4661243356
837.8378378378 99.4736946181
832.2147651007 99.4811135763
826.6666666667 99.4883851947
821.1920529801 99.4955127926
815.7894736842 99.5025011741
810.4575163399 99.5093528388
805.1948051948 99.5160723854
800.0000000000 99.5226620706
794.8717948718 99.5291257592
789.8089171975 99.5354666160
784.8101265823 99.5416876769
779.8742138365 99.5477919584
775.0000000000 99.5537823033
770.1863354037 99.5596615279
765.4320987654 99.5654317363
760.7361963190 99.5710967805
756.0975609756 99.5766579722
751.5151515152 99.5821184102
746.9879518072 99.5874810534
742.5149700599 99.5927470681
738.0952380952 99.5979193195
733.7278106509 99.6029999683
729.4117647059 99.6079905632
725.1461988304 99.6128943915
720.9302325581 99.6177127845
716.7630057803 99.6224471893
712.6436781609 99.6271000175
708.5714285714 99.6316737841
704.5454545455 99.6361690206
700.5649717514 99.6405880735
696.6292134831 99.6449326479
692.7374301676 99.6492037877
688.8888888889 99.6534043188
685.0828729282 99.6575345488
681.3186813187 99.6615972128
677.5956284153 99.6655925708
673.9130434783 99.6695226877
670.2702702703 99.6733889154
666.6666666667 99.6771926775
663.1016042781 99.6809352085
659.5744680851 99.6846171867
656.0846560847 99.6882411955
652.6315789474 99.6918071230
649.2146596859 99.6953168048
645.8333333333 99.6987714050
642.4870466321 99.7021720410
639.1752577320 99.7055198202
635.8974358974 99.7088158384
632.6530612245 99.7120604143
629.4416243655 99.7152559981
626.2626262626 99.7184021134
623.1155778894 99.7215004949
620.0000000000 99.7245520601
616.9154228856 99.7275570020
613.8613861386 99.7305176581
610.8374384236 99.7334335122
607.8431372549 99.7363060514
604.8780487805 99.7391369064
601.9417475728 99.7419246848
599.0338164251 99.7446723532
596.1538461538 99.7473799641
593.3014354067 99.7500475728
590.4761904762 99.7526765720
587.6777251185 99.7552677864
584.9056603774 99.7578218358
582.1596244131 99.7603394645
579.4392523364 99.7628205292
576.7441860465 99.7652665144
574.0740740741 99.7676787860
571.4285714286 99.7700556718
568.8073394495 99.7724000526
566.2100456621 99.7747118433
563.6363636364 99.7769908106
561.0859728507 99.7792382436
558.5585585586 99.7814548182
556.0538116592 99.7836401787
553.5714285714 99.7857965219
551.1111111111 99.7879227220
548.6725663717 99.7900201393
546.2555066079 99.7920892468
543.8596491228 99.7941296858
541.4847161572 99.7961436282
539.1304347826 99.7981298880
536.7965367965 99.8000888920
534.4827586207 99.8020227872
532.1888412017 99.8039302835
529.9145299145 99.8058126955
527.6595744681 99.8076704210
525.4237288136 99.8095038656
523.2067510549 99.8113126045
521.0084033613 99.8130978526
518.8284518828 99.8148600368
516.6666666667 99.8165986708
514.5228215768 99.8183157806
512.3966942149 99.8200100770
510.2880658436 99.8216818590
508.1967213115 99.8233323662
506.1224489796 99.8249628225
504.0650406504 99.8265709212
502.0242914980 99.8281595943
500.0000000000 99.8297274378
497.9919678715 99.8312756656
496.0000000000 99.8328036362
494.0239043825 99.8343125810
492.0634920635 99.8358027528
490.1185770751 99.8372735856
488.1889763780 99.8387262647
486.2745098039 99.8401610216
484.3750000000 99.8415781984
482.4902723735 99.8429770560
480.6201550388 99.8443579343
478.7644787645 99.8457219873
476.9230769231 99.8470694328
475.0957854406 99.8484005626
473.2824427481 99.8497146400
471.4828897338 99.8510119540
469.6969696970 99.8522945590
467.9245283019 99.8535598898
466.1654135338 99.8548109877
464.4194756554 99.8560461823
462.6865671642 99.8572657092
460.9665427509 99.8584706890
459.2592592593 99.8596613743
457.5645756458 99.8608369572
455.8823529412 99.8619976507
454.2124542125 99.8631446366
452.5547445255 99.8642781094
450.9090909091 99.8653972586
449.2753623188 99.8665022736
447.6534296029 99.8675943264
446.0431654676 99.8686726038
444.4444444444 99.8697382208
442.8571428571 99.8707904313
441.2811387900 99.8718303623
439.7163120567 99.8728561979
438.1625441696 99.8738710694
436.6197183099 99.8748721224
435.0877192982 99.8758615741
433.5664335664 99.8768385323
432.0557491289 99.8778041243
430.5555555556 99.8787575581
429.0657439446 99.8796989149
427.5862068966 99.8806283466
426.1168384880 99.8815470367
424.6575342466 99.8824540837
423.2081911263 99.8833496107
421.7687074830 99.8842337424
420.3389830508 99.8851066056
418.9189189189 99.8859683624
417.5084175084 99.8868201260
416.1073825503 99.8876599627
414.7157190635 99.8884900777
413.3333333333 99.8893084922
411.9601328904 99.8901173948
410.5960264901 99.8909147953
409.2409240924 99.8917029335
407.8947368421 99.8924798075
406.5573770492 99.8932465269
405.2287581699 99.8940032678
403.9087947883 99.8947500734
402.5974025974 99.8954859982
401.2944983819 99.8962121715
400.0000000000 99.8969287406
398.7138263666 99.8976346858
397.4358974359 99.8983311842
396.1661341853 99.8990183527
394.9044585987 99.8996940197
393.6507936508 99.9003616292
392.4050632911 99.9010178891
391.1671924290 99.9016651773
389.9371069182 99.9023023906
388.7147335423 99.9029296086
387.5000000000 99.9035469445
386.2928348910 99.9041544464
385.0931677019 99.9047521637
383.9009287926 99.9053401792
382.7160493827 99.9059174293
381.5384615385 99.9064851060
380.3680981595 99.9070432946
379.2048929664 99.9075908578
378.0487804878 99.9081278718
376.8996960486 99.9086555784
375.7575757576 99.9091716634
374.6223564955 99.9096773665
373.4939759036 99.9101727340
372.3723723724 99.9106577807
371.2574850299 99.9111314036
370.1492537313 99.9115936403
369.0476190476 99.9120445289
367.9525222552 99.9124840761
366.8639053254 99.9129111562
365.7817109145 99.9133269670
364.7058823529 99.9137291403
363.6363636364 99.9141200796
362.5730994152 99.9144974670
361.5160349854 99.9148612275
360.4651162791 99.9152101955
359.4202898551 99.9155456035
358.3815028902 99.9158662475
357.3487031700 99.9161708467
356.3218390805 99.9164594022
355.3008595989 99.9167319468
354.2857142857 99.9169859711
353.2763532764 99.9172213933
352.2727272727 99.9174382567
351.2747875354 99.9176339793
350.2824858757 99.9178085522
349.2957746479 99.9179593584
348.3146067416 99.9180863372
347.3389355742 99.9181869295
346.3687150838 99.9182597234
345.4038997214 99.9183021139
344.4444444444 99.9183139565
343.4903047091 99.9182899918
342.5414364641 99.9182288122
341.5977961433 99.9181263930
340.6593406593 99.9179798959
339.7260273973 99.9177852830
338.7978142077 99.9175383521
337.8746594005 99.9172310497
336.9565217391 99.9168603908
336.0433604336 99.9164181339
335.1351351351 99.9158960131
334.2318059299 99.9152869013
333.3333333333 99.9145770429
332.4396782842 99.9137578263
331.5508021390 99.9128125473
330.6666666667 99.9117270203
329.7872340426 99.9104828053
328.9124668435 99.9090599762
328.0423280423 99.9074342779
327.1767810026 99.9055784181
326.3157894737 99.9034648439
325.4593175853 99.9010627216
324.6073298429 99.8983395237
323.7597911227 99.8952621071
322.9166666667 99.8918048782
322.0779220779 99.8879485970
321.2435233161 99.8836927106
320.4134366925 99.8790596801
319.5876288660 99.8741079547
318.7660668380 99.8689395004
317.9487179487 99.8636952327
317.1355498721 99.8585531287
316.3265306122 99.8536984672
315.5216284987 99.8492876839
314.7208121827 99.8454251557
313.9240506329 99.8421436505
313.1313131313 99.8394194236
312.3425692695 99.8372091699
311.5577889447 99.8354807821
310.7769423559 99.8342397144
310.0000000000 99.8335213050
309.2269326683 99.8333761054
308.4577114428 99.8338457359
307.6923076923 99.8349470490
306.9306930693 99.8366714138
306.1728395062 99.8389714660
305.4187192118 99.8417631547
304.6683046683 99.8449265294
303.9215686275 99.8483121011
303.1784841076 99.8517664971
302.4390243902 99.8551441678
301.7031630170 99.8583280545
300.9708737864 99.8612274507
300.2421307506 99.8637756779
299.5169082126 99.8659185628
298.7951807229 99.8676177075
298.0769230769 99.8688417448
297.3621103118 99.8695752345
296.6507177033 99.8698130797
295.9427207637 99.8695725181
295.2380952381 99.8688876277
294.5368171021 99.8678050975
293.8388625592 99.8663785188
293.1442080378 99.8646534985
292.4528301887 99.8626584580
291.7647058824 99.8603935944
291.0798122066 99.8578347801
290.3981264637 99.8549347206
289.7196261682 99.8516481377
289.0442890443 99.8479321305
288.3720930233 99.8437598348
287.7030162413 99.8391193550
287.0370370370 99.8340077718
286.3741339492 99.8284295869
285.7142857143 99.8224073516
285.0574712644 99.8160111615
284.4036697248 99.8093731093
283.7528604119 99.8027303951
283.1050228311 99.7964240317
282.4601366743 99.7908762915
281.8181818182 99.7865330709
281.1791383220 99.7837676903
280.5429864253 99.7827886951
279.9097065463 99.7835800350
279.2792792793 99.7858967369
278.6516853933 99.7893268314
278.0269058296 99.7933817907
277.4049217002 99.7975938410
276.7857142857 99.8015836378
276.1692650334 99.8050845743
275.5555555556 99.8079642151
274.9445676275 99.8101898360
274.3362831858 99.8118172707
273.7306843267 99.8129488671
273.1277533040 99.8137065402
272.5274725275 99.8142108750
271.9298245614 99.8145808281
271.3347921225 99.8149366940
270.7423580786 99.8154068212
270.1525054466 99.8161278922
269.5652173913 99.8172109095
268.9804772234 99.8187197314
268.3982683983 99.8206339708
267.8185745140 99.8228410530
267.2413793103 99.8251673269
266.6666666667 99.8273970045
266.0944206009 99.8293212359
265.5246252677 99.8307533286
264.9572649573 99.8315443008
264.3923240938 99.8315819782
263.8297872340 99.8307848628
263.2696390658 99.8290859563
262.7118644068 99.8264345750
262.1564482030 99.8227865139
261.6033755274 99.8180972819
261.0526315789 99.8123321702
260.5042016807 99.8054511901
259.9580712788 99.7974274782
259.4142259414 99.7882405944
258.8726513570 99.7778884743
258.3333333333 99.7664044317
257.7962577963 99.7538677644
257.2614107884 99.7404451547
256.7287784679 99.7263987829
256.1983471074 99.7121081205
255.6701030928 99.6980356998
255.1440329218 99.6846820404
254.6201232033 99.6725085642
254.0983606557 99.6618593461
253.5787321063 99.6529298885
253.0612244898 99.6457716939
252.5458248473 99.6403250569
252.0325203252 99.6364733213
251.5212981744 99.6340858121
251.0121457490 99.6330319796
250.5050505051 99.6331920936
250.0000000000 99.6344556524
249.4969818913 99.6367147042
248.9959839357 99.6398479866
248.4969939880 99.6437188339
248.0000000000 99.6481731265
247.5049900200 99.6530706255
247.0119521912 99.6583189787
246.5208747515 99.6639084385
246.0317460317 99.6699132811
245.5445544554 99.6764398456
245.0592885375 99.6835732655
244.5759368836 99.6913126234
244.0944881890 99.6995243125
243.6149312377 99.7079560984
243.1372549020 99.7162694921
242.6614481409 99.7241019273
242.1875000000 99.7311192443
241.7153996101 99.7370435294
241.2451361868 99.7416688866
240.7766990291 99.7448479493
240.3100775194 99.7464853877
239.8452611219 99.7465092677
239.3822393822 99.7448713942
238.9210019268 99.7415216710
238.4615384615 99.7364227612
238.0038387716 99.7295335299
237.5478927203 99.7208310335
237.0936902486 99.7103235648
236.6412213740 99.6980676473
236.1904761905 99.6841981147
235.7414448669 99.6689568576
235.2941176471 99.6526996000
234.8484848485 99.6359009408
234.4045368620 99.6191015444
233.9622641509 99.6028452217
233.5216572505 99.5875946123
233.0827067669 99.5736698653
232.6454033771 99.5612186916
232.2097378277 99.5502574048
231.7757009346 99.5407297569
231.3432835821 99.5326063953
230.9124767225 99.5259535688
230.4832713755 99.5209783943
230.0556586271 99.5180005897
229.6296296296 99.5173667838
229.2051756007 99.5193289679
228.7822878229 99.5239379601
228.3609576427 99.5309966997
227.9411764706 99.5400912008
227.5229357798 99.5506415008
227.1062271062 99.5619804464
226.6910420475 99.5734086444
226.2773722628 99.5842676649
225.8652094718 99.5939737852
225.4545454545 99.6020696948
225.0453720508 99.6082438648
224.6376811594 99.6123325338
224.2314647378 99.6143021783
223.8267148014 99.6142254954
223.4234234234 99.6122296276
223.0215827338 99.6084651171
222.6211849192 99.6030743746
222.2222222222 99.5962010992
221.8246869410 99.5880097307
221.4285714286 99.5787507732
221.0338680927 99.5687952744
220.6405693950 99.5586561077
220.2486678508 99.5489519310
219.8581560284 99.5403188451
219.4690265487 99.5332911999
219.0812720848 99.5281966282
218.6948853616 99.5251077840
218.3098591549 99.5238414321
217.9261862917 99.5239957504
217.5438596491 99.5250283240
217.1628721541 99.5263250715
216.7832167832 99.5272701642
216.4048865620 99.5273149644
216.0278745645 99.5260235635
215.6521739130 99.5230904145
215.2777777778 99.5183277129
214.9046793761 99.5116583586
214.5328719723 99.5031129775
214.1623488774 99.4928673944
213.7931034483 99.4812664925
213.4251290878 99.4688400607
213.0584192440 99.4562860463
212.6929674099 99.4443839159
212.3287671233 99.4338823824
211.9658119658 99.4253755932
211.6040955631 99.4192026867
211.2436115843 99.4153956135
210.8843537415 99.4137173607
210.5263157895 99.4137316233
210.1694915254 99.4149564073
209.8138747885 99.4169573631
209.4594594595 99.4194256951
209.1062394604 99.4221463571
208.7542087542 99.4249364160
208.4033613445 99.4275656647
208.0536912752 99.4297412384
207.7051926298 99.4311382146
207.3578595318 99.4315086980
207.0116861436 99.4307838571
206.6666666667 99.4291708841
206.3227953411 99.4271749397
205.9800664452 99.4255365086
205.6384742952 99.4250916108
205.2980132450 99.4265665272
204.9586776860 99.4304042494
204.6204620462 99.4366483293
204.2833607908 99.4449835029
203.9473684211 99.4548452545
203.6124794745 99.4655738478
203.2786885246 99.4765123253
202.9459901800 99.4870520527
202.6143790850 99.4966355350
202.2838499184 99.5047571723
201.9543973941 99.5109574054
201.6260162602 99.5148385822
201.2987012987 99.5160744063
200.9724473258 99.5144086530
200.6472491909 99.5096581204
200.3231017771 99.5017068131
200.0000000000 99.4905065553
199.6779388084 99.4760928027
199.3569131833 99.4586071452
199.0369181380 99.4383352236
198.7179487179 99.4157404841
198.4000000000 99.3914761349
198.0830670927 99.3663706945
197.7671451356 99.3413539790
197.4522292994 99.3173164377
197.1383147854 99.2949675393
196.8253968254 99.2747174808
196.5134706815 99.2566465040
196.2025316456 99.2405647553
195.8925750395 99.2261258380
195.5835962145 99.2129590738
195.2755905512 99.2007449971
194.9685534591 99.1892647847
194.6624803768 99.1784232957
194.3573667712 99.1682857467
194.0532081377 99.1590900827
193.7500000000 99.1512527795
193.4477379095 99.1452916636
193.1464174455 99.1417458599
192.8460342146 99.1410725382
192.5465838509 99.1435765198
192.2480620155 99.1493436681
191.9504643963 99.1581847766
191.6537867079 99.1695899885
191.3580246914 99.1827597591
191.0631741140 99.1967157214
190.7692307692 99.2104607602
190.4761904762 99.2231684529
190.1840490798 99.2342946908
189.8928024502 99.2436239993
189.6024464832 99.2512197617
189.3129770992 99.2572817681
189.0243902439 99.2620113845
188.7366818874 99.2654800030
188.4498480243 99.2675771328
188.1638846737 99.2680182724
187.8787878788 99.2664178357
187.5945537065 99.2623790910
187.3111782477 99.2555524198
187.0286576169 99.2456963772
186.7469879518 99.2327275154
186.4661654135 99.2167354689
186.1861861862 99.1980049440
185.9070464768 99.1770002560
185.6287425150 99.1543379307
185.3512705531 99.1307379958
185.0746268657 99.1069819945
184.7988077496 99.0838732109
184.5238095238 99.0621849792
184.2496285290 99.0425994031
183.9762611276 99.0256457579
183.7037037037 99.0116221007
183.4319526627 99.0005564353
183.1610044313 98.9922053111
182.8908554572 98.9861161599
182.6215022091 98.9817089388
182.3529411765 98.9783843607
182.0851688693 98.9755973643
181.8181818182 98.9728883257
181.5519765739 98.9699409376
181.2865497076 98.9666332646
181.0218978102 98.9630627541
180.7580174927 98.9595234170
180.4949053857 98.9563867505
180.2325581395 98.9539124315
179.9709724238 98.9521034966
179.7101449275 98.9506810756
179.4500723589 98.9491747553
179.1907514451 98.9471051424
178.9321789322 98.9441409109
178.6743515850 98.9401623503
178.4172661871 98.9352331519
178.1609195402 98.9294795367
177.9053084648 98.9229519273
177.6504297994 98.9154758971
177.3962804006 98.9066025571
177.1428571429 98.8955783603
176.8901569187 98.8814396895
176.6381766382 98.8631547983
176.3869132290 98.8397617553
176.1363636364 98.8105267008
175.8865248227 98.7750460880
175.6373937677 98.7333046777
175.3889674682 98.6857178398
175.1412429379 98.6331020065
174.8942172073 98.5765628710
174.6478873239 98.5173390410
174.4022503516 98.4565548762
174.1573033708 98.3950580756
173.9130434783 98.3333342795
173.6694677871 98.2715844639
173.4265734266 98.2098957699
173.1843575419 98.1484338601
172.9428172943 98.0875779758
172.7019498607 98.0279746344
172.4617524339 97.9705368397
172.2222222222 97.9163645959
171.9833564494 97.8665918047
171.7451523546 97.8222433882
171.5076071923 97.7840877447
171.2707182320 97.7525383983
171.0344827586 97.7275792731
170.7988980716 97.7086791216
170.5639614856 97.6947027038
170.3296703297 97.6839355799
170.0960219479 97.6742536953
169.8630136986 97.6634482487
169.6306429549 97.6495622944
169.3989071038 97.6310790060
169.1678035471 97.6068956256
168.9373297003 97.5761428463
168.7074829932 97.5380044126
168.4782608696 97.4917379215
168.2496607870 97.4368890622
168.0216802168 97.3736777754
167.7943166441 97.3034046857
167.5675675676 97.2287330762
167.3414304993 97.1537419157
167.1159029650 97.0836923514
166.8909825034 97.0243998287
166.6666666667 96.9812853616
166.4429530201 96.9582254425
166.2198391421 96.9565665883
165.9973226238 96.9746931112
165.7754010695 97.0083414324
165.5540720961 97.0515632093
165.3333333333 97.0979622971
165.1131824234 97.1418216827
164.8936170213 97.1788420663
164.6746347942 97.2064147957
164.4562334218 97.2235136539
164.2384105960 97.2303597399
164.0211640212 97.2280214328
163.8044914135 97.2180812564
163.5883905013 97.2024489696
163.3728590250 97.1833018688
163.1578947368 97.1630605273
162.9434954008 97.1442976164
162.7296587927 97.1295308259
162.5163826999 97.1208742171
162.3036649215 97.1196477173
162.0915032680 97.1261558137
161.8798955614 97.1396738771
161.6688396349 97.1587073831
161.4583333333 97.1812875109
161.2483745124 97.2051977804
161.0389610390 97.2280333660
160.8300907912 97.2471788240
160.6217616580 97.2598614786
160.4139715395 97.2633809202
160.2067183463 97.2554569945
160.0000000000 97.2346221550
159.7938144330 97.2005707544
159.5881595882 97.1543393665
159.3830334190 97.0983656067
159.1784338896 97.0363579743
158.9743589744 96.9729681461
158.7708066581 96.9132595008
158.5677749361 96.8620042424
158.3652618135 96.8229098802
158.1632653061 96.7979434452
157.9617834395 96.7869454679
157.7608142494 96.7876674975
157.5603557814 96.7962286264
157.3604060914 96.8078916559
157.1609632446 96.8179214736
156.9620253165 96.8223402351
156.7635903919 96.8183328322
156.5656565657 96.8043481158
156.3682219420 96.7799374302
156.1712846348 96.7454887056
155.9748427673 96.7020273889
155.7788944724 96.6510874293
155.5834378921 96.5946261147
155.3884711779 96.5349139777
155.1939924906 96.4743151223
155.0000000000 96.4150853444
154.8064918851 96.3592230030
154.6134663342 96.3084413210
154.4209215442 96.2641975917
154.2288557214 96.2277834986
154.0372670807 96.2004367697
153.8461538462 96.1833635454
153.6555142503 96.1776041906
153.4653465347 96.1836827741
153.2756489493 96.2011112089
153.0864197531 96.2280211027
152.8976572133 96.2611046502
152.7093596059 96.2959574361
152.5215252153 96.3277245727
152.3341523342 96.3518622418
152.1472392638 96.3648193315
151.9607843137 96.3644900068
151.7747858017 96.3503625611
151.5892420538 96.3233980174
151.4041514042 96.2857466690
151.2195121951 96.2404493453
151.0353227771 96.1911919118
150.8515815085 96.1421586010
150.6682867558 96.0978845892
150.4854368932 96.0629768673
150.3030303030 96.0416438005
150.1210653753 96.0369467323
149.9395405079 96.0500821002
149.7584541063 96.0798994979
149.5778045838 96.1229448597
149.3975903614 96.1740428356
149.2178098676 96.2271308292
149.0384615385 96.2761585962
148.8595438175 96.3158401862
148.6810551559 96.3422074416
148.5029940120 96.3530326777
148.3253588517 96.3480820781
148.1481481481 96.3291992310
147.9713603819 96.3001713221
147.7949940405 96.2663300069
147.6190476190 96.2338638492
147.4435196195 96.2088877662
147.2684085511 96.1964066587
147.0937129300 96.1993775200
146.9194312796 96.2181268437
146.7455621302 96.2503573954
146.5721040189 96.2917269831
146.3990554900 96.3368732986
146.2264150943 96.3805140003
146.0541813899 96.4182937254
145.8823529412 96.4471948501
145.7109283196 96.4654954079
145.5399061033 96.4724221151
145.3692848769 96.4676959622
145.1990632319 96.4512324559
145.0292397661 96.4229858992
144.8598130841 96.3829823485
144.6907817970 96.3313225341
144.5221445221 96.2681471882
144.3538998836 96.1935543666
144.1860465116 96.1076237947
144.0185830430 96.0105939750
143.8515081206 95.9031717167
143.6848203940 95.7868228508
143.5185185185 95.6639686974
143.3526011561 95.5379731679
143.1870669746 95.4129639824
143.0219146482 95.2934841321
142.8571428571 95.1840917031
142.6927502877 95.0888736974
142.5287356322 95.0109958393
142.3650975890 94.9522805244
142.2018348624 94.9129848631
142.0389461627 94.8918958468
141.8764302059 94.8867562914
141.7142857143 94.8949301289
141.5525114155 94.9140326396
141.3911060433 94.9423413269
141.2300683371 94.9788039876
141.0693970421 95.0226991676
140.9090909091 95.0731895772
140.7491486947 95.1289911953
140.5895691610 95.1882536178
140.4303510759 95.2487437495
140.2714932127 95.3081921079
140.1129943503 95.3647454431
139.9548532731 95.4173688588
139.7970687711 95.4659987633
139.6396396396 95.5113198895
139.4825646794 95.5541774440
139.3258426966 95.5948666567
139.1694725028 95.6325799485
139.0134529148 95.6652271507
138.8577827548 95.6896771089
138.7024608501 95.7022947746
138.5474860335 95.6995325057
138.3928571429 95.6784372076
138.2385730212 95.6369360550
138.0846325167 95.5739948021
137.9310344828 95.4896879467
137.7777777778 95.3853602006
137.6248612653 95.2637874330
137.4722838137 95.1293394252
137.3200442968 94.9879233066
137.1681415929 94.8466155645
137.0165745856 94.7128765468
136.8653421634 94.5935249214
136.7144432194 94.4937389341
136.5638766520 94.4164775259
136.4136413641 94.3624508951
136.2637362637 94.3306289956
136.1141602634 94.3189097126
135.9649122807 94.3247127507
135.8159912377 94.3454180777
135.6673960613 94.3785882216
135.5191256831 94.4220547008
135.3711790393 94.4738258945
135.2235550709 94.5318172674
135.0762527233 94.5934940612
134.9292709467 94.6556047372
134.7826086957 94.7141180563
134.6362649294 94.7644185448
134.4902386117 94.8017502650
134.3445287107 94.8217266978
134.1991341991 94.8208655868
134.0540540541 94.7970045962
133.9092872570 94.7495904870
133.7648327940 94.6798309043
133.6206896552 94.5906268439
133.4768568353 94.4863252514
133.3333333333 94.3721788603
133.1901181525 94.2535997690
133.0472103004 94.1352535537
132.9046087889 94.0201707551
132.7623126338 93.9092429702
132.6203208556 93.8011873938
132.4786324786 93.6930977243
132.3372465315 93.5814139077
132.1961620469 93.4629838744
132.0553780618 93.3360433939
131.9148936170 93.2008605075
131.7747077577 93.0600188229
131.6348195329 92.9183267399
131.4952279958 92.7824218067
131.3559322034 92.6600477757
131.2169312169 92.5590575126
131.0782241015 92.4861081885
130.9398099261 92.4453312804
130.8016877637 92.4373653712
130.6638566913 92.4591654458
130.5263157895 92.5047315517
130.3890641430 92.5664888623
130.2521008403 92.6368782286
130.1154249738 92.7096648744
129.9790356394 92.7806586804
129.8429319372 92.8478363044
129.7071129707 92.9109434846
129.5715778474 92.9708458640
129.4363256785 93.0288344793
129.3013555787 93.0860721052
129.1666666667 93.1432013784
129.0322580645 93.2001506687
128.8981288981 93.2561832890
128.7642782970 93.3101749328
128.6307053942 93.3609865550
128.4974093264 93.4077204959
128.3643892340 93.4496971862
128.2316442606 93.4861151769
128.0991735537 93.5155317736
127.9669762642 93.5355187328
127.8350515464 93.5426743918
127.7033985582 93.5330988494
127.5720164609 93.5030354442
127.4409044193 93.4494755309
127.3100616016 93.3704404035
127.1794871795 93.2650429278
127.0491803279 93.1334549380
126.9191402252 92.9770160986
126.7893660532 92.7984996534
126.6598569969 92.6023939366
126.5306122449 92.3949720734
126.4016309888 92.1840178421
126.2729124236 91.9782191383
126.1444557477 91.7862816024
126.0162601626 91.6159672337
125.8883248731 91.4731137767
125.7606490872 91.3607869744
125.6332320162 91.2787538405
125.5060728745 91.2235298059
125.3791708797 91.1890569891
125.2525252525 91.1679675120
125.1261352170 91.1530305749
125.0000000000 91.1383933991
124.8741188318 91.1202946436
124.7484909457 91.0972346449
124.6231155779 91.0695848385
124.4979919679 91.0389195756
124.3731193581 91.0072074658
124.2484969940 90.9761235633
124.1241241241 90.9467096862
124.0000000000 90.9194292766
123.8761238761 90.8944918230
123.7524950100 90.8722516808
123.6291126620 90.8534795177
123.5059760956 90.8393802622
123.3830845771 90.8313751823
123.2604373757 90.8306705886
123.1380337637 90.8378544876
123.0158730159 90.8526613005
122.8939544103 90.8740449812
122.7722772277 90.9004836611
122.6508407517 90.9303147624
122.5296442688 90.9619964948
122.4086870681 90.9942918449
122.2879684418 91.0263836263
122.1674876847 91.0579510507
122.0472440945 91.0891255585
121.9272369715 91.1203268644
121.8074656189 91.1520153659
121.6879293425 91.1843684986
121.5686274510 91.2170436227
121.4495592556 91.2490595276
121.3307240705 91.2789798161
121.2121212121 91.3053519068
121.0937500000 91.3273246886
120.9756097561 91.3452875006
120.8576998051 91.3612638381
120.7400194742 91.3788585949
120.6225680934 91.4026011817
120.5053449951 91.4367784432
120.3883495146 91.4842368864
120.2715809893 91.5455658545
120.1550387597 91.6189916797
120.0387221684 91.7009433465
119.9226305609 91.7870718314
119.8067632850 91.8734448715
119.6911196911 91.9576595822
119.5756991321 92.0395305351
119.4605009634 92.1211157379
119.3455245428 92.2058975496
119.2307692308 92.2973386858
119.1162343900 92.3972522334
119.0019193858 92.5046470549
118.8878235858 92.6154622766
118.7739463602 92.7232467473
118.6602870813 92.8204917103
118.5468451243 92.9001516106
118.4336198663 92.9569444699
118.3206106870 92.9882622539
118.2078169685 92.9945873672
118.0952380952 92.9794751040
117.9828734539 92.9491612029
117.8707224335 92.9117551295
117.7587844255 92.8761116826
117.6470588235 92.8504332100
117.5355450237 92.8408396916
117.4242424242 92.8502554318
117.3131504257 92.8779776571
117.2022684310 92.9200666944
117.0915958451 92.9704136880
116.9811320755 93.0220398424
116.8708765316 93.0683127807
116.7608286252 93.1038285929
116.6509877705 93.1249683673
116.5413533835 93.1300990033
116.4319248826 93.1195398251
116.3227016886 93.0951916586
116.2136832240 93.0600276152
116.1048689139 93.0175205137
115.9962581852 92.9712648950
115.8878504673 92.9247910705
115.7796451914 92.8813402135
115.6716417910 92.8434510632
115.5638397018 92.8122245730
115.4562383613 92.7866306550
115.3488372093 92.7633802916
115.2416356877 92.7375349493
115.1346332405 92.7038223206
115.0278293135 92.6580759667
114.9212233550 92.5983462100
114.8148148148 92.5253598059
114.7086031452 92.4423069653
114.6025878004 92.3541273563
114.4967682364 92.2665600074
114.3911439114 92.1851935903
114.2857142857 92.1147168693
114.1804788214 92.0584139912
114.0754369825 92.0179942619
113.9705882353 91.9937872657
113.8659320478 91.9852667400
113.7614678899 91.9917231527
113.6571952337 92.0128180742
113.5531135531 92.0486828102
113.4492223239 92.0995324158
113.3455210238 92.1650304147
113.2420091324 92.2436772390
113.1386861314 92.3326421952
113.0355515041 92.4280867461
112.9326047359 92.5259794948
112.8298453139 92.6230043714
112.7272727273 92.7171872679
112.6248864668 92.8078385264
112.5226860254 92.8948416991
112.4206708976 92.9776255788
112.3188405797 93.0543241986
112.2171945701 93.1215153995
112.1157323689 93.1746240969
112.0144534779 93.2087482754
111.9133574007 93.2195993126
111.8124436429 93.2042247011
111.7117117117 93.1614300519
111.6111611161 93.0918708757
111.5107913669 92.9980168611
111.4106019766 92.8840690596
111.3105924596 92.7558607317
111.2107623318 92.6206249932
111.1111111111 92.4865566449
111.0116383169 92.3621227894
110.9123434705 92.2553550645
110.8132260947 92.1733760774
110.7142857143 92.1221016227
110.6155218555 92.1060034009
110.5169340463 92.1275498018
110.4185218166 92.1865134049
110.3202846975 92.2794002606
110.2222222222 92.3995379346
110.1243339254 92.5378763198
110.0266193434 92.6842741140
109.9290780142 92.8288008039
109.8317094774 92.9626248810
109.7345132743 93.0785169381
109.6374889478 93.1710683224
109.5406360424 93.2368189427
109.4439541041 93.2743581810
109.3474426808 93.2843464324
109.2511013216 93.2693704104
109.1549295775 93.2336281485
109.0589270009 93.1825090480
108.9630931459 93.1220969750
108.8674275680 93.0586162534
108.7719298246 92.9977170298
108.6765994741 92.9437410054
108.5814360771 92.8991272578
108.4864391951 92.8643057053
108.3916083916 92.8380771769
108.2969432314 92.8183808805
108.2024432810 92.8030376595
108.1081081081 92.7903417709
108.0139372822 92.7793276822
107.9199303742 92.7698565133
107.8260869565 92.7625351845
107.7324066030 92.7585502250
107.6388888889 92.7593435085
107.5455333912 92.7662282000
107.4523396880 92.7800342834
107.3593073593 92.8009669929
107.2664359862 92.8287276170
107.1737251513 92.8628578103
107.0811744387 92.9030410381
106.9887834340 92.9493024707
106.8965517241 93.0020616598
106.8044788975 93.0620819861
106.7125645439 93.1303910991
106.6208082545 93.2080225822
106.5292096220 93.2956799252
106.4377682403 93.3933490178
106.3464837050 93.5000803209
106.2553556127 93.6140691593
106.1643835616 93.7328811857
106.0735671514 93.8537600582
105.9829059829 93.9738268941
105.8923996584 94.0901647044
105.8020477816 94.1998023412
105.7118499574 94.2997275568
105.6218057922 94.3869094136
105.5319148936 94.4584491155
105.4421768707 94.5118156836
105.3525913339 94.5451727339
105.2631578947 94.5576817009
105.1738761662 94.5497216768
105.0847457627 94.5229185772
104.9957662997 94.4799732406
104.9069373942 94.4243389642
104.8182586644 94.3598930362
104.7297297297 94.2906317187
104.6413502110 94.2203525869
104.5531197302 94.1522596762
104.4650379107 94.0884690600
104.3771043771 94.0295645462
104.2893187553 93.9744021932
104.2016806723 93.9203734346
104.1141897565 93.8640632863
104.0268456376 93.8020909662
103.9396479464 93.7318324427
103.8525963149 93.6519234850
103.7656903766 93.5624914201
103.6789297659 93.4652524230
103.5923141186 93.3634358673
103.5058430718 93.2615327385
103.4195162636 93.1646783504
103.3333333333 93.0778132399
103.2472939217 93.0047532381
103.1613976705 92.9474953395
103.0756442228 92.9060636739
102.9900332226 92.8788984957
102.9045643154 92.8636432395
102.8192371476 92.8579073713
102.7340513670 92.8596188299
102.6490066225 92.8669115068
102.5641025641 92.8778030608
102.4793388430 92.8899466966
102.3947151115 92.9007862889
102.3102310231 92.9080281181
102.2258862325 92.9103490136
102.1416803954 92.9079950595
102.0576131687 92.9030578637
101.9736842105 92.8993479271
101.8898931800 92.9018332992
101.8062397373 92.9158079897
101.7227235439 92.9460019746
101.6393442623 92.9958354747
101.5561015561 93.0670798653
101.4729950900 93.1599108712
101.3900245298 93.2733583782
101.3071895425 93.4057701376
101.2244897959 93.5550367471
101.1419249592 93.7184198409
101.0594947025 93.8921823180
100.9771986971 94.0713518170
100.8950366151 94.2499430539
100.8130081301 94.4216345272
100.7311129163 94.5806755871
100.6493506494 94.7226819554
100.5677210057 94.8450446341
100.4862236629 94.9469584480
100.4048582996 95.0290596300
100.3236245955 95.0929171205
100.2425222312 95.1405111424
100.1615508885 95.1737506194
100.0807102502 95.1941513587
100.0000000000 95.2026013072
99.9194198227 95.1993217644
99.8389694042 95.1840873567
99.7586484312 95.1566284981
99.6784565916 95.1171544570
99.5983935743 95.0667307162
99.5184590690 95.0074894084
99.4386527666 94.9425569506
99.3589743590 94.8758692537
99.2794235388 94.8119076444
99.2000000000 94.7553095015
99.1207034373 94.7102715185
99.0415335463 94.6797798013
98.9624900239 94.6647282544
98.8835725678 94.6634172893
98.8047808765 94.6715882239
98.7261146497 94.6832243684
98.6475735879 94.6918248704
98.5691573927 94.6918342920
98.4908657665 94.6797903175
98.4126984127 94.6548760403
98.3346550357 94.6188586960
98.2567353407 94.5754255642
98.1789390340 94.5292484793
98.1012658228 94.4849902930
98.0237154150 94.4466272683
97.9462875197 94.4170454803
97.8689818469 94.3978504174
97.7917981073 94.3892746814
97.7147360126 94.3901926985
97.6377952756 94.3984817218
97.5609756098 94.4117849512
97.4842767296 94.4284178334
97.4076983504 94.4480976178
97.3312401884 94.4720215263
97.2549019608 94.5022896976
97.1786833856 94.5407998352
97.1025841817 94.5881926905
97.0266040689 94.6432889308
96.9507427678 94.7033639361
96.8750000000 94.7650781005
96.7993754879 94.8256835303
96.7238689548 94.8839385741
96.6484801247 94.9403395031
96.5732087227 94.9967423878
96.4980544747 95.0554691523
96.4230171073 95.1183305771
96.3480963481 95.1858848068
96.2732919255 95.2571626812
96.1986035687 95.3298415516
96.1240310078 95.4008100470
96.0495739737 95.4667934165
95.9752321981 95.5249309663
95.9010054138 95.5731334474
95.8268933539 95.6102173925
95.7528957529 95.6358891172
95.6790123457 95.6506975150
95.6052428682 95.6560383817
95.5315870570 95.6540776981
95.4580446497 95.6475825583
95.3846153846 95.6394952053
95.3112990008 95.6323541743
95.2380952381 95.6276669331
95.1650038373 95.6254365918
95.0920245399 95.6240450199
95.0191570881 95.6205728602
94.9464012251 95.6114713670
94.8737566947 95.5934498158
94.8012232416 95.5643055837
94.7288006112 95.5234903991
94.6564885496 95.4723106880
94.5842868040 95.4137572330
94.5121951220 95.3521075914
94.4402132521 95.2924471286
94.3683409437 95.2401997952
94.2965779468 95.2006127513
94.2249240122 95.1780966526
94.1533788914 95.1754384877
94.0819423369 95.1931091017
94.0106141016 95.2289662303
93.9393939394 95.2785631373
93.8682816048 95.3359728914
93.7972768533 95.3948016854
93.7263794407 95.4491189835
93.6555891239 95.4940878423
93.5849056604 95.5262492954
93.5143288084 95.5436005139
93.4438583271 95.5454587079
93.3734939759 95.5322547503
93.3032355154 95.5052662758
93.2330827068 95.4664093442
93.1630353118 95.4181716680
93.0930930931 95.3636707682
93.0232558140 95.3066329971
92.9535232384 95.2512100150
92.8838951311 95.2014657535
92.8143712575 95.1607303754
92.7449513837 95.1311178702
92.6756352765 95.1134191604
92.6064227035 95.1074313963
92.5373134328 95.1124785422
92.4683072334 95.1278129104
92.3994038748 95.1527892063
92.3306031273 95.1868168060
92.2619047619 95.2291834786
92.1933085502 95.2789125587
92.1248142645 95.3347762205
92.0564216778 95.3954259545
91.9881305638 95.4595857925
91.9199406968 95.5262063677
91.8518518519 95.5945391328
91.7838638046 95.6641018769
91.7159763314 95.7346161875
91.6481892092 95.8059866434
91.5805022157 95.8783119375
91.5129151292 95.9519577925
91.4454277286 96.0275238365
91.3780397937 96.1056933986
91.3107511046 96.1869348182
91.2435614422 96.2712081321
91.1764705882 96.3577709996
91.1094783248 96.4451724814
91.0425844347 96.5314955934
90.9757887014 96.6146784228
90.9090909091 96.6929746072
90.8424908425 96.7653314125
90.7759882870 96.8316610311
90.7095830285 96.8927970467
90.6432748538 96.9502214804
90.5770635500 97.0055879243
90.5109489051 97.0601877884
90.4449307075 97.1145485600
90.3790087464 97.1682682514
90.3131828114 97.2201428826
90.2474526929 97.2684847622
90.1818181818 97.3115862032
90.1162790698 97.3480877948
90.0508351489 97.3772506587
89.9854862119 97.3989948458
89.9202320522 97.4137985615
89.8550724638 97.4224406361
89.7900072411 97.4257791868
89.7250361795 97.4245450033
89.6601590745 97.4192334174
89.5953757225 97.4100423259
89.5306859206 97.3968587915
89.4660894661 97.3792545752
89.4015861572 97.3565594114
89.3371757925 97.3280094708
89.2728581713 97.2929245381
89.2086330935 97.2508529947
89.1445003595 97.2016677752
89.0804597701 97.1454708200
89.0165111271 97.0823635784
88.9526542324 97.0122123628
88.8888888889 96.9344734207
88.8252148997 96.8482578691
88.7616320687 96.7525836321
88.6981402003 96.6467809446
88.6347390994 96.5309423472
88.5714285714 96.4062211276
88.5082084226 96.2749772497
88.4450784593 96.1406573828
88.3820384890 96.0074821077
88.3190883191 95.8799907810
88.2562277580 95.7625162393
88.1934566145 95.6587277456
88.1307746979 95.5713297232
88.0681818182 95.5020098009
88.0056777857 95.4515756219
87.9432624113 95.4202749820
87.8809355067 95.4081779930
87.8186968839 95.4154997987
87.7565463553 95.4426584599
87.6944837341 95.4899923329
87.6325088339 95.5572277866
87.5706214689 95.6430342601
87.5088214538 95.7449666316
87.4471086037 95.8598672132
87.3854827343 95.9844635180
87.3239436620 96.1158321525
87.2624912034 96.2515548426
87.2011251758 96.3895657868
87.1398453970 96.5279426559
87.0786516854 96.6647471842
87.0175438596 96.7980545386
86.9565217391 96.9261183534
86.8955851437 97.0475122177
86.8347338936 97.1612299841
86.7739678097 97.2666638095
86.7132867133 97.3635500953
86.6526904263 97.4518252166
86.5921787709 97.5315824347
86.5317515701 97.6029948285
86.4714086471 97.6662965333
86.4111498258 97.7217035115
86.3509749304 97.7693237989
86.2908837857 97.8090798564
86.2308762170 97.8406393327
86.1709520500 97.8634796077
86.1111111111 97.8769641344
86.0513532269 97.8804762406
85.9916782247 97.8735250401
85.9320859321 97.8558710991
85.8725761773 97.8276439772
85.8131487889 97.7894925640
85.7538035961 97.7426985107
85.6945404285 97.6892729643
85.6353591160 97.6319157037
85.5762594893 97.5738153180
85.5172413793 97.5182403856
85.4583046175 97.4680531374
85.3994490358 97.4252506514
85.3406744666 97.3907035766
85.2819807428 97.3641719914
85.2233676976 97.3445833391
85.1648351648 97.3303229294
85.1063829787 97.3195791507
85.0480109739 97.3105601420
84.9897189856 97.3017339556
84.9315068493 97.2920102007
84.8733744011 97.2809907867
84.8153214774 97.2690331611
84.7573479152 97.2571913826
84.6994535519 97.2469696847
84.6416382253 97.2399514749
84.5839017735 97.2374848184
84.5262440354 97.2404781140
84.4686648501 97.2492894816
84.4111640572 97.2636847850
84.3537414966 97.2828795720
84.2963970088 97.3056911378
84.2391304348 97.3307721012
84.1819416158 97.3569763249
84.1248303935 97.3836550561
84.0677966102 97.4108652613
84.0108401084 97.4392785260
83.9539607312 97.4698582122
83.8971583221 97.5033784739
83.8404327248 97.5399925937
83.7837837838 97.5789968034
83.7272113437 97.6188441045
83.6707152497 97.6573992523
83.6142953473 97.6922829920
83.5579514825 97.7212441178
83.5016835017 97.7424173753
83.4454912517 97.7544921779
83.3893745797 97.7567036912
83.3333333333 97.7486972871
83.2773673606 97.7303691931
83.2214765101 97.7017026541
83.1656606304 97.6626227762
83.1099195710 97.6130240433
83.0542531815 97.5528395963
82.9986613119 97.4821836594
82.9431438127 97.4015049078
82.8877005348 97.3116729704
82.8323313293 97.2139831142
82.7770360481 97.1101175336
82.7218145430 97.0021103506
82.6666666667 96.8923539160
82.6115922718 96.7837319331
82.5565912117 96.6797211999
82.5016633400 96.5844615778
82.4468085106 96.5026161144
82.3920265781 96.4388828000
82.3373173971 96.3972659376
82.2826808228 96.3802904064
82.2281167109 96.3884175301
82.1736249172 96.4200013900
82.1192052980 96.4717151266
82.0648577101 96.5392913739
82.0105820106 96.6182830581
81.9563780568 96.7046013803
81.9022457067 96.7947736805
81.8481848185 96.8859847213
81.7941952507 96.9759665472
81.7402768622 97.0629311259
81.6864295125 97.1454916428
81.6326530612 97.2225505560
81.5789473684 97.2931964505
81.5253122945 97.3566482677
81.4717477004 97.4121890301
81.4182534471 97.4592531234
81.3648293963 97.4975282530
81.3114754098 97.5270844730
81.2581913499 97.5484423106
81.2049770792 97.5625684589
81.1518324607 97.5707910789
81.0987573578 97.5746140379
81.0457516340 97.5754956571
80.9928151535 97.5746416537
80.9399477807 97.5728573004
80.8871493803 97.5705261345
80.8344198175 97.5676782313
80.7817589577 97.5640821707
80.7291666667 97.5593535067
80.6766428107 97.5530271249
80.6241872562 97.5446836134
80.5717998700 97.5341128717
80.5194805195 97.5214445681
80.4672290720 97.5071689718
80.4150453956 97.4920360767
80.3629293584 97.4768249488
80.3108808290 97.4621835986
80.2588996764 97.4485936872
80.2069857697 97.4364153629
80.1551389787 97.4260452646
80.1033591731 97.4179664433
80.0516462234 97.4127246114
80.0000000000 97.4108025165
79.9484203740 97.4124872000
79.8969072165 97.4178186409
79.8454603992 97.4266237404
79.7940797941 97.4386365345
79.7427652733 97.4535881137
79.6915167095 97.4712409494
79.6403339756 97.4913474122
79.5892169448 97.5135489255
79.5381654907 97.5372572779
79.4871794872 97.5616336942
79.4362588085 97.5856175706
79.3854033291 97.6080409352
79.3346129239 97.6277571487
79.2838874680 97.6437283398
79.2332268371 97.6550448525
79.1826309068 97.6609107051
79.1320995533 97.6606187473
79.0816326531 97.6535987937
79.0312300829 97.6394781437
78.9808917197 97.6182398792
78.9306174411 97.5902645279
78.8804071247 97.5562852993
78.8302606484 97.5171696659
78.7801778907 97.4736702622
78.7301587302 97.4261635535
78.6802030457 97.3745526941
78.6303107166 97.3183649312
78.5804816223 97.2569578404
78.5307156428 97.1899057451
78.4810126582 97.1173711976
78.4313725490 97.0404243484
78.3817951960 96.9612236238
78.3322804801 96.8829598248
78.2828282828 96.8095334530
78.2334384858 96.7450892697
78.1841109710 96.6934237868
78.1348456207 96.6574139260
78.0856423174 96.6386405430
78.0365009440 96.6370892170
77.9874213836 96.6511266298
77.9384035198 96.6776278426
77.8894472362 96.7123803178
77.8405524168 96.7507252197
77.7917189460 96.7881952594
77.7429467085 96.8210665148
77.6942355890 96.8466657771
77.6455854728 96.8634059574
77.5969962453 96.8706937080
77.5484677924 96.8687443031
77.5000000000 96.8584344286
77.4515927545 96.8412289522
77.4032459426 96.8191337013
77.3549594510 96.7945293545
77.3067331671 96.7699732004
77.2585669782 96.7477771565
77.2104607721 96.7296527203
77.1624144368 96.7163801824
77.1144278607 96.7076786615
77.0665009323 96.7023420742
77.0186335404 96.6985497518
76.9708255742 96.6942742484
76.9230769231 96.6876734892
76.8753874768 96.6773839011
76.8277571252 96.6627287808
76.7801857585 96.6437976244
76.7326732673 96.6213776488
76.6852195424 96.5967464528
76.6378244747 96.5713747011
76.5904879555 96.5466355944
76.5432098765 96.5236097773
76.4959901295 96.5031244270
76.4488286067 96.4859146723
76.4017252002 96.4727456130
76.3546798030 96.4644490054
76.3076923077 96.4617524272
76.2607626076 96.4650654320
76.2138905962 96.4742950021
76.1670761671 96.4888594523
76.1203192142 96.5078576927
76.0736196319 96.5302797598
76.0269773145 96.5551387891
75.9803921569 96.5815391787
75.9338640539 96.6086510856
75.8873929009 96.6356286775
75.8409785933 96.6615475043
75.7946210269 96.6854635670
75.7483200977 96.7064513273
75.7020757021 96.7237084860
75.6558877364 96.7366415085
75.6097560976 96.7449281038
75.5636806825 96.7486587984
75.5176613886 96.7484357402
75.4716981132 96.7454181497
75.4257907543 96.7412451364
75.3799392097 96.7378035325
75.3341433779 96.7368736437
75.2884031573 96.7397768177
75.2427184466 96.7470964697
75.1970891449 96.7586003606
75.1515151515 96.7733190765
75.1059963658 96.7897545145
75.0605326877 96.8062025447
75.0151240169 96.8210271644
74.9697702539 96.8329317045
74.9244712991 96.8411173272
74.8792270531 96.8453351801
74.8340374170 96.8458878205
74.7889022919 96.8435283268
74.7438215793 96.8393064716
74.6987951807 96.8344302363
74.6538229982 96.8300852055
74.6089049338 96.8273550992
74.5640408900 96.8271067767
74.5192307692 96.8299945141
74.4744744745 96.8364302081
74.4297719088 96.8465202473
74.3851229754 96.8600166705
74.3405275779 96.8763241675
74.2959856201 96.8945510876
74.2514970060 96.9136980033
74.2070616397 96.9328169709
74.1626794258 96.9511331355
74.1183502690 96.9680041612
74.0740740741 96.9828309612
74.0298507463 96.9949558612
73.9856801909 97.0036202609
73.9415623137 97.0079970099
73.8974970203 97.0072347849
73.8534842168 97.0005548443
73.8095238095 96.9873533403
73.7656157049 96.9673740211
73.7217598098 96.9408827527
73.6779560309 96.9087911839
73.6342042755 96.8726908081
73.5905044510 96.8347668232
73.5468564650 96.7975438797
73.5032602253 96.7636155921
73.4597156398 96.7353529710
73.4162226169 96.7146764669
73.3727810651 96.7028996014
73.3293908930 96.7006683456
73.2860520095 96.7079565823
73.2427643237 96.7241510139
73.1995277450 96.7481298580
73.1563421829 96.7784341202
73.1132075472 96.8133943345
73.0701237478 96.8512995620
73.0270906949 96.8905014111
72.9841082990 96.9294663117
72.9411764706 96.9668822233
72.8982951205 97.0016379395
72.8554641598 97.0328963048
72.8126834997 97.0601213936
72.7699530516 97.0830483665
72.7272727273 97.1016518265
72.6846424385 97.1160438406
72.6420620972 97.1264389467
72.5995316159 97.1331359907
72.5570509070 97.1365118379
72.5146198830 97.1370909607
72.4722384570 97.1355889606
72.4299065421 97.1328551676
72.3876240514 97.1298112461
72.3453908985 97.1273751292
72.3032069971 97.1263784986
72.2610722611 97.1275137128
72.2189866045 97.1313560374
72.1769499418 97.1383228773
72.1349621873 97.1485683731
72.0930232558 97.1619048707
72.0511330622 97.1777035762
72.0092915215 97.1949327967
71.9674985490 97.2123748332
71.9257540603 97.2289470769
71.8840579710 97.2439235425
71.8424101970 97.2570918912
71.8008106543 97.2686029421
71.7592592593 97.2787928163
71.7177559283 97.2879354612
71.6763005780 97.2961156755
71.6348931254 97.3031832018
71.5935334873 97.3088019992
71.5522215811 97.3124665454
71.5109573241 97.3135935407
71.4697406340 97.3115915857
71.4285714286 97.3059910465
71.3874496258 97.2966643327
71.3463751438 97.2839501709
71.3053479011 97.2686835487
71.2643678161 97.2520709310
71.2234348076 97.2355030952
71.1825487945 97.2203300720
71.1417096959 97.2077640687
71.1009174312 97.1988066474
71.0601719198 97.1941771389
71.0194730813 97.1942688278
70.9788208357 97.1990517444
70.9382151030 97.2080369992
70.8976558033 97.2202825562
70.8571428571 97.2345760109
70.8166761850 97.2496042514
70.7762557078 97.2642437772
70.7358813463 97.2777928347
70.6955530217 97.2901405247
70.6552706553 97.3017398231
70.6150341686 97.3135506402
70.5748434832 97.3267880176
70.5346985210 97.3427393758
70.4945992041 97.3625358484
70.4545454545 97.3869340027
70.4145371948 97.4162264900
70.3745743473 97.4501438166
70.3346568349 97.4878995780
70.2947845805 97.5282980530
70.2549575071 97.5698895089
70.2151755379 97.6111383181
70.1754385965 97.6506093468
70.1357466063 97.6870881145
70.0960994912 97.7196701363
70.0564971751 97.7477555906
70.0169395822 97.7710171312
69.9774266366 97.7892986656
69.9379582628 97.8026230262
69.8985343856 97.8111789520
69.8591549296 97.8153657754
69.8198198198 97.8158437941
69.7805289814 97.8135074060
69.7412823397 97.8093767738
69.7020798201 97.8044771503
69.6629213483 97.7997201673
69.6238068501 97.7957799894
69.5847362514 97.7930828637
69.5457094784 97.7918526735
69.5067264574 97.7921774126
69.4677871148 97.7941006287
69.4288913774 97.7976470837
69.3900391718 97.8027753293
69.3512304251 97.8093468039
69.3124650643 97.8170373140
69.2737430168 97.8253349515
69.2350642099 97.8335425855
69.1964285714 97.8409213824
69.1578360290 97.8468144062
69.1192865106 97.8509002274
69.0807799443 97.8533162465
69.0423162584 97.8547170213
69.0038953812 97.8560958212
68.9655172414 97.8585663724
68.9271817676 97.8630584144
68.8888888889 97.8701524193
68.8506385341 97.8800598297
68.8124306326 97.8927423870
68.7742651137 97.9080216998
68.7361419069 97.9257230563
68.6980609418 97.9456211774
68.6600221484 97.9674214031
68.6220254566 97.9907268788
68.5840707965 98.0150492951
68.5461580984 98.0399004154
68.5082872928 98.0648808040
68.4704583103 98.0896642161
68.4326710817 98.1140050022
68.3949255378 98.1376524964
68.3572216097 98.1602432608
68.3195592287 98.1812867995
68.2819383260 98.2001503353
68.2443588332 98.2160745914
68.2068206821 98.2282737617
68.1693238043 98.2359784419
68.1318681319 98.2386065675
68.0944535969 98.2358285304
68.0570801317 98.2276656659
68.0197476687 98.2145313068
67.9824561404 98.1972204630
67.9452054795 98.1768928415
67.9079956188 98.1551379857
67.8708264915 98.1339018808
67.8336980306 98.1154744266
67.7966101695 98.1022287554
67.7595628415 98.0963294104
67.7225559803 98.0993404927
67.6855895197 98.1119166824
67.6486633933 98.1336829708
67.6117775354 98.1633213595
67.5749318801 98.1988542001
67.5381263617 98.2379906249
67.5013609145 98.2784159760
67.4646354733 98.3180672033
67.4279499728 98.3552486456
67.3913043478 98.3886760997
67.3546985334 98.4175103350
67.3181324647 98.4413568149
67.2816060770 98.4601752069
67.2451193059 98.4742584733
67.2086720867 98.4840625083
67.1722643554 98.4901098534
67.1358960476 98.4928592167
67.0995670996 98.4926712737
67.0632774473 98.4898368175
67.0270270270 98.4846730101
66.9908157753 98.4775292681
66.9546436285 98.4688980664
66.9185105235 98.4593524690
66.8824163970 98.4495410581
66.8463611860 98.4400665406
66.8103448276 98.4314200990
66.7743672590 98.4239089202
66.7384284177 98.4176458361
66.7025282410 98.4126704608
66.6666666667 98.4090442202
66.6308436325 98.4069756668
66.5950590763 98.4068825953
66.5593129361 98.4092793966
66.5236051502 98.4146507864
66.4879356568 98.4232115873
66.4523043944 98.4347986859
66.4167113016 98.4488129507
66.3811563169 98.4643023595
66.3456393793 98.4801727513
66.3101604278 98.4953939986
66.2747194014 98.5091724174
66.2393162393 98.5210146897
66.2039508809 98.5306933934
66.1686232657 98.5381468477
66.1333333333 98.5433161500
66.0980810235 98.5461239711
66.0628662760 98.5464390636
66.0276890309 98.5441794735
65.9925492283 98.5394702176
65.9574468085 98.5326523669
65.9223817119 98.5243194579
65.8873538789 98.5152083745
65.8523632501 98.5060965210
65.8174097665 98.4976627409
65.7824933687 98.4904540205
65.7476139979 98.4847842047
65.7127715951 98.4808237621
65.6779661017 98.4785721403
65.6431974590 98.4779547666
65.6084656085 98.4788362564
65.5737704918 98.4810661349
65.5391120507 98.4844856189
65.5044902272 98.4889605431
65.4699049630 98.4944151703
65.4353562005 98.5007740806
65.4008438819 98.5079493074
65.3663679494 98.5157929763
65.3319283456 98.5240958706
65.2975250132 98.5326776766
65.2631578947 98.5414682217
65.2288269332 98.5505816822
65.1945320715 98.5602611224
65.1602732528 98.5708143790
65.1260504202 98.5824287813
65.0918635171 98.5951416650
65.0577124869 98.6087515564
65.0235972732 98.6229467834
64.9895178197 98.6373902056
64.9554740702 98.6518208668
64.9214659686 98.6661218173
64.8874934589 98.6802700882
64.8535564854 98.6942915365
64.8196549922 98.7081338644
64.7857889237 98.7216643199
64.7519582245 98.7346813660
64.7181628392 98.7470066719
64.6844027126 98.7585524962
64.6506777894 98.7694185186
64.6169880146 98.7798538805
64.5833333333 98.7902006181
64.5497136908 98.8007333254
64.5161290323 98.8115376151
64.4825793032 98.8223856612
64.4490644491 98.8327171268
64.4155844156 98.8417089384
64.3821391485 98.8484603769
64.3487285937 98.8521686719
64.3153526971 98.8522256566
64.2820114049 98.8483161297
64.2487046632 98.8404213685
64.2154324184 98.8287275553
64.1821946170 98.8135927210
64.1489912054 98.7954863544
64.1158221303 98.7749610817
64.0826873385 98.7526938700
64.0495867769 98.7294713335
64.0165203924 98.7062531364
63.9834881321 98.6840922411
63.9504899433 98.6640627781
63.9175257732 98.6470581986
63.8845955693 98.6336741505
63.8516992791 98.6240906040
63.8188368502 98.6181609964
63.7860082305 98.6155233065
63.7532133676 98.6158157888
63.7204522097 98.6188812556
63.6877247047 98.6248190115
63.6550308008 98.6339705519
63.6223704464 98.6467327245
63.5897435897 98.6633627253
63.5571501794 98.6837371646
63.5245901639 98.7073036107
63.4920634921 98.7331154995
63.4595701126 98.7600022445
63.4271099744 98.7868064662
63.3946830266 98.8125225394
63.3622892182 98.8364159960
63.3299284985 98.8579945788
63.2976008167 98.8770045694
63.2653061224 98.8933375282
63.2330443651 98.9069554652
63.2008154944 98.9178428535
63.1686194600 98.9259989445
63.1364562118 98.9314369144
63.1043256997 98.9342249436
63.0722278739 98.9344796332
63.0401626843 98.9324141742
63.0081300813 98.9283390832
62.9761300152 98.9226972616
62.9441624365 98.9160928094
62.9122272958 98.9092513631
62.8803245436 98.9029670524
62.8484541308 98.8979933035
62.8166160081 98.8948829080
62.7848101266 98.8939103021
62.7530364372 98.8950601758
62.7212948912 98.8980458581
62.6895854398 98.9024579463
62.6579080344 98.9078547186
62.6262626263 98.9138178590
62.5946491671 98.9200022349
62.5630676085 98.9261168052
62.5315179022 98.9318755654
62.5000000000 98.9370124740
62.4685138539 98.9412803690
62.4370594159 98.9444646575
62.4056366381 98.9463991005
62.3742454728 98.9470066370
62.3428858723 98.9462109101
62.3115577889 98.9439704593
62.2802611753 98.9402221559
62.2489959839 98.9349366942
62.2177621676 98.9281462305
62.1865596790 98.9199929565
62.1553884712 98.9107800479
62.1242484970 98.9009932093
62.0931397096 98.8913097444
62.0620620621 98.8825319870
62.0310155078 98.8754833878
62.0000000000 98.8708702068
