0.0100000000 0.8059552851
0.0200000000 3.1477390090
0.0300000000 6.8143806310
0.0400000000 11.5048946483
0.0500000000 16.8841147492
0.0600000000 22.6323401025
0.0700000000 28.4784408170
0.0800000000 34.2145608922
0.0900000000 39.6963353225
0.1000000000 44.8344886315
0.1100000000 49.5829672949
0.1200000000 53.9270161416
0.1300000000 57.8729386145
0.1400000000 61.4401128292
0.1500000000 64.6551835603
0.1600000000 67.5480690281
0.1700000000 70.1493572815
0.1800000000 72.4887056859
0.1900000000 74.5939329717
0.2000000000 76.4905707366
0.2100000000 78.2017083213
0.2200000000 79.7480165668
0.2300000000 81.1478742142
0.2400000000 82.4175469619
0.2500000000 83.5713881227
0.2600000000 84.6220418571
0.2700000000 85.5806377481
0.2800000000 86.4569711524
0.2900000000 87.2596668517
0.3000000000 87.9963249319
0.3100000000 88.6736501186
0.3200000000 89.2975650135
0.3300000000 89.8733091614
0.3400000000 90.4055254954
0.3500000000 90.8983350793
0.3600000000 91.3554023982
0.3700000000 91.7799916050
0.3800000000 92.1750159258
0.3900000000 92.5430796788
0.4000000000 92.8865155049
0.4100000000 93.2074165137
0.4200000000 93.5076639442
0.4300000000 93.7889523439
0.4400000000 94.0528097504
0.4500000000 94.3006170558
0.4600000000 94.5336239443
0.4700000000 94.7529636955
0.4800000000 94.9596650222
0.4900000000 95.1546634212
0.5000000000 95.3388113688
0.5100000000 95.5128861284
0.5200000000 95.6775976828
0.5300000000 95.8335959837
0.5400000000 95.9814758291
0.5500000000 96.1217834920
0.5600000000 96.2550200709
0.5700000000 96.3816470387
0.5800000000 96.5020887419
0.5900000000 96.6167371116
0.6000000000 96.7259531061
0.6100000000 96.8300709529
0.6200000000 96.9293998253
0.6300000000 97.0242255692
0.6400000000 97.1148136877
0.6500000000 97.2014104753
0.6600000000 97.2842450272
0.6700000000 97.3635296500
0.6800000000 97.4394627770
0.6900000000 97.5122289681
0.7000000000 97.5820004405
0.7100000000 97.6489379096
0.7200000000 97.7131915329
0.7300000000 97.7749018300
0.7400000000 97.8342001921
0.7500000000 97.8912097875
0.7600000000 97.9460460340
0.7700000000 97.9988171868
0.7800000000 98.0496249589
0.7900000000 98.0985649065
0.8000000000 98.1457268327
0.8100000000 98.1911950026
0.8200000000 98.2350495616
0.8300000000 98.2773652759
0.8400000000 98.3182125078
0.8500000000 98.3576586302
0.8600000000 98.3957660559
0.8700000000 98.4325948527
0.8800000000 98.4682007538
0.8900000000 98.5026375026
0.9000000000 98.5359549237
0.9100000000 98.5682013277
0.9200000000 98.5994212579
0.9300000000 98.6296578926
0.9400000000 98.6589518920
0.9500000000 98.6873421791
0.9600000000 98.7148647086
0.9700000000 98.7415545907
0.9800000000 98.7674449261
0.9900000000 98.7925672021
1.0000000000 98.8169513335
1.0100000000 98.8406258261
1.0200000000 98.8636174411
1.0300000000 98.8859527833
1.0400000000 98.9076561452
1.0500000000 98.9287510236
1.0600000000 98.9492594813
1.0700000000 98.9692036630
1.0800000000 98.9886036485
1.0900000000 99.0074786286
1.1000000000 99.0258479607
1.1100000000 99.0437287334
1.1200000000 99.0611384515
1.1300000000 99.0780937890
1.1400000000 99.0946095831
1.1500000000 99.1107012590
1.1600000000 99.1263830779
1.1700000000 99.1416687954
1.1800000000 99.1565716292
1.1900000000 99.1711041524
1.2000000000 99.1852784917
1.2100000000 99.1991062632
1.2200000000 99.2125986220
1.2300000000 99.2257658844
1.2400000000 99.2386191444
1.2500000000 99.2511674760
1.2600000000 99.2634212127
1.2700000000 99.2753885996
1.2800000000 99.2870793227
1.2900000000 99.2985009539
1.3000000000 99.3096620465
1.3100000000 99.3205704544
1.3200000000 99.3312341476
1.3300000000 99.3416594678
1.3400000000 99.3518538391
1.3500000000 99.3618235593
1.3600000000 99.3715760586
1.3700000000 99.3811171381
1.3800000000 99.3904528023
1.3900000000 99.3995884063
1.4000000000 99.4085305537
1.4100000000 99.4172836429
1.4200000000 99.4258539602
1.4300000000 99.4342455039
1.4400000000 99.4424636677
1.4500000000 99.4505131771
1.4600000000 99.4583986141
1.4700000000 99.4661243356
1.4800000000 99.4736946181
1.4900000000 99.4811135763
1.5000000000 99.4883851947
1.5100000000 99.4955127926
1.5200000000 99.5025011741
1.5300000000 99.5093528388
1.5400000000 99.5160723854
1.5500000000 99.5226620706
1.5600000000 99.5291257592
1.5700000000 99.5354666160
1.5800000000 99.5416876769
1.5900000000 99.5477919584
1.6000000000 99.5537823033
1.6100000000 99.5596615279
1.6200000000 99.5654317363
1.6300000000 99.5710967805
1.6400000000 99.5766579722
1.6500000000 99.5821184102
1.6600000000 99.5874810534
1.6700000000 99.5927470681
1.6800000000 99.5979193195
1.6900000000 99.6029999683
1.7000000000 99.6079905632
1.7100000000 99.6128943915
1.7200000000 99.6177127845
1.7300000000 99.6224471893
1.7400000000 99.6271000175
1.7500000000 99.6316737841
1.7600000000 99.6361690206
1.7700000000 99.6405880735
1.7800000000 99.6449326479
1.7900000000 99.6492037877
1.8000000000 99.6534043188
1.8100000000 99.6575345488
1.8200000000 99.6615972128
1.8300000000 99.6655925708
1.8400000000 99.6695226877
1.8500000000 99.6733889154
1.8600000000 99.6771926775
1.8700000000 99.6809352085
1.8800000000 99.6846171867
1.8900000000 99.6882411955
1.9000000000 99.6918071230
1.9100000000 99.6953168048
1.9200000000 99.6987714050
1.9300000000 99.7021720410
1.9400000000 99.7055198202
1.9500000000 99.7088158384
1.9600000000 99.7120604143
1.9700000000 99.7152559981
1.9800000000 99.7184021134
1.9900000000 99.7215004949
2.0000000000 99.7245520601
2.0100000000 99.7275570020
2.0200000000 99.7305176581
2.0300000000 99.7334335122
2.0400000000 99.7363060514
2.0500000000 99.7391369064
2.0600000000 99.7419246848
2.0700000000 99.7446723532
2.0800000000 99.7473799641
2.0900000000 99.7500475728
2.1000000000 99.7526765720
2.1100000000 99.7552677864
2.1200000000 99.7578218358
2.1300000000 99.7603394645
2.1400000000 99.7628205292
2.1500000000 99.7652665144
2.1600000000 99.7676787860
2.1700000000 99.7700556718
2.1800000000 99.7724000526
2.1900000000 99.7747118433
2.2000000000 99.7769908106
2.2100000000 99.7792382436
2.2200000000 99.7814548182
2.2300000000 99.7836401787
2.2400000000 99.7857965219
2.2500000000 99.7879227220
2.2600000000 99.7900201393
2.2700000000 99.7920892468
2.2800000000 99.7941296858
2.2900000000 99.7961436282
2.3000000000 99.7981298880
2.3100000000 99.8000888920
2.3200000000 99.8020227872
2.3300000000 99.8039302835
2.3400000000 99.8058126955
2.3500000000 99.8076704210
2.3600000000 99.8095038656
2.3700000000 99.8113126045
2.3800000000 99.8130978526
2.3900000000 99.8148600368
2.4000000000 99.8165986708
2.4100000000 99.8183157806
2.4200000000 99.8200100770
2.4300000000 99.8216818590
2.4400000000 99.8233323662
2.4500000000 99.8249628225
2.4600000000 99.8265709212
2.4700000000 99.8281595943
2.4800000000 99.8297274378
2.4900000000 99.8312756656
2.5000000000 99.8328036362
2.5100000000 99.8343125810
2.5200000000 99.8358027528
2.5300000000 99.8372735856
2.5400000000 99.8387262647
2.5500000000 99.8401610216
2.5600000000 99.8415781984
2.5700000000 99.8429770560
2.5800000000 99.8443579343
2.5900000000 99.8457219873
2.6000000000 99.8470694328
2.6100000000 99.8484005626
2.6200000000 99.8497146400
2.6300000000 99.8510119540
2.6400000000 99.8522945590
2.6500000000 99.8535598898
2.6600000000 99.8548109877
2.6700000000 99.8560461823
2.6800000000 99.8572657092
2.6900000000 99.8584706890
2.7000000000 99.8596613743
2.7100000000 99.8608369572
2.7200000000 99.8619976507
2.7300000000 99.8631446366
2.7400000000 99.8642781094
2.7500000000 99.8653972586
2.7600000000 99.8665022736
2.7700000000 99.8675943264
2.7800000000 99.8686726038
2.7900000000 99.8697382208
2.8000000000 99.8707904313
2.8100000000 99.8718303623
2.8200000000 99.8728561979
2.8300000000 99.8738710694
2.8400000000 99.8748721224
2.8500000000 99.8758615741
2.8600000000 99.8768385323
2.8700000000 99.8778041243
2.8800000000 99.8787575581
2.8900000000 99.8796989149
2.9000000000 99.8806283466
2.9100000000 99.8815470367
2.9200000000 99.8824540837
2.9300000000 99.8833496107
2.9400000000 99.8842337424
2.9500000000 99.8851066056
2.9600000000 99.8859683624
2.9700000000 99.8868201260
2.9800000000 99.8876599627
2.9900000000 99.8884900777
3.0000000000 99.8893084922
3.0100000000 99.8901173948
3.0200000000 99.8909147953
3.0300000000 99.8917029335
3.0400000000 99.8924798075
3.0500000000 99.8932465269
3.0600000000 99.8940032678
3.0700000000 99.8947500734
3.0800000000 99.8954859982
3.0900000000 99.8962121715
3.1000000000 99.8969287406
3.1100000000 99.8976346858
3.1200000000 99.8983311842
3.1300000000 99.8990183527
3.1400000000 99.8996940197
3.1500000000 99.9003616292
3.1600000000 99.9010178891
3.1700000000 99.9016651773
3.1800000000 99.9023023906
3.1900000000 99.9029296086
3.2000000000 99.9035469445
3.2100000000 99.9041544464
3.2200000000 99.9047521637
3.2300000000 99.9053401792
3.2400000000 99.9059174293
3.2500000000 99.9064851060
3.2600000000 99.9070432946
3.2700000000 99.9075908578
3.2800000000 99.9081278718
3.2900000000 99.9086555784
3.3000000000 99.9091716634
3.3100000000 99.9096773665
3.3200000000 99.9101727340
3.3300000000 99.9106577807
3.3400000000 99.9111314036
3.3500000000 99.9115936403
3.3600000000 99.9120445289
3.3700000000 99.9124840761
3.3800000000 99.9129111562
3.3900000000 99.9133269670
3.4000000000 99.9137291403
3.4100000000 99.9141200796
3.4200000000 99.9144974670
3.4300000000 99.9148612275
3.4400000000 99.9152101955
3.4500000000 99.9155456035
3.4600000000 99.9158662475
3.4700000000 99.9161708467
3.4800000000 99.9164594022
3.4900000000 99.9167319468
3.5000000000 99.9169859711
3.5100000000 99.9172213933
3.5200000000 99.9174382567
3.5300000000 99.9176339793
3.5400000000 99.9178085522
3.5500000000 99.9179593584
3.5600000000 99.9180863372
3.5700000000 99.9181869295
3.5800000000 99.9182597234
3.5900000000 99.9183021139
3.6000000000 99.9183139565
3.6100000000 99.9182899918
3.6200000000 99.9182288122
3.6300000000 99.9181263930
3.6400000000 99.9179798959
3.6500000000 99.9177852830
3.6600000000 99.9175383521
3.6700000000 99.9172310497
3.6800000000 99.9168603908
3.6900000000 99.9164181339
3.7000000000 99.9158960131
3.7100000000 99.9152869013
3.7200000000 99.9145770429
3.7300000000 99.9137578263
3.7400000000 99.9128125473
3.7500000000 99.9117270203
3.7600000000 99.9104828053
3.7700000000 99.9090599762
3.7800000000 99.9074342779
3.7900000000 99.9055784181
3.8000000000 99.9034648439
3.8100000000 99.9010627216
3.8200000000 99.8983395237
3.8300000000 99.8952621071
3.8400000000 99.8918048782
3.8500000000 99.8879485970
3.8600000000 99.8836927106
3.8700000000 99.8790596801
3.8800000000 99.8741079547
3.8900000000 99.8689395004
3.9000000000 99.8636952327
3.9100000000 99.8585531287
3.9200000000 99.8536984672
3.9300000000 99.8492876839
3.9400000000 99.8454251557
3.9500000000 99.8421436505
3.9600000000 99.8394194236
3.9700000000 99.8372091699
3.9800000000 99.8354807821
3.9900000000 99.8342397144
4.0000000000 99.8335213050
4.0100000000 99.8333761054
4.0200000000 99.8338457359
4.0300000000 99.8349470490
4.0400000000 99.8366714138
4.0500000000 99.8389714660
4.0600000000 99.8417631547
4.0700000000 99.8449265294
4.0800000000 99.8483121011
4.0900000000 99.8517664971
4.1000000000 99.8551441678
4.1100000000 99.8583280545
4.1200000000 99.8612274507
4.1300000000 99.8637756779
4.1400000000 99.8659185628
4.1500000000 99.8676177075
4.1600000000 99.8688417448
4.1700000000 99.8695752345
4.1800000000 99.8698130797
4.1900000000 99.8695725181
4.2000000000 99.8688876277
4.2100000000 99.8678050975
4.2200000000 99.8663785188
4.2300000000 99.8646534985
4.2400000000 99.8626584580
4.2500000000 99.8603935944
4.2600000000 99.8578347801
4.2700000000 99.8549347206
4.2800000000 99.8516481377
4.2900000000 99.8479321305
4.3000000000 99.8437598348
4.3100000000 99.8391193550
4.3200000000 99.8340077718
4.3300000000 99.8284295869
4.3400000000 99.8224073516
4.3500000000 99.8160111615
4.3600000000 99.8093731093
4.3700000000 99.8027303951
4.3800000000 99.7964240317
4.3900000000 99.7908762915
4.4000000000 99.7865330709
4.4100000000 99.7837676903
4.4200000000 99.7827886951
4.4300000000 99.7835800350
4.4400000000 99.7858967369
4.4500000000 99.7893268314
4.4600000000 99.7933817907
4.4700000000 99.7975938410
4.4800000000 99.8015836378
4.4900000000 99.8050845743
4.5000000000 99.8079642151
4.5100000000 99.8101898360
4.5200000000 99.8118172707
4.5300000000 99.8129488671
4.5400000000 99.8137065402
4.5500000000 99.8142108750
4.5600000000 99.8145808281
4.5700000000 99.8149366940
4.5800000000 99.8154068212
4.5900000000 99.8161278922
4.6000000000 99.8172109095
4.6100000000 99.8187197314
4.6200000000 99.8206339708
4.6300000000 99.8228410530
4.6400000000 99.8251673269
4.6500000000 99.8273970045
4.6600000000 99.8293212359
4.6700000000 99.8307533286
4.6800000000 99.8315443008
4.6900000000 99.8315819782
4.7000000000 99.8307848628
4.7100000000 99.8290859563
4.7200000000 99.8264345750
4.7300000000 99.8227865139
4.7400000000 99.8180972819
4.7500000000 99.8123321702
4.7600000000 99.8054511901
4.7700000000 99.7974274782
4.7800000000 99.7882405944
4.7900000000 99.7778884743
4.8000000000 99.7664044317
4.8100000000 99.7538677644
4.8200000000 99.7404451547
4.8300000000 99.7263987829
4.8400000000 99.7121081205
4.8500000000 99.6980356998
4.8600000000 99.6846820404
4.8700000000 99.6725085642
4.8800000000 99.6618593461
4.8900000000 99.6529298885
4.9000000000 99.6457716939
4.9100000000 99.6403250569
4.9200000000 99.6364733213
4.9300000000 99.6340858121
4.9400000000 99.6330319796
4.9500000000 99.6331920936
4.9600000000 99.6344556524
4.9700000000 99.6367147042
4.9800000000 99.6398479866
4.9900000000 99.6437188339
5.0000000000 99.6481731265
5.0100000000 99.6530706255
5.0200000000 99.6583189787
5.0300000000 99.6639084385
5.0400000000 99.6699132811
5.0500000000 99.6764398456
5.0600000000 99.6835732655
5.0700000000 99.6913126234
5.0800000000 99.6995243125
5.0900000000 99.7079560984
5.1000000000 99.7162694921
5.1100000000 99.7241019273
5.1200000000 99.7311192443
5.1300000000 99.7370435294
5.1400000000 99.7416688866
5.1500000000 99.7448479493
5.1600000000 99.7464853877
5.1700000000 99.7465092677
5.1800000000 99.7448713942
5.1900000000 99.7415216710
5.2000000000 99.7364227612
5.2100000000 99.7295335299
5.2200000000 99.7208310335
5.2300000000 99.7103235648
5.2400000000 99.6980676473
5.2500000000 99.6841981147
5.2600000000 99.6689568576
5.2700000000 99.6526996000
5.2800000000 99.6359009408
5.2900000000 99.6191015444
5.3000000000 99.6028452217
5.3100000000 99.5875946123
5.3200000000 99.5736698653
5.3300000000 99.5612186916
5.3400000000 99.5502574048
5.3500000000 99.5407297569
5.3600000000 99.5326063953
5.3700000000 99.5259535688
5.3800000000 99.5209783943
5.3900000000 99.5180005897
5.4000000000 99.5173667838
5.4100000000 99.5193289679
5.4200000000 99.5239379601
5.4300000000 99.5309966997
5.4400000000 99.5400912008
5.4500000000 99.5506415008
5.4600000000 99.5619804464
5.4700000000 99.5734086444
5.4800000000 99.5842676649
5.4900000000 99.5939737852
5.5000000000 99.6020696948
5.5100000000 99.6082438648
5.5200000000 99.6123325338
5.5300000000 99.6143021783
5.5400000000 99.6142254954
5.5500000000 99.6122296276
5.5600000000 99.6084651171
5.5700000000 99.6030743746
5.5800000000 99.5962010992
5.5900000000 99.5880097307
5.6000000000 99.5787507732
5.6100000000 99.5687952744
5.6200000000 99.5586561077
5.6300000000 99.5489519310
5.6400000000 99.5403188451
5.6500000000 99.5332911999
5.6600000000 99.5281966282
5.6700000000 99.5251077840
5.6800000000 99.5238414321
5.6900000000 99.5239957504
5.7000000000 99.5250283240
5.7100000000 99.5263250715
5.7200000000 99.5272701642
5.7300000000 99.5273149644
5.7400000000 99.5260235635
5.7500000000 99.5230904145
5.7600000000 99.5183277129
5.7700000000 99.5116583586
5.7800000000 99.5031129775
5.7900000000 99.4928673944
5.8000000000 99.4812664925
5.8100000000 99.4688400607
5.8200000000 99.4562860463
5.8300000000 99.4443839159
5.8400000000 99.4338823824
5.8500000000 99.4253755932
5.8600000000 99.4192026867
5.8700000000 99.4153956135
5.8800000000 99.4137173607
5.8900000000 99.4137316233
5.9000000000 99.4149564073
5.9100000000 99.4169573631
5.9200000000 99.4194256951
5.9300000000 99.4221463571
5.9400000000 99.4249364160
5.9500000000 99.4275656647
5.9600000000 99.4297412384
5.9700000000 99.4311382146
5.9800000000 99.4315086980
5.9900000000 99.4307838571
6.0000000000 99.4291708841
6.0100000000 99.4271749397
6.0200000000 99.4255365086
6.0300000000 99.4250916108
6.0400000000 99.4265665272
6.0500000000 99.4304042494
6.0600000000 99.4366483293
6.0700000000 99.4449835029
6.0800000000 99.4548452545
6.0900000000 99.4655738478
6.1000000000 99.4765123253
6.1100000000 99.4870520527
6.1200000000 99.4966355350
6.1300000000 99.5047571723
6.1400000000 99.5109574054
6.1500000000 99.5148385822
6.1600000000 99.5160744063
6.1700000000 99.5144086530
6.1800000000 99.5096581204
6.1900000000 99.5017068131
6.2000000000 99.4905065553
6.2100000000 99.4760928027
6.2200000000 99.4586071452
6.2300000000 99.4383352236
6.2400000000 99.4157404841
6.2500000000 99.3914761349
6.2600000000 99.3663706945
6.2700000000 99.3413539790
6.2800000000 99.3173164377
6.2900000000 99.2949675393
6.3000000000 99.2747174808
6.3100000000 99.2566465040
6.3200000000 99.2405647553
6.3300000000 99.2261258380
6.3400000000 99.2129590738
6.3500000000 99.2007449971
6.3600000000 99.1892647847
6.3700000000 99.1784232957
6.3800000000 99.1682857467
6.3900000000 99.1590900827
6.4000000000 99.1512527795
6.4100000000 99.1452916636
6.4200000000 99.1417458599
6.4300000000 99.1410725382
6.4400000000 99.1435765198
6.4500000000 99.1493436681
6.4600000000 99.1581847766
6.4700000000 99.1695899885
6.4800000000 99.1827597591
6.4900000000 99.1967157214
6.5000000000 99.2104607602
6.5100000000 99.2231684529
6.5200000000 99.2342946908
6.5300000000 99.2436239993
6.5400000000 99.2512197617
6.5500000000 99.2572817681
6.5600000000 99.2620113845
6.5700000000 99.2654800030
6.5800000000 99.2675771328
6.5900000000 99.2680182724
6.6000000000 99.2664178357
6.6100000000 99.2623790910
6.6200000000 99.2555524198
6.6300000000 99.2456963772
6.6400000000 99.2327275154
6.6500000000 99.2167354689
6.6600000000 99.1980049440
6.6700000000 99.1770002560
6.6800000000 99.1543379307
6.6900000000 99.1307379958
6.7000000000 99.1069819945
6.7100000000 99.0838732109
6.7200000000 99.0621849792
6.7300000000 99.0425994031
6.7400000000 99.0256457579
6.7500000000 99.0116221007
6.7600000000 99.0005564353
6.7700000000 98.9922053111
6.7800000000 98.9861161599
6.7900000000 98.9817089388
6.8000000000 98.9783843607
6.8100000000 98.9755973643
6.8200000000 98.9728883257
6.8300000000 98.9699409376
6.8400000000 98.9666332646
6.8500000000 98.9630627541
6.8600000000 98.9595234170
6.8700000000 98.9563867505
6.8800000000 98.9539124315
6.8900000000 98.9521034966
6.9000000000 98.9506810756
6.9100000000 98.9491747553
6.9200000000 98.9471051424
6.9300000000 98.9441409109
6.9400000000 98.9401623503
6.9500000000 98.9352331519
6.9600000000 98.9294795367
6.9700000000 98.9229519273
6.9800000000 98.9154758971
6.9900000000 98.9066025571
7.0000000000 98.8955783603
7.0100000000 98.8814396895
7.0200000000 98.8631547983
7.0300000000 98.8397617553
7.0400000000 98.8105267008
7.0500000000 98.7750460880
7.0600000000 98.7333046777
7.0700000000 98.6857178398
7.0800000000 98.6331020065
7.0900000000 98.5765628710
7.1000000000 98.5173390410
7.1100000000 98.4565548762
7.1200000000 98.3950580756
7.1300000000 98.3333342795
7.1400000000 98.2715844639
7.1500000000 98.2098957699
7.1600000000 98.1484338601
7.1700000000 98.0875779758
7.1800000000 98.0279746344
7.1900000000 97.9705368397
7.2000000000 97.9163645959
7.2100000000 97.8665918047
7.2200000000 97.8222433882
7.2300000000 97.7840877447
7.2400000000 97.7525383983
7.2500000000 97.7275792731
7.2600000000 97.7086791216
7.2700000000 97.6947027038
7.2800000000 97.6839355799
7.2900000000 97.6742536953
7.3000000000 97.6634482487
7.3100000000 97.6495622944
7.3200000000 97.6310790060
7.3300000000 97.6068956256
7.3400000000 97.5761428463
7.3500000000 97.5380044126
7.3600000000 97.4917379215
7.3700000000 97.4368890622
7.3800000000 97.3736777754
7.3900000000 97.3034046857
7.4000000000 97.2287330762
7.4100000000 97.1537419157
7.4200000000 97.0836923514
7.4300000000 97.0243998287
7.4400000000 96.9812853616
7.4500000000 96.9582254425
7.4600000000 96.9565665883
7.4700000000 96.9746931112
7.4800000000 97.0083414324
7.4900000000 97.0515632093
7.5000000000 97.0979622971
7.5100000000 97.1418216827
7.5200000000 97.1788420663
7.5300000000 97.2064147957
7.5400000000 97.2235136539
7.5500000000 97.2303597399
7.5600000000 97.2280214328
7.5700000000 97.2180812564
7.5800000000 97.2024489696
7.5900000000 97.1833018688
7.6000000000 97.1630605273
7.6100000000 97.1442976164
7.6200000000 97.1295308259
7.6300000000 97.1208742171
7.6400000000 97.1196477173
7.6500000000 97.1261558137
7.6600000000 97.1396738771
7.6700000000 97.1587073831
7.6800000000 97.1812875109
7.6900000000 97.2051977804
7.7000000000 97.2280333660
7.7100000000 97.2471788240
7.7200000000 97.2598614786
7.7300000000 97.2633809202
7.7400000000 97.2554569945
7.7500000000 97.2346221550
7.7600000000 97.2005707544
7.7700000000 97.1543393665
7.7800000000 97.0983656067
7.7900000000 97.0363579743
7.8000000000 96.9729681461
7.8100000000 96.9132595008
7.8200000000 96.8620042424
7.8300000000 96.8229098802
7.8400000000 96.7979434452
7.8500000000 96.7869454679
7.8600000000 96.7876674975
7.8700000000 96.7962286264
7.8800000000 96.8078916559
7.8900000000 96.8179214736
7.9000000000 96.8223402351
7.9100000000 96.8183328322
7.9200000000 96.8043481158
7.9300000000 96.7799374302
7.9400000000 96.7454887056
7.9500000000 96.7020273889
7.9600000000 96.6510874293
7.9700000000 96.5946261147
7.9800000000 96.5349139777
7.9900000000 96.4743151223
8.0000000000 96.4150853444
8.0100000000 96.3592230030
8.0200000000 96.3084413210
8.0300000000 96.2641975917
8.0400000000 96.2277834986
8.0500000000 96.2004367697
8.0600000000 96.1833635454
8.0700000000 96.1776041906
8.0800000000 96.1836827741
8.0900000000 96.2011112089
8.1000000000 96.2280211027
8.1100000000 96.2611046502
8.1200000000 96.2959574361
8.1300000000 96.3277245727
8.1400000000 96.3518622418
8.1500000000 96.3648193315
8.1600000000 96.3644900068
8.1700000000 96.3503625611
8.1800000000 96.3233980174
8.1900000000 96.2857466690
8.2000000000 96.2404493453
8.2100000000 96.1911919118
8.2200000000 96.1421586010
8.2300000000 96.0978845892
8.2400000000 96.0629768673
8.2500000000 96.0416438005
8.2600000000 96.0369467323
8.2700000000 96.0500821002
8.2800000000 96.0798994979
8.2900000000 96.1229448597
8.3000000000 96.1740428356
8.3100000000 96.2271308292
8.3200000000 96.2761585962
8.3300000000 96.3158401862
8.3400000000 96.3422074416
8.3500000000 96.3530326777
8.3600000000 96.3480820781
8.3700000000 96.3291992310
8.3800000000 96.3001713221
8.3900000000 96.2663300069
8.4000000000 96.2338638492
8.4100000000 96.2088877662
8.4200000000 96.1964066587
8.4300000000 96.1993775200
8.4400000000 96.2181268437
8.4500000000 96.2503573954
8.4600000000 96.2917269831
8.4700000000 96.3368732986
8.4800000000 96.3805140003
8.4900000000 96.4182937254
8.5000000000 96.4471948501
8.5100000000 96.4654954079
8.5200000000 96.4724221151
8.5300000000 96.4676959622
8.5400000000 96.4512324559
8.5500000000 96.4229858992
8.5600000000 96.3829823485
8.5700000000 96.3313225341
8.5800000000 96.2681471882
8.5900000000 96.1935543666
8.6000000000 96.1076237947
8.6100000000 96.0105939750
8.6200000000 95.9031717167
8.6300000000 95.7868228508
8.6400000000 95.6639686974
8.6500000000 95.5379731679
8.6600000000 95.4129639824
8.6700000000 95.2934841321
8.6800000000 95.1840917031
8.6900000000 95.0888736974
8.7000000000 95.0109958393
8.7100000000 94.9522805244
8.7200000000 94.9129848631
8.7300000000 94.8918958468
8.7400000000 94.8867562914
8.7500000000 94.8949301289
8.7600000000 94.9140326396
8.7700000000 94.9423413269
8.7800000000 94.9788039876
8.7900000000 95.0226991676
8.8000000000 95.0731895772
8.8100000000 95.1289911953
8.8200000000 95.1882536178
8.8300000000 95.2487437495
8.8400000000 95.3081921079
8.8500000000 95.3647454431
8.8600000000 95.4173688588
8.8700000000 95.4659987633
8.8800000000 95.5113198895
8.8900000000 95.5541774440
8.9000000000 95.5948666567
8.9100000000 95.6325799485
8.9200000000 95.6652271507
8.9300000000 95.6896771089
8.9400000000 95.7022947746
8.9500000000 95.6995325057
8.9600000000 95.6784372076
8.9700000000 95.6369360550
8.9800000000 95.5739948021
8.9900000000 95.4896879467
9.0000000000 95.3853602006
9.0100000000 95.2637874330
9.0200000000 95.1293394252
9.0300000000 94.9879233066
9.0400000000 94.8466155645
9.0500000000 94.7128765468
9.0600000000 94.5935249214
9.0700000000 94.4937389341
9.0800000000 94.4164775259
9.0900000000 94.3624508951
9.1000000000 94.3306289956
9.1100000000 94.3189097126
9.1200000000 94.3247127507
9.1300000000 94.3454180777
9.1400000000 94.3785882216
9.1500000000 94.4220547008
9.1600000000 94.4738258945
9.1700000000 94.5318172674
9.1800000000 94.5934940612
9.1900000000 94.6556047372
9.2000000000 94.7141180563
9.2100000000 94.7644185448
9.2200000000 94.8017502650
9.2300000000 94.8217266978
9.2400000000 94.8208655868
9.2500000000 94.7970045962
9.2600000000 94.7495904870
9.2700000000 94.6798309043
9.2800000000 94.5906268439
9.2900000000 94.4863252514
9.3000000000 94.3721788603
9.3100000000 94.2535997690
9.3200000000 94.1352535537
9.3300000000 94.0201707551
9.3400000000 93.9092429702
9.3500000000 93.8011873938
9.3600000000 93.6930977243
9.3700000000 93.5814139077
9.3800000000 93.4629838744
9.3900000000 93.3360433939
9.4000000000 93.2008605075
9.4100000000 93.0600188229
9.4200000000 92.9183267399
9.4300000000 92.7824218067
9.4400000000 92.6600477757
9.4500000000 92.5590575126
9.4600000000 92.4861081885
9.4700000000 92.4453312804
9.4800000000 92.4373653712
9.4900000000 92.4591654458
9.5000000000 92.5047315517
9.5100000000 92.5664888623
9.5200000000 92.6368782286
9.5300000000 92.7096648744
9.5400000000 92.7806586804
9.5500000000 92.8478363044
9.5600000000 92.9109434846
9.5700000000 92.9708458640
9.5800000000 93.0288344793
9.5900000000 93.0860721052
9.6000000000 93.1432013784
9.6100000000 93.2001506687
9.6200000000 93.2561832890
9.6300000000 93.3101749328
9.6400000000 93.3609865550
9.6500000000 93.4077204959
9.6600000000 93.4496971862
9.6700000000 93.4861151769
9.6800000000 93.5155317736
9.6900000000 93.5355187328
9.7000000000 93.5426743918
9.7100000000 93.5330988494
9.7200000000 93.5030354442
9.7300000000 93.4494755309
9.7400000000 93.3704404035
9.7500000000 93.2650429278
9.7600000000 93.1334549380
9.7700000000 92.9770160986
9.7800000000 92.7984996534
9.7900000000 92.6023939366
9.8000000000 92.3949720734
9.8100000000 92.1840178421
9.8200000000 91.9782191383
9.8300000000 91.7862816024
9.8400000000 91.6159672337
9.8500000000 91.4731137767
9.8600000000 91.3607869744
9.8700000000 91.2787538405
9.8800000000 91.2235298059
9.8900000000 91.1890569891
9.9000000000 91.1679675120
9.9100000000 91.1530305749
9.9200000000 91.1383933991
9.9300000000 91.1202946436
9.9400000000 91.0972346449
9.9500000000 91.0695848385
9.9600000000 91.0389195756
9.9700000000 91.0072074658
9.9800000000 90.9761235633
9.9900000000 90.9467096862
10.0000000000 90.9194292766
10.0100000000 90.8944918230
10.0200000000 90.8722516808
10.0300000000 90.8534795177
10.0400000000 90.8393802622
10.0500000000 90.8313751823
10.0600000000 90.8306705886
10.0700000000 90.8378544876
10.0800000000 90.8526613005
10.0900000000 90.8740449812
10.1000000000 90.9004836611
10.1100000000 90.9303147624
10.1200000000 90.9619964948
10.1300000000 90.9942918449
10.1400000000 91.0263836263
10.1500000000 91.0579510507
10.1600000000 91.0891255585
10.1700000000 91.1203268644
10.1800000000 91.1520153659
10.1900000000 91.1843684986
10.2000000000 91.2170436227
10.2100000000 91.2490595276
10.2200000000 91.2789798161
10.2300000000 91.3053519068
10.2400000000 91.3273246886
10.2500000000 91.3452875006
10.2600000000 91.3612638381
10.2700000000 91.3788585949
10.2800000000 91.4026011817
10.2900000000 91.4367784432
10.3000000000 91.4842368864
10.3100000000 91.5455658545
10.3200000000 91.6189916797
10.3300000000 91.7009433465
10.3400000000 91.7870718314
10.3500000000 91.8734448715
10.3600000000 91.9576595822
10.3700000000 92.0395305351
10.3800000000 92.1211157379
10.3900000000 92.2058975496
10.4000000000 92.2973386858
10.4100000000 92.3972522334
10.4200000000 92.5046470549
10.4300000000 92.6154622766
10.4400000000 92.7232467473
10.4500000000 92.8204917103
10.4600000000 92.9001516106
10.4700000000 92.9569444699
10.4800000000 92.9882622539
10.4900000000 92.9945873672
10.5000000000 92.9794751040
10.5100000000 92.9491612029
10.5200000000 92.9117551295
10.5300000000 92.8761116826
10.5400000000 92.8504332100
10.5500000000 92.8408396916
10.5600000000 92.8502554318
10.5700000000 92.8779776571
10.5800000000 92.9200666944
10.5900000000 92.9704136880
10.6000000000 93.0220398424
10.6100000000 93.0683127807
10.6200000000 93.1038285929
10.6300000000 93.1249683673
10.6400000000 93.1300990033
10.6500000000 93.1195398251
10.6600000000 93.0951916586
10.6700000000 93.0600276152
10.6800000000 93.0175205137
10.6900000000 92.9712648950
10.7000000000 92.9247910705
10.7100000000 92.8813402135
10.7200000000 92.8434510632
10.7300000000 92.8122245730
10.7400000000 92.7866306550
10.7500000000 92.7633802916
10.7600000000 92.7375349493
10.7700000000 92.7038223206
10.7800000000 92.6580759667
10.7900000000 92.5983462100
10.8000000000 92.5253598059
10.8100000000 92.4423069653
10.8200000000 92.3541273563
10.8300000000 92.2665600074
10.8400000000 92.1851935903
10.8500000000 92.1147168693
10.8600000000 92.0584139912
10.8700000000 92.0179942619
10.8800000000 91.9937872657
10.8900000000 91.9852667400
10.9000000000 91.9917231527
10.9100000000 92.0128180742
10.9200000000 92.0486828102
10.9300000000 92.0995324158
10.9400000000 92.1650304147
10.9500000000 92.2436772390
10.9600000000 92.3326421952
10.9700000000 92.4280867461
10.9800000000 92.5259794948
10.9900000000 92.6230043714
11.0000000000 92.7171872679
11.0100000000 92.8078385264
11.0200000000 92.8948416991
11.0300000000 92.9776255788
11.0400000000 93.0543241986
11.0500000000 93.1215153995
11.0600000000 93.1746240969
11.0700000000 93.2087482754
11.0800000000 93.2195993126
11.0900000000 93.2042247011
11.1000000000 93.1614300519
11.1100000000 93.0918708757
11.1200000000 92.9980168611
11.1300000000 92.8840690596
11.1400000000 92.7558607317
11.1500000000 92.6206249932
11.1600000000 92.4865566449
11.1700000000 92.3621227894
11.1800000000 92.2553550645
11.1900000000 92.1733760774
11.2000000000 92.1221016227
11.2100000000 92.1060034009
11.2200000000 92.1275498018
11.2300000000 92.1865134049
11.2400000000 92.2794002606
11.2500000000 92.3995379346
11.2600000000 92.5378763198
11.2700000000 92.6842741140
11.2800000000 92.8288008039
11.2900000000 92.9626248810
11.3000000000 93.0785169381
11.3100000000 93.1710683224
11.3200000000 93.2368189427
11.3300000000 93.2743581810
11.3400000000 93.2843464324
11.3500000000 93.2693704104
11.3600000000 93.2336281485
11.3700000000 93.1825090480
11.3800000000 93.1220969750
11.3900000000 93.0586162534
11.4000000000 92.9977170298
11.4100000000 92.9437410054
11.4200000000 92.8991272578
11.4300000000 92.8643057053
11.4400000000 92.8380771769
11.4500000000 92.8183808805
11.4600000000 92.8030376595
11.4700000000 92.7903417709
11.4800000000 92.7793276822
11.4900000000 92.7698565133
11.5000000000 92.7625351845
11.5100000000 92.7585502250
11.5200000000 92.7593435085
11.5300000000 92.7662282000
11.5400000000 92.7800342834
11.5500000000 92.8009669929
11.5600000000 92.8287276170
11.5700000000 92.8628578103
11.5800000000 92.9030410381
11.5900000000 92.9493024707
11.6000000000 93.0020616598
11.6100000000 93.0620819861
11.6200000000 93.1303910991
11.6300000000 93.2080225822
11.6400000000 93.2956799252
11.6500000000 93.3933490178
11.6600000000 93.5000803209
11.6700000000 93.6140691593
11.6800000000 93.7328811857
11.6900000000 93.8537600582
11.7000000000 93.9738268941
11.7100000000 94.0901647044
11.7200000000 94.1998023412
11.7300000000 94.2997275568
11.7400000000 94.3869094136
11.7500000000 94.4584491155
11.7600000000 94.5118156836
11.7700000000 94.5451727339
11.7800000000 94.5576817009
11.7900000000 94.5497216768
11.8000000000 94.5229185772
11.8100000000 94.4799732406
11.8200000000 94.4243389642
11.8300000000 94.3598930362
11.8400000000 94.2906317187
11.8500000000 94.2203525869
11.8600000000 94.1522596762
11.8700000000 94.0884690600
11.8800000000 94.0295645462
11.8900000000 93.9744021932
11.9000000000 93.9203734346
11.9100000000 93.8640632863
11.9200000000 93.8020909662
11.9300000000 93.7318324427
11.9400000000 93.6519234850
11.9500000000 93.5624914201
11.9600000000 93.4652524230
11.9700000000 93.3634358673
11.9800000000 93.2615327385
11.9900000000 93.1646783504
12.0000000000 93.0778132399
12.0100000000 93.0047532381
12.0200000000 92.9474953395
12.0300000000 92.9060636739
12.0400000000 92.8788984957
12.0500000000 92.8636432395
12.0600000000 92.8579073713
12.0700000000 92.8596188299
12.0800000000 92.8669115068
12.0900000000 92.8778030608
12.1000000000 92.8899466966
12.1100000000 92.9007862889
12.1200000000 92.9080281181
12.1300000000 92.9103490136
12.1400000000 92.9079950595
12.1500000000 92.9030578637
12.1600000000 92.8993479271
12.1700000000 92.9018332992
12.1800000000 92.9158079897
12.1900000000 92.9460019746
12.2000000000 92.9958354747
12.2100000000 93.0670798653
12.2200000000 93.1599108712
12.2300000000 93.2733583782
12.2400000000 93.4057701376
12.2500000000 93.5550367471
12.2600000000 93.7184198409
12.2700000000 93.8921823180
12.2800000000 94.0713518170
12.2900000000 94.2499430539
12.3000000000 94.4216345272
12.3100000000 94.5806755871
12.3200000000 94.7226819554
12.3300000000 94.8450446341
12.3400000000 94.9469584480
12.3500000000 95.0290596300
12.3600000000 95.0929171205
12.3700000000 95.1405111424
12.3800000000 95.1737506194
12.3900000000 95.1941513587
12.4000000000 95.2026013072
12.4100000000 95.1993217644
12.4200000000 95.1840873567
12.4300000000 95.1566284981
12.4400000000 95.1171544570
12.4500000000 95.0667307162
12.4600000000 95.0074894084
12.4700000000 94.9425569506
12.4800000000 94.8758692537
12.4900000000 94.8119076444
12.5000000000 94.7553095015
12.5100000000 94.7102715185
12.5200000000 94.6797798013
12.5300000000 94.6647282544
12.5400000000 94.6634172893
12.5500000000 94.6715882239
12.5600000000 94.6832243684
12.5700000000 94.6918248704
12.5800000000 94.6918342920
12.5900000000 94.6797903175
12.6000000000 94.6548760403
12.6100000000 94.6188586960
12.6200000000 94.5754255642
12.6300000000 94.5292484793
12.6400000000 94.4849902930
12.6500000000 94.4466272683
12.6600000000 94.4170454803
12.6700000000 94.3978504174
12.6800000000 94.3892746814
12.6900000000 94.3901926985
12.7000000000 94.3984817218
12.7100000000 94.4117849512
12.7200000000 94.4284178334
12.7300000000 94.4480976178
12.7400000000 94.4720215263
12.7500000000 94.5022896976
12.7600000000 94.5407998352
12.7700000000 94.5881926905
12.7800000000 94.6432889308
12.7900000000 94.7033639361
12.8000000000 94.7650781005
12.8100000000 94.8256835303
12.8200000000 94.8839385741
12.8300000000 94.9403395031
12.8400000000 94.9967423878
12.8500000000 95.0554691523
12.8600000000 95.1183305771
12.8700000000 95.1858848068
12.8800000000 95.2571626812
12.8900000000 95.3298415516
12.9000000000 95.4008100470
12.9100000000 95.4667934165
12.9200000000 95.5249309663
12.9300000000 95.5731334474
12.9400000000 95.6102173925
12.9500000000 95.6358891172
12.9600000000 95.6506975150
12.9700000000 95.6560383817
12.9800000000 95.6540776981
12.9900000000 95.6475825583
13.0000000000 95.6394952053
13.0100000000 95.6323541743
13.0200000000 95.6276669331
13.0300000000 95.6254365918
13.0400000000 95.6240450199
13.0500000000 95.6205728602
13.0600000000 95.6114713670
13.0700000000 95.5934498158
13.0800000000 95.5643055837
13.0900000000 95.5234903991
13.1000000000 95.4723106880
13.1100000000 95.4137572330
13.1200000000 95.3521075914
13.1300000000 95.2924471286
13.1400000000 95.2401997952
13.1500000000 95.2006127513
13.1600000000 95.1780966526
13.1700000000 95.1754384877
13.1800000000 95.1931091017
13.1900000000 95.2289662303
13.2000000000 95.2785631373
13.2100000000 95.3359728914
13.2200000000 95.3948016854
13.2300000000 95.4491189835
13.2400000000 95.4940878423
13.2500000000 95.5262492954
13.2600000000 95.5436005139
13.2700000000 95.5454587079
13.2800000000 95.5322547503
13.2900000000 95.5052662758
13.3000000000 95.4664093442
13.3100000000 95.4181716680
13.3200000000 95.3636707682
13.3300000000 95.3066329971
13.3400000000 95.2512100150
13.3500000000 95.2014657535
13.3600000000 95.1607303754
13.3700000000 95.1311178702
13.3800000000 95.1134191604
13.3900000000 95.1074313963
13.4000000000 95.1124785422
13.4100000000 95.1278129104
13.4200000000 95.1527892063
13.4300000000 95.1868168060
13.4400000000 95.2291834786
13.4500000000 95.2789125587
13.4600000000 95.3347762205
13.4700000000 95.3954259545
13.4800000000 95.4595857925
13.4900000000 95.5262063677
13.5000000000 95.5945391328
13.5100000000 95.6641018769
13.5200000000 95.7346161875
13.5300000000 95.8059866434
13.5400000000 95.8783119375
13.5500000000 95.9519577925
13.5600000000 96.0275238365
13.5700000000 96.1056933986
13.5800000000 96.1869348182
13.5900000000 96.2712081321
13.6000000000 96.3577709996
13.6100000000 96.4451724814
13.6200000000 96.5314955934
13.6300000000 96.6146784228
13.6400000000 96.6929746072
13.6500000000 96.7653314125
13.6600000000 96.8316610311
13.6700000000 96.8927970467
13.6800000000 96.9502214804
13.6900000000 97.0055879243
13.7000000000 97.0601877884
13.7100000000 97.1145485600
13.7200000000 97.1682682514
13.7300000000 97.2201428826
13.7400000000 97.2684847622
13.7500000000 97.3115862032
13.7600000000 97.3480877948
13.7700000000 97.3772506587
13.7800000000 97.3989948458
13.7900000000 97.4137985615
13.8000000000 97.4224406361
13.8100000000 97.4257791868
13.8200000000 97.4245450033
13.8300000000 97.4192334174
13.8400000000 97.4100423259
13.8500000000 97.3968587915
13.8600000000 97.3792545752
13.8700000000 97.3565594114
13.8800000000 97.3280094708
13.8900000000 97.2929245381
13.9000000000 97.2508529947
13.9100000000 97.2016677752
13.9200000000 97.1454708200
13.9300000000 97.0823635784
13.9400000000 97.0122123628
13.9500000000 96.9344734207
13.9600000000 96.8482578691
13.9700000000 96.7525836321
13.9800000000 96.6467809446
13.9900000000 96.5309423472
14.0000000000 96.4062211276
14.0100000000 96.2749772497
14.0200000000 96.1406573828
14.0300000000 96.0074821077
14.0400000000 95.8799907810
14.0500000000 95.7625162393
14.0600000000 95.6587277456
14.0700000000 95.5713297232
14.0800000000 95.5020098009
14.0900000000 95.4515756219
14.1000000000 95.4202749820
14.1100000000 95.4081779930
14.1200000000 95.4154997987
14.1300000000 95.4426584599
14.1400000000 95.4899923329
14.1500000000 95.5572277866
14.1600000000 95.6430342601
14.1700000000 95.7449666316
14.1800000000 95.8598672132
14.1900000000 95.9844635180
14.2000000000 96.1158321525
14.2100000000 96.2515548426
14.2200000000 96.3895657868
14.2300000000 96.5279426559
14.2400000000 96.6647471842
14.2500000000 96.7980545386
14.2600000000 96.9261183534
14.2700000000 97.0475122177
14.2800000000 97.1612299841
14.2900000000 97.2666638095
14.3000000000 97.3635500953
14.3100000000 97.4518252166
14.3200000000 97.5315824347
14.3300000000 97.6029948285
14.3400000000 97.6662965333
14.3500000000 97.7217035115
14.3600000000 97.7693237989
14.3700000000 97.8090798564
14.3800000000 97.8406393327
14.3900000000 97.8634796077
14.4000000000 97.8769641344
14.4100000000 97.8804762406
14.4200000000 97.8735250401
14.4300000000 97.8558710991
14.4400000000 97.8276439772
14.4500000000 97.7894925640
14.4600000000 97.7426985107
14.4700000000 97.6892729643
14.4800000000 97.6319157037
14.4900000000 97.5738153180
14.5000000000 97.5182403856
14.5100000000 97.4680531374
14.5200000000 97.4252506514
14.5300000000 97.3907035766
14.5400000000 97.3641719914
14.5500000000 97.3445833391
14.5600000000 97.3303229294
14.5700000000 97.3195791507
14.5800000000 97.3105601420
14.5900000000 97.3017339556
14.6000000000 97.2920102007
14.6100000000 97.2809907867
14.6200000000 97.2690331611
14.6300000000 97.2571913826
14.6400000000 97.2469696847
14.6500000000 97.2399514749
14.6600000000 97.2374848184
14.6700000000 97.2404781140
14.6800000000 97.2492894816
14.6900000000 97.2636847850
14.7000000000 97.2828795720
14.7100000000 97.3056911378
14.7200000000 97.3307721012
14.7300000000 97.3569763249
14.7400000000 97.3836550561
14.7500000000 97.4108652613
14.7600000000 97.4392785260
14.7700000000 97.4698582122
14.7800000000 97.5033784739
14.7900000000 97.5399925937
14.8000000000 97.5789968034
14.8100000000 97.6188441045
14.8200000000 97.6573992523
14.8300000000 97.6922829920
14.8400000000 97.7212441178
14.8500000000 97.7424173753
14.8600000000 97.7544921779
14.8700000000 97.7567036912
14.8800000000 97.7486972871
14.8900000000 97.7303691931
14.9000000000 97.7017026541
14.9100000000 97.6626227762
14.9200000000 97.6130240433
14.9300000000 97.5528395963
14.9400000000 97.4821836594
14.9500000000 97.4015049078
14.9600000000 97.3116729704
14.9700000000 97.2139831142
14.9800000000 97.1101175336
14.9900000000 97.0021103506
15.0000000000 96.8923539160
15.0100000000 96.7837319331
15.0200000000 96.6797211999
15.0300000000 96.5844615778
15.0400000000 96.5026161144
15.0500000000 96.4388828000
15.0600000000 96.3972659376
15.0700000000 96.3802904064
15.0800000000 96.3884175301
15.0900000000 96.4200013900
15.1000000000 96.4717151266
15.1100000000 96.5392913739
15.1200000000 96.6182830581
15.1300000000 96.7046013803
15.1400000000 96.7947736805
15.1500000000 96.8859847213
15.1600000000 96.9759665472
15.1700000000 97.0629311259
15.1800000000 97.1454916428
15.1900000000 97.2225505560
15.2000000000 97.2931964505
15.2100000000 97.3566482677
15.2200000000 97.4121890301
15.2300000000 97.4592531234
15.2400000000 97.4975282530
15.2500000000 97.5270844730
15.2600000000 97.5484423106
15.2700000000 97.5625684589
15.2800000000 97.5707910789
15.2900000000 97.5746140379
15.3000000000 97.5754956571
15.3100000000 97.5746416537
15.3200000000 97.5728573004
15.3300000000 97.5705261345
15.3400000000 97.5676782313
15.3500000000 97.5640821707
15.3600000000 97.5593535067
15.3700000000 97.5530271249
15.3800000000 97.5446836134
15.3900000000 97.5341128717
15.4000000000 97.5214445681
15.4100000000 97.5071689718
15.4200000000 97.4920360767
15.4300000000 97.4768249488
15.4400000000 97.4621835986
15.4500000000 97.4485936872
15.4600000000 97.4364153629
15.4700000000 97.4260452646
15.4800000000 97.4179664433
15.4900000000 97.4127246114
15.5000000000 97.4108025165
15.5100000000 97.4124872000
15.5200000000 97.4178186409
15.5300000000 97.4266237404
15.5400000000 97.4386365345
15.5500000000 97.4535881137
15.5600000000 97.4712409494
15.5700000000 97.4913474122
15.5800000000 97.5135489255
15.5900000000 97.5372572779
15.6000000000 97.5616336942
15.6100000000 97.5856175706
15.6200000000 97.6080409352
15.6300000000 97.6277571487
15.6400000000 97.6437283398
15.6500000000 97.6550448525
15.6600000000 97.6609107051
15.6700000000 97.6606187473
15.6800000000 97.6535987937
15.6900000000 97.6394781437
15.7000000000 97.6182398792
15.7100000000 97.5902645279
15.7200000000 97.5562852993
15.7300000000 97.5171696659
15.7400000000 97.4736702622
15.7500000000 97.4261635535
15.7600000000 97.3745526941
15.7700000000 97.3183649312
15.7800000000 97.2569578404
15.7900000000 97.1899057451
15.8000000000 97.1173711976
15.8100000000 97.0404243484
15.8200000000 96.9612236238
15.8300000000 96.8829598248
15.8400000000 96.8095334530
15.8500000000 96.7450892697
15.8600000000 96.6934237868
15.8700000000 96.6574139260
15.8800000000 96.6386405430
15.8900000000 96.6370892170
15.9000000000 96.6511266298
15.9100000000 96.6776278426
15.9200000000 96.7123803178
15.9300000000 96.7507252197
15.9400000000 96.7881952594
15.9500000000 96.8210665148
15.9600000000 96.8466657771
15.9700000000 96.8634059574
15.9800000000 96.8706937080
15.9900000000 96.8687443031
16.0000000000 96.8584344286
16.0100000000 96.8412289522
16.0200000000 96.8191337013
16.0300000000 96.7945293545
16.0400000000 96.7699732004
16.0500000000 96.7477771565
16.0600000000 96.7296527203
16.0700000000 96.7163801824
16.0800000000 96.7076786615
16.0900000000 96.7023420742
16.1000000000 96.6985497518
16.1100000000 96.6942742484
16.1200000000 96.6876734892
16.1300000000 96.6773839011
16.1400000000 96.6627287808
16.1500000000 96.6437976244
16.1600000000 96.6213776488
16.1700000000 96.5967464528
16.1800000000 96.5713747011
16.1900000000 96.5466355944
16.2000000000 96.5236097773
16.2100000000 96.5031244270
16.2200000000 96.4859146723
16.2300000000 96.4727456130
16.2400000000 96.4644490054
16.2500000000 96.4617524272
16.2600000000 96.4650654320
16.2700000000 96.4742950021
16.2800000000 96.4888594523
16.2900000000 96.5078576927
16.3000000000 96.5302797598
16.3100000000 96.5551387891
16.3200000000 96.5815391787
16.3300000000 96.6086510856
16.3400000000 96.6356286775
16.3500000000 96.6615475043
16.3600000000 96.6854635670
16.3700000000 96.7064513273
16.3800000000 96.7237084860
16.3900000000 96.7366415085
16.4000000000 96.7449281038
16.4100000000 96.7486587984
16.4200000000 96.7484357402
16.4300000000 96.7454181497
16.4400000000 96.7412451364
16.4500000000 96.7378035325
16.4600000000 96.7368736437
16.4700000000 96.7397768177
16.4800000000 96.7470964697
16.4900000000 96.7586003606
16.5000000000 96.7733190765
16.5100000000 96.7897545145
16.5200000000 96.8062025447
16.5300000000 96.8210271644
16.5400000000 96.8329317045
16.5500000000 96.8411173272
16.5600000000 96.8453351801
16.5700000000 96.8458878205
16.5800000000 96.8435283268
16.5900000000 96.8393064716
16.6000000000 96.8344302363
16.6100000000 96.8300852055
16.6200000000 96.8273550992
16.6300000000 96.8271067767
16.6400000000 96.8299945141
16.6500000000 96.8364302081
16.6600000000 96.8465202473
16.6700000000 96.8600166705
16.6800000000 96.8763241675
16.6900000000 96.8945510876
16.7000000000 96.9136980033
16.7100000000 96.9328169709
16.7200000000 96.9511331355
16.7300000000 96.9680041612
16.7400000000 96.9828309612
16.7500000000 96.9949558612
16.7600000000 97.0036202609
16.7700000000 97.0079970099
16.7800000000 97.0072347849
16.7900000000 97.0005548443
16.8000000000 96.9873533403
16.8100000000 96.9673740211
16.8200000000 96.9408827527
16.8300000000 96.9087911839
16.8400000000 96.8726908081
16.8500000000 96.8347668232
16.8600000000 96.7975438797
16.8700000000 96.7636155921
16.8800000000 96.7353529710
16.8900000000 96.7146764669
16.9000000000 96.7028996014
16.9100000000 96.7006683456
16.9200000000 96.7079565823
16.9300000000 96.7241510139
16.9400000000 96.7481298580
16.9500000000 96.7784341202
16.9600000000 96.8133943345
16.9700000000 96.8512995620
16.9800000000 96.8905014111
16.9900000000 96.9294663117
17.0000000000 96.9668822233
17.0100000000 97.0016379395
17.0200000000 97.0328963048
17.0300000000 97.0601213936
17.0400000000 97.0830483665
17.0500000000 97.1016518265
17.0600000000 97.1160438406
17.0700000000 97.1264389467
17.0800000000 97.1331359907
17.0900000000 97.1365118379
17.1000000000 97.1370909607
17.1100000000 97.1355889606
17.1200000000 97.1328551676
17.1300000000 97.1298112461
17.1400000000 97.1273751292
17.1500000000 97.1263784986
17.1600000000 97.1275137128
17.1700000000 97.1313560374
17.1800000000 97.1383228773
17.1900000000 97.1485683731
17.2000000000 97.1619048707
17.2100000000 97.1777035762
17.2200000000 97.1949327967
17.2300000000 97.2123748332
17.2400000000 97.2289470769
17.2500000000 97.2439235425
17.2600000000 97.2570918912
17.2700000000 97.2686029421
17.2800000000 97.2787928163
17.2900000000 97.2879354612
17.3000000000 97.2961156755
17.3100000000 97.3031832018
17.3200000000 97.3088019992
17.3300000000 97.3124665454
17.3400000000 97.3135935407
17.3500000000 97.3115915857
17.3600000000 97.3059910465
17.3700000000 97.2966643327
17.3800000000 97.2839501709
17.3900000000 97.2686835487
17.4000000000 97.2520709310
17.4100000000 97.2355030952
17.4200000000 97.2203300720
17.4300000000 97.2077640687
17.4400000000 97.1988066474
17.4500000000 97.1941771389
17.4600000000 97.1942688278
17.4700000000 97.1990517444
17.4800000000 97.2080369992
17.4900000000 97.2202825562
17.5000000000 97.2345760109
17.5100000000 97.2496042514
17.5200000000 97.2642437772
17.5300000000 97.2777928347
17.5400000000 97.2901405247
17.5500000000 97.3017398231
17.5600000000 97.3135506402
17.5700000000 97.3267880176
17.5800000000 97.3427393758
17.5900000000 97.3625358484
17.6000000000 97.3869340027
17.6100000000 97.4162264900
17.6200000000 97.4501438166
17.6300000000 97.4878995780
17.6400000000 97.5282980530
17.6500000000 97.5698895089
17.6600000000 97.6111383181
17.6700000000 97.6506093468
17.6800000000 97.6870881145
17.6900000000 97.7196701363
17.7000000000 97.7477555906
17.7100000000 97.7710171312
17.7200000000 97.7892986656
17.7300000000 97.8026230262
17.7400000000 97.8111789520
17.7500000000 97.8153657754
17.7600000000 97.8158437941
17.7700000000 97.8135074060
17.7800000000 97.8093767738
17.7900000000 97.8044771503
17.8000000000 97.7997201673
17.8100000000 97.7957799894
17.8200000000 97.7930828637
17.8300000000 97.7918526735
17.8400000000 97.7921774126
17.8500000000 97.7941006287
17.8600000000 97.7976470837
17.8700000000 97.8027753293
17.8800000000 97.8093468039
17.8900000000 97.8170373140
17.9000000000 97.8253349515
17.9100000000 97.8335425855
17.9200000000 97.8409213824
17.9300000000 97.8468144062
17.9400000000 97.8509002274
17.9500000000 97.8533162465
17.9600000000 97.8547170213
17.9700000000 97.8560958212
17.9800000000 97.8585663724
17.9900000000 97.8630584144
18.0000000000 97.8701524193
18.0100000000 97.8800598297
18.0200000000 97.8927423870
18.0300000000 97.9080216998
18.0400000000 97.9257230563
18.0500000000 97.9456211774
18.0600000000 97.9674214031
18.0700000000 97.9907268788
18.0800000000 98.0150492951
18.0900000000 98.0399004154
18.1000000000 98.0648808040
18.1100000000 98.0896642161
18.1200000000 98.1140050022
18.1300000000 98.1376524964
18.1400000000 98.1602432608
18.1500000000 98.1812867995
18.1600000000 98.2001503353
18.1700000000 98.2160745914
18.1800000000 98.2282737617
18.1900000000 98.2359784419
18.2000000000 98.2386065675
18.2100000000 98.2358285304
18.2200000000 98.2276656659
18.2300000000 98.2145313068
18.2400000000 98.1972204630
18.2500000000 98.1768928415
18.2600000000 98.1551379857
18.2700000000 98.1339018808
18.2800000000 98.1154744266
18.2900000000 98.1022287554
18.3000000000 98.0963294104
18.3100000000 98.0993404927
18.3200000000 98.1119166824
18.3300000000 98.1336829708
18.3400000000 98.1633213595
18.3500000000 98.1988542001
18.3600000000 98.2379906249
18.3700000000 98.2784159760
18.3800000000 98.3180672033
18.3900000000 98.3552486456
18.4000000000 98.3886760997
18.4100000000 98.4175103350
18.4200000000 98.4413568149
18.4300000000 98.4601752069
18.4400000000 98.4742584733
18.4500000000 98.4840625083
18.4600000000 98.4901098534
18.4700000000 98.4928592167
18.4800000000 98.4926712737
18.4900000000 98.4898368175
18.5000000000 98.4846730101
18.5100000000 98.4775292681
18.5200000000 98.4688980664
18.5300000000 98.4593524690
18.5400000000 98.4495410581
18.5500000000 98.4400665406
18.5600000000 98.4314200990
18.5700000000 98.4239089202
18.5800000000 98.4176458361
18.5900000000 98.4126704608
18.6000000000 98.4090442202
18.6100000000 98.4069756668
18.6200000000 98.4068825953
18.6300000000 98.4092793966
18.6400000000 98.4146507864
18.6500000000 98.4232115873
18.6600000000 98.4347986859
18.6700000000 98.4488129507
18.6800000000 98.4643023595
18.6900000000 98.4801727513
18.7000000000 98.4953939986
18.7100000000 98.5091724174
18.7200000000 98.5210146897
18.7300000000 98.5306933934
18.7400000000 98.5381468477
18.7500000000 98.5433161500
18.7600000000 98.5461239711
18.7700000000 98.5464390636
18.7800000000 98.5441794735
18.7900000000 98.5394702176
18.8000000000 98.5326523669
18.8100000000 98.5243194579
18.8200000000 98.5152083745
18.8300000000 98.5060965210
18.8400000000 98.4976627409
18.8500000000 98.4904540205
18.8600000000 98.4847842047
18.8700000000 98.4808237621
18.8800000000 98.4785721403
18.8900000000 98.4779547666
18.9000000000 98.4788362564
18.9100000000 98.4810661349
18.9200000000 98.4844856189
18.9300000000 98.4889605431
18.9400000000 98.4944151703
18.9500000000 98.5007740806
18.9600000000 98.5079493074
18.9700000000 98.5157929763
18.9800000000 98.5240958706
18.9900000000 98.5326776766
19.0000000000 98.5414682217
19.0100000000 98.5505816822
19.0200000000 98.5602611224
19.0300000000 98.5708143790
19.0400000000 98.5824287813
19.0500000000 98.5951416650
19.0600000000 98.6087515564
19.0700000000 98.6229467834
19.0800000000 98.6373902056
19.0900000000 98.6518208668
19.1000000000 98.6661218173
19.1100000000 98.6802700882
19.1200000000 98.6942915365
19.1300000000 98.7081338644
19.1400000000 98.7216643199
19.1500000000 98.7346813660
19.1600000000 98.7470066719
19.1700000000 98.7585524962
19.1800000000 98.7694185186
19.1900000000 98.7798538805
19.2000000000 98.7902006181
19.2100000000 98.8007333254
19.2200000000 98.8115376151
19.2300000000 98.8223856612
19.2400000000 98.8327171268
19.2500000000 98.8417089384
19.2600000000 98.8484603769
19.2700000000 98.8521686719
19.2800000000 98.8522256566
19.2900000000 98.8483161297
19.3000000000 98.8404213685
19.3100000000 98.8287275553
19.3200000000 98.8135927210
19.3300000000 98.7954863544
19.3400000000 98.7749610817
19.3500000000 98.7526938700
19.3600000000 98.7294713335
19.3700000000 98.7062531364
19.3800000000 98.6840922411
19.3900000000 98.6640627781
19.4000000000 98.6470581986
19.4100000000 98.6336741505
19.4200000000 98.6240906040
19.4300000000 98.6181609964
19.4400000000 98.6155233065
19.4500000000 98.6158157888
19.4600000000 98.6188812556
19.4700000000 98.6248190115
19.4800000000 98.6339705519
19.4900000000 98.6467327245
19.5000000000 98.6633627253
19.5100000000 98.6837371646
19.5200000000 98.7073036107
19.5300000000 98.7331154995
19.5400000000 98.7600022445
19.5500000000 98.7868064662
19.5600000000 98.8125225394
19.5700000000 98.8364159960
19.5800000000 98.8579945788
19.5900000000 98.8770045694
19.6000000000 98.8933375282
19.6100000000 98.9069554652
19.6200000000 98.9178428535
19.6300000000 98.9259989445
19.6400000000 98.9314369144
19.6500000000 98.9342249436
19.6600000000 98.9344796332
19.6700000000 98.9324141742
19.6800000000 98.9283390832
19.6900000000 98.9226972616
19.7000000000 98.9160928094
19.7100000000 98.9092513631
19.7200000000 98.9029670524
19.7300000000 98.8979933035
19.7400000000 98.8948829080
19.7500000000 98.8939103021
19.7600000000 98.8950601758
19.7700000000 98.8980458581
19.7800000000 98.9024579463
19.7900000000 98.9078547186
19.8000000000 98.9138178590
19.8100000000 98.9200022349
19.8200000000 98.9261168052
19.8300000000 98.9318755654
19.8400000000 98.9370124740
19.8500000000 98.9412803690
19.8600000000 98.9444646575
19.8700000000 98.9463991005
19.8800000000 98.9470066370
19.8900000000 98.9462109101
19.9000000000 98.9439704593
19.9100000000 98.9402221559
19.9200000000 98.9349366942
19.9300000000 98.9281462305
19.9400000000 98.9199929565
19.9500000000 98.9107800479
19.9600000000 98.9009932093
19.9700000000 98.8913097444
19.9800000000 98.8825319870
19.9900000000 98.8754833878
20.0000000000 98.8708702068
