0.0100000000 23.2783545596
0.0200000000 54.8284980483
0.0300000000 73.2012256917
0.0400000000 82.9271787398
0.0500000000 88.3612124096
0.0600000000 91.6225457908
0.0700000000 93.7080181827
0.0800000000 95.1131346795
0.0900000000 96.1010768639
0.1000000000 96.8204284877
0.1100000000 97.3596351511
0.1200000000 97.7737816915
0.1300000000 98.0985285641
0.1400000000 98.3577415748
0.1500000000 98.5678592636
0.1600000000 98.7404916969
0.1700000000 98.8840214343
0.1800000000 99.0046196885
0.1900000000 99.1069093393
0.2000000000 99.1944071499
0.2100000000 99.2698264714
0.2200000000 99.3352869479
0.2300000000 99.3924639489
0.2400000000 99.4426951746
0.2500000000 99.4870593920
0.2600000000 99.5264340354
0.2700000000 99.5615386581
0.2800000000 99.5929677701
0.2900000000 99.6212160288
0.3000000000 99.6466976575
0.3100000000 99.6697616471
0.3200000000 99.6907035825
0.3300000000 99.7097755353
0.3400000000 99.7271928708
0.3500000000 99.7431411150
0.3600000000 99.7577805555
0.3700000000 99.7712498488
0.3800000000 99.7836699593
0.3900000000 99.7951468783
0.4000000000 99.8057732181
0.4100000000 99.8156305921
0.4200000000 99.8247908923
0.4300000000 99.8333180752
0.4400000000 99.8412688009
0.4500000000 99.8486935167
0.4600000000 99.8556372820
0.4700000000 99.8621404136
0.4800000000 99.8682390961
0.4900000000 99.8739656922
0.5000000000 99.8793496887
0.5100000000 99.8844175736
0.5200000000 99.8891933217
0.5300000000 99.8936986548
0.5400000000 99.8979533356
0.5500000000 99.9019751248
0.5600000000 99.9057806064
0.5700000000 99.9093849438
0.5800000000 99.9128012119
0.5900000000 99.9160425547
0.6000000000 99.9191202825
0.6100000000 99.9220447507
0.6200000000 99.9248258885
0.6300000000 99.9274726625
0.6400000000 99.9299933379
0.6500000000 99.9323953304
0.6600000000 99.9346859179
0.6700000000 99.9368716514
0.6800000000 99.9389585982
0.6900000000 99.9409523781
0.7000000000 99.9428579844
0.7100000000 99.9446805162
0.7200000000 99.9464245115
0.7300000000 99.9480941890
0.7400000000 99.9496932294
0.7500000000 99.9512255605
0.7600000000 99.9526946254
0.7700000000 99.9541036405
0.7800000000 99.9554553458
0.7900000000 99.9567528263
0.8000000000 99.9579987372
0.8100000000 99.9591952709
0.8200000000 99.9603453375
0.8300000000 99.9614502566
0.8400000000 99.9625129701
0.8500000000 99.9635351286
0.8600000000 99.9645182619
0.8700000000 99.9654640870
0.8800000000 99.9663748439
0.8900000000 99.9672514554
0.9000000000 99.9680956796
0.9100000000 99.9689085737
0.9200000000 99.9696917485
0.9300000000 99.9704464333
0.9400000000 99.9711738046
0.9500000000 99.9718746194
0.9600000000 99.9725502591
0.9700000000 99.9732013710
0.9800000000 99.9738292364
0.9900000000 99.9744347510
1.0000000000 99.9750184107
1.0100000000 99.9755813719
1.0200000000 99.9761244053
1.0300000000 99.9766478771
1.0400000000 99.9771528414
1.0500000000 99.9776395901
1.0600000000 99.9781091252
1.0700000000 99.9785620495
1.0800000000 99.9789985486
1.0900000000 99.9794195563
1.1000000000 99.9798252045
1.1100000000 99.9802163710
1.1200000000 99.9805931410
1.1300000000 99.9809567642
1.1400000000 99.9813064785
1.1500000000 99.9816434842
1.1600000000 99.9819681963
1.1700000000 99.9822805704
1.1800000000 99.9825813930
1.1900000000 99.9828705848
1.2000000000 99.9831488966
1.2100000000 99.9834162273
1.2200000000 99.9836733095
1.2300000000 99.9839199998
1.2400000000 99.9841570118
1.2500000000 99.9843841774
1.2600000000 99.9846021946
1.2700000000 99.9848108653
1.2800000000 99.9850108799
1.2900000000 99.9852020050
1.3000000000 99.9853849227
1.3100000000 99.9855593815
1.3200000000 99.9857255735
1.3300000000 99.9858841651
1.3400000000 99.9860348676
1.3500000000 99.9861783336
1.3600000000 99.9863142632
1.3700000000 99.9864433033
1.3800000000 99.9865646320
1.3900000000 99.9866798736
1.4000000000 99.9867876972
1.4100000000 99.9868892350
1.4200000000 99.9869846213
1.4300000000 99.9870729857
1.4400000000 99.9871554572
1.4500000000 99.9872321655
1.4600000000 99.9873021982
1.4700000000 99.9873666965
1.4800000000 99.9874252449
1.4900000000 99.9874784785
1.5000000000 99.9875259685
1.5100000000 99.9875678114
1.5200000000 99.9876040935
1.5300000000 99.9876354436
1.5400000000 99.9876614096
1.5500000000 99.9876820714
1.5600000000 99.9876975056
1.5700000000 99.9877077857
1.5800000000 99.9877135454
1.5900000000 99.9877142949
1.6000000000 99.9877101012
1.6100000000 99.9877010311
1.6200000000 99.9876871417
1.6300000000 99.9876690714
1.6400000000 99.9876463031
1.6500000000 99.9876183115
1.6600000000 99.9875863079
1.6700000000 99.9875497671
1.6800000000 99.9875087335
1.6900000000 99.9874632540
1.7000000000 99.9874133756
1.7100000000 99.9873597426
1.7200000000 99.9873011920
1.7300000000 99.9872383616
1.7400000000 99.9871712913
1.7500000000 99.9871006389
1.7600000000 99.9870252007
1.7700000000 99.9869456276
1.7800000000 99.9868619505
1.7900000000 99.9867742023
1.8000000000 99.9866824086
1.8100000000 99.9865866016
1.8200000000 99.9864868059
1.8300000000 99.9863823993
1.8400000000 99.9862747003
1.8500000000 99.9861624290
1.8600000000 99.9860462618
1.8700000000 99.9859262153
1.8800000000 99.9858023120
1.8900000000 99.9856745717
1.9000000000 99.9855423383
1.9100000000 99.9854062955
1.9200000000 99.9852657812
1.9300000000 99.9851221662
1.9400000000 99.9849741028
1.9500000000 99.9848215926
1.9600000000 99.9846660282
1.9700000000 99.9845060375
1.9800000000 99.9843416193
1.9900000000 99.9841734806
2.0000000000 99.9840016327
2.0100000000 99.9838253698
2.0200000000 99.9836454081
2.0300000000 99.9834610363
2.0400000000 99.9832729731
2.0500000000 99.9830804992
2.0600000000 99.9828836102
2.0700000000 99.9826830351
2.0800000000 99.9824780407
2.0900000000 99.9822693630
2.1000000000 99.9820562601
2.1100000000 99.9818387244
2.1200000000 99.9816167486
2.1300000000 99.9813910796
2.1400000000 99.9811609600
2.1500000000 99.9809263800
2.1600000000 99.9806873297
2.1700000000 99.9804437985
2.1800000000 99.9801957755
2.1900000000 99.9799440256
2.2000000000 99.9796869873
2.2100000000 99.9794262047
2.2200000000 99.9791601011
2.2300000000 99.9788894432
2.2400000000 99.9786142172
2.2500000000 99.9783344089
2.2600000000 99.9780500034
2.2700000000 99.9777601807
2.2800000000 99.9774657234
2.2900000000 99.9771666151
2.3000000000 99.9768628388
2.3100000000 99.9765535599
2.3200000000 99.9762395725
2.3300000000 99.9759200321
2.3400000000 99.9755957412
2.3500000000 99.9752658469
2.3600000000 99.9749303207
2.3700000000 99.9745899726
2.3800000000 99.9742439387
2.3900000000 99.9738930363
2.4000000000 99.9735355439
2.4100000000 99.9731731261
2.4200000000 99.9728049056
2.4300000000 99.9724299893
2.4400000000 99.9720500613
2.4500000000 99.9716642342
2.4600000000 99.9712716011
2.4700000000 99.9708738674
2.4800000000 99.9704692551
2.4900000000 99.9700577150
2.5000000000 99.9696409761
2.5100000000 99.9692163441
2.5200000000 99.9687864419
2.5300000000 99.9683485527
2.5400000000 99.9679044241
2.5500000000 99.9674531097
2.5600000000 99.9669954709
2.5700000000 99.9665296495
2.5800000000 99.9660564999
2.5900000000 99.9655768900
2.6000000000 99.9650889420
2.6100000000 99.9645925911
2.6200000000 99.9640896322
2.6300000000 99.9635781682
2.6400000000 99.9630581291
2.6500000000 99.9625303966
2.6600000000 99.9619939735
2.6700000000 99.9614488014
2.6800000000 99.9608948107
2.6900000000 99.9603328919
2.7000000000 99.9597601246
2.7100000000 99.9591792976
2.7200000000 99.9585884325
2.7300000000 99.9579884213
2.7400000000 99.9573772517
2.7500000000 99.9567567855
2.7600000000 99.9561259776
2.7700000000 99.9554847499
2.7800000000 99.9548320383
2.7900000000 99.9541687370
2.8000000000 99.9534947708
2.8100000000 99.9528080623
2.8200000000 99.9521105129
2.8300000000 99.9514010274
2.8400000000 99.9506785164
2.8500000000 99.9499428700
2.8600000000 99.9491949966
2.8700000000 99.9484337893
2.8800000000 99.9476591301
2.8900000000 99.9468709172
2.9000000000 99.9460680086
2.9100000000 99.9452502966
2.9200000000 99.9444176549
2.9300000000 99.9435689177
2.9400000000 99.9427050003
2.9500000000 99.9418247280
2.9600000000 99.9409279728
2.9700000000 99.9400145928
2.9800000000 99.9390823465
2.9900000000 99.9381331877
3.0000000000 99.9371648522
3.0100000000 99.9361771795
3.0200000000 99.9351700010
3.0300000000 99.9341420954
3.0400000000 99.9330932739
3.0500000000 99.9320233610
3.0600000000 99.9309310964
3.0700000000 99.9298162919
3.0800000000 99.9286765678
3.0900000000 99.9275139102
3.1000000000 99.9263248160
3.1100000000 99.9251112723
3.1200000000 99.9238697412
3.1300000000 99.9226000018
3.1400000000 99.9213017885
3.1500000000 99.9199748599
3.1600000000 99.9186156152
3.1700000000 99.9172249018
3.1800000000 99.9158013077
3.1900000000 99.9143434141
3.2000000000 99.9128498059
3.2100000000 99.9113201499
3.2200000000 99.9097507291
3.2300000000 99.9081423179
3.2400000000 99.9064911429
3.2500000000 99.9047979697
3.2600000000 99.9030601334
3.2700000000 99.9012749171
3.2800000000 99.8994407348
3.2900000000 99.8975548295
3.3000000000 99.8956167280
3.3100000000 99.8936224720
3.3200000000 99.8915703869
3.3300000000 99.8894575782
3.3400000000 99.8872811546
3.3500000000 99.8850381700
3.3600000000 99.8827244813
3.3700000000 99.8803382366
3.3800000000 99.8778740129
3.3900000000 99.8753287277
3.4000000000 99.8726980112
3.4100000000 99.8699763042
3.4200000000 99.8671603692
3.4300000000 99.8642432664
3.4400000000 99.8612204557
3.4500000000 99.8580861011
3.4600000000 99.8548318561
3.4700000000 99.8514505118
3.4800000000 99.8479359999
3.4900000000 99.8442784994
3.5000000000 99.8404692786
3.5100000000 99.8364983017
3.5200000000 99.8323541676
3.5300000000 99.8280240914
3.5400000000 99.8234963901
3.5500000000 99.8187567646
3.5600000000 99.8137882177
3.5700000000 99.8085723123
3.5800000000 99.8030929698
3.5900000000 99.7973249795
3.6000000000 99.7912480458
3.6100000000 99.7848339096
3.6200000000 99.7780540584
3.6300000000 99.7708758446
3.6400000000 99.7632623817
3.6500000000 99.7551725651
3.6600000000 99.7465610057
3.6700000000 99.7373753521
3.6800000000 99.7275575258
3.6900000000 99.7170411501
3.7000000000 99.7057499962
3.7100000000 99.6936019595
3.7200000000 99.6804957786
3.7300000000 99.6663241241
3.7400000000 99.6509602817
3.7500000000 99.6342607037
3.7600000000 99.6160609007
3.7700000000 99.5961793509
3.7800000000 99.5744041510
3.7900000000 99.5505035583
3.8000000000 99.5242207472
3.8100000000 99.4952765336
3.8200000000 99.4633817948
3.8300000000 99.4282431753
3.8400000000 99.3895946977
3.8500000000 99.3472297265
3.8600000000 99.3010463691
3.8700000000 99.2511217714
3.8800000000 99.1977615960
3.8900000000 99.1415669590
3.9000000000 99.0834255317
3.9100000000 99.0244451744
3.9200000000 98.9657834437
3.9300000000 98.9084272103
3.9400000000 98.8530060454
3.9500000000 98.7997283434
3.9600000000 98.7485215295
3.9700000000 98.6992575481
3.9800000000 98.6519742545
3.9900000000 98.6069249575
4.0000000000 98.5644395760
4.0100000000 98.5246981901
4.0200000000 98.4875337787
4.0300000000 98.4524125816
4.0400000000 98.4185534420
4.0500000000 98.3851331093
4.0600000000 98.3515160560
4.0700000000 98.3174757813
4.0800000000 98.2834179409
4.0900000000 98.2505342318
4.1000000000 98.2207964075
4.1100000000 98.1966812750
4.1200000000 98.1806688095
4.1300000000 98.1746069615
4.1400000000 98.1791768566
4.1500000000 98.1936170221
4.1600000000 98.2157945517
4.1700000000 98.2426158925
4.1800000000 98.2705960045
4.1900000000 98.2964464446
4.2000000000 98.3174901615
4.2100000000 98.3318601896
4.2200000000 98.3384584668
4.2300000000 98.3367771955
4.2400000000 98.3266695757
4.2500000000 98.3081790242
4.2600000000 98.2814875005
4.2700000000 98.2469962722
4.2800000000 98.2054567033
4.2900000000 98.1580461015
4.3000000000 98.1063180968
4.3100000000 98.0519931540
4.3200000000 97.9966961995
4.3300000000 97.9417763200
4.3400000000 97.8883629543
4.3500000000 97.8376620440
4.3600000000 97.7913719533
4.3700000000 97.7519834819
4.3800000000 97.7227060849
4.3900000000 97.7069625167
4.4000000000 97.7075451934
4.4100000000 97.7257469094
4.4200000000 97.7608454405
4.4300000000 97.8101306615
4.4400000000 97.8694544505
4.4500000000 97.9340424349
4.4600000000 97.9992868897
4.4700000000 98.0613085725
4.4800000000 98.1172327358
4.4900000000 98.1652305475
4.5000000000 98.2044322705
4.5100000000 98.2347662385
4.5200000000 98.2567554833
4.5300000000 98.2713231763
4.5400000000 98.2796001559
4.5500000000 98.2828106069
4.5600000000 98.2822395910
4.5700000000 98.2792719226
4.5800000000 98.2753722674
4.5900000000 98.2719539367
4.6000000000 98.2700966220
4.6100000000 98.2702153944
4.6200000000 98.2718241780
4.6300000000 98.2735489726
4.6400000000 98.2733567841
4.6500000000 98.2689274186
4.6600000000 98.2579948750
4.6700000000 98.2385863954
4.6800000000 98.2091328757
4.6900000000 98.1684836021
4.7000000000 98.1158710163
4.7100000000 98.0508771521
4.7200000000 97.9734249865
4.7300000000 97.8837920446
4.7400000000 97.7826874097
4.7500000000 97.6713605460
4.7600000000 97.5517279180
4.7700000000 97.4264564150
4.7800000000 97.2989188575
4.7900000000 97.1729991748
4.8000000000 97.0527448558
4.8100000000 96.9419737582
4.8200000000 96.8439203769
4.8300000000 96.7609787941
4.8400000000 96.6945617886
4.8500000000 96.6450306699
4.8600000000 96.6116361604
4.8700000000 96.5925285725
4.8800000000 96.5848704363
4.8900000000 96.5851512563
4.9000000000 96.5896054286
4.9100000000 96.5946021021
4.9200000000 96.5968915786
4.9300000000 96.5936946763
4.9400000000 96.5827010026
4.9500000000 96.5620912293
4.9600000000 96.5306441976
4.9700000000 96.4879712957
4.9800000000 96.4348098199
4.9900000000 96.3733719887
5.0000000000 96.3076605201
5.0100000000 96.2436513669
5.0200000000 96.1891149534
5.0300000000 96.1528802492
5.0400000000 96.1434709554
5.0500000000 96.1673723824
5.0600000000 96.2274535155
5.0700000000 96.3221833434
5.0800000000 96.4459536811
5.0900000000 96.5903694187
5.1000000000 96.7459665923
5.1100000000 96.9037813542
5.1200000000 97.0563681788
5.1300000000 97.1982056473
5.1400000000 97.3256440679
5.1500000000 97.4365762526
5.1600000000 97.5300233925
5.1700000000 97.6057689486
5.1800000000 97.6640430419
5.1900000000 97.7053151256
5.2000000000 97.7301747385
5.2100000000 97.7392762455
5.2200000000 97.7333470563
5.2300000000 97.7132701153
5.2400000000 97.6801804343
5.2500000000 97.6355991245
5.2600000000 97.5815509576
5.2700000000 97.5205814563
5.2800000000 97.4556369123
5.2900000000 97.3897399640
5.3000000000 97.3255178536
5.3100000000 97.2646985663
5.3200000000 97.2078067721
5.3300000000 97.1541741865
5.3400000000 97.1022989155
5.3500000000 97.0504129547
5.3600000000 96.9970523921
5.3700000000 96.9415380037
5.3800000000 96.8842066151
5.3900000000 96.8264134382
5.4000000000 96.7702969285
5.4100000000 96.7184049543
5.4200000000 96.6732565658
5.4300000000 96.6368649218
5.4400000000 96.6102609984
5.4500000000 96.5930603647
5.4600000000 96.5832519289
5.4700000000 96.5773623981
5.4800000000 96.5710058005
5.4900000000 96.5596915189
5.5000000000 96.5395939828
5.5100000000 96.5081048629
5.5200000000 96.4640561936
5.5300000000 96.4075876872
5.5400000000 96.3397230195
5.5500000000 96.2617726637
5.5600000000 96.1747081383
5.5700000000 96.0787914418
5.5800000000 95.9736102593
5.5900000000 95.8585897367
5.6000000000 95.7338296237
5.6100000000 95.6009932114
5.6200000000 95.4639303968
5.6300000000 95.3288097065
5.6400000000 95.2036125244
5.6500000000 95.0969602219
5.6600000000 95.0165398707
5.6700000000 94.9674362364
5.6800000000 94.9509406417
5.6900000000 94.9641519357
5.7000000000 95.0005235179
5.7100000000 95.0511300480
5.7200000000 95.1062483740
5.7300000000 95.1567437436
5.7400000000 95.1950029000
5.7500000000 95.2152720929
5.7600000000 95.2135637884
5.7700000000 95.1873423051
5.7800000000 95.1351825521
5.7900000000 95.0565423753
5.8000000000 94.9515804901
5.8100000000 94.8209697033
5.8200000000 94.6656066899
5.8300000000 94.4862010309
5.8400000000 94.2828779752
5.8500000000 94.0549274827
5.8600000000 93.8008686787
5.8700000000 93.5188514074
5.8800000000 93.2072993545
5.8900000000 92.8656259296
5.9000000000 92.4947819005
5.9100000000 92.0975069223
5.9200000000 91.6781947892
5.9300000000 91.2424207351
5.9400000000 90.7963027186
5.9500000000 90.3459251440
5.9600000000 89.8969739021
5.9700000000 89.4546911543
5.9800000000 89.0241084805
5.9900000000 88.6103452271
6.0000000000 88.2188340028
6.0100000000 87.8553138551
6.0200000000 87.5256105839
6.0300000000 87.2352755860
6.0400000000 86.9891918643
6.0500000000 86.7912135646
6.0600000000 86.6438409569
6.0700000000 86.5479978376
6.0800000000 86.5029036574
6.0900000000 86.5060615339
6.1000000000 86.5532661530
6.1100000000 86.6385599230
6.1200000000 86.7541814045
6.1300000000 86.8906565022
6.1400000000 87.0372299451
6.1500000000 87.1827477090
6.1600000000 87.3169327189
6.1700000000 87.4318134655
6.1800000000 87.5228954925
6.1900000000 87.5897111580
6.2000000000 87.6354904153
6.2100000000 87.6660551798
6.2200000000 87.6882203322
6.2300000000 87.7082942989
6.2400000000 87.7312048666
6.2500000000 87.7604987232
6.2600000000 87.7990072079
6.2700000000 87.8496361744
6.2800000000 87.9158151113
6.2900000000 88.0014535621
6.3000000000 88.1105875906
6.3100000000 88.2468344941
6.3200000000 88.4127819210
6.3300000000 88.6092823810
6.3400000000 88.8348105575
6.3500000000 89.0851125677
6.3600000000 89.3533857840
6.3700000000 89.6310084812
6.3800000000 89.9086465807
6.3900000000 90.1773953268
6.4000000000 90.4296744023
6.4100000000 90.6597180396
6.4200000000 90.8637092973
6.4300000000 91.0396792531
6.4400000000 91.1872929722
6.4500000000 91.3075449599
6.4600000000 91.4023848232
6.4700000000 91.4743068640
6.4800000000 91.5260074456
6.4900000000 91.5602237231
6.5000000000 91.5797235670
6.5100000000 91.5874031800
6.5200000000 91.5862989092
6.5300000000 91.5794950503
6.5400000000 91.5699145622
6.5500000000 91.5601053639
6.5600000000 91.5521138342
6.5700000000 91.5475520962
6.5800000000 91.5478196578
6.5900000000 91.5544424585
6.6000000000 91.5694474427
6.6100000000 91.5956024195
6.6200000000 91.6363752998
6.6300000000 91.6954544280
6.6400000000 91.7758964332
6.6500000000 91.8790936091
6.6600000000 92.0040160137
6.6700000000 92.1471187281
6.6800000000 92.3031170005
6.6900000000 92.4664020068
6.7000000000 92.6324842257
6.7100000000 92.7988910842
6.7200000000 92.9651103128
6.7300000000 93.1317175854
6.7400000000 93.2991345632
6.7500000000 93.4667291822
6.7600000000 93.6326804714
6.7700000000 93.7945914971
6.7800000000 93.9504436248
6.7900000000 94.0993191562
6.8000000000 94.2415083497
6.8100000000 94.3779521889
6.8200000000 94.5092894815
6.8300000000 94.6350152032
6.8400000000 94.7531171282
6.8500000000 94.8602973892
6.8600000000 94.9526163905
6.8700000000 95.0261494049
6.8800000000 95.0775058219
6.8900000000 95.1040816375
6.9000000000 95.1041538711
6.9100000000 95.0769194621
6.9200000000 95.0225359625
6.9300000000 94.9421520138
6.9400000000 94.8379227328
6.9500000000 94.7129513443
6.9600000000 94.5710956047
6.9700000000 94.4166383363
6.9800000000 94.2537962603
6.9900000000 94.0862081725
7.0000000000 93.9166577779
7.0100000000 93.7471690887
7.0200000000 93.5795369610
7.0300000000 93.4160780490
7.0400000000 93.2602766488
7.0500000000 93.1170292275
7.0600000000 92.9923677489
7.0700000000 92.8925709449
7.0800000000 92.8228607737
7.0900000000 92.7860288640
7.1000000000 92.7814835270
7.1100000000 92.8052405787
7.1200000000 92.8509599176
7.1300000000 92.9117033698
7.1400000000 92.9817211393
7.1500000000 93.0575675812
7.1600000000 93.1382789238
7.1700000000 93.2246552631
7.1800000000 93.3180987974
7.1900000000 93.4194468366
7.2000000000 93.5282121950
7.2100000000 93.6424353112
7.2200000000 93.7591081247
7.2300000000 93.8748809414
7.2400000000 93.9867501907
7.2500000000 94.0924580173
7.2600000000 94.1906578267
7.2700000000 94.2808997213
7.2800000000 94.3635727728
7.2900000000 94.4397416749
7.3000000000 94.5108427278
7.3100000000 94.5781969605
7.3200000000 94.6425370263
7.3300000000 94.7037628733
7.3400000000 94.7610849187
7.3500000000 94.8135107456
7.3600000000 94.8603876796
7.3700000000 94.9017171010
7.3800000000 94.9380197137
7.3900000000 94.9698403238
7.4000000000 94.9970544956
7.4100000000 95.0183620974
7.4200000000 95.0311354228
7.4300000000 95.0316667172
7.4400000000 95.0156851562
7.4500000000 94.9788779664
7.4600000000 94.9173123299
7.4700000000 94.8276758186
7.4800000000 94.7073630692
7.4900000000 94.5544782699
7.5000000000 94.3678356008
7.5100000000 94.1470663323
7.5200000000 93.8928869244
7.5300000000 93.6075317212
7.5400000000 93.2952334909
7.5500000000 92.9625632971
7.5600000000 92.6184194715
7.5700000000 92.2735525715
7.5800000000 91.9396787883
7.5900000000 91.6284671720
7.6000000000 91.3506681799
7.6100000000 91.1155332121
7.6200000000 90.9303743540
7.6300000000 90.8000596012
7.6400000000 90.7264040206
7.6500000000 90.7077661580
7.6600000000 90.7392161686
7.6700000000 90.8133694909
7.6800000000 90.9216620001
7.6900000000 91.0556862053
7.7000000000 91.2082560349
7.7100000000 91.3740244988
7.7200000000 91.5495777732
7.7300000000 91.7329838162
7.7400000000 91.9229651317
7.7500000000 92.1179844420
7.7600000000 92.3156207373
7.7700000000 92.5124596040
7.7800000000 92.7044582549
7.7900000000 92.8874507711
7.8000000000 93.0575739826
7.8100000000 93.2114765293
7.8200000000 93.3463729318
7.8300000000 93.4600722439
7.8400000000 93.5510574471
7.8500000000 93.6186156283
7.8600000000 93.6630639298
7.8700000000 93.6859668821
7.8800000000 93.6902744013
7.8900000000 93.6803082862
7.9000000000 93.6614201864
7.9100000000 93.6392955914
7.9200000000 93.6189247110
7.9300000000 93.6034621775
7.9400000000 93.5933752709
7.9500000000 93.5862967330
7.9600000000 93.5776575425
7.9700000000 93.5619041813
7.9800000000 93.5338647218
7.9900000000 93.4898469483
8.0000000000 93.4282669422
8.0100000000 93.3498056593
8.0200000000 93.2571201026
8.0300000000 93.1541532169
8.0400000000 93.0452225754
8.0500000000 92.9340573201
8.0600000000 92.8231368281
8.0700000000 92.7134634394
8.0800000000 92.6047861997
8.0900000000 92.4961027216
8.1000000000 92.3862004789
8.1100000000 92.2740874329
8.1200000000 92.1591934895
8.1300000000 92.0413599083
8.1400000000 91.9206816375
8.1500000000 91.7973891946
8.1600000000 91.6719569942
8.1700000000 91.5454178893
8.1800000000 91.4197959431
8.1900000000 91.2984752352
8.2000000000 91.1863919194
8.2100000000 91.0898739163
8.2200000000 91.0161968918
8.2300000000 90.9728507616
8.2400000000 90.9666349797
8.2500000000 91.0026755811
8.2600000000 91.0834454516
8.2700000000 91.2079295169
8.2800000000 91.3712386628
8.2900000000 91.5649088155
8.3000000000 91.7779189699
8.3100000000 91.9981103830
8.3200000000 92.2136406873
8.3300000000 92.4140988364
8.3400000000 92.5912152625
8.3500000000 92.7391931980
8.3600000000 92.8546884708
8.3700000000 92.9365948367
8.3800000000 92.9857042549
8.3900000000 93.0043423720
8.4000000000 92.9960578204
8.4100000000 92.9654483126
8.4200000000 92.9180638455
8.4300000000 92.8603705771
8.4400000000 92.7995738258
8.4500000000 92.7432666063
8.4600000000 92.6987621943
8.4700000000 92.6722892234
8.4800000000 92.6682138639
8.4900000000 92.6885628608
8.5000000000 92.7329709785
8.5100000000 92.7990238790
8.5200000000 92.8827915539
8.5300000000 92.9793191795
8.5400000000 93.0830517241
8.5500000000 93.1881530729
8.5600000000 93.2887913269
8.5700000000 93.3793163461
8.5800000000 93.4543176600
8.5900000000 93.5086609615
8.6000000000 93.5376235114
8.6100000000 93.5372443430
8.6200000000 93.5048374117
8.6300000000 93.4395580249
8.6400000000 93.3428492027
8.6500000000 93.2187267021
8.6600000000 93.0737275280
8.6700000000 92.9164895966
8.6800000000 92.7568483803
8.6900000000 92.6044752133
8.7000000000 92.4673568439
8.7100000000 92.3504978024
8.7200000000 92.2552901509
8.7300000000 92.1796963822
8.7400000000 92.1189867355
8.7500000000 92.0667173582
8.7600000000 92.0157519650
8.7700000000 91.9592554723
8.7800000000 91.8916433628
8.7900000000 91.8093639043
8.8000000000 91.7112932592
8.8100000000 91.5985807872
8.8200000000 91.4740084539
8.8300000000 91.3409986486
8.8400000000 91.2026374145
8.8500000000 91.0609383275
8.8600000000 90.9164999371
8.8700000000 90.7685784168
8.8800000000 90.6155211202
8.8900000000 90.4554992790
8.9000000000 90.2874893712
8.9100000000 90.1121948883
8.9200000000 89.9326966737
8.9300000000 89.7545467032
8.9400000000 89.5853200879
8.9500000000 89.4336221092
8.9600000000 89.3077400912
8.9700000000 89.2140816975
8.9800000000 89.1557654181
8.9900000000 89.1317976575
9.0000000000 89.1372553643
9.0100000000 89.1644634981
9.0200000000 89.2047176734
9.0300000000 89.2498911558
9.0400000000 89.2934942002
9.0500000000 89.3310333233
9.0600000000 89.3599265517
9.0700000000 89.3792098074
9.0800000000 89.3892573474
9.0900000000 89.3915792344
9.1000000000 89.3886449041
9.1100000000 89.3836580879
9.1200000000 89.3801834743
9.1300000000 89.3816679386
9.1400000000 89.3909695010
9.1500000000 89.4099580009
9.1600000000 89.4392902908
9.1700000000 89.4783812948
9.1800000000 89.5255982060
9.1900000000 89.5786892613
9.2000000000 89.6354319030
9.2100000000 89.6943898288
9.2200000000 89.7556444084
9.2300000000 89.8211919599
9.2400000000 89.8947863574
9.2500000000 89.9812524089
9.2600000000 90.0854287401
9.2700000000 90.2111155534
9.2800000000 90.3601595445
9.2900000000 90.5318151642
9.3000000000 90.7224670768
9.3100000000 90.9258477663
9.3200000000 91.1337308816
9.3300000000 91.3368868145
9.3400000000 91.5260359473
9.3500000000 91.6926453776
9.3600000000 91.8295154101
9.3700000000 91.9312193040
9.3800000000 91.9944270715
9.3900000000 92.0180854054
9.4000000000 92.0034500864
9.4100000000 91.9539539298
9.4200000000 91.8749184395
9.4300000000 91.7731589452
9.4400000000 91.6565096946
9.4500000000 91.5332484370
9.4600000000 91.4113611082
9.4700000000 91.2976933502
9.4800000000 91.1971538549
9.4900000000 91.1122560766
9.5000000000 91.0432576086
9.5100000000 90.9887695313
9.5200000000 90.9465904854
9.5300000000 90.9143011901
9.5400000000 90.8895169452
9.5500000000 90.8698044522
9.5600000000 90.8525690403
9.5700000000 90.8351303412
9.5800000000 90.8150360975
9.5900000000 90.7904373618
9.6000000000 90.7603030901
9.6100000000 90.7242287084
9.6200000000 90.6819852005
9.6300000000 90.6330867350
9.6400000000 90.5767447880
9.6500000000 90.5122362172
9.6600000000 90.4395932961
9.6700000000 90.3602460596
9.6800000000 90.2773177268
9.6900000000 90.1954390058
9.7000000000 90.1201514450
9.7100000000 90.0571317177
9.7200000000 90.0116106293
9.7300000000 89.9880201416
9.7400000000 89.9898627810
9.7500000000 90.0196080809
9.7600000000 90.0785824951
9.7700000000 90.1669322700
9.7800000000 90.2837599301
9.7900000000 90.4272916040
9.8000000000 90.5949007814
9.8100000000 90.7830261538
9.8200000000 90.9871219825
9.8300000000 91.2018493228
9.8400000000 91.4215816540
9.8500000000 91.6408456718
9.8600000000 91.8545583233
9.8700000000 92.0579556279
9.8800000000 92.2464493365
9.8900000000 92.4156404756
9.9000000000 92.5616046565
9.9100000000 92.6814078457
9.9200000000 92.7735801982
9.9300000000 92.8384149077
9.9400000000 92.8779585633
9.9500000000 92.8957669574
9.9600000000 92.8965107726
9.9700000000 92.8855360244
9.9800000000 92.8684833167
9.9900000000 92.8509350250
10.0000000000 92.8380896284
10.0100000000 92.8343372749
10.0200000000 92.8428409431
10.0300000000 92.8652320104
10.0400000000 92.9016092342
10.0500000000 92.9508631389
10.0600000000 93.0111849681
10.0700000000 93.0805084421
10.0800000000 93.1566581321
10.0900000000 93.2373117041
10.1000000000 93.3198537026
10.1100000000 93.4014199173
10.1200000000 93.4792341840
10.1300000000 93.5511622179
10.1400000000 93.6162247525
10.1500000000 93.6748093899
10.1600000000 93.7284783367
10.1700000000 93.7793931312
10.1800000000 93.8295517958
10.1900000000 93.8800705680
10.2000000000 93.9307781245
10.2100000000 93.9802027445
10.2200000000 94.0260152334
10.2300000000 94.0656673852
10.2400000000 94.0970772613
10.2500000000 94.1192232124
10.2600000000 94.1324956095
10.2700000000 94.1387323181
10.2800000000 94.1407882372
10.2900000000 94.1417110439
10.3000000000 94.1437603481
10.3100000000 94.1475870089
10.3200000000 94.1519783829
10.3300000000 94.1541623258
10.3400000000 94.1506355545
10.3500000000 94.1381450755
10.3600000000 94.1145700529
10.3700000000 94.0794806502
10.3800000000 94.0341873127
10.3900000000 93.9812360006
10.4000000000 93.9234013697
10.4100000000 93.8625815966
10.4200000000 93.7989723366
10.4300000000 93.7309607238
10.4400000000 93.6558642630
10.4500000000 93.5712125001
10.4600000000 93.4760643018
10.4700000000 93.3718758597
10.4800000000 93.2626297401
10.4900000000 93.1542653089
10.5000000000 93.0536552672
10.5100000000 92.9675879555
10.5200000000 92.9020399010
10.5300000000 92.8618782492
10.5400000000 92.8507441594
10.5500000000 92.8709519557
10.5600000000 92.9233063199
10.5700000000 93.0070077667
10.5800000000 93.1197741257
10.5900000000 93.2580849648
10.6000000000 93.4174168503
10.6100000000 93.5923512164
10.6200000000 93.7766764928
10.6300000000 93.9637022866
10.6400000000 94.1467943096
10.6500000000 94.3199968206
10.6600000000 94.4785960497
10.6700000000 94.6194887914
10.6800000000 94.7413507166
10.6900000000 94.8446470132
10.7000000000 94.9314771527
10.7100000000 95.0051852750
10.7200000000 95.0697579220
10.7300000000 95.1290581533
10.7400000000 95.1860860531
10.7500000000 95.2425845203
10.7600000000 95.2990057096
10.7700000000 95.3549149051
10.7800000000 95.4094839333
10.7900000000 95.4619223427
10.8000000000 95.5116435913
10.8100000000 95.5582890201
10.8200000000 95.6016824350
10.8300000000 95.6418190997
10.8400000000 95.6788820192
10.8500000000 95.7132315803
10.8600000000 95.7454045169
10.8700000000 95.7760700359
10.8800000000 95.8059729982
10.8900000000 95.8359001403
10.9000000000 95.8665688906
10.9100000000 95.8984486242
10.9200000000 95.9315544923
10.9300000000 95.9653592925
10.9400000000 95.9988580864
10.9500000000 96.0307379166
10.9600000000 96.0596599756
10.9700000000 96.0845118503
10.9800000000 96.1046189562
10.9900000000 96.1199391587
11.0000000000 96.1311526781
11.0100000000 96.1396159320
11.0200000000 96.1471779461
11.0300000000 96.1558065179
11.0400000000 96.1671237800
11.0500000000 96.1819677343
11.0600000000 96.2000531443
11.0700000000 96.2199227120
11.0800000000 96.2392221831
11.0900000000 96.2551597676
11.1000000000 96.2650086564
11.1100000000 96.2665069017
11.1200000000 96.2580689970
11.1300000000 96.2389701167
11.1400000000 96.2094287179
11.1500000000 96.1707284310
11.1600000000 96.1252053430
11.1700000000 96.0760248769
11.1800000000 96.0267467132
11.1900000000 95.9806348586
11.2000000000 95.9400275893
11.2100000000 95.9058065525
11.2200000000 95.8772392792
11.2300000000 95.8521188295
11.2400000000 95.8272616818
11.2500000000 95.7991858450
11.2600000000 95.7649015481
11.2700000000 95.7226443650
11.2800000000 95.6724161379
11.2900000000 95.6161165009
11.3000000000 95.5572880286
11.3100000000 95.5004133932
11.3200000000 95.4499794206
11.3300000000 95.4095803419
11.3400000000 95.3813478135
11.3500000000 95.3657893086
11.3600000000 95.3620768471
11.3700000000 95.3684786335
11.3800000000 95.3828151229
11.3900000000 95.4028093352
11.4000000000 95.4262944757
11.4100000000 95.4513016258
11.4200000000 95.4760120612
11.4300000000 95.4986040521
11.4400000000 95.5170730669
11.4500000000 95.5292279229
11.4600000000 95.5328977346
11.4700000000 95.5263388821
11.4800000000 95.5087248167
11.4900000000 95.4804247760
11.5000000000 95.4430468326
11.5100000000 95.3991859520
11.5200000000 95.3520275709
11.5300000000 95.3049371941
11.5400000000 95.2612450125
11.5500000000 95.2242095764
11.5600000000 95.1970503488
11.5700000000 95.1829618212
11.5800000000 95.1849568018
11.5900000000 95.2056152855
11.6000000000 95.2467230148
11.6100000000 95.3089456348
11.6200000000 95.3915291398
11.6300000000 95.4921993689
11.6400000000 95.6073763313
11.6500000000 95.7326988595
11.6600000000 95.8637363334
11.6700000000 95.9966799874
11.6800000000 96.1287042424
11.6900000000 96.2580310710
11.7000000000 96.3836551150
11.7100000000 96.5049267888
11.7200000000 96.6211873538
11.7300000000 96.7314724263
11.7400000000 96.8345150088
11.7500000000 96.9288228741
11.7600000000 97.0129385717
11.7700000000 97.0856713357
11.7800000000 97.1463038004
11.7900000000 97.1947370055
11.8000000000 97.2315506489
11.8100000000 97.2579625178
11.8200000000 97.2757456166
11.8300000000 97.2870842946
11.8400000000 97.2943490156
11.8500000000 97.2998664699
11.8600000000 97.3055878540
11.8700000000 97.3127826077
11.8800000000 97.3218232806
11.8900000000 97.3321246776
11.9000000000 97.3423206603
11.9100000000 97.3506024584
11.9200000000 97.3550954231
11.9300000000 97.3541972702
11.9400000000 97.3467783428
11.9500000000 97.3323014723
11.9600000000 97.3108062170
11.9700000000 97.2828656208
11.9800000000 97.2494679157
11.9900000000 97.2118942852
12.0000000000 97.1716379578
12.0100000000 97.1302565009
12.0200000000 97.0893017418
12.0300000000 97.0501687638
12.0400000000 97.0139479759
12.0500000000 96.9812835190
12.0600000000 96.9522182456
12.0700000000 96.9261858204
12.0800000000 96.9021175135
12.0900000000 96.8787185726
12.1000000000 96.8548307672
12.1100000000 96.8297360571
12.1200000000 96.8033236621
12.1300000000 96.7761266324
12.1400000000 96.7491808028
12.1500000000 96.7238926979
12.1600000000 96.7019228576
12.1700000000 96.6850681576
12.1800000000 96.6752366254
12.1900000000 96.6743457043
12.2000000000 96.6841177968
12.2100000000 96.7057871640
12.2200000000 96.7397336260
12.2300000000 96.7851575053
12.2400000000 96.8400608941
12.2500000000 96.9014441374
12.2600000000 96.9657958707
12.2700000000 97.0295512510
12.2800000000 97.0895497569
12.2900000000 97.1432491793
12.3000000000 97.1888800475
12.3100000000 97.2254569646
12.3200000000 97.2527467872
12.3300000000 97.2712362133
12.3400000000 97.2820360097
12.3500000000 97.2867513953
12.3600000000 97.2872258378
12.3700000000 97.2851615662
12.3800000000 97.2817262445
12.3900000000 97.2772123681
12.4000000000 97.2709246356
12.4100000000 97.2614280391
12.4200000000 97.2469492387
12.4300000000 97.2259141713
12.4400000000 97.1974298339
12.4500000000 97.1615826628
12.4600000000 97.1195855657
12.4700000000 97.0737327814
12.4800000000 97.0271698048
12.4900000000 96.9834506164
12.5000000000 96.9459662428
12.5100000000 96.9172541997
12.5200000000 96.8984404539
12.5300000000 96.8888887303
12.5400000000 96.8863470533
12.5500000000 96.8874044906
12.5600000000 96.8882595017
12.5700000000 96.8855102630
12.5800000000 96.8767598522
12.5900000000 96.8608919270
12.6000000000 96.8380138452
12.6100000000 96.8090727015
12.6200000000 96.7753219952
12.6300000000 96.7379032279
12.6400000000 96.6976242179
12.6500000000 96.6550290939
12.6600000000 96.6105818158
12.6700000000 96.5648934726
12.6800000000 96.5187546962
12.6900000000 96.4730998124
12.7000000000 96.4288739511
12.7100000000 96.3870224623
12.7200000000 96.3486127090
12.7300000000 96.3150755753
12.7400000000 96.2883583831
12.7500000000 96.2708265595
12.7600000000 96.2648822327
12.7700000000 96.2723986927
12.7800000000 96.2941811500
12.7900000000 96.3295906036
12.8000000000 96.3765513034
12.8100000000 96.4318772173
12.8200000000 96.4918341339
12.8300000000 96.5528377752
12.8400000000 96.6119929802
12.8500000000 96.6673823724
12.8600000000 96.7180757165
12.8700000000 96.7639226411
12.8800000000 96.8052586262
12.8900000000 96.8426738709
12.9000000000 96.8768209223
12.9100000000 96.9083170877
12.9200000000 96.9376154938
12.9300000000 96.9648899728
12.9400000000 96.9900381779
12.9500000000 97.0127626657
12.9600000000 97.0327830770
12.9700000000 97.0500847563
12.9800000000 97.0651017966
12.9900000000 97.0787041853
13.0000000000 97.0920388441
13.0100000000 97.1061837298
13.0200000000 97.1218042950
13.0300000000 97.1388962121
13.0400000000 97.1567588086
13.0500000000 97.1741952587
13.0600000000 97.1898746250
13.0700000000 97.2027871165
13.0800000000 97.2125418717
13.0900000000 97.2194655744
13.1000000000 97.2244715396
13.1100000000 97.2287368662
13.1200000000 97.2333197909
13.1300000000 97.2388542369
13.1400000000 97.2453894294
13.1500000000 97.2524328861
13.1600000000 97.2591488740
13.1700000000 97.2646375903
13.1800000000 97.2681887419
13.1900000000 97.2694489279
13.2000000000 97.2684200309
13.2100000000 97.2653115245
13.2200000000 97.2603484148
13.2300000000 97.2535745146
13.2400000000 97.2448379189
13.2500000000 97.2339122405
13.2600000000 97.2207665149
13.2700000000 97.2057858736
13.2800000000 97.1898594773
13.2900000000 97.1743152734
13.3000000000 97.1607173921
13.3100000000 97.1506370036
13.3200000000 97.1454176369
13.3300000000 97.1459999935
13.3400000000 97.1528055374
13.3500000000 97.1656163705
13.3600000000 97.1836207726
13.3700000000 97.2054821072
13.3800000000 97.2295812436
13.3900000000 97.2542136478
13.4000000000 97.2778368741
13.4100000000 97.2991794869
13.4200000000 97.3173000202
13.4300000000 97.3316836093
13.4400000000 97.3423108002
13.4500000000 97.3497277362
13.4600000000 97.3550862445
13.4700000000 97.3600591885
13.4800000000 97.3666555309
13.4900000000 97.3768390051
13.5000000000 97.3920764001
13.5100000000 97.4128911057
13.5200000000 97.4386851821
13.5300000000 97.4678169448
13.5400000000 97.4979776196
13.5500000000 97.5266660010
13.5600000000 97.5516081853
13.5700000000 97.5709803156
13.5800000000 97.5834972244
13.5900000000 97.5884031911
13.6000000000 97.5854171990
13.6100000000 97.5747554729
13.6200000000 97.5571395911
13.6300000000 97.5338131346
13.6400000000 97.5065364097
13.6500000000 97.4774636855
13.6600000000 97.4488950061
13.6700000000 97.4228987940
13.6800000000 97.4009221080
13.6900000000 97.3834882805
13.7000000000 97.3701112409
13.7100000000 97.3594747475
13.7200000000 97.3498114908
13.7300000000 97.3393635494
13.7400000000 97.3267655607
13.7500000000 97.3113150173
13.7600000000 97.2929959672
13.7700000000 97.2724308437
13.7800000000 97.2506561899
13.7900000000 97.2288805610
13.8000000000 97.2082551619
13.8100000000 97.1896917213
13.8200000000 97.1737614226
13.8300000000 97.1606862898
13.8400000000 97.1503690216
13.8500000000 97.1424137210
13.8600000000 97.1361989569
13.8700000000 97.1309791318
13.8800000000 97.1259280133
13.8900000000 97.1201571140
13.9000000000 97.1126447912
13.9100000000 97.1022196950
13.9200000000 97.0876001155
13.9300000000 97.0675763511
13.9400000000 97.0412574259
13.9500000000 97.0082883980
13.9600000000 96.9690073495
13.9700000000 96.9244561403
13.9800000000 96.8762974533
13.9900000000 96.8266739936
14.0000000000 96.7781846348
14.0100000000 96.7338484527
14.0200000000 96.6970640332
14.0300000000 96.6714446720
14.0400000000 96.6604422363
14.0500000000 96.6669125615
14.0600000000 96.6926252610
14.0700000000 96.7378846569
14.0800000000 96.8014022072
14.0900000000 96.8804194854
14.1000000000 96.9711533495
14.1100000000 97.0693857207
14.1200000000 97.1711146153
14.1300000000 97.2730280552
14.1400000000 97.3727658989
14.1500000000 97.4689406188
14.1600000000 97.5609624511
14.1700000000 97.6487590659
14.1800000000 97.7324377062
14.1900000000 97.8120210400
14.2000000000 97.8872940560
14.2100000000 97.9577867741
14.2200000000 98.0228455368
14.2300000000 98.0817831174
14.2400000000 98.1339972703
14.2500000000 98.1790970149
14.2600000000 98.2169523917
14.2700000000 98.2477088307
14.2800000000 98.2717273820
14.2900000000 98.2895219527
14.3000000000 98.3016362294
14.3100000000 98.3085669138
14.3200000000 98.3107515230
14.3300000000 98.3086002547
14.3400000000 98.3025306275
14.3500000000 98.2930520045
14.3600000000 98.2807024342
14.3700000000 98.2660586070
14.3800000000 98.2496659107
14.3900000000 98.2320279260
14.4000000000 98.2135756488
14.4100000000 98.1946569639
14.4200000000 98.1755304720
14.4300000000 98.1563344548
14.4400000000 98.1371743716
14.4500000000 98.1181626031
14.4600000000 98.0995727191
14.4700000000 98.0819470640
14.4800000000 98.0661655880
14.4900000000 98.0534170513
14.5000000000 98.0449900675
14.5100000000 98.0419400477
14.5200000000 98.0447706786
14.5300000000 98.0532750905
14.5400000000 98.0665801008
14.5500000000 98.0834131745
14.5600000000 98.1023354495
14.5700000000 98.1219475994
14.5800000000 98.1409479840
14.5900000000 98.1581740826
14.6000000000 98.1726342743
14.6100000000 98.1836311962
14.6200000000 98.1908363136
14.6300000000 98.1943610295
14.6400000000 98.1947069348
14.6500000000 98.1926533361
14.6600000000 98.1890920429
14.6700000000 98.1848042886
14.6800000000 98.1803308961
14.6900000000 98.1758508956
14.7000000000 98.1711918608
14.7100000000 98.1659566020
14.7200000000 98.1596948003
14.7300000000 98.1521065414
14.7400000000 98.1431587169
14.7500000000 98.1330882345
14.7600000000 98.1223450806
14.7700000000 98.1114818590
14.7800000000 98.1010215718
14.7900000000 98.0913445066
14.8000000000 98.0826043676
14.8100000000 98.0746835863
14.8200000000 98.0672404772
14.8300000000 98.0598744726
14.8400000000 98.0523563507
14.8500000000 98.0448308821
14.8600000000 98.0379259736
14.8700000000 98.0326629224
14.8800000000 98.0301950224
14.8900000000 98.0315212958
14.9000000000 98.0371763488
14.9100000000 98.0470994053
14.9200000000 98.0606107603
14.9300000000 98.0765316307
14.9400000000 98.0934457033
14.9500000000 98.1099245601
14.9600000000 98.1248130958
14.9700000000 98.1373652703
14.9800000000 98.1472411180
14.9900000000 98.1544040935
15.0000000000 98.1588902183
15.0100000000 98.1606571859
15.0200000000 98.1594610468
15.0300000000 98.1549239777
15.0400000000 98.1466829361
15.0500000000 98.1345977015
15.0600000000 98.1189362655
15.0700000000 98.1004271951
15.0800000000 98.0801758005
15.0900000000 98.0595164124
15.1000000000 98.0397848470
15.1100000000 98.0221028236
15.1200000000 98.0072816243
15.1300000000 97.9957872143
15.1400000000 97.9877904681
15.1500000000 97.9831956561
15.1600000000 97.9816604375
15.1700000000 97.9826346406
15.1800000000 97.9854260123
15.1900000000 97.9893132499
15.2000000000 97.9936776700
15.2100000000 97.9980887725
15.2200000000 98.0023338361
15.2300000000 98.0063728433
15.2400000000 98.0103026057
15.2500000000 98.0143741224
15.2600000000 98.0189992870
15.2700000000 98.0247118774
15.2800000000 98.0320592491
15.2900000000 98.0413813175
15.3000000000 98.0526600349
15.3100000000 98.0653964735
15.3200000000 98.0786988671
15.3300000000 98.0914462863
15.3400000000 98.1025302113
15.3500000000 98.1110480281
15.3600000000 98.1164179019
15.3700000000 98.1183953610
15.3800000000 98.1170082989
15.3900000000 98.1124422027
15.4000000000 98.1049233238
15.4100000000 98.0946628177
15.4200000000 98.0819186654
15.4300000000 98.0671326353
15.4400000000 98.0511026477
15.4500000000 98.0350778712
15.4600000000 98.0207012354
15.4700000000 98.0098276018
15.4800000000 98.0042391189
15.4900000000 98.0053951680
15.5000000000 98.0142107041
15.5100000000 98.0309179335
15.5200000000 98.0549779456
15.5300000000 98.0851496360
15.5400000000 98.1196348263
15.5500000000 98.1563745904
15.5600000000 98.1933644746
15.5700000000 98.2289474942
15.5800000000 98.2619357975
15.5900000000 98.2916469583
15.6000000000 98.3177493493
15.6100000000 98.3401306295
15.6200000000 98.3587424092
15.6300000000 98.3735004245
15.6400000000 98.3842815889
15.6500000000 98.3910257521
15.6600000000 98.3938270604
15.6700000000 98.3931099140
15.6800000000 98.3897029274
15.6900000000 98.3848823391
15.7000000000 98.3802846251
15.7100000000 98.3777206142
15.7200000000 98.3788936691
15.7300000000 98.3851435165
15.7400000000 98.3972440930
15.7500000000 98.4153104944
15.7600000000 98.4388719987
15.7700000000 98.4669850198
15.7800000000 98.4984532516
15.7900000000 98.5319667787
15.8000000000 98.5662570712
15.8100000000 98.6001197624
15.8200000000 98.6324551566
15.8300000000 98.6622859287
15.8400000000 98.6888080716
15.8500000000 98.7114484571
15.8600000000 98.7299239245
15.8700000000 98.7442828671
15.8800000000 98.7548547109
15.8900000000 98.7622247457
15.9000000000 98.7671026295
15.9100000000 98.7702279919
15.9200000000 98.7723089910
15.9300000000 98.7739482858
15.9400000000 98.7756423041
15.9500000000 98.7777245696
15.9600000000 98.7803034033
15.9700000000 98.7832095063
15.9800000000 98.7859580523
15.9900000000 98.7878463316
16.0000000000 98.7881013262
16.0100000000 98.7860307922
16.0200000000 98.7811827267
16.0300000000 98.7733827041
16.0400000000 98.7627032642
16.0500000000 98.7493662950
16.0600000000 98.7336302641
16.0700000000 98.7157283619
16.0800000000 98.6958440193
16.0900000000 98.6741820234
16.1000000000 98.6510191751
16.1100000000 98.6268224016
16.1200000000 98.6022624601
16.1300000000 98.5782103285
16.1400000000 98.5556274416
16.1500000000 98.5354096642
16.1600000000 98.5182290979
16.1700000000 98.5044759520
16.1800000000 98.4941942856
16.1900000000 98.4871625296
16.2000000000 98.4829369323
16.2100000000 98.4809563602
16.2200000000 98.4806202079
16.2300000000 98.4813949743
16.2400000000 98.4828831846
16.2500000000 98.4848868157
16.2600000000 98.4874547649
16.2700000000 98.4909082026
16.2800000000 98.4957821517
16.2900000000 98.5027433504
16.3000000000 98.5124165247
16.3100000000 98.5252485943
16.3200000000 98.5413180481
16.3300000000 98.5603195368
16.3400000000 98.5815185312
16.3500000000 98.6038707950
16.3600000000 98.6261604883
16.3700000000 98.6471414494
16.3800000000 98.6657142664
16.3900000000 98.6810893914
16.4000000000 98.6928252259
16.4100000000 98.7008913233
16.4200000000 98.7056144675
16.4300000000 98.7076024548
16.4400000000 98.7076488986
16.4500000000 98.7065676796
16.4600000000 98.7050663245
16.4700000000 98.7036116100
16.4800000000 98.7023685173
16.4900000000 98.7012482890
16.5000000000 98.6999922196
16.5100000000 98.6983086556
16.5200000000 98.6959253438
16.5300000000 98.6926770099
16.5400000000 98.6884894064
16.5500000000 98.6834095506
16.5600000000 98.6775384021
16.5700000000 98.6709789843
16.5800000000 98.6637214494
16.5900000000 98.6555763353
16.6000000000 98.6461837968
16.6100000000 98.6351672999
16.6200000000 98.6222722494
16.6300000000 98.6075187087
16.6400000000 98.5912278947
16.6500000000 98.5739850712
16.6600000000 98.5564968024
16.6700000000 98.5394284012
16.6800000000 98.5233734563
16.6900000000 98.5088112548
16.7000000000 98.4962222528
16.7100000000 98.4861411587
16.7200000000 98.4791360380
16.7300000000 98.4757114142
16.7400000000 98.4761977716
16.7500000000 98.4806228040
16.7600000000 98.4886143326
16.7700000000 98.4994076531
16.7800000000 98.5118867195
16.7900000000 98.5247195320
16.8000000000 98.5365478498
16.8100000000 98.5462447286
16.8200000000 98.5530703077
16.8300000000 98.5568123109
16.8400000000 98.5577568802
16.8500000000 98.5565827045
16.8600000000 98.5542235432
16.8700000000 98.5516641310
16.8800000000 98.5497630533
16.8900000000 98.5491563928
16.9000000000 98.5502184194
16.9100000000 98.5531706780
16.9200000000 98.5581568190
16.9300000000 98.5653786374
16.9400000000 98.5751445531
16.9500000000 98.5878379270
16.9600000000 98.6038708886
16.9700000000 98.6235447958
16.9800000000 98.6469184407
16.9900000000 98.6736990514
17.0000000000 98.7031890963
17.0100000000 98.7343279216
17.0200000000 98.7658342381
17.0300000000 98.7963825278
17.0400000000 98.8247640991
17.0500000000 98.8500083333
17.0600000000 98.8714651421
17.0700000000 98.8888145711
17.0800000000 98.9020764836
17.0900000000 98.9115962353
17.1000000000 98.9180231965
17.1100000000 98.9222060555
17.1200000000 98.9251396371
17.1300000000 98.9277979334
17.1400000000 98.9310552005
17.1500000000 98.9356005024
17.1600000000 98.9418936520
17.1700000000 98.9501334409
17.1800000000 98.9602483911
17.1900000000 98.9719313580
17.2000000000 98.9846658620
17.2100000000 98.9978151005
17.2200000000 99.0107293633
17.2300000000 99.0228606404
17.2400000000 99.0338249362
17.2500000000 99.0434957132
17.2600000000 99.0519409867
17.2700000000 99.0594007330
17.2800000000 99.0661439758
17.2900000000 99.0723772164
17.3000000000 99.0781516260
17.3100000000 99.0833364632
17.3200000000 99.0876891283
17.3300000000 99.0909395893
17.3400000000 99.0928753818
17.3500000000 99.0934101320
17.3600000000 99.0925793266
17.3700000000 99.0904809326
17.3800000000 99.0872511808
17.3900000000 99.0829796073
17.4000000000 99.0776830125
17.4100000000 99.0713232275
17.4200000000 99.0638003598
17.4300000000 99.0550249013
17.4400000000 99.0449002372
17.4500000000 99.0333892674
17.4600000000 99.0205393936
17.4700000000 99.0065195266
17.4800000000 98.9916456459
17.4900000000 98.9764063675
17.5000000000 98.9614523971
17.5100000000 98.9475492118
17.5200000000 98.9354557121
17.5300000000 98.9258321899
17.5400000000 98.9191176358
17.5500000000 98.9154963452
17.5600000000 98.9148532492
17.5700000000 98.9168382097
17.5800000000 98.9209017736
17.5900000000 98.9263849494
17.6000000000 98.9325436450
17.6100000000 98.9386645704
17.6200000000 98.9440778372
17.6300000000 98.9482997929
17.6400000000 98.9510349285
17.6500000000 98.9522091222
17.6600000000 98.9519415383
17.6700000000 98.9504221293
17.6800000000 98.9478252027
17.6900000000 98.9442342147
17.7000000000 98.9396573806
17.7100000000 98.9340828309
17.7200000000 98.9276081875
17.7300000000 98.9205222420
17.7400000000 98.9133386597
17.7500000000 98.9068053149
17.7600000000 98.9017083082
17.7700000000 98.8987487203
17.7800000000 98.8983053414
17.7900000000 98.9003315439
17.8000000000 98.9043373272
17.8100000000 98.9094908797
17.8200000000 98.9148511819
17.8300000000 98.9195112594
17.8400000000 98.9227994276
17.8500000000 98.9243389975
17.8600000000 98.9240449122
17.8700000000 98.9220773188
17.8800000000 98.9187609193
17.8900000000 98.9145545054
17.9000000000 98.9099888066
17.9100000000 98.9057165046
17.9200000000 98.9024513943
17.9300000000 98.9009311967
17.9400000000 98.9018498376
17.9500000000 98.9057006624
17.9600000000 98.9127245501
17.9700000000 98.9228128267
17.9800000000 98.9355163478
17.9900000000 98.9501041646
18.0000000000 98.9657048621
18.0100000000 98.9814760383
18.0200000000 98.9967123239
18.0300000000 99.0109550746
18.0400000000 99.0240022390
18.0500000000 99.0358920622
18.0600000000 99.0468173483
18.0700000000 99.0570436829
18.0800000000 99.0668591395
18.0900000000 99.0764786665
18.1000000000 99.0860744727
18.1100000000 99.0957499432
18.1200000000 99.1055646610
18.1300000000 99.1155532973
18.1400000000 99.1256873957
18.1500000000 99.1358432381
18.1600000000 99.1458382292
18.1700000000 99.1554308127
18.1800000000 99.1643828968
18.1900000000 99.1725122548
18.2000000000 99.1797126689
18.2100000000 99.1859162316
18.2200000000 99.1910561390
18.2300000000 99.1949757776
18.2400000000 99.1974530824
18.2500000000 99.1982697208
18.2600000000 99.1972554842
18.2700000000 99.1944304185
18.2800000000 99.1900711479
18.2900000000 99.1846809688
18.3000000000 99.1789674635
18.3100000000 99.1737018502
18.3200000000 99.1695850015
18.3300000000 99.1670859976
18.3400000000 99.1664001168
18.3500000000 99.1673628862
18.3600000000 99.1695495842
18.3700000000 99.1723759475
18.3800000000 99.1751875194
18.3900000000 99.1773957768
18.4000000000 99.1785242888
18.4100000000 99.1782168715
18.4200000000 99.1762257484
18.4300000000 99.1723934897
18.4400000000 99.1666264959
18.4500000000 99.1588829872
18.4600000000 99.1492173589
18.4700000000 99.1377935091
18.4800000000 99.1249831042
18.4900000000 99.1113733308
18.5000000000 99.0977563351
18.5100000000 99.0850401227
18.5200000000 99.0740751796
18.5300000000 99.0655174135
18.5400000000 99.0596376725
18.5500000000 99.0563247916
18.5600000000 99.0550948490
18.5700000000 99.0552758299
18.5800000000 99.0561179334
18.5900000000 99.0569816214
18.6000000000 99.0574176576
18.6100000000 99.0572026435
18.6200000000 99.0563534317
18.6300000000 99.0550907849
18.6400000000 99.0537493365
18.6500000000 99.0527256772
18.6600000000 99.0523811393
18.6700000000 99.0530143386
18.6800000000 99.0548149904
18.6900000000 99.0578428537
18.7000000000 99.0620862700
18.7100000000 99.0674089199
18.7200000000 99.0735627337
18.7300000000 99.0801726518
18.7400000000 99.0867689741
18.7500000000 99.0928379252
18.7600000000 99.0979007986
18.7700000000 99.1016257624
18.7800000000 99.1038697979
18.7900000000 99.1047128444
18.8000000000 99.1044474112
18.8100000000 99.1034875239
18.8200000000 99.1023300817
18.8300000000 99.1014885550
18.8400000000 99.1014341037
18.8500000000 99.1025745264
18.8600000000 99.1052277619
18.8700000000 99.1096012516
18.8800000000 99.1157909223
18.8900000000 99.1237807724
18.9000000000 99.1334748420
18.9100000000 99.1446702958
18.9200000000 99.1571227375
18.9300000000 99.1705465461
18.9400000000 99.1846338026
18.9500000000 99.1990749865
18.9600000000 99.2135655918
18.9700000000 99.2277596645
18.9800000000 99.2412823134
18.9900000000 99.2537423129
19.0000000000 99.2647853752
19.0100000000 99.2741678058
19.0200000000 99.2817781295
19.0300000000 99.2876722067
19.0400000000 99.2920344046
19.0500000000 99.2951113546
19.0600000000 99.2972055776
19.0700000000 99.2986418547
19.0800000000 99.2997467960
19.0900000000 99.3008359386
19.1000000000 99.3021997348
19.1100000000 99.3040969903
19.1200000000 99.3066807041
19.1300000000 99.3100505680
19.1400000000 99.3141861398
19.1500000000 99.3189718854
19.1600000000 99.3242036216
19.1700000000 99.3296143140
19.1800000000 99.3349409568
19.1900000000 99.3399590735
19.2000000000 99.3445368337
19.2100000000 99.3486296785
19.2200000000 99.3523081432
19.2300000000 99.3556915601
19.2400000000 99.3589345456
19.2500000000 99.3621799299
19.2600000000 99.3655246408
19.2700000000 99.3689649388
19.2800000000 99.3723952698
19.2900000000 99.3756272585
19.3000000000 99.3784163138
19.3100000000 99.3805225031
19.3200000000 99.3817378889
19.3300000000 99.3819414606
19.3400000000 99.3810927051
19.3500000000 99.3792535000
19.3600000000 99.3766084574
19.3700000000 99.3734119610
19.3800000000 99.3700154296
19.3900000000 99.3668070989
19.4000000000 99.3641504017
19.4100000000 99.3623706979
19.4200000000 99.3616787757
19.4300000000 99.3621432906
19.4400000000 99.3637435254
19.4500000000 99.3663621082
19.4600000000 99.3698735641
19.4700000000 99.3741378457
19.4800000000 99.3790278778
19.4900000000 99.3844096469
19.5000000000 99.3901078765
19.5100000000 99.3958708507
19.5200000000 99.4013833895
19.5300000000 99.4062729206
19.5400000000 99.4102118401
19.5500000000 99.4129249112
19.5600000000 99.4143074034
19.5700000000 99.4144054637
19.5800000000 99.4134458102
19.5900000000 99.4117604267
19.6000000000 99.4097744964
19.6100000000 99.4078819873
19.6200000000 99.4064106340
19.6300000000 99.4055245019
19.6400000000 99.4052428947
19.6500000000 99.4054389820
19.6600000000 99.4059495639
19.6700000000 99.4065677534
19.6800000000 99.4071335731
19.6900000000 99.4075687147
19.7000000000 99.4078708436
19.7100000000 99.4081142010
19.7200000000 99.4084434673
19.7300000000 99.4089977959
19.7400000000 99.4098970097
19.7500000000 99.4112055983
19.7600000000 99.4129188777
19.7700000000 99.4150176375
19.7800000000 99.4174820215
19.7900000000 99.4203267438
19.8000000000 99.4235740261
19.8100000000 99.4272812954
19.8200000000 99.4314510212
19.8300000000 99.4360438068
19.8400000000 99.4409847447
19.8500000000 99.4461843721
19.8600000000 99.4515524071
19.8700000000 99.4570542062
19.8800000000 99.4626694349
19.8900000000 99.4683639932
19.9000000000 99.4740830612
19.9100000000 99.4797228868
19.9200000000 99.4851364627
19.9300000000 99.4901622824
19.9400000000 99.4946237179
19.9500000000 99.4983573095
19.9600000000 99.5011919350
19.9700000000 99.5029767653
19.9800000000 99.5035672836
19.9900000000 99.5028466604
20.0000000000 99.5007329984
