0.0100000000 0.0000363199
0.0200000000 0.0004077277
0.0300000000 0.0013778685
0.0400000000 0.0029691191
0.0500000000 0.0051386120
0.0600000000 0.0078495430
0.0700000000 0.0110786815
0.0800000000 0.0148152342
0.0900000000 0.0190611130
0.1000000000 0.0238306823
0.1100000000 0.0291496017
0.1200000000 0.0350517381
0.1300000000 0.0415763237
0.1400000000 0.0487666800
0.1500000000 0.0566709950
0.1600000000 0.0653460235
0.1700000000 0.0748618104
0.1800000000 0.0853058186
0.1900000000 0.0967852415
0.2000000000 0.1094274474
0.2100000000 0.1233793262
0.2200000000 0.1388064655
0.2300000000 0.1558938909
0.2400000000 0.1748477790
0.2500000000 0.1958976493
0.2600000000 0.2192999223
0.2700000000 0.2453410487
0.2800000000 0.2743420143
0.2900000000 0.3066627490
0.3000000000 0.3427099554
0.3100000000 0.3829478458
0.3200000000 0.4279153225
0.3300000000 0.4782484581
0.3400000000 0.5347062145
0.3500000000 0.5981938858
0.3600000000 0.6697795104
0.3700000000 0.7506978413
0.3800000000 0.8423399756
0.3900000000 0.9462267922
0.4000000000 1.0639588623
0.4100000000 1.1971310561
0.4200000000 1.3471930729
0.4300000000 1.5152385037
0.4400000000 1.7017078917
0.4500000000 1.9060119555
0.4600000000 2.1261166821
0.4700000000 2.3581829652
0.4800000000 2.5963940490
0.4900000000 2.8331112377
0.5000000000 3.0594282904
0.5100000000 3.2660815866
0.5200000000 3.4445764105
0.5300000000 3.5883507889
0.5400000000 3.6937894703
0.5500000000 3.7608287795
0.5600000000 3.7928533632
0.5700000000 3.7957123780
0.5800000000 3.7760337741
0.5900000000 3.7393646443
0.6000000000 3.6887945671
0.6100000000 3.6245465391
0.6200000000 3.5446623183
0.6300000000 3.4465022340
0.6400000000 3.3284536770
0.6500000000 3.1911524858
0.6600000000 3.0377811682
0.6700000000 2.8734656889
0.6800000000 2.7041774716
0.6900000000 2.5356507589
0.7000000000 2.3726427509
0.7100000000 2.2186197798
0.7200000000 2.0757781872
0.7300000000 1.9452511386
0.7400000000 1.8273791009
0.7500000000 1.7219634721
0.7600000000 1.6284736440
0.7700000000 1.5461972123
0.7800000000 1.4743459310
0.7900000000 1.4121235572
0.8000000000 1.3587742089
0.8100000000 1.3136175564
0.8200000000 1.2760796562
0.8300000000 1.2457179300
0.8400000000 1.2222349537
0.8500000000 1.2054811787
0.8600000000 1.1954471479
0.8700000000 1.1922450356
0.8800000000 1.1960964707
0.8900000000 1.2073193512
0.9000000000 1.2263246135
0.9100000000 1.2536109355
0.9200000000 1.2897591758
0.9300000000 1.3354143850
0.9400000000 1.3912552477
0.9500000000 1.4579339420
0.9600000000 1.5359815369
0.9700000000 1.6256717518
0.9800000000 1.7268348371
0.9900000000 1.8386402954
1.0000000000 1.9593863580
1.0100000000 2.0863663369
1.0200000000 2.2159078207
1.0300000000 2.3436642749
1.0400000000 2.4651561979
1.0500000000 2.5764464759
1.0600000000 2.6747452349
1.0700000000 2.7587562828
1.0800000000 2.8286988170
1.0900000000 2.8860333901
1.1000000000 2.9329841959
1.1100000000 2.9719759918
1.1200000000 3.0051433516
1.1300000000 3.0340929680
1.1400000000 3.0599859780
1.1500000000 3.0838122693
1.1600000000 3.1066029083
1.1700000000 3.1293869410
1.1800000000 3.1529212631
1.1900000000 3.1774262266
1.2000000000 3.2025668160
1.2100000000 3.2277203584
1.2200000000 3.2523413222
1.2300000000 3.2761430190
1.2400000000 3.2989600009
1.2500000000 3.3204052165
1.2600000000 3.3395958423
1.2700000000 3.3551401077
1.2800000000 3.3653459433
1.2900000000 3.3684350266
1.3000000000 3.3625838123
1.3100000000 3.3458219746
1.3200000000 3.3159742018
1.3300000000 3.2708166631
1.3400000000 3.2084194429
1.3500000000 3.1275416526
1.3600000000 3.0279593860
1.3700000000 2.9106933773
1.3800000000 2.7781113692
1.3900000000 2.6338230188
1.4000000000 2.4823066040
1.4100000000 2.3283180642
1.4200000000 2.1762733746
1.4300000000 2.0297871367
1.4400000000 1.8914573482
1.4500000000 1.7628785302
1.4600000000 1.6447998007
1.4700000000 1.5373329408
1.4800000000 1.4401611856
1.4900000000 1.3527096527
1.5000000000 1.2742724532
1.5100000000 1.2041000294
1.5200000000 1.1414552039
1.5300000000 1.0856463170
1.5400000000 1.0360439690
1.5500000000 0.9920895418
1.5600000000 0.9532955945
1.5700000000 0.9192448353
1.5800000000 0.8895837923
1.5900000000 0.8640170591
1.6000000000 0.8422960603
1.6100000000 0.8242060563
1.6200000000 0.8095530561
1.6300000000 0.7981478467
1.6400000000 0.7897910631
1.6500000000 0.7842663097
1.6600000000 0.7813376634
1.6700000000 0.7807645849
1.6800000000 0.7823208936
1.6900000000 0.7858208828
1.7000000000 0.7911356214
1.7100000000 0.7981960091
1.7200000000 0.8069790343
1.7300000000 0.8174838163
1.7400000000 0.8297055670
1.7500000000 0.8436062243
1.7600000000 0.8591117445
1.7700000000 0.8761297061
1.7800000000 0.8945904528
1.7900000000 0.9144808173
1.8000000000 0.9358412654
1.8100000000 0.9587181755
1.8200000000 0.9831063853
1.8300000000 1.0089141884
1.8400000000 1.0359874371
1.8500000000 1.0641710494
1.8600000000 1.0933594454
1.8700000000 1.1234971964
1.8800000000 1.1545320849
1.8900000000 1.1863700735
1.9000000000 1.2188724136
1.9100000000 1.2518949792
1.9200000000 1.2853413089
1.9300000000 1.3191610941
1.9400000000 1.3533023929
1.9500000000 1.3876504316
1.9600000000 1.4220100425
1.9700000000 1.4561433026
1.9800000000 1.4898061501
1.9900000000 1.5227291674
2.0000000000 1.5545277444
2.0100000000 1.5845760640
2.0200000000 1.6119165952
2.0300000000 1.6352172244
2.0400000000 1.6527842620
2.0500000000 1.6626369774
2.0600000000 1.6626863284
2.0700000000 1.6510121885
2.0800000000 1.6262460987
2.0900000000 1.5879401915
2.1000000000 1.5368250178
2.1100000000 1.4748132095
2.1200000000 1.4047330871
2.1300000000 1.3298507567
2.1400000000 1.2533593018
2.1500000000 1.1779843899
2.1600000000 1.1057816185
2.1700000000 1.0381134957
2.1800000000 0.9757452342
2.1900000000 0.9189794873
2.2000000000 0.8677778706
2.2100000000 0.8218568071
2.2200000000 0.7807570589
2.2300000000 0.7439011829
2.2400000000 0.7106577689
2.2500000000 0.6804093445
2.2600000000 0.6526159784
2.2700000000 0.6268631664
2.2800000000 0.6028702028
2.2900000000 0.5804696984
2.3000000000 0.5595613271
2.3100000000 0.5400697941
2.3200000000 0.5219227126
2.3300000000 0.5050540091
2.3400000000 0.4894189217
2.3500000000 0.4750044462
2.3600000000 0.4618367273
2.3700000000 0.4499586284
2.3800000000 0.4394175450
2.3900000000 0.4302461567
2.4000000000 0.4224561791
2.4100000000 0.4160319677
2.4200000000 0.4109427070
2.4300000000 0.4071378352
2.4400000000 0.4045500940
2.4500000000 0.4030900505
2.4600000000 0.4026353038
2.4700000000 0.4030246588
2.4800000000 0.4040574153
2.4900000000 0.4055005442
2.5000000000 0.4071110011
2.5100000000 0.4086568111
2.5200000000 0.4099563735
2.5300000000 0.4109062225
2.5400000000 0.4115120971
2.5500000000 0.4119072579
2.5600000000 0.4123378729
2.5700000000 0.4131380569
2.5800000000 0.4146752221
2.5900000000 0.4172995632
2.6000000000 0.4213060657
2.6100000000 0.4269029994
2.6200000000 0.4341972552
2.6300000000 0.4431794361
2.6400000000 0.4537189304
2.6500000000 0.4655627089
2.6600000000 0.4783678343
2.6700000000 0.4917478525
2.6800000000 0.5053625224
2.6900000000 0.5190065620
2.7000000000 0.5326651267
2.7100000000 0.5465085685
2.7200000000 0.5608240456
2.7300000000 0.5758920496
2.7400000000 0.5918805475
2.7500000000 0.6087688134
2.7600000000 0.6263462035
2.7700000000 0.6442507832
2.7800000000 0.6620311700
2.7900000000 0.6791881306
2.8000000000 0.6951777934
2.8100000000 0.7093912929
2.8200000000 0.7211438020
2.8300000000 0.7296889647
2.8400000000 0.7342761736
2.8500000000 0.7342318106
2.8600000000 0.7290651322
2.8700000000 0.7185905673
2.8800000000 0.7030187495
2.8900000000 0.6829944249
2.9000000000 0.6595311034
2.9100000000 0.6338536818
2.9200000000 0.6071993785
2.9300000000 0.5806464979
2.9400000000 0.5550048448
2.9500000000 0.5307862712
2.9600000000 0.5082473753
2.9700000000 0.4874563399
2.9800000000 0.4683709217
2.9900000000 0.4509141438
3.0000000000 0.4350148303
3.0100000000 0.4206342293
3.0200000000 0.4077613272
3.0300000000 0.3963984412
3.0400000000 0.3865336450
3.0500000000 0.3781287184
3.0600000000 0.3711100907
3.0700000000 0.3653758354
3.0800000000 0.3607963222
3.0900000000 0.3572236030
3.1000000000 0.3544900800
3.1100000000 0.3524038663
3.1200000000 0.3507561474
3.1300000000 0.3493275860
3.1400000000 0.3479224976
3.1500000000 0.3463959117
3.1600000000 0.3446800252
3.1700000000 0.3427809971
3.1800000000 0.3407745400
3.1900000000 0.3387733121
3.2000000000 0.3369184704
3.2100000000 0.3353597395
3.2200000000 0.3342487044
3.2300000000 0.3337205917
3.2400000000 0.3338928300
3.2500000000 0.3348475589
3.2600000000 0.3366299052
3.2700000000 0.3392427906
3.2800000000 0.3426485973
3.2900000000 0.3467755221
3.3000000000 0.3515275479
3.3100000000 0.3568144222
3.3200000000 0.3625646304
3.3300000000 0.3687550025
3.3400000000 0.3754090756
3.3500000000 0.3825883336
3.3600000000 0.3903596283
3.3700000000 0.3987738949
3.3800000000 0.4078528306
3.3900000000 0.4175944391
3.4000000000 0.4280037867
3.4100000000 0.4391302654
3.4200000000 0.4510958374
3.4300000000 0.4641056310
3.4400000000 0.4784369084
3.4500000000 0.4944023623
3.4600000000 0.5123212919
3.4700000000 0.5324769099
3.4800000000 0.5551023003
3.4900000000 0.5803564096
3.5000000000 0.6083267273
3.5100000000 0.6390246997
3.5200000000 0.6724057914
3.5300000000 0.7083972831
3.5400000000 0.7469338884
3.5500000000 0.7879963004
3.5600000000 0.8316278295
3.5700000000 0.8778914717
3.5800000000 0.9267865741
3.5900000000 0.9781134201
3.6000000000 1.0313289917
3.6100000000 1.0854590567
3.6200000000 1.1391061066
3.6300000000 1.1906068101
3.6400000000 1.2382762308
3.6500000000 1.2806918802
3.6600000000 1.3168870791
3.6700000000 1.3464252460
3.6800000000 1.3694060276
3.6900000000 1.3864406471
3.7000000000 1.3986227000
3.7100000000 1.4074211289
3.7200000000 1.4144281682
3.7300000000 1.4209964552
3.7400000000 1.4278585024
3.7500000000 1.4348757635
3.7600000000 1.4410287658
3.7700000000 1.4446876258
3.7800000000 1.4441402331
3.7900000000 1.4381934614
3.8000000000 1.4266558733
3.8100000000 1.4104632202
3.8200000000 1.3914294727
3.8300000000 1.3717350456
3.8400000000 1.3533840678
3.8500000000 1.3377932190
3.8600000000 1.3255968658
3.8700000000 1.3166658300
3.8800000000 1.3103029300
3.8900000000 1.3055486331
3.9000000000 1.3015485166
3.9100000000 1.2978589823
3.9200000000 1.2945951043
3.9300000000 1.2923905121
3.9400000000 1.2921712371
3.9500000000 1.2949120734
3.9600000000 1.3014272680
3.9700000000 1.3122746295
3.9800000000 1.3277134578
3.9900000000 1.3476760617
4.0000000000 1.3717173175
4.0100000000 1.3989516657
4.0200000000 1.4280368974
4.0300000000 1.4572939553
4.0400000000 1.4849613750
4.0500000000 1.5095371037
4.0600000000 1.5300917794
4.0700000000 1.5464264008
4.0800000000 1.5590166674
4.0900000000 1.5688224107
4.1000000000 1.5770624819
4.1100000000 1.5849992681
4.1200000000 1.5937539499
4.1300000000 1.6041189666
4.1400000000 1.6163820849
4.1500000000 1.6302238065
4.1600000000 1.6447422383
4.1700000000 1.6586386926
4.1800000000 1.6704872613
4.1900000000 1.6790506093
4.2000000000 1.6835276756
4.2100000000 1.6837009383
4.2200000000 1.6799907793
4.2300000000 1.6734315289
4.2400000000 1.6655705719
4.2500000000 1.6582697243
4.2600000000 1.6534446438
4.2700000000 1.6527746932
4.2800000000 1.6574844165
4.2900000000 1.6682515407
4.3000000000 1.6852324010
4.3100000000 1.7082053322
4.3200000000 1.7367683663
4.3300000000 1.7705499315
4.3400000000 1.8093727960
4.3500000000 1.8533435553
4.3600000000 1.9028026564
4.3700000000 1.9581276246
4.3800000000 2.0194019399
4.3900000000 2.0860238238
4.4000000000 2.1563897969
4.4100000000 2.2277778850
4.4200000000 2.2965594179
4.4300000000 2.3587409869
4.4400000000 2.4107655073
4.4500000000 2.4503056770
4.4600000000 2.4768273363
4.4700000000 2.4916737757
4.4800000000 2.4976941850
4.4900000000 2.4985149358
4.5000000000 2.4977321196
4.5100000000 2.4982263261
4.5200000000 2.5017919064
4.5300000000 2.5090964585
4.5400000000 2.5199173831
4.5500000000 2.5335204287
4.5600000000 2.5490404059
4.5700000000 2.5657972413
4.5800000000 2.5835199167
4.5900000000 2.6025140029
4.6000000000 2.6237828337
4.6100000000 2.6490255899
4.6200000000 2.6804513316
4.6300000000 2.7204250376
4.6400000000 2.7709783868
4.6500000000 2.8333506505
4.6600000000 2.9076233485
4.6700000000 2.9924923649
4.6800000000 3.0852448461
4.6900000000 3.1819436942
4.7000000000 3.2778794567
4.7100000000 3.3682148010
4.7200000000 3.4486642232
4.7300000000 3.5160312213
4.7400000000 3.5684004728
4.7500000000 3.6050262816
4.7600000000 3.6260090895
4.7700000000 3.6319830456
4.7800000000 3.6239227874
4.7900000000 3.6030489045
4.8000000000 3.5707741193
4.8100000000 3.5285871642
4.8200000000 3.4779281923
4.8300000000 3.4201316153
4.8400000000 3.3564953342
4.8500000000 3.2884939360
4.8600000000 3.2180073615
4.8700000000 3.1474181344
4.8800000000 3.0794645348
4.8900000000 3.0168348308
4.9000000000 2.9616485028
4.9100000000 2.9150005767
4.9200000000 2.8767391871
4.9300000000 2.8455359469
4.9400000000 2.8192119641
4.9500000000 2.7952530462
4.9600000000 2.7713792397
4.9700000000 2.7460186670
4.9800000000 2.7185772739
4.9900000000 2.6894714631
5.0000000000 2.6599583465
5.0100000000 2.6318808414
5.0200000000 2.6073828738
5.0300000000 2.5886512992
5.0400000000 2.5776444530
5.0500000000 2.5758367551
5.0600000000 2.5839842929
5.0700000000 2.6019762462
5.0800000000 2.6287948183
5.0900000000 2.6626569111
5.1000000000 2.7012991081
5.1100000000 2.7424057309
5.1200000000 2.7840443252
5.1300000000 2.8250154398
5.1400000000 2.8649771702
5.1500000000 2.9043862886
5.1600000000 2.9442598973
5.1700000000 2.9858870808
5.1800000000 3.0305262283
5.1900000000 3.0790672682
5.2000000000 3.1317092511
5.2100000000 3.1876679614
5.2200000000 3.2450995484
5.2300000000 3.3013259115
5.2400000000 3.3534055879
5.2500000000 3.3988810766
5.2600000000 3.4364249161
5.2700000000 3.4661410840
5.2800000000 3.4894514681
5.2900000000 3.5086805519
5.3000000000 3.5265397538
5.3100000000 3.5456502339
5.3200000000 3.5681546497
5.3300000000 3.5954403785
5.3400000000 3.6279817865
5.3500000000 3.6653178506
5.3600000000 3.7061596631
5.3700000000 3.7485508802
5.3800000000 3.7900399750
5.3900000000 3.8278474921
5.4000000000 3.8590222058
5.4100000000 3.8806707542
5.4200000000 3.8902884115
5.4300000000 3.8861918074
5.4400000000 3.8679098970
5.4500000000 3.8363573072
5.4600000000 3.7936557855
5.4700000000 3.7426357819
5.4800000000 3.6862230449
5.4900000000 3.6269957492
5.5000000000 3.5669962116
5.5100000000 3.5077776218
5.5200000000 3.4504710011
5.5300000000 3.3957745663
5.5400000000 3.3438293303
5.5500000000 3.2941058009
5.5600000000 3.2454700599
5.5700000000 3.1964307870
5.5800000000 3.1455611014
5.5900000000 3.0919142983
5.6000000000 3.0352974332
5.6100000000 2.9763273498
5.6200000000 2.9162891537
5.6300000000 2.8568584906
5.6400000000 2.7997427647
5.6500000000 2.7463587968
5.6600000000 2.6976127355
5.6700000000 2.6538460115
5.6800000000 2.6150351753
5.6900000000 2.5811124487
5.7000000000 2.5523298592
5.7100000000 2.5294341513
5.7200000000 2.5136178103
5.7300000000 2.5062288924
5.7400000000 2.5083913307
5.7500000000 2.5206481655
5.7600000000 2.5427266634
5.7700000000 2.5734473776
5.7800000000 2.6108215824
5.7900000000 2.6523435556
5.8000000000 2.6954735951
5.8100000000 2.7382219752
5.8200000000 2.7796099507
5.8300000000 2.8198048251
5.8400000000 2.8598418319
5.8500000000 2.9010240079
5.8600000000 2.9442520939
5.8700000000 2.9895701383
5.8800000000 3.0360599839
5.8900000000 3.0821279024
5.9000000000 3.1260220970
5.9100000000 3.1664169379
5.9200000000 3.2028052267
5.9300000000 3.2356018645
5.9400000000 3.2659141839
5.9500000000 3.2951320169
5.9600000000 3.3244815375
5.9700000000 3.3546430624
5.9800000000 3.3855027161
5.9900000000 3.4160194651
6.0000000000 3.4442499094
6.0100000000 3.4675373003
6.0200000000 3.4828889577
6.0300000000 3.4875095474
6.0400000000 3.4794092998
6.0500000000 3.4579554406
6.0600000000 3.4241378408
6.0700000000 3.3804184404
6.0800000000 3.3301562810
6.0900000000 3.2768268577
6.1000000000 3.2233241272
6.1100000000 3.1715896117
6.1200000000 3.1226026536
6.1300000000 3.0766482703
6.1400000000 3.0336657159
6.1500000000 2.9935189008
6.1600000000 2.9561251293
6.1700000000 2.9214764743
6.1800000000 2.8895994096
6.1900000000 2.8604951656
6.2000000000 2.8341249228
6.2100000000 2.8103989872
6.2200000000 2.7892054615
6.2300000000 2.7704622636
6.2400000000 2.7542137048
6.2500000000 2.7407323419
6.2600000000 2.7305798516
6.2700000000 2.7245673457
6.2800000000 2.7236116367
6.2900000000 2.7285284919
6.3000000000 2.7398660748
6.3100000000 2.7578599210
6.3200000000 2.7824770551
6.3300000000 2.8135246225
6.3400000000 2.8507256718
6.3500000000 2.8937467622
6.3600000000 2.9421705912
6.3700000000 2.9954579925
6.3800000000 3.0528780659
6.3900000000 3.1134722844
6.4000000000 3.1760484201
6.4100000000 3.2391871930
6.4200000000 3.3012891162
6.4300000000 3.3606486323
6.4400000000 3.4155852453
6.4500000000 3.4646254616
6.4600000000 3.5066572568
6.4700000000 3.5410576106
6.4800000000 3.5677274935
6.4900000000 3.5869956564
6.5000000000 3.5995207274
6.5100000000 3.6061783323
6.5200000000 3.6080550159
6.5300000000 3.6064767031
6.5400000000 3.6030288371
6.5500000000 3.5994794790
6.5600000000 3.5975931641
6.5700000000 3.5988449631
6.5800000000 3.6041465747
6.5900000000 3.6137002863
6.6000000000 3.6270783274
6.6100000000 3.6434820296
6.6200000000 3.6621036079
6.6300000000 3.6823859689
6.6400000000 3.7040877894
6.6500000000 3.7271369583
6.6600000000 3.7513954851
6.6700000000 3.7764819338
6.6800000000 3.8017351558
6.6900000000 3.8263225089
6.7000000000 3.8493815519
6.7100000000 3.8701778541
6.7200000000 3.8882373006
6.7300000000 3.9035101610
6.7400000000 3.9165277580
6.7500000000 3.9285408372
6.7600000000 3.9415133532
6.7700000000 3.9579388360
6.7800000000 3.9804571117
6.7900000000 4.0113383037
6.8000000000 4.0519653192
6.8100000000 4.1024570817
6.8200000000 4.1615732354
6.8300000000 4.2269352878
6.8400000000 4.2955633104
6.8500000000 4.3645816658
6.8600000000 4.4319079671
6.8700000000 4.4967412950
6.8800000000 4.5596912632
6.8900000000 4.6224530385
6.9000000000 4.6871250049
6.9100000000 4.7553719954
6.9200000000 4.8277539075
6.9300000000 4.9035141347
6.9400000000 4.9808618920
6.9500000000 5.0576321108
6.9600000000 5.1319754610
6.9700000000 5.2027789376
6.9800000000 5.2696761721
6.9900000000 5.3327545075
7.0000000000 5.3922269542
7.0100000000 5.4483479211
7.0200000000 5.5016217364
7.0300000000 5.5530894687
7.0400000000 5.6044325189
7.0500000000 5.6576967474
7.0600000000 5.7147110860
7.0700000000 5.7764865680
7.0800000000 5.8428613391
7.0900000000 5.9125731090
7.1000000000 5.9837015065
7.1100000000 6.0543059940
7.1200000000 6.1230430124
7.1300000000 6.1895339893
7.1400000000 6.2543873840
7.1500000000 6.3189328056
7.1600000000 6.3847865091
7.1700000000 6.4533964477
7.1800000000 6.5257222017
7.1900000000 6.6020393300
7.2000000000 6.6818554569
7.2100000000 6.7638917006
7.2200000000 6.8460825005
7.2300000000 6.9256881848
7.2400000000 6.9995741008
7.2500000000 7.0647170880
7.2600000000 7.1187847696
7.2700000000 7.1605490787
7.2800000000 7.1899710625
7.2900000000 7.2078668435
7.3000000000 7.2153358319
7.3100000000 7.2132067145
7.3200000000 7.2017880646
7.3300000000 7.1810033749
7.3400000000 7.1508526173
7.3500000000 7.1118745525
7.3600000000 7.0653690832
7.3700000000 7.0132820938
7.3800000000 6.9578547329
7.3900000000 6.9012466199
7.4000000000 6.8452701141
7.4100000000 6.7912673545
7.4200000000 6.7400602558
7.4300000000 6.6919456068
7.4400000000 6.6467089088
7.4500000000 6.6037124944
7.4600000000 6.5621027275
7.4700000000 6.5210801899
7.4800000000 6.4801664979
7.4900000000 6.4393795356
7.5000000000 6.3992250999
7.5100000000 6.3605486059
7.5200000000 6.3242702673
7.5300000000 6.2910557878
7.5400000000 6.2610344409
7.5500000000 6.2335587315
7.5600000000 6.2070700979
7.5700000000 6.1791095604
7.5800000000 6.1465214913
7.5900000000 6.1058518050
7.6000000000 6.0539333273
7.6100000000 5.9884535392
7.6200000000 5.9084030749
7.6300000000 5.8142393645
7.6400000000 5.7077761184
7.6500000000 5.5918084049
7.6600000000 5.4696668826
7.6700000000 5.3448028579
7.6800000000 5.2205663699
7.6900000000 5.1001038037
7.7000000000 4.9863073932
7.7100000000 4.8816558113
7.7200000000 4.7879986334
7.7300000000 4.7063396917
7.7400000000 4.6367134387
7.7500000000 4.5782451202
7.7600000000 4.5293582576
7.7700000000 4.4880629778
7.7800000000 4.4522190349
7.7900000000 4.4197212741
7.8000000000 4.3886283745
7.8100000000 4.3571909078
7.8200000000 4.3238205957
7.8300000000 4.2870662268
7.8400000000 4.2455761581
7.8500000000 4.1981901903
7.8600000000 4.1441681401
7.8700000000 4.0834758812
7.8800000000 4.0170124649
7.8900000000 3.9465896048
7.9000000000 3.8746843433
7.9100000000 3.8040551840
7.9200000000 3.7373843883
7.9300000000 3.6770510586
7.9400000000 3.6250250747
7.9500000000 3.5828797325
7.9600000000 3.5517944942
7.9700000000 3.5325455188
7.9800000000 3.5253973152
7.9900000000 3.5300188303
8.0000000000 3.5454010218
8.0100000000 3.5698817520
8.0200000000 3.6012624176
8.0300000000 3.6369840471
8.0400000000 3.6743354513
8.0500000000 3.7106397114
8.0600000000 3.7434264924
8.0700000000 3.7705558916
8.0800000000 3.7903419157
8.0900000000 3.8015676833
8.1000000000 3.8033924148
8.1100000000 3.7952374236
8.1200000000 3.7767333046
8.1300000000 3.7478141059
8.1400000000 3.7089657464
8.1500000000 3.6614117215
8.1600000000 3.6071417598
8.1700000000 3.5486459675
8.1800000000 3.4884616856
8.1900000000 3.4286557988
8.2000000000 3.3704365429
8.2100000000 3.3140501383
8.2200000000 3.2589406998
8.2300000000 3.2041561484
8.2400000000 3.1488038874
8.2500000000 3.0923865364
8.2600000000 3.0349276936
8.2700000000 2.9768705609
8.2800000000 2.9188285704
8.2900000000 2.8613933551
8.3000000000 2.8050121247
8.3100000000 2.7499969691
8.3200000000 2.6965454847
8.3300000000 2.6447729374
8.3400000000 2.5947365016
8.3500000000 2.5464373877
8.3600000000 2.4999103781
8.3700000000 2.4553004217
8.3800000000 2.4129854333
8.3900000000 2.3736182687
8.4000000000 2.3380979280
8.4100000000 2.3074603491
8.4200000000 2.2827304982
8.4300000000 2.2647840440
8.4400000000 2.2541962472
8.4500000000 2.2511242761
8.4600000000 2.2552409939
8.4700000000 2.2656721985
8.4800000000 2.2810177985
8.4900000000 2.2994485679
8.5000000000 2.3188811961
8.5100000000 2.3372314148
8.5200000000 2.3526847833
8.5300000000 2.3639508211
8.5400000000 2.3703913876
8.5500000000 2.3720607782
8.5600000000 2.3696283789
8.5700000000 2.3642523831
8.5800000000 2.3574530254
8.5900000000 2.3509557656
8.6000000000 2.3465037378
8.6100000000 2.3456244809
8.6200000000 2.3493974391
8.6300000000 2.3582607853
8.6400000000 2.3719432829
8.6500000000 2.3894932304
8.6600000000 2.4094429817
8.6700000000 2.4300214368
8.6800000000 2.4494023877
8.6900000000 2.4659445800
8.7000000000 2.4783883420
8.7100000000 2.4859150335
8.7200000000 2.4881453745
8.7300000000 2.4850411878
8.7400000000 2.4768306263
8.7500000000 2.4640336484
8.7600000000 2.4475176574
8.7700000000 2.4285332290
8.7800000000 2.4086939745
8.7900000000 2.3898075549
8.8000000000 2.3736153723
8.8100000000 2.3614846113
8.8200000000 2.3541450950
8.8300000000 2.3515438827
8.8400000000 2.3528342863
8.8500000000 2.3565034918
8.8600000000 2.3605764334
8.8700000000 2.3628477254
8.8800000000 2.3611622898
8.8900000000 2.3536698795
8.9000000000 2.3391080286
8.9100000000 2.3169580367
8.9200000000 2.2875402084
8.9300000000 2.2518969829
8.9400000000 2.2116096207
8.9500000000 2.1685497321
8.9600000000 2.1246673211
8.9700000000 2.0818213860
8.9800000000 2.0416627375
8.9900000000 2.0055607899
9.0000000000 1.9745446191
9.0100000000 1.9492803740
9.0200000000 1.9300611914
9.0300000000 1.9168130423
9.0400000000 1.9091259972
9.0500000000 1.9063172530
9.0600000000 1.9074734300
9.0700000000 1.9115057707
9.0800000000 1.9172243088
9.0900000000 1.9234526458
9.1000000000 1.9291617701
9.1100000000 1.9336323689
9.1200000000 1.9365651253
9.1300000000 1.9380703348
9.1400000000 1.9385921582
9.1500000000 1.9387170455
9.1600000000 1.9390808612
9.1700000000 1.9403003457
9.1800000000 1.9430010950
9.1900000000 1.9478393764
9.2000000000 1.9554738073
9.2100000000 1.9665179409
9.2200000000 1.9814579827
9.2300000000 2.0006361564
9.2400000000 2.0242718728
9.2500000000 2.0524705560
9.2600000000 2.0852263716
9.2700000000 2.1223463830
9.2800000000 2.1633842124
9.2900000000 2.2076211010
9.3000000000 2.2541385547
9.3100000000 2.3019699040
9.3200000000 2.3503022965
9.3300000000 2.3986250533
9.3400000000 2.4467991841
9.3500000000 2.4950071417
9.3600000000 2.5436237446
9.3700000000 2.5930145249
9.3800000000 2.6433434183
9.3900000000 2.6944024800
9.4000000000 2.7455141209
9.4100000000 2.7956067164
9.4200000000 2.8433846065
9.4300000000 2.8876144556
9.4400000000 2.9273831049
9.4500000000 2.9622359063
9.4600000000 2.9922116078
9.4700000000 3.0177643434
9.4800000000 3.0396228271
9.4900000000 3.0586589151
9.5000000000 3.0757557396
9.5100000000 3.0917480128
9.5200000000 3.1073492296
9.5300000000 3.1231608293
9.5400000000 3.1397225259
9.5500000000 3.1575913897
9.5600000000 3.1773862676
9.5700000000 3.1997782696
9.5800000000 3.2253857008
9.5900000000 3.2546303907
9.6000000000 3.2875586817
9.6100000000 3.3237164043
9.6200000000 3.3620686623
9.6300000000 3.4010695098
9.6400000000 3.4388432307
9.6500000000 3.4735533438
9.6600000000 3.5038034748
9.6700000000 3.5290165973
9.6800000000 3.5496181933
9.6900000000 3.5669786832
9.7000000000 3.5831330127
9.7100000000 3.6003648815
9.7200000000 3.6207084585
9.7300000000 3.6454152689
9.7400000000 3.6745313167
9.7500000000 3.7066118968
9.7600000000 3.7388025046
9.7700000000 3.7672630248
9.7800000000 3.7879338720
9.7900000000 3.7974422417
9.8000000000 3.7939270190
9.8100000000 3.7775623178
9.8200000000 3.7505953901
9.8300000000 3.7169239471
9.8400000000 3.6812975101
9.8500000000 3.6483985849
9.8600000000 3.6220072532
9.8700000000 3.6044534523
9.8800000000 3.5964000578
9.8900000000 3.5970058292
9.9000000000 3.6043709981
9.9100000000 3.6162068797
9.9200000000 3.6305028878
9.9300000000 3.6460127641
9.9400000000 3.6624149688
9.9500000000 3.6801100285
9.9600000000 3.6998334104
9.9700000000 3.7222404209
9.9800000000 3.7475812497
9.9900000000 3.7755915164
10.0000000000 3.8055304657
10.0100000000 3.8363475510
10.0200000000 3.8668757019
10.0300000000 3.8959559373
10.0400000000 3.9224536244
10.0500000000 3.9452350529
10.0600000000 3.9631699598
10.0700000000 3.9752258977
10.0800000000 3.9806484810
10.0900000000 3.9791691495
10.1000000000 3.9711060356
10.1100000000 3.9573146673
10.1200000000 3.9389540300
10.1300000000 3.9170987704
10.1400000000 3.8923744269
10.1500000000 3.8647218225
10.1600000000 3.8333650616
10.1700000000 3.7970786655
10.1800000000 3.7546237469
10.1900000000 3.7052554732
10.2000000000 3.6491396671
10.2100000000 3.5874734853
10.2200000000 3.5223329987
10.2300000000 3.4562626246
10.2400000000 3.3918445973
10.2500000000 3.3313187331
10.2600000000 3.2764000220
10.2700000000 3.2281890689
10.2800000000 3.1872528543
10.2900000000 3.1537075197
10.3000000000 3.1273134138
10.3100000000 3.1076165850
10.3200000000 3.0940886790
10.3300000000 3.0863266408
10.3400000000 3.0841607931
10.3500000000 3.0877597928
10.3600000000 3.0975287621
10.3700000000 3.1139408169
10.3800000000 3.1372467584
10.3900000000 3.1671977952
10.4000000000 3.2028305381
10.4100000000 3.2423805797
10.4200000000 3.2833280932
10.4300000000 3.3226472009
10.4400000000 3.3572062732
10.4500000000 3.3842945975
10.4600000000 3.4021211229
10.4700000000 3.4102322918
10.4800000000 3.4095985208
10.4900000000 3.4023650942
10.5000000000 3.3912986139
10.5100000000 3.3790595965
10.5200000000 3.3675486067
10.5300000000 3.3575705270
10.5400000000 3.3488381244
10.5500000000 3.3403288737
10.5600000000 3.3308543536
10.5700000000 3.3196544839
10.5800000000 3.3068206217
10.5900000000 3.2934938568
10.6000000000 3.2817135459
10.6100000000 3.2740495642
10.6200000000 3.2731177928
10.6300000000 3.2811719977
10.6400000000 3.2999008597
10.6500000000 3.3303729325
10.6600000000 3.3731453337
10.6700000000 3.4283462355
10.6800000000 3.4957379194
10.6900000000 3.5747318647
10.7000000000 3.6644402612
10.7100000000 3.7637774658
10.7200000000 3.8716912739
10.7300000000 3.9873609221
10.7400000000 4.1103823513
10.7500000000 4.2408216033
10.7600000000 4.3791306997
10.7700000000 4.5259869227
10.7800000000 4.6820604778
10.7900000000 4.8477469972
10.8000000000 5.0228562272
10.8100000000 5.2062763142
10.8200000000 5.3956359076
10.8300000000 5.5871010688
10.8400000000 5.7755203238
10.8500000000 5.9549538783
10.8600000000 6.1196090903
10.8700000000 6.2649148615
10.8800000000 6.3884134264
10.8900000000 6.4900972210
10.9000000000 6.5721253481
10.9100000000 6.6380290548
10.9200000000 6.6917141706
10.9300000000 6.7364333782
10.9400000000 6.7738532861
10.9500000000 6.8034053273
10.9600000000 6.8220843927
10.9700000000 6.8249260168
10.9800000000 6.8061415712
10.9900000000 6.7606204271
11.0000000000 6.6853746818
11.0100000000 6.5804741020
11.0200000000 6.4491733045
11.0300000000 6.2973024106
11.0400000000 6.1321479974
11.0500000000 5.9611784277
11.0600000000 5.7910091788
11.0700000000 5.6268579376
11.0800000000 5.4724613502
11.0900000000 5.3303193150
11.1000000000 5.2019939767
11.1100000000 5.0883273325
11.1200000000 4.9895498352
11.1300000000 4.9053800669
11.1400000000 4.8350895921
11.1500000000 4.7776354370
11.1600000000 4.7317994294
11.1700000000 4.6963083196
11.1800000000 4.6698940280
11.1900000000 4.6513109003
11.2000000000 4.6392300463
11.2100000000 4.6321903692
11.2200000000 4.6285562812
11.2300000000 4.6265544629
11.2400000000 4.6243936493
11.2500000000 4.6205076952
11.2600000000 4.6138430098
11.2700000000 4.6041257928
11.2800000000 4.5920077719
11.2900000000 4.5789369308
11.3000000000 4.5668745474
11.3100000000 4.5578857448
11.3200000000 4.5537958004
11.3300000000 4.5559094834
11.3400000000 4.5649082419
11.3500000000 4.5808722757
11.3600000000 4.6034284519
11.3700000000 4.6319180789
11.3800000000 4.6654997778
11.3900000000 4.7030659795
11.4000000000 4.7430129996
11.4100000000 4.7830404057
11.4200000000 4.8200708058
11.4300000000 4.8504721061
11.4400000000 4.8705629099
11.4500000000 4.8772514496
11.4600000000 4.8686278732
11.4700000000 4.8442755943
11.4800000000 4.8052153887
11.4900000000 4.7535681079
11.5000000000 4.6920744740
11.5100000000 4.6236367518
11.5200000000 4.5510431171
11.5300000000 4.4768204666
11.5400000000 4.4032289443
11.5500000000 4.3323224130
11.5600000000 4.2659488145
11.5700000000 4.2056859914
11.5800000000 4.1527199047
11.5900000000 4.1076914490
11.6000000000 4.0705462757
11.6100000000 4.0405134068
11.6200000000 4.0161460352
11.6300000000 3.9956108031
11.6400000000 3.9770406121
11.6500000000 3.9589620252
11.6600000000 3.9405803240
11.6700000000 3.9218792577
11.6800000000 3.9034348414
11.6900000000 3.8861282401
11.7000000000 3.8708027242
11.7100000000 3.8580905598
11.7200000000 3.8483807358
11.7300000000 3.8420018319
11.7400000000 3.8394753493
11.7500000000 3.8417241381
11.7600000000 3.8501234091
11.7700000000 3.8663158825
11.7800000000 3.8919094777
11.7900000000 3.9281928175
11.8000000000 3.9759546844
11.8100000000 4.0353972127
11.8200000000 4.1061589696
11.8300000000 4.1873246575
11.8400000000 4.2773482710
11.8500000000 4.3738708679
11.8600000000 4.4734334621
11.8700000000 4.5712763675
11.8800000000 4.6614013045
11.8900000000 4.7370846175
11.9000000000 4.7918161697
11.9100000000 4.8203744819
11.9200000000 4.8198046369
11.9300000000 4.7898521470
11.9400000000 4.7329079325
11.9500000000 4.6534111944
11.9600000000 4.5570215254
11.9700000000 4.4497287799
11.9800000000 4.3371645565
11.9900000000 4.2242007600
12.0000000000 4.1148265631
12.0100000000 4.0121716270
12.0200000000 3.9186303623
12.0300000000 3.8359215486
12.0400000000 3.7651896976
12.0500000000 3.7070463553
12.0600000000 3.6616258394
12.0700000000 3.6286277296
12.0800000000 3.6073854642
12.0900000000 3.5968892136
12.1000000000 3.5958180224
12.1100000000 3.6025250647
12.1200000000 3.6150711729
12.1300000000 3.6313144404
12.1400000000 3.6490356131
12.1500000000 3.6661309282
12.1600000000 3.6807525368
12.1700000000 3.6914765673
12.1800000000 3.6974314289
12.1900000000 3.6983668234
12.2000000000 3.6946075509
12.2100000000 3.6869076218
12.2200000000 3.6762921223
12.2300000000 3.6639144505
12.2400000000 3.6510535029
12.2500000000 3.6391347763
12.2600000000 3.6297633342
12.2700000000 3.6246191060
12.2800000000 3.6252943404
12.2900000000 3.6330407288
12.3000000000 3.6485316595
12.3100000000 3.6717540744
12.3200000000 3.7020270689
12.3300000000 3.7382042855
12.3400000000 3.7790556116
12.3500000000 3.8236369089
12.3600000000 3.8715700669
12.3700000000 3.9231197996
12.3800000000 3.9790309710
12.3900000000 4.0402725413
12.4000000000 4.1077613747
12.4100000000 4.1820786310
12.4200000000 4.2631997861
12.4300000000 4.3501908073
12.4400000000 4.4408312461
12.4500000000 4.5313376488
12.4600000000 4.6162047445
12.4700000000 4.6885079993
12.4800000000 4.7406346545
12.4900000000 4.7655150636
12.5000000000 4.7580481412
12.5100000000 4.7162148797
12.5200000000 4.6415755258
12.5300000000 4.5388541361
12.5400000000 4.4149431532
12.5500000000 4.2775371212
12.5600000000 4.1339349706
12.5700000000 3.9902386015
12.5800000000 3.8510367670
12.5900000000 3.7194313207
12.6000000000 3.5972996713
12.6100000000 3.4855523196
12.6200000000 3.3843942691
12.6300000000 3.2935814020
12.6400000000 3.2126495747
12.6500000000 3.1411693616
12.6600000000 3.0789624852
12.6700000000 3.0262191888
12.6800000000 2.9834510220
12.6900000000 2.9513530513
12.7000000000 2.9305791003
12.7100000000 2.9215404099
12.7200000000 2.9242289877
12.7300000000 2.9381646080
12.7400000000 2.9623644852
12.7500000000 2.9953569814
12.7600000000 3.0352050726
12.7700000000 3.0795772755
12.7800000000 3.1258014836
12.7900000000 3.1710412391
12.8000000000 3.2125086697
12.8100000000 3.2477351559
12.8200000000 3.2749003231
12.8300000000 3.2930975185
12.8400000000 3.3024906799
12.8500000000 3.3042869133
12.8600000000 3.3005198052
12.8700000000 3.2937180505
12.8800000000 3.2865467205
12.8900000000 3.2815095813
12.9000000000 3.2806912379
12.9100000000 3.2855442156
12.9200000000 3.2966837394
12.9300000000 3.3137642346
12.9400000000 3.3354814492
12.9500000000 3.3597304433
12.9600000000 3.3839574029
12.9700000000 3.4056186247
12.9800000000 3.4226476142
12.9900000000 3.4337721096
13.0000000000 3.4386561873
13.0100000000 3.4378808623
13.0200000000 3.4327799632
13.0300000000 3.4252936018
13.0400000000 3.4177219761
13.0500000000 3.4124729081
13.0600000000 3.4117464412
13.0700000000 3.4172082475
13.0800000000 3.4297219950
13.0900000000 3.4491899047
13.1000000000 3.4744466684
13.1100000000 3.5033325873
13.1200000000 3.5327982598
13.1300000000 3.5592469844
13.1400000000 3.5790442532
13.1500000000 3.5892245420
13.1600000000 3.5882116301
13.1700000000 3.5762487685
13.1800000000 3.5553540780
13.1900000000 3.5286545581
13.2000000000 3.4993820119
13.2100000000 3.4698468743
13.2200000000 3.4408080543
13.2300000000 3.4113180167
13.2400000000 3.3791316500
13.2500000000 3.3414028655
13.2600000000 3.2955217064
13.2700000000 3.2397599587
13.2800000000 3.1735890453
13.2900000000 3.0977171233
13.3000000000 3.0139086474
13.3100000000 2.9247330136
13.3200000000 2.8332435342
13.3300000000 2.7426908298
13.3400000000 2.6561849864
13.3500000000 2.5764312805
13.3600000000 2.5054832120
13.3700000000 2.4446094974
13.3800000000 2.3942828884
13.3900000000 2.3542119425
13.4000000000 2.3234662998
13.4100000000 2.3005915498
13.4200000000 2.2837672357
13.4300000000 2.2709527983
13.4400000000 2.2600888483
13.4500000000 2.2492898049
13.4600000000 2.2370459370
13.4700000000 2.2224122923
13.4800000000 2.2050752169
13.4900000000 2.1853326309
13.5000000000 2.1640058770
13.5100000000 2.1422457272
13.5200000000 2.1213507720
13.5300000000 2.1025520602
13.5400000000 2.0868742065
13.5500000000 2.0750369067
13.5600000000 2.0674482035
13.5700000000 2.0642626334
13.5800000000 2.0655185430
13.5900000000 2.0712716367
13.6000000000 2.0816689824
13.6100000000 2.0969260199
13.6200000000 2.1172293348
13.6300000000 2.1426021653
13.6400000000 2.1728207897
13.6500000000 2.2073867164
13.6600000000 2.2455686626
13.6700000000 2.2864725569
13.6800000000 2.3291624957
13.6900000000 2.3727074811
13.7000000000 2.4162325728
13.7100000000 2.4589189281
13.7200000000 2.4999990683
13.7300000000 2.5387242810
13.7400000000 2.5743781812
13.7500000000 2.6062948039
13.7600000000 2.6338951419
13.7700000000 2.6567468472
13.7800000000 2.6744991443
13.7900000000 2.6868131169
13.8000000000 2.6932408918
13.8100000000 2.6931645779
13.8200000000 2.6858367360
13.8300000000 2.6704856988
13.8400000000 2.6465096251
13.8500000000 2.6137512113
13.8600000000 2.5727521018
13.8700000000 2.5249316689
13.8800000000 2.4724883507
13.8900000000 2.4181460741
13.9000000000 2.3647424124
13.9100000000 2.3148390625
13.9200000000 2.2704870616
13.9300000000 2.2330645694
13.9400000000 2.2032743492
13.9500000000 2.1811803046
13.9600000000 2.1663358204
13.9700000000 2.1578858026
13.9800000000 2.1547271764
13.9900000000 2.1556943663
14.0000000000 2.1596837793
14.0100000000 2.1658213172
14.0200000000 2.1735873239
14.0300000000 2.1828511832
14.0400000000 2.1938724458
14.0500000000 2.2072064416
14.0600000000 2.2235998656
14.0700000000 2.2438333987
14.0800000000 2.2685304264
14.0900000000 2.2979177785
14.1000000000 2.3316343242
14.1100000000 2.3685068067
14.1200000000 2.4065172271
14.1300000000 2.4429182677
14.1400000000 2.4745766550
14.1500000000 2.4985483061
14.1600000000 2.5126330312
14.1700000000 2.5158538150
14.1800000000 2.5086294630
14.1900000000 2.4926029400
14.2000000000 2.4702281829
14.2100000000 2.4442695841
14.2200000000 2.4173359273
14.2300000000 2.3915296501
14.2400000000 2.3682607409
14.2500000000 2.3481744992
14.2600000000 2.3312286589
14.2700000000 2.3168344314
14.2800000000 2.3040956374
14.2900000000 2.2920349484
14.3000000000 2.2798213602
14.3100000000 2.2669115445
14.3200000000 2.2531191351
14.3300000000 2.2386164386
14.3400000000 2.2238632926
14.3500000000 2.2095355261
14.3600000000 2.1963847275
14.3700000000 2.1851165733
14.3800000000 2.1762049122
14.3900000000 2.1698074430
14.4000000000 2.1657202477
14.4100000000 2.1634644457
14.4200000000 2.1623636466
14.4300000000 2.1616903914
14.4400000000 2.1607200202
14.4500000000 2.1587846666
14.4600000000 2.1552979340
14.4700000000 2.1498385894
14.4800000000 2.1421904003
14.4900000000 2.1323527226
14.5000000000 2.1205167847
14.5100000000 2.1070321043
14.5200000000 2.0923234276
14.5300000000 2.0769010959
14.5400000000 2.0613022022
14.5500000000 2.0461056210
14.5600000000 2.0318875867
14.5700000000 2.0191967833
14.5800000000 2.0084895055
14.5900000000 2.0001240821
14.6000000000 1.9943552964
14.6100000000 1.9913238561
14.6200000000 1.9911006887
14.6300000000 1.9936567364
14.6400000000 1.9988526544
14.6500000000 2.0063736731
14.6600000000 2.0156843181
14.6700000000 2.0260929745
14.6800000000 2.0367666919
14.6900000000 2.0468109527
14.7000000000 2.0553295172
14.7100000000 2.0614442432
14.7200000000 2.0643698978
14.7300000000 2.0635492788
14.7400000000 2.0588039988
14.7500000000 2.0504611694
14.7600000000 2.0393606401
14.7700000000 2.0266967746
14.7800000000 2.0138443756
14.7900000000 2.0020675331
14.8000000000 1.9923122403
14.8100000000 1.9850128661
14.8200000000 1.9800341597
14.8300000000 1.9766689444
14.8400000000 1.9738182232
14.8500000000 1.9702278246
14.8600000000 1.9648018751
14.8700000000 1.9568921273
14.8800000000 1.9464618671
14.8900000000 1.9340935535
14.9000000000 1.9208291192
14.9100000000 1.9079280901
14.9200000000 1.8966343416
14.9300000000 1.8880228216
14.9400000000 1.8829421924
14.9500000000 1.8820184388
14.9600000000 1.8857097093
14.9700000000 1.8943206651
14.9800000000 1.9080119589
14.9900000000 1.9267076681
15.0000000000 1.9500335356
15.0100000000 1.9773169035
15.0200000000 2.0076483993
15.0300000000 2.0400410341
15.0400000000 2.0735944025
15.0500000000 2.1075717321
15.0600000000 2.1414665016
15.0700000000 2.1749359422
15.0800000000 2.2077293940
15.0900000000 2.2395859682
15.1000000000 2.2701373186
15.1100000000 2.2988205794
15.1200000000 2.3248320930
15.1300000000 2.3471576211
15.1400000000 2.3646994889
15.1500000000 2.3764598842
15.1600000000 2.3817756234
15.1700000000 2.3804000897
15.1800000000 2.3725861851
15.1900000000 2.3590164965
15.2000000000 2.3407185055
15.2100000000 2.3188974346
15.2200000000 2.2947423449
15.2300000000 2.2692306904
15.2400000000 2.2429569934
15.2500000000 2.2160944955
15.2600000000 2.1884651334
15.2700000000 2.1597343894
15.2800000000 2.1296698334
15.2900000000 2.0983132570
15.3000000000 2.0660657270
15.3100000000 2.0336378887
15.3200000000 2.0019059349
15.3300000000 1.9717819878
15.3400000000 1.9440989930
15.3500000000 1.9195260462
15.3600000000 1.8985250550
15.3700000000 1.8813334743
15.3800000000 1.8679103733
15.3900000000 1.8579035182
15.4000000000 1.8506429179
15.4100000000 1.8451978021
15.4200000000 1.8404655909
15.4300000000 1.8353666690
15.4400000000 1.8289923178
15.4500000000 1.8207848540
15.4600000000 1.8105705774
15.4700000000 1.7985242458
15.4800000000 1.7851229689
15.4900000000 1.7710045515
15.5000000000 1.7568887529
15.5100000000 1.7434874084
15.5200000000 1.7314245823
15.5300000000 1.7212253847
15.5400000000 1.7132621007
15.5500000000 1.7077320643
15.5600000000 1.7046355253
15.5700000000 1.7037161967
15.5800000000 1.7044551209
15.5900000000 1.7060913619
15.6000000000 1.7077337029
15.6100000000 1.7085154713
15.6200000000 1.7077444379
15.6300000000 1.7050639288
15.6400000000 1.7005503247
15.6500000000 1.6946931458
15.6600000000 1.6883215444
15.6700000000 1.6824015392
15.6800000000 1.6778698295
15.6900000000 1.6754989747
15.7000000000 1.6758426642
15.7100000000 1.6792670179
15.7200000000 1.6860360195
15.7300000000 1.6963272353
15.7400000000 1.7102638460
15.7500000000 1.7278442981
15.7600000000 1.7489043137
15.7700000000 1.7730466153
15.7800000000 1.7996949269
15.7900000000 1.8280455858
15.8000000000 1.8571379524
15.8100000000 1.8858383980
15.8200000000 1.9128834840
15.8300000000 1.9369876414
15.8400000000 1.9569991765
15.8500000000 1.9720886457
15.8600000000 1.9819430646
15.8700000000 1.9868313478
15.8800000000 1.9875355072
15.8900000000 1.9851848641
15.9000000000 1.9809761506
15.9100000000 1.9759791026
15.9200000000 1.9710114726
15.9300000000 1.9665838599
15.9400000000 1.9630018118
15.9500000000 1.9604357328
15.9600000000 1.9590346560
15.9700000000 1.9589315848
15.9800000000 1.9602597550
15.9900000000 1.9630762742
16.0000000000 1.9673946019
16.0100000000 1.9732499015
16.0200000000 1.9807864457
16.0300000000 1.9903070093
16.0400000000 2.0022676685
16.0500000000 2.0171194147
16.0600000000 2.0351110851
16.0700000000 2.0560373439
16.0800000000 2.0791178999
16.0900000000 2.1029207163
16.1000000000 2.1255478453
16.1100000000 2.1448921011
16.1200000000 2.1590026181
16.1300000000 2.1663571700
16.1400000000 2.1659816463
16.1500000000 2.1575212634
16.1600000000 2.1411596569
16.1700000000 2.1176323430
16.1800000000 2.0882029880
16.1900000000 2.0546183996
16.2000000000 2.0189697795
16.2100000000 1.9834531502
16.2200000000 1.9500495943
16.2300000000 1.9202851719
16.2400000000 1.8950607190
16.2500000000 1.8746084066
16.2600000000 1.8585377183
16.2700000000 1.8460160582
16.2800000000 1.8359453883
16.2900000000 1.8271845120
16.3000000000 1.8187723053
16.3100000000 1.8100736678
16.3200000000 1.8008366824
16.3300000000 1.7911773761
16.3400000000 1.7814581949
16.3500000000 1.7721435116
16.3600000000 1.7636823987
16.3700000000 1.7563851908
16.3800000000 1.7503555617
16.3900000000 1.7454560272
16.4000000000 1.7413407837
16.4100000000 1.7374887513
16.4200000000 1.7333548771
16.4300000000 1.7284713755
16.4400000000 1.7225831482
16.4500000000 1.7157443403
16.4600000000 1.7082743590
16.4700000000 1.7006968124
16.4800000000 1.6936386149
16.4900000000 1.6877398779
16.5000000000 1.6835859438
16.5100000000 1.6816617151
16.5200000000 1.6823227826
16.5300000000 1.6857948317
16.5400000000 1.6921391106
16.5500000000 1.7012633006
16.5600000000 1.7129439013
16.5700000000 1.7268431101
16.5800000000 1.7425598817
16.5900000000 1.7596640720
16.6000000000 1.7777192689
16.6100000000 1.7962999365
16.6200000000 1.8149573961
16.6300000000 1.8332027737
16.6400000000 1.8504785050
16.6500000000 1.8660842279
16.6600000000 1.8791820935
16.6700000000 1.8888132716
16.6800000000 1.8939540945
16.6900000000 1.8937259300
16.7000000000 1.8875771613
16.7100000000 1.8754662220
16.7200000000 1.8579091423
16.7300000000 1.8358967366
16.7400000000 1.8106459411
16.7500000000 1.7833439814
16.7600000000 1.7550110949
16.7700000000 1.7264539030
16.7800000000 1.6983275218
16.7900000000 1.6712613416
16.8000000000 1.6458991274
16.8100000000 1.6229393135
16.8200000000 1.6030656732
16.8300000000 1.5868774565
16.8400000000 1.5747901574
16.8500000000 1.5669474551
16.8600000000 1.5632141506
16.8700000000 1.5631404301
16.8800000000 1.5660714022
16.8900000000 1.5711991708
16.9000000000 1.5777138556
16.9100000000 1.5849026698
16.9200000000 1.5922375044
16.9300000000 1.5994102986
16.9400000000 1.6062811756
16.9500000000 1.6127565813
16.9600000000 1.6186496129
16.9700000000 1.6235865559
16.9800000000 1.6269364125
16.9900000000 1.6279617384
17.0000000000 1.6259873192
17.0100000000 1.6206394561
17.0200000000 1.6120395940
17.0300000000 1.6008529462
17.0400000000 1.5882031339
17.0500000000 1.5754576617
17.0600000000 1.5640179999
17.0700000000 1.5550671555
17.0800000000 1.5494626014
17.0900000000 1.5476169827
17.1000000000 1.5494845067
17.1100000000 1.5545477731
17.1200000000 1.5618756763
17.1300000000 1.5701994288
17.1400000000 1.5780653532
17.1500000000 1.5841056379
17.1600000000 1.5872976515
17.1700000000 1.5871648953
17.1800000000 1.5838785294
17.1900000000 1.5781294328
17.2000000000 1.5709351723
17.2100000000 1.5633693697
17.2200000000 1.5563844650
17.2300000000 1.5506631274
17.2400000000 1.5465578628
17.2500000000 1.5440838232
17.2600000000 1.5429473488
17.2700000000 1.5426579195
17.2800000000 1.5426702878
17.2900000000 1.5425627769
17.3000000000 1.5421209615
17.3100000000 1.5414037613
17.3200000000 1.5406727750
17.3300000000 1.5402975210
17.3400000000 1.5406841742
17.3500000000 1.5421682130
17.3600000000 1.5449425103
17.3700000000 1.5490628671
17.3800000000 1.5543998293
17.3900000000 1.5606860891
17.4000000000 1.5675401406
17.4100000000 1.5745199345
17.4200000000 1.5812125728
17.4300000000 1.5872044277
17.4400000000 1.5920751099
17.4500000000 1.5952714836
17.4600000000 1.5960292023
17.4700000000 1.5933358134
17.4800000000 1.5860555601
17.4900000000 1.5730903596
17.5000000000 1.5536375536
17.5100000000 1.5274552680
17.5200000000 1.4949493095
17.5300000000 1.4572316709
17.5400000000 1.4159023732
17.5500000000 1.3728360440
17.5600000000 1.3298936345
17.5700000000 1.2886856656
17.5800000000 1.2504484361
17.5900000000 1.2159920609
17.6000000000 1.1856909443
17.6100000000 1.1595661678
17.6200000000 1.1373567043
17.6300000000 1.1186159407
17.6400000000 1.1028273838
17.6500000000 1.0894230546
17.6600000000 1.0778632900
17.6700000000 1.0676432396
17.6800000000 1.0583116035
17.6900000000 1.0494832397
17.7000000000 1.0408271777
17.7100000000 1.0320914673
17.7200000000 1.0230480449
17.7300000000 1.0135236358
17.7400000000 1.0033814410
17.7500000000 0.9925829998
17.7600000000 0.9811762092
17.7700000000 0.9693513236
17.7800000000 0.9573920287
17.7900000000 0.9456200895
17.8000000000 0.9343645055
17.8100000000 0.9238808682
17.8200000000 0.9143386202
17.8300000000 0.9058206881
17.8400000000 0.8983417891
17.8500000000 0.8918855039
17.8600000000 0.8864166195
17.8700000000 0.8819184495
17.8800000000 0.8783741993
17.8900000000 0.8758231047
17.9000000000 0.8743356374
17.9100000000 0.8740448090
17.9200000000 0.8751400760
17.9300000000 0.8778486983
17.9400000000 0.8823794845
17.9500000000 0.8888913923
17.9600000000 0.8975183838
17.9700000000 0.9083254930
17.9800000000 0.9213462402
17.9900000000 0.9365700394
18.0000000000 0.9539358746
18.0100000000 0.9732821334
18.0200000000 0.9943026988
18.0300000000 1.0165406737
18.0400000000 1.0393319894
18.0500000000 1.0618618207
18.0600000000 1.0832523012
18.0700000000 1.1026376102
18.0800000000 1.1193079674
18.0900000000 1.1327972696
18.1000000000 1.1429082016
18.1100000000 1.1497438869
18.1200000000 1.1536645179
18.1300000000 1.1552503995
18.1400000000 1.1552713310
18.1500000000 1.1546244688
18.1600000000 1.1542530275
18.1700000000 1.1550708505
18.1800000000 1.1578235421
18.1900000000 1.1630184354
18.2000000000 1.1707787102
18.2100000000 1.1808172375
18.2200000000 1.1923727789
18.2300000000 1.2042472939
18.2400000000 1.2149064586
18.2500000000 1.2226495265
18.2600000000 1.2258864352
18.2700000000 1.2234024913
18.2800000000 1.2145606360
18.2900000000 1.1994164990
18.3000000000 1.1786386042
18.3100000000 1.1533848425
18.3200000000 1.1250899213
18.3300000000 1.0952070260
18.3400000000 1.0650684368
18.3500000000 1.0357192557
18.3600000000 1.0078965251
18.3700000000 0.9820656365
18.3800000000 0.9584186507
18.3900000000 0.9369688096
18.4000000000 0.9175944806
18.4100000000 0.9000962894
18.4200000000 0.8842289437
18.4300000000 0.8697525291
18.4400000000 0.8564583383
18.4500000000 0.8441883719
18.4600000000 0.8328226996
18.4700000000 0.8223054248
18.4800000000 0.8126255909
18.4900000000 0.8037915303
18.5000000000 0.7958050928
18.5100000000 0.7886357617
18.5200000000 0.7822399509
18.5300000000 0.7765674418
18.5400000000 0.7715937543
18.5500000000 0.7673461651
18.5600000000 0.7638973841
18.5700000000 0.7613916431
18.5800000000 0.7599669725
18.5900000000 0.7597811407
18.6000000000 0.7609336735
18.6100000000 0.7634266506
18.6200000000 0.7671709592
18.6300000000 0.7719730757
18.6400000000 0.7775609136
18.6500000000 0.7835967261
18.6600000000 0.7897552147
18.6700000000 0.7957040153
18.6800000000 0.8011428159
18.6900000000 0.8058229825
18.7000000000 0.8095280515
18.7100000000 0.8121521436
18.7200000000 0.8136805964
18.7300000000 0.8142686425
18.7400000000 0.8142157041
18.7500000000 0.8139330910
18.7600000000 0.8138788415
18.7700000000 0.8145054284
18.7800000000 0.8162138091
18.7900000000 0.8193138684
18.8000000000 0.8240372343
18.8100000000 0.8304910769
18.8200000000 0.8387103315
18.8300000000 0.8486115624
18.8400000000 0.8599730641
18.8500000000 0.8724609850
18.8600000000 0.8856095192
18.8700000000 0.8988799832
18.8800000000 0.9117199527
18.8900000000 0.9235895450
18.9000000000 0.9340008548
18.9100000000 0.9425639987
18.9200000000 0.9489739769
18.9300000000 0.9530436544
18.9400000000 0.9546445837
18.9500000000 0.9537532487
18.9600000000 0.9504315173
18.9700000000 0.9448929512
18.9800000000 0.9375231916
18.9900000000 0.9288740535
19.0000000000 0.9195914514
19.0100000000 0.9103429950
19.0200000000 0.9017054207
19.0300000000 0.8941111650
19.0400000000 0.8878676939
19.0500000000 0.8831503605
19.0600000000 0.8800484343
19.0700000000 0.8785448627
19.0800000000 0.8785159665
19.0900000000 0.8796845915
19.1000000000 0.8815798244
19.1100000000 0.8835898799
19.1200000000 0.8850017853
19.1300000000 0.8851011192
19.1400000000 0.8832986441
19.1500000000 0.8792439500
19.1600000000 0.8728994861
19.1700000000 0.8645615606
19.1800000000 0.8547745876
19.1900000000 0.8442718756
19.2000000000 0.8337687543
19.2100000000 0.8239022104
19.2200000000 0.8150963628
19.2300000000 0.8075549058
19.2400000000 0.8013140313
19.2500000000 0.7962821848
19.2600000000 0.7923338471
19.2700000000 0.7893565706
19.2800000000 0.7872577799
19.2900000000 0.7859918030
19.3000000000 0.7855060825
19.3100000000 0.7857209313
19.3200000000 0.7865024785
19.3300000000 0.7876557967
19.3400000000 0.7889517808
19.3500000000 0.7901203190
19.3600000000 0.7908772350
19.3700000000 0.7909851230
19.3800000000 0.7902534449
19.3900000000 0.7885928006
19.4000000000 0.7860355186
19.4100000000 0.7827427774
19.4200000000 0.7789235924
19.4300000000 0.7748281916
19.4400000000 0.7707074015
19.4500000000 0.7667446906
19.4600000000 0.7630763642
19.4700000000 0.7597642008
19.4800000000 0.7567816060
19.4900000000 0.7540474201
19.5000000000 0.7514393907
19.5100000000 0.7488281640
19.5200000000 0.7461113807
19.5300000000 0.7432410681
19.5400000000 0.7401964680
19.5500000000 0.7370251269
19.5600000000 0.7337678635
19.5700000000 0.7304861207
19.5800000000 0.7272551792
19.5900000000 0.7241436425
19.6000000000 0.7212476925
19.6100000000 0.7186637292
19.6200000000 0.7164746398
19.6300000000 0.7147291556
19.6400000000 0.7134761016
19.6500000000 0.7127231500
19.6600000000 0.7124986031
19.6700000000 0.7128239231
19.6800000000 0.7137274824
19.6900000000 0.7152308020
19.7000000000 0.7173003006
19.7100000000 0.7198402719
19.7200000000 0.7226651584
19.7300000000 0.7254993567
19.7400000000 0.7280460480
19.7500000000 0.7300147681
19.7600000000 0.7312043109
19.7700000000 0.7315236597
19.7800000000 0.7309991570
19.7900000000 0.7296986875
19.8000000000 0.7277179455
19.8100000000 0.7250627482
19.8200000000 0.7216834430
19.8300000000 0.7174678074
19.8400000000 0.7123033121
19.8500000000 0.7061534877
19.8600000000 0.6990929051
19.8700000000 0.6913492616
19.8800000000 0.6832482500
19.8900000000 0.6751860580
19.9000000000 0.6675251033
19.9100000000 0.6605381180
19.9200000000 0.6543868968
19.9300000000 0.6490870047
19.9400000000 0.6445562076
19.9500000000 0.6406211730
19.9600000000 0.6371011384
19.9700000000 0.6338498878
19.9800000000 0.6307558673
19.9900000000 0.6278053315
20.0000000000 0.6250475816
