0.0100000000 0.0000030746
0.0200000000 0.0000302148
0.0300000000 0.0000936102
0.0400000000 0.0001930823
0.0500000000 0.0003284823
0.0600000000 0.0005010423
0.0700000000 0.0007127352
0.0800000000 0.0009654868
0.0900000000 0.0012604664
0.1000000000 0.0015969873
0.1100000000 0.0019716620
0.1200000000 0.0023771020
0.1300000000 0.0028014938
0.1400000000 0.0032292453
0.1500000000 0.0036425754
0.1600000000 0.0040249764
0.1700000000 0.0043646679
0.1800000000 0.0046571545
0.1900000000 0.0049057037
0.2000000000 0.0051199445
0.2100000000 0.0053134473
0.2200000000 0.0055009570
0.2300000000 0.0056967799
0.2400000000 0.0059136563
0.2500000000 0.0061623422
0.2600000000 0.0064513917
0.2700000000 0.0067876411
0.2800000000 0.0071757633
0.2900000000 0.0076185404
0.3000000000 0.0081166496
0.3100000000 0.0086682518
0.3200000000 0.0092691248
0.3300000000 0.0099126482
0.3400000000 0.0105907930
0.3500000000 0.0112948294
0.3600000000 0.0120171815
0.3700000000 0.0127533180
0.3800000000 0.0135038990
0.3900000000 0.0142770405
0.4000000000 0.0150884062
0.4100000000 0.0159598655
0.4200000000 0.0169181290
0.4300000000 0.0179912795
0.4400000000 0.0192066400
0.4500000000 0.0205891606
0.4600000000 0.0221591469
0.4700000000 0.0239294219
0.4800000000 0.0259028915
0.4900000000 0.0280673175
0.5000000000 0.0303899355
0.5100000000 0.0328125094
0.5200000000 0.0352495248
0.5300000000 0.0375911154
0.5400000000 0.0397132545
0.5500000000 0.0414951019
0.5600000000 0.0428375099
0.5700000000 0.0436799666
0.5800000000 0.0440098104
0.5900000000 0.0438613483
0.6000000000 0.0433087115
0.6100000000 0.0424524261
0.6200000000 0.0414021695
0.6300000000 0.0402630501
0.6400000000 0.0391237357
0.6500000000 0.0380527652
0.6600000000 0.0370974945
0.6700000000 0.0362873981
0.6800000000 0.0356383223
0.6900000000 0.0351555388
0.7000000000 0.0348391452
0.7100000000 0.0346847157
0.7200000000 0.0346868439
0.7300000000 0.0348391250
0.7400000000 0.0351359734
0.7500000000 0.0355724638
0.7600000000 0.0361449584
0.7700000000 0.0368512313
0.7800000000 0.0376900397
0.7900000000 0.0386626124
0.8000000000 0.0397711260
0.8100000000 0.0410190630
0.8200000000 0.0424124618
0.8300000000 0.0439583120
0.8400000000 0.0456663926
0.8500000000 0.0475479250
0.8600000000 0.0496168624
0.8700000000 0.0518891055
0.8800000000 0.0543844608
0.8900000000 0.0571249422
0.9000000000 0.0601364518
0.9100000000 0.0634479880
0.9200000000 0.0670920926
0.9300000000 0.0711059773
0.9400000000 0.0755277200
0.9500000000 0.0803985983
0.9600000000 0.0857567334
0.9700000000 0.0916365142
0.9800000000 0.0980614106
0.9900000000 0.1050356678
1.0000000000 0.1125366032
1.0100000000 0.1205075832
1.0200000000 0.1288517536
1.0300000000 0.1374364319
1.0400000000 0.1461063170
1.0500000000 0.1547031006
1.0600000000 0.1630933395
1.0700000000 0.1711925723
1.0800000000 0.1789822875
1.0900000000 0.1865184420
1.1000000000 0.1939227867
1.1100000000 0.2013653120
1.1200000000 0.2090396704
1.1300000000 0.2171439793
1.1400000000 0.2258714404
1.1500000000 0.2354122472
1.1600000000 0.2459527442
1.1700000000 0.2576663032
1.1800000000 0.2706921080
1.1900000000 0.2851041263
1.2000000000 0.3008790917
1.2100000000 0.3178712225
1.2200000000 0.3357971503
1.2300000000 0.3542407700
1.2400000000 0.3726969913
1.2500000000 0.3906555428
1.2600000000 0.4077268235
1.2700000000 0.4237618188
1.2800000000 0.4389254764
1.2900000000 0.4536682791
1.3000000000 0.4686055984
1.3100000000 0.4843465547
1.3200000000 0.5013224519
1.3300000000 0.5196633315
1.3400000000 0.5391453129
1.3500000000 0.5592215483
1.3600000000 0.5791461799
1.3700000000 0.5981663236
1.3800000000 0.6157347470
1.3900000000 0.6316577452
1.4000000000 0.6461125908
1.4100000000 0.6595128247
1.4200000000 0.6722985354
1.4300000000 0.6847418025
1.4400000000 0.6968736509
1.4500000000 0.7085512707
1.4600000000 0.7196389961
1.4700000000 0.7302079984
1.4800000000 0.7406445687
1.4900000000 0.7516140275
1.5000000000 0.7638797345
1.5100000000 0.7780592892
1.5200000000 0.7944020538
1.5300000000 0.8126552729
1.5400000000 0.8320618609
1.5500000000 0.8515129427
1.5600000000 0.8698347937
1.5700000000 0.8861519438
1.5800000000 0.9001933987
1.5900000000 0.9124292452
1.6000000000 0.9239561958
1.6100000000 0.9362007183
1.6200000000 0.9505429922
1.6300000000 0.9679875176
1.6400000000 0.9889493902
1.6500000000 1.0131693777
1.6600000000 1.0397559850
1.6700000000 1.0673263520
1.6800000000 1.0942294006
1.6900000000 1.1188085425
1.7000000000 1.1396743377
1.7100000000 1.1559400425
1.7200000000 1.1673813880
1.7300000000 1.1744730630
1.7400000000 1.1782899063
1.7500000000 1.1802799013
1.7600000000 1.1819863591
1.7700000000 1.1848035588
1.7800000000 1.1898216956
1.7900000000 1.1977496715
1.8000000000 1.2088749897
1.8100000000 1.2230261567
1.8200000000 1.2395642832
1.8300000000 1.2574542884
1.8400000000 1.2754545770
1.8500000000 1.2923995945
1.8600000000 1.3074709030
1.8700000000 1.3203477564
1.8800000000 1.3311615354
1.8900000000 1.3402862093
1.9000000000 1.3480573009
1.9100000000 1.3545671271
1.9200000000 1.3596273279
1.9300000000 1.3629061400
1.9400000000 1.3641583467
1.9500000000 1.3634105615
1.9600000000 1.3610169859
1.9700000000 1.3575822293
1.9800000000 1.3538296493
1.9900000000 1.3504619895
2.0000000000 1.3480527849
2.0100000000 1.3469365111
2.0200000000 1.3470885816
2.0300000000 1.3480370977
2.0400000000 1.3488772910
2.0500000000 1.3484253724
2.0600000000 1.3454907177
2.0700000000 1.3391666431
2.0800000000 1.3290269972
2.0900000000 1.3151894120
2.1000000000 1.2982645893
2.1100000000 1.2792531140
2.1200000000 1.2594052799
2.1300000000 1.2400423759
2.1400000000 1.2223720507
2.1500000000 1.2073193308
2.1600000000 1.1954393275
2.1700000000 1.1868983769
2.1800000000 1.1815103427
2.1900000000 1.1787722981
2.2000000000 1.1779009472
2.2100000000 1.1778987061
2.2200000000 1.1776962983
2.2300000000 1.1763601707
2.2400000000 1.1733177723
2.2500000000 1.1684921635
2.2600000000 1.1622734562
2.2700000000 1.1553084818
2.2800000000 1.1481952476
2.2900000000 1.1411736534
2.3000000000 1.1339593113
2.3100000000 1.1257789118
2.3200000000 1.1156183305
2.3300000000 1.1026140561
2.3400000000 1.0864341355
2.3500000000 1.0674861780
2.3600000000 1.0468846700
2.3700000000 1.0261975040
2.3800000000 1.0071228970
2.3900000000 0.9911940194
2.4000000000 0.9796119372
2.4100000000 0.9731805611
2.4200000000 0.9723178360
2.4300000000 0.9770916340
2.4400000000 0.9872539367
2.4500000000 1.0022740009
2.4600000000 1.0213660369
2.4700000000 1.0435582366
2.4800000000 1.0677936383
2.4900000000 1.0930771835
2.5000000000 1.1186404262
2.5100000000 1.1440824726
2.5200000000 1.1694682449
2.5300000000 1.1953532683
2.5400000000 1.2227041336
2.5500000000 1.2527455032
2.5600000000 1.2867495484
2.5700000000 1.3258270033
2.5800000000 1.3707586102
2.5900000000 1.4219184420
2.6000000000 1.4792521173
2.6100000000 1.5422905756
2.6200000000 1.6101029108
2.6300000000 1.6811645264
2.6400000000 1.7531372079
2.6500000000 1.8226886852
2.6600000000 1.8854826546
2.6700000000 1.9364900613
2.6800000000 1.9706546439
2.6900000000 1.9838208734
2.7000000000 1.9736779757
2.7100000000 1.9403790547
2.7200000000 1.8865893618
2.7300000000 1.8169288107
2.7400000000 1.7370129686
2.7500000000 1.6524377988
2.7600000000 1.5680049928
2.7700000000 1.4872985249
2.7800000000 1.4126001463
2.7900000000 1.3450096469
2.8000000000 1.2846901524
2.8100000000 1.2311506202
2.8200000000 1.1835287605
2.8300000000 1.1408633512
2.8400000000 1.1022993426
2.8500000000 1.0672229474
2.8600000000 1.0353063747
2.8700000000 1.0064823874
2.8800000000 0.9808547172
2.8900000000 0.9585899066
2.9000000000 0.9397892510
2.9100000000 0.9244013198
2.9200000000 0.9121844993
2.9300000000 0.9027373088
2.9400000000 0.8955838680
2.9500000000 0.8902674705
2.9600000000 0.8864038424
2.9700000000 0.8836743758
2.9800000000 0.8817796789
2.9900000000 0.8803764866
3.0000000000 0.8790770325
3.0100000000 0.8774861623
3.0200000000 0.8752739079
3.0300000000 0.8722209898
3.0400000000 0.8682228327
3.0500000000 0.8632670653
3.0600000000 0.8574105539
3.0700000000 0.8507837921
3.0800000000 0.8435996695
3.0900000000 0.8361430088
3.1000000000 0.8287339101
3.1100000000 0.8216838039
3.1200000000 0.8152592980
3.1300000000 0.8096944387
3.1400000000 0.8052108995
3.1500000000 0.8020594612
3.1600000000 0.8005358229
3.1700000000 0.8009900411
3.1800000000 0.8038005756
3.1900000000 0.8093589207
3.2000000000 0.8180583734
3.2100000000 0.8302724897
3.2200000000 0.8463421351
3.2300000000 0.8665330604
3.2400000000 0.8909939762
3.2500000000 0.9197208932
3.2600000000 0.9525301990
3.2700000000 0.9890691073
3.2800000000 1.0288561107
3.2900000000 1.0713586894
3.3000000000 1.1160904094
3.3100000000 1.1627080758
3.3200000000 1.2110628795
3.3300000000 1.2611840979
3.3400000000 1.3131713286
3.3500000000 1.3670345077
3.3600000000 1.4225239871
3.3700000000 1.4790481393
3.3800000000 1.5356971078
3.3900000000 1.5913658079
3.4000000000 1.6449014521
3.4100000000 1.6952080546
3.4200000000 1.7412535316
3.4300000000 1.7819969175
3.4400000000 1.8162744986
3.4500000000 1.8427076620
3.4600000000 1.8596927084
3.4700000000 1.8655140030
3.4800000000 1.8585994652
3.4900000000 1.8378816000
3.5000000000 1.8031617410
3.5100000000 1.7553717539
3.5200000000 1.6965813703
3.5300000000 1.6297378103
3.5400000000 1.5582154288
3.5500000000 1.4853223618
3.5600000000 1.4139124495
3.5700000000 1.3461860338
3.5800000000 1.2836568529
3.5900000000 1.2272538387
3.6000000000 1.1774525040
3.6100000000 1.1343966811
3.6200000000 1.0979736504
3.6300000000 1.0678525142
3.6400000000 1.0435137755
3.6500000000 1.0242735549
3.6600000000 1.0093390623
3.6700000000 0.9979022071
3.6800000000 0.9892374047
3.6900000000 0.9828163234
3.7000000000 0.9783754762
3.7100000000 0.9759240563
3.7200000000 0.9757037976
3.7300000000 0.9781116355
3.7400000000 0.9836053301
3.7500000000 0.9926270330
3.7600000000 1.0055347862
3.7700000000 1.0225710432
3.7800000000 1.0438505601
3.7900000000 1.0693824988
3.8000000000 1.0990890323
3.8100000000 1.1328150802
3.8200000000 1.1702985777
3.8300000000 1.2111365469
3.8400000000 1.2547389774
3.8500000000 1.3003355532
3.8600000000 1.3469931816
3.8700000000 1.3936456764
3.8800000000 1.4391369543
3.8900000000 1.4822724507
3.9000000000 1.5219123351
3.9100000000 1.5571057541
3.9200000000 1.5872022307
3.9300000000 1.6119092271
3.9400000000 1.6312670056
3.9500000000 1.6455626962
3.9600000000 1.6553087974
3.9700000000 1.6612665917
3.9800000000 1.6645001197
3.9900000000 1.6663475947
4.0000000000 1.6682743236
4.0100000000 1.6716433399
4.0200000000 1.6775029151
4.0300000000 1.6864992921
4.0400000000 1.6989143416
4.0500000000 1.7148206392
4.0600000000 1.7342681093
4.0700000000 1.7574481062
4.0800000000 1.7847896355
4.0900000000 1.8169781380
4.1000000000 1.8548928509
4.1100000000 1.8994560931
4.1200000000 1.9514428606
4.1300000000 2.0112480236
4.1400000000 2.0786762765
4.1500000000 2.1527572587
4.1600000000 2.2316358424
4.1700000000 2.3125561963
4.1800000000 2.3919715351
4.1900000000 2.4658406907
4.2000000000 2.5301407729
4.2100000000 2.5815790856
4.2200000000 2.6183359878
4.2300000000 2.6405562260
4.2400000000 2.6503615343
4.2500000000 2.6513301237
4.2600000000 2.6476554594
4.2700000000 2.6433108407
4.2800000000 2.6414559048
4.2900000000 2.6441763759
4.3000000000 2.6524839329
4.3100000000 2.6664764076
4.3200000000 2.6855611832
4.3300000000 2.7086957760
4.3400000000 2.7346042835
4.3500000000 2.7619963613
4.3600000000 2.7897474120
4.3700000000 2.8170437433
4.3800000000 2.8434659842
4.3900000000 2.8690101655
4.4000000000 2.8940443495
4.4100000000 2.9192147423
4.4200000000 2.9453005779
4.4300000000 2.9730658606
4.4400000000 3.0031227536
4.4500000000 3.0358365721
4.4600000000 3.0712641421
4.4700000000 3.1090888595
4.4800000000 3.1485733377
4.4900000000 3.1885372219
4.5000000000 3.2274886434
4.5100000000 3.2638731778
4.5200000000 3.2963949351
4.5300000000 3.3242698268
4.5400000000 3.3472831655
4.5500000000 3.3656497504
4.5600000000 3.3797041105
4.5700000000 3.3896146804
4.5800000000 3.3952610597
4.5900000000 3.3963857189
4.6000000000 3.3929574052
4.6100000000 3.3855228498
4.6200000000 3.3753698155
4.6300000000 3.3643773317
4.6400000000 3.3545917437
4.6500000000 3.3477465853
4.6600000000 3.3449030248
4.6700000000 3.3463854570
4.6800000000 3.3519742873
4.6900000000 3.3612122933
4.7000000000 3.3736390375
4.7100000000 3.3888037622
4.7200000000 3.4061394632
4.7300000000 3.4247745842
4.7400000000 3.4434006556
4.7500000000 3.4602435275
4.7600000000 3.4731705102
4.7700000000 3.4799252538
4.7800000000 3.4784540973
4.7900000000 3.4672848013
4.8000000000 3.4458760431
4.8100000000 3.4148533417
4.8200000000 3.3760605379
4.8300000000 3.3323574787
4.8400000000 3.2872338736
4.8500000000 3.2442910528
4.8600000000 3.2067618631
4.8700000000 3.1772011755
4.8800000000 3.1573425523
4.8900000000 3.1481196485
4.9000000000 3.1497471602
4.9100000000 3.1617906645
4.9200000000 3.1831725819
4.9300000000 3.2121490630
4.9400000000 3.2463569311
4.9500000000 3.2829928575
4.9600000000 3.3191478352
4.9700000000 3.3521921470
4.9800000000 3.3800893893
4.9900000000 3.4016085005
5.0000000000 3.4164208687
5.0100000000 3.4251319632
5.0200000000 3.4292188141
5.0300000000 3.4308151661
5.0400000000 3.4323711029
5.0500000000 3.4361760220
5.0600000000 3.4439183536
5.0700000000 3.4563821696
5.0800000000 3.4733927822
5.0900000000 3.4940772522
5.1000000000 3.5173320882
5.1100000000 3.5423764877
5.1200000000 3.5691567757
5.1300000000 3.5984397120
5.1400000000 3.6315439940
5.1500000000 3.6697741596
5.1600000000 3.7137768616
5.1700000000 3.7630002306
5.1800000000 3.8153859979
5.1900000000 3.8673606526
5.2000000000 3.9141662324
5.2100000000 3.9505057342
5.2200000000 3.9714540992
5.2300000000 3.9735014900
5.2400000000 3.9554357991
5.2500000000 3.9188051896
5.2600000000 3.8677569689
5.2700000000 3.8082623943
5.2800000000 3.7469368937
5.2900000000 3.6898338372
5.3000000000 3.6414566289
5.3100000000 3.6041930624
5.3200000000 3.5781758577
5.3300000000 3.5615399649
5.3400000000 3.5510021515
5.3500000000 3.5426280989
5.3600000000 3.5326544731
5.3700000000 3.5181290677
5.3800000000 3.4972358412
5.3900000000 3.4692524131
5.4000000000 3.4342836554
5.4100000000 3.3929428982
5.4200000000 3.3461835327
5.4300000000 3.2952471613
5.4400000000 3.2416616029
5.4500000000 3.1871319452
5.4600000000 3.1332766839
5.4700000000 3.0813129957
5.4800000000 3.0318511596
5.4900000000 2.9848998653
5.5000000000 2.9401458076
5.5100000000 2.8972844719
5.5200000000 2.8563177520
5.5300000000 2.8176285548
5.5400000000 2.7818818192
5.5500000000 2.7498101137
5.5600000000 2.7220311398
5.5700000000 2.6989503863
5.5800000000 2.6807750288
5.5900000000 2.6675940415
5.6000000000 2.6594558319
5.6100000000 2.6564186788
5.6200000000 2.6585375875
5.6300000000 2.6658056230
5.6400000000 2.6780530442
5.6500000000 2.6948229161
5.6600000000 2.7152820188
5.6700000000 2.7382378449
5.6800000000 2.7623691377
5.6900000000 2.7866010574
5.7000000000 2.8104810428
5.7100000000 2.8343452907
5.7200000000 2.8591573961
5.7300000000 2.8861080426
5.7400000000 2.9161691745
5.7500000000 2.9498137606
5.7600000000 2.9869261364
5.7700000000 3.0268681893
5.7800000000 3.0686176982
5.7900000000 3.1109365488
5.8000000000 3.1526168507
5.8100000000 3.1928206907
5.8200000000 3.2313829484
5.8300000000 3.2689265176
5.8400000000 3.3066204789
5.8500000000 3.3456444003
5.8600000000 3.3865640513
5.8700000000 3.4289015507
5.8800000000 3.4711016670
5.8900000000 3.5109741147
5.9000000000 3.5464369985
5.9100000000 3.5762908415
5.9200000000 3.6006527341
5.9300000000 3.6209092134
5.9400000000 3.6392366739
5.9500000000 3.6579266724
5.9600000000 3.6787717244
5.9700000000 3.7026162271
5.9800000000 3.7290829226
5.9900000000 3.7564850856
6.0000000000 3.7819079787
6.0100000000 3.8015382132
6.0200000000 3.8112174743
6.0300000000 3.8071983779
6.0400000000 3.7868992842
6.0500000000 3.7495129412
6.0600000000 3.6962063897
6.0700000000 3.6298141853
6.0800000000 3.5541246986
6.0900000000 3.4730565529
6.1000000000 3.3900729134
6.1100000000 3.3079916057
6.1200000000 3.2291242171
6.1300000000 3.1555493910
6.1400000000 3.0892683063
6.1500000000 3.0321841843
6.1600000000 2.9859514679
6.1700000000 2.9517710211
6.1800000000 2.9302162649
6.1900000000 2.9210755696
6.2000000000 2.9232267064
6.2100000000 2.9345899112
6.2200000000 2.9522513304
6.2300000000 2.9728234816
6.2400000000 2.9930531469
6.2500000000 3.0105108345
6.2600000000 3.0241002186
6.2700000000 3.0341747408
6.2800000000 3.0421751933
6.2900000000 3.0499906018
6.3000000000 3.0593448253
6.3100000000 3.0713978663
6.3200000000 3.0866739608
6.3300000000 3.1052422171
6.3400000000 3.1270151349
6.3500000000 3.1520917672
6.3600000000 3.1809721605
6.3700000000 3.2146056943
6.3800000000 3.2542125944
6.3900000000 3.3009555781
6.4000000000 3.3556054841
6.4100000000 3.4183164190
6.4200000000 3.4886093136
6.4300000000 3.5654883945
6.4400000000 3.6475970585
6.4500000000 3.7332747662
6.4600000000 3.8204805467
6.4700000000 3.9066484934
6.4800000000 3.9886524410
6.4900000000 4.0629569867
6.5000000000 4.1260151713
6.5100000000 4.1748519776
6.5200000000 4.2076145208
6.5300000000 4.2239471772
6.5400000000 4.2250228194
6.5500000000 4.2132242005
6.5600000000 4.1915801649
6.5700000000 4.1631373428
6.5800000000 4.1304041781
6.5900000000 4.0950751112
6.6000000000 4.0580740617
6.6100000000 4.0199124894
6.6200000000 3.9811603335
6.6300000000 3.9428694472
6.6400000000 3.9067270433
6.6500000000 3.8749385336
6.6600000000 3.8498958725
6.6700000000 3.8337155327
6.6800000000 3.8278096528
6.6900000000 3.8325566078
6.7000000000 3.8471512429
6.7100000000 3.8696596585
6.7200000000 3.8972313185
6.7300000000 3.9264896551
6.7400000000 3.9539899814
6.7500000000 3.9767901718
6.7600000000 3.9929743308
6.7700000000 4.0020583777
6.7800000000 4.0050268189
6.7900000000 4.0039404806
6.8000000000 4.0011938288
6.8100000000 3.9986694981
6.8200000000 3.9970731041
6.8300000000 3.9957409374
6.8400000000 3.9929038918
6.8500000000 3.9863786232
6.8600000000 3.9743764497
6.8700000000 3.9562459134
6.8800000000 3.9328871322
6.8900000000 3.9067292136
6.9000000000 3.8812955146
6.9100000000 3.8605430190
6.9200000000 3.8482112038
6.9300000000 3.8473650705
6.9400000000 3.8601851047
6.9500000000 3.8879595667
6.9600000000 3.9311254997
6.9700000000 3.9893548073
6.9800000000 4.0616716214
6.9900000000 4.1466274638
7.0000000000 4.2425782555
7.0100000000 4.3479749642
7.0200000000 4.4615959582
7.0300000000 4.5825550398
7.0400000000 4.7100752735
7.0500000000 4.8430378439
7.0600000000 4.9793947042
7.0700000000 5.1157015515
7.0800000000 5.2469420371
7.0900000000 5.3668455595
7.1000000000 5.4687142058
7.1100000000 5.5466174571
7.1200000000 5.5966177563
7.1300000000 5.6176035091
7.1400000000 5.6115159878
7.1500000000 5.5828423571
7.1600000000 5.5376558265
7.1700000000 5.4825031806
7.1800000000 5.4234715025
7.1900000000 5.3656754211
7.2000000000 5.3131556747
7.2100000000 5.2690767466
7.2200000000 5.2360136928
7.2300000000 5.2161581519
7.2400000000 5.2113570129
7.2500000000 5.2229862840
7.2600000000 5.2517562857
7.2700000000 5.2974631932
7.2800000000 5.3587925376
7.2900000000 5.4332522491
7.3000000000 5.5173479535
7.3100000000 5.6070415581
7.3200000000 5.6984404489
7.3300000000 5.7885321770
7.3400000000 5.8756839734
7.3500000000 5.9596662788
7.3600000000 6.0411461540
7.3700000000 6.1208244161
7.3800000000 6.1985357075
7.3900000000 6.2727033168
7.4000000000 6.3403857767
7.4100000000 6.3978209035
7.4200000000 6.4412937986
7.4300000000 6.4679291846
7.4400000000 6.4761947672
7.4500000000 6.4660786483
7.4600000000 6.4389902167
7.4700000000 6.3975155732
7.4800000000 6.3450945106
7.4900000000 6.2856440336
7.5000000000 6.2231144736
7.5100000000 6.1609910204
7.5200000000 6.1017440104
7.5300000000 6.0464167112
7.5400000000 5.9944216145
7.5500000000 5.9436969586
7.5600000000 5.8910918201
7.5700000000 5.8329626709
7.5800000000 5.7658955128
7.5900000000 5.6875065900
7.6000000000 5.5971473470
7.6100000000 5.4963026220
7.6200000000 5.3883977574
7.6300000000 5.2780874530
7.6400000000 5.1702606060
7.6500000000 5.0691528831
7.6600000000 4.9778255521
7.6700000000 4.8980826368
7.6800000000 4.8306651361
7.6900000000 4.7756033172
7.7000000000 4.7324741413
7.7100000000 4.7005505784
7.7200000000 4.6787902395
7.7300000000 4.6657924669
7.7400000000 4.6597831507
7.7500000000 4.6586971481
7.7600000000 4.6603287467
7.7700000000 4.6624151310
7.7800000000 4.6626819312
7.7900000000 4.6588203230
7.8000000000 4.6485155336
7.8100000000 4.6295297868
7.8200000000 4.5998304417
7.8300000000 4.5576988344
7.8400000000 4.5017723369
7.8500000000 4.4311615395
7.8600000000 4.3456499078
7.8700000000 4.2459993507
7.8800000000 4.1341886517
7.8900000000 4.0133881580
7.9000000000 3.8876236631
7.9100000000 3.7612762407
7.9200000000 3.6385905568
7.9300000000 3.5233168260
7.9400000000 3.4185360899
7.9500000000 3.3265968065
7.9600000000 3.2491568757
7.9700000000 3.1872472250
7.9800000000 3.1413047083
7.9900000000 3.1112483050
8.0000000000 3.0965084447
8.0100000000 3.0961070824
8.0200000000 3.1087751067
8.0300000000 3.1330557380
8.0400000000 3.1674036497
8.0500000000 3.2102309889
8.0600000000 3.2599050613
8.0700000000 3.3147027917
8.0800000000 3.3727700433
8.0900000000 3.4320911151
8.1000000000 3.4904896669
8.1100000000 3.5456688787
8.1200000000 3.5953467923
8.1300000000 3.6375056638
8.1400000000 3.6707213930
8.1500000000 3.6944487994
8.1600000000 3.7091490417
8.1700000000 3.7161520330
8.1800000000 3.7172731397
8.1900000000 3.7142829428
8.2000000000 3.7084561729
8.2100000000 3.7003104047
8.2200000000 3.6896821942
8.2300000000 3.6760116705
8.2400000000 3.6587756315
8.2500000000 3.6378187009
8.2600000000 3.6134785952
8.2700000000 3.5864161899
8.2800000000 3.5573376379
8.2900000000 3.5267517337
8.3000000000 3.4948833092
8.3100000000 3.4617419630
8.3200000000 3.4272767429
8.3300000000 3.3915381126
8.3400000000 3.3548114701
8.3500000000 3.3177135750
8.3600000000 3.2812651948
8.3700000000 3.2468367168
8.3800000000 3.2160203673
8.3900000000 3.1904167079
8.4000000000 3.1714182126
8.4100000000 3.1600547349
8.4200000000 3.1569582659
8.4300000000 3.1623842516
8.4400000000 3.1763209612
8.4500000000 3.1985722882
8.4600000000 3.2288415399
8.4700000000 3.2667372352
8.4800000000 3.3117594639
8.4900000000 3.3633144946
8.5000000000 3.4207576399
8.5100000000 3.4834923855
8.5200000000 3.5510778057
8.5300000000 3.6232514142
8.5400000000 3.6999180085
8.5500000000 3.7810793751
8.5600000000 3.8668144456
8.5700000000 3.9572510052
8.5800000000 4.0525850216
8.5900000000 4.1530075735
8.6000000000 4.2585539975
8.6100000000 4.3688620558
8.6200000000 4.4829405274
8.6300000000 4.5990485871
8.6400000000 4.7147125497
8.6500000000 4.8268446072
8.6600000000 4.9320057217
8.6700000000 5.0267137741
8.6800000000 5.1078964256
8.6900000000 5.1733849046
8.7000000000 5.2223031980
8.7100000000 5.2552409176
8.7200000000 5.2741290371
8.7300000000 5.2819248648
8.7400000000 5.2822130448
8.7500000000 5.2788099473
8.7600000000 5.2754021583
8.7700000000 5.2752545262
8.7800000000 5.2810417858
8.7900000000 5.2948312789
8.8000000000 5.3181270151
8.8100000000 5.3518561861
8.8200000000 5.3962062258
8.8300000000 5.4503715181
8.8400000000 5.5123754124
8.8500000000 5.5790961004
8.8600000000 5.6466286843
8.8700000000 5.7108797078
8.8800000000 5.7682497547
8.8900000000 5.8161285198
8.9000000000 5.8531747691
8.9100000000 5.8793562537
8.9200000000 5.8958262563
8.9300000000 5.9047785000
8.9400000000 5.9091976003
8.9500000000 5.9125609906
8.9600000000 5.9184478179
8.9700000000 5.9300642374
8.9800000000 5.9498143266
8.9900000000 5.9790146558
9.0000000000 6.0179047889
9.0100000000 6.0658718414
9.0200000000 6.1218497059
9.0300000000 6.1846300742
9.0400000000 6.2530359704
9.0500000000 6.3258532583
9.0600000000 6.4015823950
9.0700000000 6.4781486430
9.0800000000 6.5528062303
9.0900000000 6.6222714063
9.1000000000 6.6831300707
9.1100000000 6.7322530499
9.1200000000 6.7670495505
9.1300000000 6.7854600406
9.1400000000 6.7857202264
9.1500000000 6.7660687680
9.1600000000 6.7247259372
9.1700000000 6.6602075145
9.1800000000 6.5719838169
9.1900000000 6.4612005331
9.2000000000 6.3311502952
9.2100000000 6.1871594904
9.2200000000 6.0359557813
9.2300000000 5.8846242640
9.2400000000 5.7395735379
9.2500000000 5.6057773045
9.2600000000 5.4864934879
9.2700000000 5.3834612038
9.2800000000 5.2973912050
9.2900000000 5.2285635656
9.3000000000 5.1772141685
9.3100000000 5.1436135946
9.3200000000 5.1278796724
9.3300000000 5.1296845930
9.3400000000 5.1479438556
9.3500000000 5.1805456409
9.3600000000 5.2242024963
9.3700000000 5.2744638778
9.3800000000 5.3260954559
9.3900000000 5.3738302978
9.4000000000 5.4133764659
9.4100000000 5.4422516860
9.4200000000 5.4601172665
9.4300000000 5.4684092354
9.4400000000 5.4695083716
9.4500000000 5.4657472468
9.4600000000 5.4586051126
9.4700000000 5.4481472161
9.4800000000 5.4327913026
9.4900000000 5.4094577313
9.5000000000 5.3741415126
9.5100000000 5.3229220533
9.5200000000 5.2531472041
9.5300000000 5.1643904319
9.5400000000 5.0589042676
9.5500000000 4.9412927155
9.5600000000 4.8175639314
9.5700000000 4.6938946882
9.5800000000 4.5755368699
9.5900000000 4.4661397521
9.6000000000 4.3676129094
9.6100000000 4.2804294041
9.6200000000 4.2041960691
9.6300000000 4.1382468544
9.6400000000 4.0821246105
9.6500000000 4.0358114125
9.6600000000 3.9997399068
9.6700000000 3.9746580051
9.6800000000 3.9613833553
9.6900000000 3.9605423071
9.7000000000 3.9723199361
9.7100000000 3.9963082825
9.7200000000 4.0315051372
9.7300000000 4.0764576910
9.7400000000 4.1295663745
9.7500000000 4.1893129473
9.7600000000 4.2544086605
9.7700000000 4.3236657792
9.7800000000 4.3956883524
9.7900000000 4.4684180488
9.8000000000 4.5388139448
9.8100000000 4.6027753634
9.8200000000 4.6555133049
9.8300000000 4.6923676449
9.8400000000 4.7098662511
9.8500000000 4.7066892392
9.8600000000 4.6841780945
9.8700000000 4.6461204094
9.8800000000 4.5979853719
9.8900000000 4.5458202794
9.9000000000 4.4952288593
9.9100000000 4.4506021272
9.9200000000 4.4147043546
9.9300000000 4.3885212070
9.9400000000 4.3713258368
9.9500000000 4.3609537240
9.9600000000 4.3543448598
9.9700000000 4.3482329519
9.9800000000 4.3398703328
9.9900000000 4.3274581185
10.0000000000 4.3101799966
10.0100000000 4.2878017637
10.0200000000 4.2602261512
10.0300000000 4.2271613764
10.0400000000 4.1882205256
10.0500000000 4.1432965216
10.0600000000 4.0930300694
10.0700000000 4.0390509298
10.0800000000 3.9838742567
10.0900000000 3.9303930685
10.1000000000 3.8812273275
10.1100000000 3.8381694332
10.1200000000 3.8019017709
10.1300000000 3.7721048991
10.1400000000 3.7477986747
10.1500000000 3.7278414526
10.1600000000 3.7113539903
10.1700000000 3.6979259462
10.1800000000 3.6875323313
10.1900000000 3.6802612850
10.2000000000 3.6759625820
10.2100000000 3.6740751742
10.2200000000 3.6736219334
10.2300000000 3.6734298967
10.2400000000 3.6724325303
10.2500000000 3.6699364836
10.2600000000 3.6658055247
10.2700000000 3.6605376894
10.2800000000 3.6552755315
10.2900000000 3.6516979710
10.3000000000 3.6519042031
10.3100000000 3.6581670209
10.3200000000 3.6727038700
10.3300000000 3.6973609260
10.3400000000 3.7333570719
10.3500000000 3.7810557165
10.3600000000 3.8398103208
10.3700000000 3.9079253952
10.3800000000 3.9827631661
10.3900000000 4.0610008092
10.4000000000 4.1390930319
10.4100000000 4.2138391009
10.4200000000 4.2829284805
10.4300000000 4.3452775237
10.4400000000 4.4010386023
10.4500000000 4.4512736354
10.4600000000 4.4974643384
10.4700000000 4.5409524751
10.4800000000 4.5825150401
10.4900000000 4.6221313882
10.5000000000 4.6589660310
10.5100000000 4.6916246457
10.5200000000 4.7186057060
10.5300000000 4.7387894278
10.5400000000 4.7518975746
10.5500000000 4.7587019988
10.5600000000 4.7610156349
10.5700000000 4.7614439511
10.5800000000 4.7630162459
10.5900000000 4.7688271778
10.6000000000 4.7816880525
10.6100000000 4.8038396742
10.6200000000 4.8366843722
10.6300000000 4.8805052918
10.6400000000 4.9342159076
10.6500000000 4.9952262100
10.6600000000 5.0594760009
10.6700000000 5.1217920058
10.6800000000 5.1764753866
10.6900000000 5.2180719135
10.7000000000 5.2421521599
10.7100000000 5.2458932415
10.7200000000 5.2283982742
10.7300000000 5.1906290948
10.7400000000 5.1351113420
10.7500000000 5.0654952048
10.7600000000 4.9860499816
10.7700000000 4.9011787684
10.7800000000 4.8149775684
10.7900000000 4.7308384893
10.8000000000 4.6512483408
10.8100000000 4.5777395805
10.8200000000 4.5110436837
10.8300000000 4.4512901943
10.8400000000 4.3982555989
10.8500000000 4.3515637112
10.8600000000 4.3109135943
10.8700000000 4.2762712289
10.8800000000 4.2479744273
10.8900000000 4.2266859055
10.9000000000 4.2131999421
10.9100000000 4.2082150521
10.9200000000 4.2121299102
10.9300000000 4.2248990592
10.9400000000 4.2459565568
10.9500000000 4.2742082485
10.9600000000 4.3081212101
10.9700000000 4.3459597954
10.9800000000 4.3860183225
10.9900000000 4.4267857766
11.0000000000 4.4669463576
11.0100000000 4.5052444396
11.0200000000 4.5403633714
11.0300000000 4.5709532451
11.0400000000 4.5957828248
11.0500000000 4.6139057121
11.0600000000 4.6247736219
11.0700000000 4.6281224647
11.0800000000 4.6238122449
11.0900000000 4.6116522766
11.1000000000 4.5913469823
11.1100000000 4.5625163453
11.1200000000 4.5247665114
11.1300000000 4.4777141889
11.1400000000 4.4210293238
11.1500000000 4.3544675524
11.1600000000 4.2780047296
11.1700000000 4.1920029726
11.1800000000 4.0974385178
11.1900000000 3.9960470632
11.2000000000 3.8902310848
11.2100000000 3.7828077494
11.2200000000 3.6766000204
11.2300000000 3.5740776793
11.2400000000 3.4770386097
11.2500000000 3.3864962483
11.2600000000 3.3026928665
11.2700000000 3.2252717498
11.2800000000 3.1535884773
11.2900000000 3.0870088149
11.3000000000 3.0251544202
11.3100000000 2.9679590159
11.3200000000 2.9155848794
11.3300000000 2.8682621369
11.3400000000 2.8261183971
11.3500000000 2.7891092502
11.3600000000 2.7569977781
11.3700000000 2.7294180747
11.3800000000 2.7058822474
11.3900000000 2.6858029275
11.4000000000 2.6684203118
11.4100000000 2.6527938828
11.4200000000 2.6378132577
11.4300000000 2.6222781638
11.4400000000 2.6051133975
11.4500000000 2.5855619892
11.4600000000 2.5633720371
11.4700000000 2.5388616270
11.4800000000 2.5128453907
11.4900000000 2.4864483813
11.5000000000 2.4608795462
11.5100000000 2.4372069301
11.5200000000 2.4162202463
11.5300000000 2.3984442000
11.5400000000 2.3842144321
11.5500000000 2.3737893103
11.5600000000 2.3674274226
11.5700000000 2.3653599830
11.5800000000 2.3677200371
11.5900000000 2.3744087258
11.6000000000 2.3850591632
11.6100000000 2.3990710791
11.6200000000 2.4157243130
11.6300000000 2.4343477219
11.6400000000 2.4544806553
11.6500000000 2.4759325618
11.6600000000 2.4987836425
11.6700000000 2.5232556307
11.6800000000 2.5495782651
11.6900000000 2.5778830018
11.7000000000 2.6081910090
11.7100000000 2.6404012067
11.7200000000 2.6743688967
11.7300000000 2.7099412085
11.7400000000 2.7469453362
11.7500000000 2.7852122058
11.7600000000 2.8245450278
11.7700000000 2.8647193378
11.7800000000 2.9054751644
11.7900000000 2.9464343846
11.8000000000 2.9869865784
11.8100000000 3.0261197169
11.8200000000 3.0623333203
11.8300000000 3.0936888593
11.8400000000 3.1180955241
11.8500000000 3.1337371339
11.8600000000 3.1394483483
11.8700000000 3.1349431475
11.8800000000 3.1207502491
11.8900000000 3.0980201004
11.9000000000 3.0681976079
11.9100000000 3.0328040850
11.9200000000 2.9933483483
11.9300000000 2.9513719366
11.9400000000 2.9085501550
11.9500000000 2.8667057204
11.9600000000 2.8277178249
11.9700000000 2.7933292957
11.9800000000 2.7648549309
11.9900000000 2.7429596135
12.0000000000 2.7275240108
12.0100000000 2.7176437061
12.0200000000 2.7117871039
12.0300000000 2.7080601095
12.0400000000 2.7045207866
12.0500000000 2.6995234485
12.0600000000 2.6919587400
12.0700000000 2.6814543606
12.0800000000 2.6683622968
12.0900000000 2.6536287357
12.1000000000 2.6385658749
12.1100000000 2.6245691988
12.1200000000 2.6128610369
12.1300000000 2.6043341344
12.1400000000 2.5994718079
12.1500000000 2.5984109568
12.1600000000 2.6010426162
12.1700000000 2.6072238463
12.1800000000 2.6168760076
12.1900000000 2.6300751991
12.2000000000 2.6470362817
12.2100000000 2.6679941498
12.2200000000 2.6930846113
12.2300000000 2.7222004643
12.2400000000 2.7549419795
12.2500000000 2.7906292153
12.2600000000 2.8284336225
12.2700000000 2.8675672247
12.2800000000 2.9073978389
12.2900000000 2.9474533297
12.3000000000 2.9872082414
12.3100000000 3.0258416636
12.3200000000 3.0620319057
12.3300000000 3.0940010935
12.3400000000 3.1198791729
12.3500000000 3.1382193985
12.3600000000 3.1485558934
12.3700000000 3.1516641606
12.3800000000 3.1494465115
12.3900000000 3.1444523058
12.4000000000 3.1392393043
12.4100000000 3.1357552953
12.4200000000 3.1349384869
12.4300000000 3.1365845553
12.4400000000 3.1394537532
12.4500000000 3.1415529977
12.4600000000 3.1405723139
12.4700000000 3.1343430817
12.4800000000 3.1212271193
12.4900000000 3.1003708073
12.5000000000 3.0718080225
12.5100000000 3.0364031620
12.5200000000 2.9956326636
12.5300000000 2.9513320985
12.5400000000 2.9053696330
12.5500000000 2.8594331243
12.5600000000 2.8149152344
12.5700000000 2.7728726908
12.5800000000 2.7341537595
12.5900000000 2.6994509121
12.6000000000 2.6693709773
12.6100000000 2.6444042656
12.6200000000 2.6248086820
12.6300000000 2.6104889910
12.6400000000 2.6009395370
12.6500000000 2.5952127432
12.6600000000 2.5920540520
12.6700000000 2.5900761252
12.6800000000 2.5879636101
12.6900000000 2.5846230589
12.7000000000 2.5791623636
12.7100000000 2.5708100541
12.7200000000 2.5588212511
12.7300000000 2.5425158974
12.7400000000 2.5214588506
12.7500000000 2.4956671980
12.7600000000 2.4657421790
12.7700000000 2.4328175205
12.7800000000 2.3983869378
12.7900000000 2.3640825604
12.8000000000 2.3314639721
12.8100000000 2.3019176155
12.8200000000 2.2765766822
12.8300000000 2.2563619627
12.8400000000 2.2419795703
12.8500000000 2.2339232163
12.8600000000 2.2324811726
12.8700000000 2.2376782160
12.8800000000 2.2492745382
12.8900000000 2.2666909576
12.9000000000 2.2890130988
12.9100000000 2.3149698466
12.9200000000 2.3430081614
12.9300000000 2.3714028943
12.9400000000 2.3984756089
12.9500000000 2.4227999874
12.9600000000 2.4433765039
12.9700000000 2.4596630038
12.9800000000 2.4714918838
12.9900000000 2.4789261897
13.0000000000 2.4821331460
13.0100000000 2.4813670777
13.0200000000 2.4770006710
13.0300000000 2.4695520983
13.0400000000 2.4596859902
13.0500000000 2.4480559312
13.0600000000 2.4351547908
13.0700000000 2.4211331283
13.0800000000 2.4057311924
13.0900000000 2.3883386005
13.1000000000 2.3682047668
13.1100000000 2.3447037752
13.1200000000 2.3175389695
13.1300000000 2.2869137645
13.1400000000 2.2535039432
13.1500000000 2.2184078478
13.1600000000 2.1829801998
13.1700000000 2.1486553330
13.1800000000 2.1167460848
13.1900000000 2.0883078645
13.2000000000 2.0640194342
13.2100000000 2.0441483766
13.2200000000 2.0285707750
13.2300000000 2.0167870566
13.2400000000 2.0079970291
13.2500000000 2.0011756516
13.2600000000 1.9952305987
13.2700000000 1.9891514852
13.2800000000 1.9821732344
13.2900000000 1.9739129901
13.3000000000 1.9643672363
13.3100000000 1.9538772492
13.3200000000 1.9429899812
13.3300000000 1.9323227082
13.3400000000 1.9224222810
13.3500000000 1.9136371681
13.3600000000 1.9060024482
13.3700000000 1.8992565954
13.3800000000 1.8928767223
13.3900000000 1.8862649215
13.4000000000 1.8788897996
13.4100000000 1.8704149722
13.4200000000 1.8607411512
13.4300000000 1.8499888654
13.4400000000 1.8384673743
13.4500000000 1.8265606825
13.4600000000 1.8146589075
13.4700000000 1.8031030348
13.4800000000 1.7921385416
13.4900000000 1.7819564456
13.5000000000 1.7726976306
13.5100000000 1.7644942024
13.5200000000 1.7574694186
13.5300000000 1.7517283545
13.5400000000 1.7473624305
13.5500000000 1.7444725277
13.5600000000 1.7431689964
13.5700000000 1.7436460114
13.5800000000 1.7461446233
13.5900000000 1.7509295704
13.6000000000 1.7581821592
13.6100000000 1.7679020849
13.6200000000 1.7798136841
13.6300000000 1.7933653153
13.6400000000 1.8078828166
13.6500000000 1.8227560682
13.6600000000 1.8376633234
13.6700000000 1.8526746155
13.6800000000 1.8681965287
13.6900000000 1.8848326494
13.7000000000 1.9031640857
13.7100000000 1.9235434431
13.7200000000 1.9459866738
13.7300000000 1.9701351001
13.7400000000 1.9953018385
13.7500000000 2.0206026718
13.7600000000 2.0451338720
13.7700000000 2.0681407472
13.7800000000 2.0891535217
13.7900000000 2.1080203648
13.8000000000 2.1248937400
13.8100000000 2.1401277969
13.8200000000 2.1541662612
13.8300000000 2.1674159840
13.8400000000 2.1801342169
13.8500000000 2.1923719165
13.8600000000 2.2039638632
13.8700000000 2.2145798621
13.8800000000 2.2237713401
13.8900000000 2.2310556892
13.9000000000 2.2360573596
13.9100000000 2.2386117425
13.9200000000 2.2388742754
13.9300000000 2.2373593716
13.9400000000 2.2348852093
13.9500000000 2.2324142958
13.9600000000 2.2308789923
13.9700000000 2.2310013297
13.9800000000 2.2331735437
13.9900000000 2.2374188024
14.0000000000 2.2434563716
14.0100000000 2.2508241900
14.0200000000 2.2590589813
14.0300000000 2.2678674590
14.0400000000 2.2772267113
14.0500000000 2.2873516405
14.0600000000 2.2985622863
14.0700000000 2.3111030710
14.0800000000 2.3249805774
14.0900000000 2.3399486929
14.1000000000 2.3556082310
14.1100000000 2.3715974706
14.1200000000 2.3877688071
14.1300000000 2.4042846462
14.1400000000 2.4215797974
14.1500000000 2.4402281925
14.1600000000 2.4606754623
14.1700000000 2.4829900921
14.1800000000 2.5067529119
14.1900000000 2.5310422530
14.2000000000 2.5546439218
14.2100000000 2.5763521575
14.2200000000 2.5952755294
14.2300000000 2.6109949037
14.2400000000 2.6235448237
14.2500000000 2.6332563220
14.2600000000 2.6405133339
14.2700000000 2.6454844481
14.2800000000 2.6479735958
14.2900000000 2.6474860646
14.3000000000 2.6433954297
14.3100000000 2.6353130706
14.3200000000 2.6233392209
14.3300000000 2.6082242747
14.3400000000 2.5913000275
14.3500000000 2.5742320762
14.3600000000 2.5587365633
14.3700000000 2.5462510449
14.3800000000 2.5377095583
14.3900000000 2.5333941177
14.4000000000 2.5329413162
14.4100000000 2.5354371420
14.4200000000 2.5396342004
14.4300000000 2.5442233746
14.4400000000 2.5481354425
14.4500000000 2.5507802614
14.4600000000 2.5521212190
14.4700000000 2.5526526608
14.4800000000 2.5531481991
14.4900000000 2.5544031082
14.5000000000 2.5569657849
14.5100000000 2.5609853536
14.5200000000 2.5662103323
14.5300000000 2.5721586416
14.5400000000 2.5782834060
14.5500000000 2.5841980665
14.5600000000 2.5897503393
14.5700000000 2.5950326945
14.5800000000 2.6003094956
14.5900000000 2.6059291627
14.6000000000 2.6122261888
14.6100000000 2.6194719286
14.6200000000 2.6277711479
14.6300000000 2.6370713839
14.6400000000 2.6471281025
14.6500000000 2.6576224009
14.6600000000 2.6682396654
14.6700000000 2.6788272707
14.6800000000 2.6894738404
14.6900000000 2.7005591266
14.7000000000 2.7127250589
14.7100000000 2.7267775074
14.7200000000 2.7435925670
14.7300000000 2.7639088422
14.7400000000 2.7881835060
14.7500000000 2.8163297810
14.7600000000 2.8475880807
14.7700000000 2.8804273860
14.7800000000 2.9126445515
14.7900000000 2.9415817543
14.8000000000 2.9644859816
14.8100000000 2.9789264678
14.8200000000 2.9831574432
14.8300000000 2.9764775399
14.8400000000 2.9593305644
14.8500000000 2.9332070013
14.8600000000 2.9003095603
14.8700000000 2.8631381062
14.8800000000 2.8240211020
14.8900000000 2.7847964735
14.9000000000 2.7466734225
14.9100000000 2.7103076917
14.9200000000 2.6760378534
14.9300000000 2.6441087190
14.9400000000 2.6148564878
14.9500000000 2.5887041511
14.9600000000 2.5660761675
14.9700000000 2.5472570052
14.9800000000 2.5323447053
14.9900000000 2.5212346618
15.0000000000 2.5137046591
15.0100000000 2.5094600519
15.0200000000 2.5081387450
15.0300000000 2.5092959783
15.0400000000 2.5123637381
15.0500000000 2.5166354005
15.0600000000 2.5212858375
15.0700000000 2.5253965947
15.0800000000 2.5280216616
15.0900000000 2.5282177024
15.1000000000 2.5251454508
15.1100000000 2.5181306822
15.1200000000 2.5067968485
15.1300000000 2.4911323085
15.1400000000 2.4715532575
15.1500000000 2.4488908485
15.1600000000 2.4242506442
15.1700000000 2.3988609550
15.1800000000 2.3738686214
15.1900000000 2.3501895806
15.2000000000 2.3283839128
15.2100000000 2.3086433143
15.2200000000 2.2908405061
15.2300000000 2.2746049579
15.2400000000 2.2594663529
15.2500000000 2.2449782724
15.2600000000 2.2308477424
15.2700000000 2.2169877955
15.2800000000 2.2035391949
15.2900000000 2.1907884872
15.3000000000 2.1791011380
15.3100000000 2.1688334684
15.3200000000 2.1603377191
15.3300000000 2.1539306790
15.3400000000 2.1499142485
15.3500000000 2.1485543872
15.3600000000 2.1500443290
15.3700000000 2.1544781301
15.3800000000 2.1617615356
15.3900000000 2.1715070241
15.4000000000 2.1828869378
15.4100000000 2.1946223494
15.4200000000 2.2050921763
15.4300000000 2.2125991774
15.4400000000 2.2157617723
15.4500000000 2.2138229976
15.4600000000 2.2069033768
15.4700000000 2.1959305930
15.4800000000 2.1824701137
15.4900000000 2.1683292847
15.5000000000 2.1551800161
15.5100000000 2.1442683536
15.5200000000 2.1362486982
15.5300000000 2.1311861814
15.5400000000 2.1287073488
15.5500000000 2.1281836297
15.5600000000 2.1288999055
15.5700000000 2.1302025809
15.5800000000 2.1315581367
15.5900000000 2.1325270659
15.6000000000 2.1327535571
15.6100000000 2.1318914737
15.6200000000 2.1296414714
15.6300000000 2.1257723225
15.6400000000 2.1202486391
15.6500000000 2.1132794417
15.6600000000 2.1053031747
15.6700000000 2.0969567404
15.6800000000 2.0889057508
15.6900000000 2.0816845581
15.7000000000 2.0755835207
15.7100000000 2.0705678236
15.7200000000 2.0663029799
15.7300000000 2.0622768661
15.7400000000 2.0579115949
15.7500000000 2.0526329503
15.7600000000 2.0459454267
15.7700000000 2.0373841003
15.7800000000 2.0264877324
15.7900000000 2.0127824578
15.8000000000 1.9958191681
15.8100000000 1.9752487978
15.8200000000 1.9509466664
15.8300000000 1.9230567954
15.8400000000 1.8920097693
15.8500000000 1.8585193374
15.8600000000 1.8234652985
15.8700000000 1.7878351982
15.8800000000 1.7526328043
15.8900000000 1.7188128685
15.9000000000 1.6871606582
15.9100000000 1.6582304959
15.9200000000 1.6322347058
15.9300000000 1.6090413989
15.9400000000 1.5881999285
15.9500000000 1.5690215931
15.9600000000 1.5507323133
15.9700000000 1.5325932533
15.9800000000 1.5140165655
15.9900000000 1.4946432078
16.0000000000 1.4743936588
16.0100000000 1.4534472784
16.0200000000 1.4322160704
16.0300000000 1.4112298582
16.0400000000 1.3910538979
16.0500000000 1.3722003707
16.0600000000 1.3550392806
16.0700000000 1.3397976226
16.0800000000 1.3265141646
16.0900000000 1.3150663482
16.1000000000 1.3051807414
16.1100000000 1.2964826005
16.1200000000 1.2885345657
16.1300000000 1.2808866924
16.1400000000 1.2731490104
16.1500000000 1.2650420448
16.1600000000 1.2564251903
16.1700000000 1.2473420066
16.1800000000 1.2379817627
16.1900000000 1.2286632227
16.2000000000 1.2197790901
16.2100000000 1.2117064803
16.2200000000 1.2047843395
16.2300000000 1.1992008056
16.2400000000 1.1949982130
16.2500000000 1.1920669186
16.2600000000 1.1901785895
16.2700000000 1.1890365786
16.2800000000 1.1883265105
16.2900000000 1.1877501237
16.3000000000 1.1870535738
16.3100000000 1.1860501787
16.3200000000 1.1846545473
16.3300000000 1.1828263231
16.3400000000 1.1805533430
16.3500000000 1.1778347324
16.3600000000 1.1746015785
16.3700000000 1.1707904398
16.3800000000 1.1663376823
16.3900000000 1.1612476407
16.4000000000 1.1556212840
16.4100000000 1.1496622628
16.4200000000 1.1436374429
16.4300000000 1.1378600537
16.4400000000 1.1326328324
16.4500000000 1.1282536649
16.4600000000 1.1249184657
16.4700000000 1.1227436350
16.4800000000 1.1216857300
16.4900000000 1.1215695526
16.5000000000 1.1220820445
16.5100000000 1.1228349100
16.5200000000 1.1234045359
16.5300000000 1.1233605610
16.5400000000 1.1223518840
16.5500000000 1.1201068539
16.5600000000 1.1164621902
16.5700000000 1.1113632959
16.5800000000 1.1048531075
16.5900000000 1.0970263923
16.6000000000 1.0880645382
16.6100000000 1.0781955593
16.6200000000 1.0676827819
16.6300000000 1.0568308003
16.6400000000 1.0459452050
16.6500000000 1.0353210225
16.6600000000 1.0252079194
16.6700000000 1.0157984040
16.6800000000 1.0072275713
16.6900000000 0.9995786558
16.7000000000 0.9928770080
16.7100000000 0.9871131188
16.7200000000 0.9822308610
16.7300000000 0.9781273326
16.7400000000 0.9746760085
16.7500000000 0.9717266766
16.7600000000 0.9691170424
16.7700000000 0.9667427304
16.7800000000 0.9645866793
16.7900000000 0.9627311124
16.8000000000 0.9613403123
16.8100000000 0.9606374655
16.8200000000 0.9608462815
16.8300000000 0.9621323853
16.8400000000 0.9645796703
16.8500000000 0.9681490023
16.8600000000 0.9726778927
16.8700000000 0.9778625981
16.8800000000 0.9833224050
16.8900000000 0.9886464721
16.9000000000 0.9934113986
16.9100000000 0.9972752555
16.9200000000 0.9999895139
16.9300000000 1.0013992374
16.9400000000 1.0014374096
16.9500000000 1.0000897997
16.9600000000 0.9973774210
16.9700000000 0.9933094283
16.9800000000 0.9879480489
16.9900000000 0.9814205995
17.0000000000 0.9739611511
17.0100000000 0.9659109605
17.0200000000 0.9576833760
17.0300000000 0.9497107798
17.0400000000 0.9423793928
17.0500000000 0.9359934417
17.0600000000 0.9307569832
17.0700000000 0.9267675551
17.0800000000 0.9240098325
17.0900000000 0.9224266841
17.1000000000 0.9218833159
17.1100000000 0.9222445326
17.1200000000 0.9233628413
17.1300000000 0.9250844074
17.1400000000 0.9272371201
17.1500000000 0.9296305609
17.1600000000 0.9320559669
17.1700000000 0.9343459759
17.1800000000 0.9363567904
17.1900000000 0.9380400632
17.2000000000 0.9394132106
17.2100000000 0.9405655899
17.2200000000 0.9416347205
17.2300000000 0.9427224429
17.2400000000 0.9438948156
17.2500000000 0.9451039442
17.2600000000 0.9462116944
17.2700000000 0.9470134861
17.2800000000 0.9472922366
17.2900000000 0.9469146145
17.3000000000 0.9458553612
17.3100000000 0.9442217136
17.3200000000 0.9422116066
17.3300000000 0.9400596646
17.3400000000 0.9379709098
17.3500000000 0.9361025458
17.3600000000 0.9345335778
17.3700000000 0.9332766634
17.3800000000 0.9322779075
17.3900000000 0.9314469445
17.4000000000 0.9306447133
17.4100000000 0.9297196935
17.4200000000 0.9285381993
17.4300000000 0.9269965726
17.4400000000 0.9250637841
17.4500000000 0.9227512652
17.4600000000 0.9201312860
17.4700000000 0.9173371476
17.4800000000 0.9145329346
17.4900000000 0.9118953347
17.5000000000 0.9095953827
17.5100000000 0.9077679313
17.5200000000 0.9064810040
17.5300000000 0.9057539064
17.5400000000 0.9055265229
17.5500000000 0.9057202328
17.5600000000 0.9062195133
17.5700000000 0.9069146928
17.5800000000 0.9077019765
17.5900000000 0.9084895935
17.6000000000 0.9091426481
17.6100000000 0.9095136712
17.6200000000 0.9094180256
17.6300000000 0.9087074916
17.6400000000 0.9072519212
17.6500000000 0.9050561175
17.6600000000 0.9021864029
17.6700000000 0.8988077609
17.6800000000 0.8951102293
17.6900000000 0.8912720003
17.7000000000 0.8873915265
17.7100000000 0.8835119541
17.7200000000 0.8795777045
17.7300000000 0.8755268697
17.7400000000 0.8712478967
17.7500000000 0.8666722617
17.7600000000 0.8617684146
17.7700000000 0.8565666944
17.7800000000 0.8511657352
17.7900000000 0.8456830558
17.8000000000 0.8402923845
17.8100000000 0.8351492762
17.8200000000 0.8304034800
17.8300000000 0.8262051318
17.8400000000 0.8226798336
17.8500000000 0.8199534804
17.8600000000 0.8181210695
17.8700000000 0.8172590662
17.8800000000 0.8174440541
17.8900000000 0.8187090128
17.9000000000 0.8210744252
17.9100000000 0.8244794866
17.9200000000 0.8288069198
17.9300000000 0.8338202976
17.9400000000 0.8392451627
17.9500000000 0.8447689709
17.9600000000 0.8501287275
17.9700000000 0.8551173684
17.9800000000 0.8595964204
17.9900000000 0.8634898755
18.0000000000 0.8667152885
18.0100000000 0.8691837483
18.0200000000 0.8707872845
18.0300000000 0.8714176567
18.0400000000 0.8710103658
18.0500000000 0.8695636422
18.0600000000 0.8671764089
18.0700000000 0.8639981881
18.0800000000 0.8602545009
18.0900000000 0.8561524921
18.1000000000 0.8518808884
18.1100000000 0.8475720441
18.1200000000 0.8433017588
18.1300000000 0.8391080722
18.1400000000 0.8350417764
18.1500000000 0.8311854582
18.1600000000 0.8276282493
18.1700000000 0.8244721823
18.1800000000 0.8217814624
18.1900000000 0.8195759952
18.2000000000 0.8178566578
18.2100000000 0.8165798188
18.2200000000 0.8157398883
18.2300000000 0.8153185234
18.2400000000 0.8153418967
18.2500000000 0.8158362266
18.2600000000 0.8168405231
18.2700000000 0.8183492270
18.2800000000 0.8202865700
18.2900000000 0.8224936308
18.3000000000 0.8247472922
18.3100000000 0.8267345243
18.3200000000 0.8281416510
18.3300000000 0.8286543272
18.3400000000 0.8280150891
18.3500000000 0.8260746913
18.3600000000 0.8227923781
18.3700000000 0.8182874910
18.3800000000 0.8128079109
18.3900000000 0.8066920006
18.4000000000 0.8003239774
18.4100000000 0.7940505214
18.4200000000 0.7881484804
18.4300000000 0.7828053092
18.4400000000 0.7781123091
18.4500000000 0.7740707491
18.4600000000 0.7706496216
18.4700000000 0.7677468267
18.4800000000 0.7652406223
18.4900000000 0.7630154210
18.5000000000 0.7609424235
18.5100000000 0.7589636770
18.5200000000 0.7570922857
18.5300000000 0.7554126205
18.5400000000 0.7540934833
18.5500000000 0.7533299897
18.5600000000 0.7533047036
18.5700000000 0.7541356577
18.5800000000 0.7558826471
18.5900000000 0.7584886005
18.6000000000 0.7618377865
18.6100000000 0.7657621940
18.6200000000 0.7700414285
18.6300000000 0.7744546808
18.6400000000 0.7787807365
18.6500000000 0.7828500934
18.6600000000 0.7865385553
18.6700000000 0.7898260171
18.6800000000 0.7927379926
18.6900000000 0.7953653055
18.7000000000 0.7978054842
18.7100000000 0.8001627825
18.7200000000 0.8025285865
18.7300000000 0.8049356102
18.7400000000 0.8073773788
18.7500000000 0.8097688567
18.7600000000 0.8119528028
18.7700000000 0.8136930378
18.7800000000 0.8147004491
18.7900000000 0.8147049761
18.8000000000 0.8134884244
18.8100000000 0.8109633595
18.8200000000 0.8072063104
18.8300000000 0.8024385470
18.8400000000 0.7970068366
18.8500000000 0.7912719808
18.8600000000 0.7855891268
18.8700000000 0.7802352453
18.8800000000 0.7753824833
18.8900000000 0.7711506065
18.9000000000 0.7675870107
18.9100000000 0.7647193523
18.9200000000 0.7625488749
18.9300000000 0.7610437168
18.9400000000 0.7601719142
18.9500000000 0.7598616726
18.9600000000 0.7599946388
18.9700000000 0.7604521935
18.9800000000 0.7610955605
18.9900000000 0.7617923099
19.0000000000 0.7624097345
19.0100000000 0.7628281399
19.0200000000 0.7629076417
19.0300000000 0.7625280033
19.0400000000 0.7615753735
19.0500000000 0.7599556071
19.0600000000 0.7576009675
19.0700000000 0.7544835252
19.0800000000 0.7505819193
19.0900000000 0.7459080695
19.1000000000 0.7405206317
19.1100000000 0.7345385152
19.1200000000 0.7281611484
19.1300000000 0.7216687588
19.1400000000 0.7153757852
19.1500000000 0.7096242850
19.1600000000 0.7047035582
19.1700000000 0.7008700549
19.1800000000 0.6982935352
19.1900000000 0.6970634814
19.2000000000 0.6972022827
19.2100000000 0.6986179936
19.2200000000 0.7011040598
19.2300000000 0.7043390818
19.2400000000 0.7078933278
19.2500000000 0.7113228003
19.2600000000 0.7141894230
19.2700000000 0.7161823509
19.2800000000 0.7171114843
19.2900000000 0.7169279705
19.3000000000 0.7156637973
19.3100000000 0.7134252567
19.3200000000 0.7103188273
19.3300000000 0.7064647182
19.3400000000 0.7019427923
19.3500000000 0.6968330830
19.3600000000 0.6911819253
19.3700000000 0.6850696516
19.3800000000 0.6785700037
19.3900000000 0.6718044252
19.4000000000 0.6649150511
19.4100000000 0.6580647837
19.4200000000 0.6514033495
19.4300000000 0.6450536416
19.4400000000 0.6391456769
19.4500000000 0.6337348310
19.4600000000 0.6288629662
19.4700000000 0.6245310909
19.4800000000 0.6206787552
19.4900000000 0.6172521770
19.5000000000 0.6141495908
19.5100000000 0.6112826626
19.5200000000 0.6085491635
19.5300000000 0.6058877045
19.5400000000 0.6032573070
19.5500000000 0.6007059999
19.5600000000 0.5983024965
19.5700000000 0.5961774202
19.5800000000 0.5944754150
19.5900000000 0.5933002198
19.6000000000 0.5926939294
19.6100000000 0.5926436958
19.6200000000 0.5930334302
19.6300000000 0.5936917269
19.6400000000 0.5944055085
19.6500000000 0.5949612669
19.6600000000 0.5952071034
19.6700000000 0.5950459807
19.6800000000 0.5944910617
19.6900000000 0.5936176676
19.7000000000 0.5925910746
19.7100000000 0.5915976474
19.7200000000 0.5908310624
19.7300000000 0.5904577318
19.7400000000 0.5905682611
19.7500000000 0.5911841737
19.7600000000 0.5922577294
19.7700000000 0.5936370971
19.7800000000 0.5951562703
19.7900000000 0.5966072879
19.8000000000 0.5977887285
19.8100000000 0.5985335027
19.8200000000 0.5987228254
19.8300000000 0.5982863236
19.8400000000 0.5972299790
19.8500000000 0.5955736845
19.8600000000 0.5934000301
19.8700000000 0.5908126771
19.8800000000 0.5879155090
19.8900000000 0.5848405398
19.9000000000 0.5816991466
19.9100000000 0.5785959762
19.9200000000 0.5755660388
19.9300000000 0.5726444243
19.9400000000 0.5698173327
19.9500000000 0.5670779282
19.9600000000 0.5644333648
19.9700000000 0.5619188376
19.9800000000 0.5595696191
19.9900000000 0.5574350862
20.0000000000 0.5555857747
