124000.0000000000 0.0000363199
62000.0000000000 0.0004077277
41333.3333333333 0.0013778685
31000.0000000000 0.0029691191
24800.0000000000 0.0051386120
20666.6666666667 0.0078495430
17714.2857142857 0.0110786815
15500.0000000000 0.0148152342
13777.7777777778 0.0190611130
12400.0000000000 0.0238306823
11272.7272727273 0.0291496017
10333.3333333333 0.0350517381
9538.4615384615 0.0415763237
8857.1428571429 0.0487666800
8266.6666666667 0.0566709950
7750.0000000000 0.0653460235
7294.1176470588 0.0748618104
6888.8888888889 0.0853058186
6526.3157894737 0.0967852415
6200.0000000000 0.1094274474
5904.7619047619 0.1233793262
5636.3636363636 0.1388064655
5391.3043478261 0.1558938909
5166.6666666667 0.1748477790
4960.0000000000 0.1958976493
4769.2307692308 0.2192999223
4592.5925925926 0.2453410487
4428.5714285714 0.2743420143
4275.8620689655 0.3066627490
4133.3333333333 0.3427099554
4000.0000000000 0.3829478458
3875.0000000000 0.4279153225
3757.5757575758 0.4782484581
3647.0588235294 0.5347062145
3542.8571428571 0.5981938858
3444.4444444444 0.6697795104
3351.3513513514 0.7506978413
3263.1578947368 0.8423399756
3179.4871794872 0.9462267922
3100.0000000000 1.0639588623
3024.3902439024 1.1971310561
2952.3809523810 1.3471930729
2883.7209302326 1.5152385037
2818.1818181818 1.7017078917
2755.5555555556 1.9060119555
2695.6521739130 2.1261166821
2638.2978723404 2.3581829652
2583.3333333333 2.5963940490
2530.6122448980 2.8331112377
2480.0000000000 3.0594282904
2431.3725490196 3.2660815866
2384.6153846154 3.4445764105
2339.6226415094 3.5883507889
2296.2962962963 3.6937894703
2254.5454545455 3.7608287795
2214.2857142857 3.7928533632
2175.4385964912 3.7957123780
2137.9310344828 3.7760337741
2101.6949152542 3.7393646443
2066.6666666667 3.6887945671
2032.7868852459 3.6245465391
2000.0000000000 3.5446623183
1968.2539682540 3.4465022340
1937.5000000000 3.3284536770
1907.6923076923 3.1911524858
1878.7878787879 3.0377811682
1850.7462686567 2.8734656889
1823.5294117647 2.7041774716
1797.1014492754 2.5356507589
1771.4285714286 2.3726427509
1746.4788732394 2.2186197798
1722.2222222222 2.0757781872
1698.6301369863 1.9452511386
1675.6756756757 1.8273791009
1653.3333333333 1.7219634721
1631.5789473684 1.6284736440
1610.3896103896 1.5461972123
1589.7435897436 1.4743459310
1569.6202531646 1.4121235572
1550.0000000000 1.3587742089
1530.8641975309 1.3136175564
1512.1951219512 1.2760796562
1493.9759036145 1.2457179300
1476.1904761905 1.2222349537
1458.8235294118 1.2054811787
1441.8604651163 1.1954471479
1425.2873563218 1.1922450356
1409.0909090909 1.1960964707
1393.2584269663 1.2073193512
1377.7777777778 1.2263246135
1362.6373626374 1.2536109355
1347.8260869565 1.2897591758
1333.3333333333 1.3354143850
1319.1489361702 1.3912552477
1305.2631578947 1.4579339420
1291.6666666667 1.5359815369
1278.3505154639 1.6256717518
1265.3061224490 1.7268348371
1252.5252525253 1.8386402954
1240.0000000000 1.9593863580
1227.7227722772 2.0863663369
1215.6862745098 2.2159078207
1203.8834951456 2.3436642749
1192.3076923077 2.4651561979
1180.9523809524 2.5764464759
1169.8113207547 2.6747452349
1158.8785046729 2.7587562828
1148.1481481481 2.8286988170
1137.6146788991 2.8860333901
1127.2727272727 2.9329841959
1117.1171171171 2.9719759918
1107.1428571429 3.0051433516
1097.3451327434 3.0340929680
1087.7192982456 3.0599859780
1078.2608695652 3.0838122693
1068.9655172414 3.1066029083
1059.8290598291 3.1293869410
1050.8474576271 3.1529212631
1042.0168067227 3.1774262266
1033.3333333333 3.2025668160
1024.7933884298 3.2277203584
1016.3934426230 3.2523413222
1008.1300813008 3.2761430190
1000.0000000000 3.2989600009
992.0000000000 3.3204052165
984.1269841270 3.3395958423
976.3779527559 3.3551401077
968.7500000000 3.3653459433
961.2403100775 3.3684350266
953.8461538462 3.3625838123
946.5648854962 3.3458219746
939.3939393939 3.3159742018
932.3308270677 3.2708166631
925.3731343284 3.2084194429
918.5185185185 3.1275416526
911.7647058824 3.0279593860
905.1094890511 2.9106933773
898.5507246377 2.7781113692
892.0863309353 2.6338230188
885.7142857143 2.4823066040
879.4326241135 2.3283180642
873.2394366197 2.1762733746
867.1328671329 2.0297871367
861.1111111111 1.8914573482
855.1724137931 1.7628785302
849.3150684932 1.6447998007
843.5374149660 1.5373329408
837.8378378378 1.4401611856
832.2147651007 1.3527096527
826.6666666667 1.2742724532
821.1920529801 1.2041000294
815.7894736842 1.1414552039
810.4575163399 1.0856463170
805.1948051948 1.0360439690
800.0000000000 0.9920895418
794.8717948718 0.9532955945
789.8089171975 0.9192448353
784.8101265823 0.8895837923
779.8742138365 0.8640170591
775.0000000000 0.8422960603
770.1863354037 0.8242060563
765.4320987654 0.8095530561
760.7361963190 0.7981478467
756.0975609756 0.7897910631
751.5151515152 0.7842663097
746.9879518072 0.7813376634
742.5149700599 0.7807645849
738.0952380952 0.7823208936
733.7278106509 0.7858208828
729.4117647059 0.7911356214
725.1461988304 0.7981960091
720.9302325581 0.8069790343
716.7630057803 0.8174838163
712.6436781609 0.8297055670
708.5714285714 0.8436062243
704.5454545455 0.8591117445
700.5649717514 0.8761297061
696.6292134831 0.8945904528
692.7374301676 0.9144808173
688.8888888889 0.9358412654
685.0828729282 0.9587181755
681.3186813187 0.9831063853
677.5956284153 1.0089141884
673.9130434783 1.0359874371
670.2702702703 1.0641710494
666.6666666667 1.0933594454
663.1016042781 1.1234971964
659.5744680851 1.1545320849
656.0846560847 1.1863700735
652.6315789474 1.2188724136
649.2146596859 1.2518949792
645.8333333333 1.2853413089
642.4870466321 1.3191610941
639.1752577320 1.3533023929
635.8974358974 1.3876504316
632.6530612245 1.4220100425
629.4416243655 1.4561433026
626.2626262626 1.4898061501
623.1155778894 1.5227291674
620.0000000000 1.5545277444
616.9154228856 1.5845760640
613.8613861386 1.6119165952
610.8374384236 1.6352172244
607.8431372549 1.6527842620
604.8780487805 1.6626369774
601.9417475728 1.6626863284
599.0338164251 1.6510121885
596.1538461538 1.6262460987
593.3014354067 1.5879401915
590.4761904762 1.5368250178
587.6777251185 1.4748132095
584.9056603774 1.4047330871
582.1596244131 1.3298507567
579.4392523364 1.2533593018
576.7441860465 1.1779843899
574.0740740741 1.1057816185
571.4285714286 1.0381134957
568.8073394495 0.9757452342
566.2100456621 0.9189794873
563.6363636364 0.8677778706
561.0859728507 0.8218568071
558.5585585586 0.7807570589
556.0538116592 0.7439011829
553.5714285714 0.7106577689
551.1111111111 0.6804093445
548.6725663717 0.6526159784
546.2555066079 0.6268631664
543.8596491228 0.6028702028
541.4847161572 0.5804696984
539.1304347826 0.5595613271
536.7965367965 0.5400697941
534.4827586207 0.5219227126
532.1888412017 0.5050540091
529.9145299145 0.4894189217
527.6595744681 0.4750044462
525.4237288136 0.4618367273
523.2067510549 0.4499586284
521.0084033613 0.4394175450
518.8284518828 0.4302461567
516.6666666667 0.4224561791
514.5228215768 0.4160319677
512.3966942149 0.4109427070
510.2880658436 0.4071378352
508.1967213115 0.4045500940
506.1224489796 0.4030900505
504.0650406504 0.4026353038
502.0242914980 0.4030246588
500.0000000000 0.4040574153
497.9919678715 0.4055005442
496.0000000000 0.4071110011
494.0239043825 0.4086568111
492.0634920635 0.4099563735
490.1185770751 0.4109062225
488.1889763780 0.4115120971
486.2745098039 0.4119072579
484.3750000000 0.4123378729
482.4902723735 0.4131380569
480.6201550388 0.4146752221
478.7644787645 0.4172995632
476.9230769231 0.4213060657
475.0957854406 0.4269029994
473.2824427481 0.4341972552
471.4828897338 0.4431794361
469.6969696970 0.4537189304
467.9245283019 0.4655627089
466.1654135338 0.4783678343
464.4194756554 0.4917478525
462.6865671642 0.5053625224
460.9665427509 0.5190065620
459.2592592593 0.5326651267
457.5645756458 0.5465085685
455.8823529412 0.5608240456
454.2124542125 0.5758920496
452.5547445255 0.5918805475
450.9090909091 0.6087688134
449.2753623188 0.6263462035
447.6534296029 0.6442507832
446.0431654676 0.6620311700
444.4444444444 0.6791881306
442.8571428571 0.6951777934
441.2811387900 0.7093912929
439.7163120567 0.7211438020
438.1625441696 0.7296889647
436.6197183099 0.7342761736
435.0877192982 0.7342318106
433.5664335664 0.7290651322
432.0557491289 0.7185905673
430.5555555556 0.7030187495
429.0657439446 0.6829944249
427.5862068966 0.6595311034
426.1168384880 0.6338536818
424.6575342466 0.6071993785
423.2081911263 0.5806464979
421.7687074830 0.5550048448
420.3389830508 0.5307862712
418.9189189189 0.5082473753
417.5084175084 0.4874563399
416.1073825503 0.4683709217
414.7157190635 0.4509141438
413.3333333333 0.4350148303
411.9601328904 0.4206342293
410.5960264901 0.4077613272
409.2409240924 0.3963984412
407.8947368421 0.3865336450
406.5573770492 0.3781287184
405.2287581699 0.3711100907
403.9087947883 0.3653758354
402.5974025974 0.3607963222
401.2944983819 0.3572236030
400.0000000000 0.3544900800
398.7138263666 0.3524038663
397.4358974359 0.3507561474
396.1661341853 0.3493275860
394.9044585987 0.3479224976
393.6507936508 0.3463959117
392.4050632911 0.3446800252
391.1671924290 0.3427809971
389.9371069182 0.3407745400
388.7147335423 0.3387733121
387.5000000000 0.3369184704
386.2928348910 0.3353597395
385.0931677019 0.3342487044
383.9009287926 0.3337205917
382.7160493827 0.3338928300
381.5384615385 0.3348475589
380.3680981595 0.3366299052
379.2048929664 0.3392427906
378.0487804878 0.3426485973
376.8996960486 0.3467755221
375.7575757576 0.3515275479
374.6223564955 0.3568144222
373.4939759036 0.3625646304
372.3723723724 0.3687550025
371.2574850299 0.3754090756
370.1492537313 0.3825883336
369.0476190476 0.3903596283
367.9525222552 0.3987738949
366.8639053254 0.4078528306
365.7817109145 0.4175944391
364.7058823529 0.4280037867
363.6363636364 0.4391302654
362.5730994152 0.4510958374
361.5160349854 0.4641056310
360.4651162791 0.4784369084
359.4202898551 0.4944023623
358.3815028902 0.5123212919
357.3487031700 0.5324769099
356.3218390805 0.5551023003
355.3008595989 0.5803564096
354.2857142857 0.6083267273
353.2763532764 0.6390246997
352.2727272727 0.6724057914
351.2747875354 0.7083972831
350.2824858757 0.7469338884
349.2957746479 0.7879963004
348.3146067416 0.8316278295
347.3389355742 0.8778914717
346.3687150838 0.9267865741
345.4038997214 0.9781134201
344.4444444444 1.0313289917
343.4903047091 1.0854590567
342.5414364641 1.1391061066
341.5977961433 1.1906068101
340.6593406593 1.2382762308
339.7260273973 1.2806918802
338.7978142077 1.3168870791
337.8746594005 1.3464252460
336.9565217391 1.3694060276
336.0433604336 1.3864406471
335.1351351351 1.3986227000
334.2318059299 1.4074211289
333.3333333333 1.4144281682
332.4396782842 1.4209964552
331.5508021390 1.4278585024
330.6666666667 1.4348757635
329.7872340426 1.4410287658
328.9124668435 1.4446876258
328.0423280423 1.4441402331
327.1767810026 1.4381934614
326.3157894737 1.4266558733
325.4593175853 1.4104632202
324.6073298429 1.3914294727
323.7597911227 1.3717350456
322.9166666667 1.3533840678
322.0779220779 1.3377932190
321.2435233161 1.3255968658
320.4134366925 1.3166658300
319.5876288660 1.3103029300
318.7660668380 1.3055486331
317.9487179487 1.3015485166
317.1355498721 1.2978589823
316.3265306122 1.2945951043
315.5216284987 1.2923905121
314.7208121827 1.2921712371
313.9240506329 1.2949120734
313.1313131313 1.3014272680
312.3425692695 1.3122746295
311.5577889447 1.3277134578
310.7769423559 1.3476760617
310.0000000000 1.3717173175
309.2269326683 1.3989516657
308.4577114428 1.4280368974
307.6923076923 1.4572939553
306.9306930693 1.4849613750
306.1728395062 1.5095371037
305.4187192118 1.5300917794
304.6683046683 1.5464264008
303.9215686275 1.5590166674
303.1784841076 1.5688224107
302.4390243902 1.5770624819
301.7031630170 1.5849992681
300.9708737864 1.5937539499
300.2421307506 1.6041189666
299.5169082126 1.6163820849
298.7951807229 1.6302238065
298.0769230769 1.6447422383
297.3621103118 1.6586386926
296.6507177033 1.6704872613
295.9427207637 1.6790506093
295.2380952381 1.6835276756
294.5368171021 1.6837009383
293.8388625592 1.6799907793
293.1442080378 1.6734315289
292.4528301887 1.6655705719
291.7647058824 1.6582697243
291.0798122066 1.6534446438
290.3981264637 1.6527746932
289.7196261682 1.6574844165
289.0442890443 1.6682515407
288.3720930233 1.6852324010
287.7030162413 1.7082053322
287.0370370370 1.7367683663
286.3741339492 1.7705499315
285.7142857143 1.8093727960
285.0574712644 1.8533435553
284.4036697248 1.9028026564
283.7528604119 1.9581276246
283.1050228311 2.0194019399
282.4601366743 2.0860238238
281.8181818182 2.1563897969
281.1791383220 2.2277778850
280.5429864253 2.2965594179
279.9097065463 2.3587409869
279.2792792793 2.4107655073
278.6516853933 2.4503056770
278.0269058296 2.4768273363
277.4049217002 2.4916737757
276.7857142857 2.4976941850
276.1692650334 2.4985149358
275.5555555556 2.4977321196
274.9445676275 2.4982263261
274.3362831858 2.5017919064
273.7306843267 2.5090964585
273.1277533040 2.5199173831
272.5274725275 2.5335204287
271.9298245614 2.5490404059
271.3347921225 2.5657972413
270.7423580786 2.5835199167
270.1525054466 2.6025140029
269.5652173913 2.6237828337
268.9804772234 2.6490255899
268.3982683983 2.6804513316
267.8185745140 2.7204250376
267.2413793103 2.7709783868
266.6666666667 2.8333506505
266.0944206009 2.9076233485
265.5246252677 2.9924923649
264.9572649573 3.0852448461
264.3923240938 3.1819436942
263.8297872340 3.2778794567
263.2696390658 3.3682148010
262.7118644068 3.4486642232
262.1564482030 3.5160312213
261.6033755274 3.5684004728
261.0526315789 3.6050262816
260.5042016807 3.6260090895
259.9580712788 3.6319830456
259.4142259414 3.6239227874
258.8726513570 3.6030489045
258.3333333333 3.5707741193
257.7962577963 3.5285871642
257.2614107884 3.4779281923
256.7287784679 3.4201316153
256.1983471074 3.3564953342
255.6701030928 3.2884939360
255.1440329218 3.2180073615
254.6201232033 3.1474181344
254.0983606557 3.0794645348
253.5787321063 3.0168348308
253.0612244898 2.9616485028
252.5458248473 2.9150005767
252.0325203252 2.8767391871
251.5212981744 2.8455359469
251.0121457490 2.8192119641
250.5050505051 2.7952530462
250.0000000000 2.7713792397
249.4969818913 2.7460186670
248.9959839357 2.7185772739
248.4969939880 2.6894714631
248.0000000000 2.6599583465
247.5049900200 2.6318808414
247.0119521912 2.6073828738
246.5208747515 2.5886512992
246.0317460317 2.5776444530
245.5445544554 2.5758367551
245.0592885375 2.5839842929
244.5759368836 2.6019762462
244.0944881890 2.6287948183
243.6149312377 2.6626569111
243.1372549020 2.7012991081
242.6614481409 2.7424057309
242.1875000000 2.7840443252
241.7153996101 2.8250154398
241.2451361868 2.8649771702
240.7766990291 2.9043862886
240.3100775194 2.9442598973
239.8452611219 2.9858870808
239.3822393822 3.0305262283
238.9210019268 3.0790672682
238.4615384615 3.1317092511
238.0038387716 3.1876679614
237.5478927203 3.2450995484
237.0936902486 3.3013259115
236.6412213740 3.3534055879
236.1904761905 3.3988810766
235.7414448669 3.4364249161
235.2941176471 3.4661410840
234.8484848485 3.4894514681
234.4045368620 3.5086805519
233.9622641509 3.5265397538
233.5216572505 3.5456502339
233.0827067669 3.5681546497
232.6454033771 3.5954403785
232.2097378277 3.6279817865
231.7757009346 3.6653178506
231.3432835821 3.7061596631
230.9124767225 3.7485508802
230.4832713755 3.7900399750
230.0556586271 3.8278474921
229.6296296296 3.8590222058
229.2051756007 3.8806707542
228.7822878229 3.8902884115
228.3609576427 3.8861918074
227.9411764706 3.8679098970
227.5229357798 3.8363573072
227.1062271062 3.7936557855
226.6910420475 3.7426357819
226.2773722628 3.6862230449
225.8652094718 3.6269957492
225.4545454545 3.5669962116
225.0453720508 3.5077776218
224.6376811594 3.4504710011
224.2314647378 3.3957745663
223.8267148014 3.3438293303
223.4234234234 3.2941058009
223.0215827338 3.2454700599
222.6211849192 3.1964307870
222.2222222222 3.1455611014
221.8246869410 3.0919142983
221.4285714286 3.0352974332
221.0338680927 2.9763273498
220.6405693950 2.9162891537
220.2486678508 2.8568584906
219.8581560284 2.7997427647
219.4690265487 2.7463587968
219.0812720848 2.6976127355
218.6948853616 2.6538460115
218.3098591549 2.6150351753
217.9261862917 2.5811124487
217.5438596491 2.5523298592
217.1628721541 2.5294341513
216.7832167832 2.5136178103
216.4048865620 2.5062288924
216.0278745645 2.5083913307
215.6521739130 2.5206481655
215.2777777778 2.5427266634
214.9046793761 2.5734473776
214.5328719723 2.6108215824
214.1623488774 2.6523435556
213.7931034483 2.6954735951
213.4251290878 2.7382219752
213.0584192440 2.7796099507
212.6929674099 2.8198048251
212.3287671233 2.8598418319
211.9658119658 2.9010240079
211.6040955631 2.9442520939
211.2436115843 2.9895701383
210.8843537415 3.0360599839
210.5263157895 3.0821279024
210.1694915254 3.1260220970
209.8138747885 3.1664169379
209.4594594595 3.2028052267
209.1062394604 3.2356018645
208.7542087542 3.2659141839
208.4033613445 3.2951320169
208.0536912752 3.3244815375
207.7051926298 3.3546430624
207.3578595318 3.3855027161
207.0116861436 3.4160194651
206.6666666667 3.4442499094
206.3227953411 3.4675373003
205.9800664452 3.4828889577
205.6384742952 3.4875095474
205.2980132450 3.4794092998
204.9586776860 3.4579554406
204.6204620462 3.4241378408
204.2833607908 3.3804184404
203.9473684211 3.3301562810
203.6124794745 3.2768268577
203.2786885246 3.2233241272
202.9459901800 3.1715896117
202.6143790850 3.1226026536
202.2838499184 3.0766482703
201.9543973941 3.0336657159
201.6260162602 2.9935189008
201.2987012987 2.9561251293
200.9724473258 2.9214764743
200.6472491909 2.8895994096
200.3231017771 2.8604951656
200.0000000000 2.8341249228
199.6779388084 2.8103989872
199.3569131833 2.7892054615
199.0369181380 2.7704622636
198.7179487179 2.7542137048
198.4000000000 2.7407323419
198.0830670927 2.7305798516
197.7671451356 2.7245673457
197.4522292994 2.7236116367
197.1383147854 2.7285284919
196.8253968254 2.7398660748
196.5134706815 2.7578599210
196.2025316456 2.7824770551
195.8925750395 2.8135246225
195.5835962145 2.8507256718
195.2755905512 2.8937467622
194.9685534591 2.9421705912
194.6624803768 2.9954579925
194.3573667712 3.0528780659
194.0532081377 3.1134722844
193.7500000000 3.1760484201
193.4477379095 3.2391871930
193.1464174455 3.3012891162
192.8460342146 3.3606486323
192.5465838509 3.4155852453
192.2480620155 3.4646254616
191.9504643963 3.5066572568
191.6537867079 3.5410576106
191.3580246914 3.5677274935
191.0631741140 3.5869956564
190.7692307692 3.5995207274
190.4761904762 3.6061783323
190.1840490798 3.6080550159
189.8928024502 3.6064767031
189.6024464832 3.6030288371
189.3129770992 3.5994794790
189.0243902439 3.5975931641
188.7366818874 3.5988449631
188.4498480243 3.6041465747
188.1638846737 3.6137002863
187.8787878788 3.6270783274
187.5945537065 3.6434820296
187.3111782477 3.6621036079
187.0286576169 3.6823859689
186.7469879518 3.7040877894
186.4661654135 3.7271369583
186.1861861862 3.7513954851
185.9070464768 3.7764819338
185.6287425150 3.8017351558
185.3512705531 3.8263225089
185.0746268657 3.8493815519
184.7988077496 3.8701778541
184.5238095238 3.8882373006
184.2496285290 3.9035101610
183.9762611276 3.9165277580
183.7037037037 3.9285408372
183.4319526627 3.9415133532
183.1610044313 3.9579388360
182.8908554572 3.9804571117
182.6215022091 4.0113383037
182.3529411765 4.0519653192
182.0851688693 4.1024570817
181.8181818182 4.1615732354
181.5519765739 4.2269352878
181.2865497076 4.2955633104
181.0218978102 4.3645816658
180.7580174927 4.4319079671
180.4949053857 4.4967412950
180.2325581395 4.5596912632
179.9709724238 4.6224530385
179.7101449275 4.6871250049
179.4500723589 4.7553719954
179.1907514451 4.8277539075
178.9321789322 4.9035141347
178.6743515850 4.9808618920
178.4172661871 5.0576321108
178.1609195402 5.1319754610
177.9053084648 5.2027789376
177.6504297994 5.2696761721
177.3962804006 5.3327545075
177.1428571429 5.3922269542
176.8901569187 5.4483479211
176.6381766382 5.5016217364
176.3869132290 5.5530894687
176.1363636364 5.6044325189
175.8865248227 5.6576967474
175.6373937677 5.7147110860
175.3889674682 5.7764865680
175.1412429379 5.8428613391
174.8942172073 5.9125731090
174.6478873239 5.9837015065
174.4022503516 6.0543059940
174.1573033708 6.1230430124
173.9130434783 6.1895339893
173.6694677871 6.2543873840
173.4265734266 6.3189328056
173.1843575419 6.3847865091
172.9428172943 6.4533964477
172.7019498607 6.5257222017
172.4617524339 6.6020393300
172.2222222222 6.6818554569
171.9833564494 6.7638917006
171.7451523546 6.8460825005
171.5076071923 6.9256881848
171.2707182320 6.9995741008
171.0344827586 7.0647170880
170.7988980716 7.1187847696
170.5639614856 7.1605490787
170.3296703297 7.1899710625
170.0960219479 7.2078668435
169.8630136986 7.2153358319
169.6306429549 7.2132067145
169.3989071038 7.2017880646
169.1678035471 7.1810033749
168.9373297003 7.1508526173
168.7074829932 7.1118745525
168.4782608696 7.0653690832
168.2496607870 7.0132820938
168.0216802168 6.9578547329
167.7943166441 6.9012466199
167.5675675676 6.8452701141
167.3414304993 6.7912673545
167.1159029650 6.7400602558
166.8909825034 6.6919456068
166.6666666667 6.6467089088
166.4429530201 6.6037124944
166.2198391421 6.5621027275
165.9973226238 6.5210801899
165.7754010695 6.4801664979
165.5540720961 6.4393795356
165.3333333333 6.3992250999
165.1131824234 6.3605486059
164.8936170213 6.3242702673
164.6746347942 6.2910557878
164.4562334218 6.2610344409
164.2384105960 6.2335587315
164.0211640212 6.2070700979
163.8044914135 6.1791095604
163.5883905013 6.1465214913
163.3728590250 6.1058518050
163.1578947368 6.0539333273
162.9434954008 5.9884535392
162.7296587927 5.9084030749
162.5163826999 5.8142393645
162.3036649215 5.7077761184
162.0915032680 5.5918084049
161.8798955614 5.4696668826
161.6688396349 5.3448028579
161.4583333333 5.2205663699
161.2483745124 5.1001038037
161.0389610390 4.9863073932
160.8300907912 4.8816558113
160.6217616580 4.7879986334
160.4139715395 4.7063396917
160.2067183463 4.6367134387
160.0000000000 4.5782451202
159.7938144330 4.5293582576
159.5881595882 4.4880629778
159.3830334190 4.4522190349
159.1784338896 4.4197212741
158.9743589744 4.3886283745
158.7708066581 4.3571909078
158.5677749361 4.3238205957
158.3652618135 4.2870662268
158.1632653061 4.2455761581
157.9617834395 4.1981901903
157.7608142494 4.1441681401
157.5603557814 4.0834758812
157.3604060914 4.0170124649
157.1609632446 3.9465896048
156.9620253165 3.8746843433
156.7635903919 3.8040551840
156.5656565657 3.7373843883
156.3682219420 3.6770510586
156.1712846348 3.6250250747
155.9748427673 3.5828797325
155.7788944724 3.5517944942
155.5834378921 3.5325455188
155.3884711779 3.5253973152
155.1939924906 3.5300188303
155.0000000000 3.5454010218
154.8064918851 3.5698817520
154.6134663342 3.6012624176
154.4209215442 3.6369840471
154.2288557214 3.6743354513
154.0372670807 3.7106397114
153.8461538462 3.7434264924
153.6555142503 3.7705558916
153.4653465347 3.7903419157
153.2756489493 3.8015676833
153.0864197531 3.8033924148
152.8976572133 3.7952374236
152.7093596059 3.7767333046
152.5215252153 3.7478141059
152.3341523342 3.7089657464
152.1472392638 3.6614117215
151.9607843137 3.6071417598
151.7747858017 3.5486459675
151.5892420538 3.4884616856
151.4041514042 3.4286557988
151.2195121951 3.3704365429
151.0353227771 3.3140501383
150.8515815085 3.2589406998
150.6682867558 3.2041561484
150.4854368932 3.1488038874
150.3030303030 3.0923865364
150.1210653753 3.0349276936
149.9395405079 2.9768705609
149.7584541063 2.9188285704
149.5778045838 2.8613933551
149.3975903614 2.8050121247
149.2178098676 2.7499969691
149.0384615385 2.6965454847
148.8595438175 2.6447729374
148.6810551559 2.5947365016
148.5029940120 2.5464373877
148.3253588517 2.4999103781
148.1481481481 2.4553004217
147.9713603819 2.4129854333
147.7949940405 2.3736182687
147.6190476190 2.3380979280
147.4435196195 2.3074603491
147.2684085511 2.2827304982
147.0937129300 2.2647840440
146.9194312796 2.2541962472
146.7455621302 2.2511242761
146.5721040189 2.2552409939
146.3990554900 2.2656721985
146.2264150943 2.2810177985
146.0541813899 2.2994485679
145.8823529412 2.3188811961
145.7109283196 2.3372314148
145.5399061033 2.3526847833
145.3692848769 2.3639508211
145.1990632319 2.3703913876
145.0292397661 2.3720607782
144.8598130841 2.3696283789
144.6907817970 2.3642523831
144.5221445221 2.3574530254
144.3538998836 2.3509557656
144.1860465116 2.3465037378
144.0185830430 2.3456244809
143.8515081206 2.3493974391
143.6848203940 2.3582607853
143.5185185185 2.3719432829
143.3526011561 2.3894932304
143.1870669746 2.4094429817
143.0219146482 2.4300214368
142.8571428571 2.4494023877
142.6927502877 2.4659445800
142.5287356322 2.4783883420
142.3650975890 2.4859150335
142.2018348624 2.4881453745
142.0389461627 2.4850411878
141.8764302059 2.4768306263
141.7142857143 2.4640336484
141.5525114155 2.4475176574
141.3911060433 2.4285332290
141.2300683371 2.4086939745
141.0693970421 2.3898075549
140.9090909091 2.3736153723
140.7491486947 2.3614846113
140.5895691610 2.3541450950
140.4303510759 2.3515438827
140.2714932127 2.3528342863
140.1129943503 2.3565034918
139.9548532731 2.3605764334
139.7970687711 2.3628477254
139.6396396396 2.3611622898
139.4825646794 2.3536698795
139.3258426966 2.3391080286
139.1694725028 2.3169580367
139.0134529148 2.2875402084
138.8577827548 2.2518969829
138.7024608501 2.2116096207
138.5474860335 2.1685497321
138.3928571429 2.1246673211
138.2385730212 2.0818213860
138.0846325167 2.0416627375
137.9310344828 2.0055607899
137.7777777778 1.9745446191
137.6248612653 1.9492803740
137.4722838137 1.9300611914
137.3200442968 1.9168130423
137.1681415929 1.9091259972
137.0165745856 1.9063172530
136.8653421634 1.9074734300
136.7144432194 1.9115057707
136.5638766520 1.9172243088
136.4136413641 1.9234526458
136.2637362637 1.9291617701
136.1141602634 1.9336323689
135.9649122807 1.9365651253
135.8159912377 1.9380703348
135.6673960613 1.9385921582
135.5191256831 1.9387170455
135.3711790393 1.9390808612
135.2235550709 1.9403003457
135.0762527233 1.9430010950
134.9292709467 1.9478393764
134.7826086957 1.9554738073
134.6362649294 1.9665179409
134.4902386117 1.9814579827
134.3445287107 2.0006361564
134.1991341991 2.0242718728
134.0540540541 2.0524705560
133.9092872570 2.0852263716
133.7648327940 2.1223463830
133.6206896552 2.1633842124
133.4768568353 2.2076211010
133.3333333333 2.2541385547
133.1901181525 2.3019699040
133.0472103004 2.3503022965
132.9046087889 2.3986250533
132.7623126338 2.4467991841
132.6203208556 2.4950071417
132.4786324786 2.5436237446
132.3372465315 2.5930145249
132.1961620469 2.6433434183
132.0553780618 2.6944024800
131.9148936170 2.7455141209
131.7747077577 2.7956067164
131.6348195329 2.8433846065
131.4952279958 2.8876144556
131.3559322034 2.9273831049
131.2169312169 2.9622359063
131.0782241015 2.9922116078
130.9398099261 3.0177643434
130.8016877637 3.0396228271
130.6638566913 3.0586589151
130.5263157895 3.0757557396
130.3890641430 3.0917480128
130.2521008403 3.1073492296
130.1154249738 3.1231608293
129.9790356394 3.1397225259
129.8429319372 3.1575913897
129.7071129707 3.1773862676
129.5715778474 3.1997782696
129.4363256785 3.2253857008
129.3013555787 3.2546303907
129.1666666667 3.2875586817
129.0322580645 3.3237164043
128.8981288981 3.3620686623
128.7642782970 3.4010695098
128.6307053942 3.4388432307
128.4974093264 3.4735533438
128.3643892340 3.5038034748
128.2316442606 3.5290165973
128.0991735537 3.5496181933
127.9669762642 3.5669786832
127.8350515464 3.5831330127
127.7033985582 3.6003648815
127.5720164609 3.6207084585
127.4409044193 3.6454152689
127.3100616016 3.6745313167
127.1794871795 3.7066118968
127.0491803279 3.7388025046
126.9191402252 3.7672630248
126.7893660532 3.7879338720
126.6598569969 3.7974422417
126.5306122449 3.7939270190
126.4016309888 3.7775623178
126.2729124236 3.7505953901
126.1444557477 3.7169239471
126.0162601626 3.6812975101
125.8883248731 3.6483985849
125.7606490872 3.6220072532
125.6332320162 3.6044534523
125.5060728745 3.5964000578
125.3791708797 3.5970058292
125.2525252525 3.6043709981
125.1261352170 3.6162068797
125.0000000000 3.6305028878
124.8741188318 3.6460127641
124.7484909457 3.6624149688
124.6231155779 3.6801100285
124.4979919679 3.6998334104
124.3731193581 3.7222404209
124.2484969940 3.7475812497
124.1241241241 3.7755915164
124.0000000000 3.8055304657
123.8761238761 3.8363475510
123.7524950100 3.8668757019
123.6291126620 3.8959559373
123.5059760956 3.9224536244
123.3830845771 3.9452350529
123.2604373757 3.9631699598
123.1380337637 3.9752258977
123.0158730159 3.9806484810
122.8939544103 3.9791691495
122.7722772277 3.9711060356
122.6508407517 3.9573146673
122.5296442688 3.9389540300
122.4086870681 3.9170987704
122.2879684418 3.8923744269
122.1674876847 3.8647218225
122.0472440945 3.8333650616
121.9272369715 3.7970786655
121.8074656189 3.7546237469
121.6879293425 3.7052554732
121.5686274510 3.6491396671
121.4495592556 3.5874734853
121.3307240705 3.5223329987
121.2121212121 3.4562626246
121.0937500000 3.3918445973
120.9756097561 3.3313187331
120.8576998051 3.2764000220
120.7400194742 3.2281890689
120.6225680934 3.1872528543
120.5053449951 3.1537075197
120.3883495146 3.1273134138
120.2715809893 3.1076165850
120.1550387597 3.0940886790
120.0387221684 3.0863266408
119.9226305609 3.0841607931
119.8067632850 3.0877597928
119.6911196911 3.0975287621
119.5756991321 3.1139408169
119.4605009634 3.1372467584
119.3455245428 3.1671977952
119.2307692308 3.2028305381
119.1162343900 3.2423805797
119.0019193858 3.2833280932
118.8878235858 3.3226472009
118.7739463602 3.3572062732
118.6602870813 3.3842945975
118.5468451243 3.4021211229
118.4336198663 3.4102322918
118.3206106870 3.4095985208
118.2078169685 3.4023650942
118.0952380952 3.3912986139
117.9828734539 3.3790595965
117.8707224335 3.3675486067
117.7587844255 3.3575705270
117.6470588235 3.3488381244
117.5355450237 3.3403288737
117.4242424242 3.3308543536
117.3131504257 3.3196544839
117.2022684310 3.3068206217
117.0915958451 3.2934938568
116.9811320755 3.2817135459
116.8708765316 3.2740495642
116.7608286252 3.2731177928
116.6509877705 3.2811719977
116.5413533835 3.2999008597
116.4319248826 3.3303729325
116.3227016886 3.3731453337
116.2136832240 3.4283462355
116.1048689139 3.4957379194
115.9962581852 3.5747318647
115.8878504673 3.6644402612
115.7796451914 3.7637774658
115.6716417910 3.8716912739
115.5638397018 3.9873609221
115.4562383613 4.1103823513
115.3488372093 4.2408216033
115.2416356877 4.3791306997
115.1346332405 4.5259869227
115.0278293135 4.6820604778
114.9212233550 4.8477469972
114.8148148148 5.0228562272
114.7086031452 5.2062763142
114.6025878004 5.3956359076
114.4967682364 5.5871010688
114.3911439114 5.7755203238
114.2857142857 5.9549538783
114.1804788214 6.1196090903
114.0754369825 6.2649148615
113.9705882353 6.3884134264
113.8659320478 6.4900972210
113.7614678899 6.5721253481
113.6571952337 6.6380290548
113.5531135531 6.6917141706
113.4492223239 6.7364333782
113.3455210238 6.7738532861
113.2420091324 6.8034053273
113.1386861314 6.8220843927
113.0355515041 6.8249260168
112.9326047359 6.8061415712
112.8298453139 6.7606204271
112.7272727273 6.6853746818
112.6248864668 6.5804741020
112.5226860254 6.4491733045
112.4206708976 6.2973024106
112.3188405797 6.1321479974
112.2171945701 5.9611784277
112.1157323689 5.7910091788
112.0144534779 5.6268579376
111.9133574007 5.4724613502
111.8124436429 5.3303193150
111.7117117117 5.2019939767
111.6111611161 5.0883273325
111.5107913669 4.9895498352
111.4106019766 4.9053800669
111.3105924596 4.8350895921
111.2107623318 4.7776354370
111.1111111111 4.7317994294
111.0116383169 4.6963083196
110.9123434705 4.6698940280
110.8132260947 4.6513109003
110.7142857143 4.6392300463
110.6155218555 4.6321903692
110.5169340463 4.6285562812
110.4185218166 4.6265544629
110.3202846975 4.6243936493
110.2222222222 4.6205076952
110.1243339254 4.6138430098
110.0266193434 4.6041257928
109.9290780142 4.5920077719
109.8317094774 4.5789369308
109.7345132743 4.5668745474
109.6374889478 4.5578857448
109.5406360424 4.5537958004
109.4439541041 4.5559094834
109.3474426808 4.5649082419
109.2511013216 4.5808722757
109.1549295775 4.6034284519
109.0589270009 4.6319180789
108.9630931459 4.6654997778
108.8674275680 4.7030659795
108.7719298246 4.7430129996
108.6765994741 4.7830404057
108.5814360771 4.8200708058
108.4864391951 4.8504721061
108.3916083916 4.8705629099
108.2969432314 4.8772514496
108.2024432810 4.8686278732
108.1081081081 4.8442755943
108.0139372822 4.8052153887
107.9199303742 4.7535681079
107.8260869565 4.6920744740
107.7324066030 4.6236367518
107.6388888889 4.5510431171
107.5455333912 4.4768204666
107.4523396880 4.4032289443
107.3593073593 4.3323224130
107.2664359862 4.2659488145
107.1737251513 4.2056859914
107.0811744387 4.1527199047
106.9887834340 4.1076914490
106.8965517241 4.0705462757
106.8044788975 4.0405134068
106.7125645439 4.0161460352
106.6208082545 3.9956108031
106.5292096220 3.9770406121
106.4377682403 3.9589620252
106.3464837050 3.9405803240
106.2553556127 3.9218792577
106.1643835616 3.9034348414
106.0735671514 3.8861282401
105.9829059829 3.8708027242
105.8923996584 3.8580905598
105.8020477816 3.8483807358
105.7118499574 3.8420018319
105.6218057922 3.8394753493
105.5319148936 3.8417241381
105.4421768707 3.8501234091
105.3525913339 3.8663158825
105.2631578947 3.8919094777
105.1738761662 3.9281928175
105.0847457627 3.9759546844
104.9957662997 4.0353972127
104.9069373942 4.1061589696
104.8182586644 4.1873246575
104.7297297297 4.2773482710
104.6413502110 4.3738708679
104.5531197302 4.4734334621
104.4650379107 4.5712763675
104.3771043771 4.6614013045
104.2893187553 4.7370846175
104.2016806723 4.7918161697
104.1141897565 4.8203744819
104.0268456376 4.8198046369
103.9396479464 4.7898521470
103.8525963149 4.7329079325
103.7656903766 4.6534111944
103.6789297659 4.5570215254
103.5923141186 4.4497287799
103.5058430718 4.3371645565
103.4195162636 4.2242007600
103.3333333333 4.1148265631
103.2472939217 4.0121716270
103.1613976705 3.9186303623
103.0756442228 3.8359215486
102.9900332226 3.7651896976
102.9045643154 3.7070463553
102.8192371476 3.6616258394
102.7340513670 3.6286277296
102.6490066225 3.6073854642
102.5641025641 3.5968892136
102.4793388430 3.5958180224
102.3947151115 3.6025250647
102.3102310231 3.6150711729
102.2258862325 3.6313144404
102.1416803954 3.6490356131
102.0576131687 3.6661309282
101.9736842105 3.6807525368
101.8898931800 3.6914765673
101.8062397373 3.6974314289
101.7227235439 3.6983668234
101.6393442623 3.6946075509
101.5561015561 3.6869076218
101.4729950900 3.6762921223
101.3900245298 3.6639144505
101.3071895425 3.6510535029
101.2244897959 3.6391347763
101.1419249592 3.6297633342
101.0594947025 3.6246191060
100.9771986971 3.6252943404
100.8950366151 3.6330407288
100.8130081301 3.6485316595
100.7311129163 3.6717540744
100.6493506494 3.7020270689
100.5677210057 3.7382042855
100.4862236629 3.7790556116
100.4048582996 3.8236369089
100.3236245955 3.8715700669
100.2425222312 3.9231197996
100.1615508885 3.9790309710
100.0807102502 4.0402725413
100.0000000000 4.1077613747
99.9194198227 4.1820786310
99.8389694042 4.2631997861
99.7586484312 4.3501908073
99.6784565916 4.4408312461
99.5983935743 4.5313376488
99.5184590690 4.6162047445
99.4386527666 4.6885079993
99.3589743590 4.7406346545
99.2794235388 4.7655150636
99.2000000000 4.7580481412
99.1207034373 4.7162148797
99.0415335463 4.6415755258
98.9624900239 4.5388541361
98.8835725678 4.4149431532
98.8047808765 4.2775371212
98.7261146497 4.1339349706
98.6475735879 3.9902386015
98.5691573927 3.8510367670
98.4908657665 3.7194313207
98.4126984127 3.5972996713
98.3346550357 3.4855523196
98.2567353407 3.3843942691
98.1789390340 3.2935814020
98.1012658228 3.2126495747
98.0237154150 3.1411693616
97.9462875197 3.0789624852
97.8689818469 3.0262191888
97.7917981073 2.9834510220
97.7147360126 2.9513530513
97.6377952756 2.9305791003
97.5609756098 2.9215404099
97.4842767296 2.9242289877
97.4076983504 2.9381646080
97.3312401884 2.9623644852
97.2549019608 2.9953569814
97.1786833856 3.0352050726
97.1025841817 3.0795772755
97.0266040689 3.1258014836
96.9507427678 3.1710412391
96.8750000000 3.2125086697
96.7993754879 3.2477351559
96.7238689548 3.2749003231
96.6484801247 3.2930975185
96.5732087227 3.3024906799
96.4980544747 3.3042869133
96.4230171073 3.3005198052
96.3480963481 3.2937180505
96.2732919255 3.2865467205
96.1986035687 3.2815095813
96.1240310078 3.2806912379
96.0495739737 3.2855442156
95.9752321981 3.2966837394
95.9010054138 3.3137642346
95.8268933539 3.3354814492
95.7528957529 3.3597304433
95.6790123457 3.3839574029
95.6052428682 3.4056186247
95.5315870570 3.4226476142
95.4580446497 3.4337721096
95.3846153846 3.4386561873
95.3112990008 3.4378808623
95.2380952381 3.4327799632
95.1650038373 3.4252936018
95.0920245399 3.4177219761
95.0191570881 3.4124729081
94.9464012251 3.4117464412
94.8737566947 3.4172082475
94.8012232416 3.4297219950
94.7288006112 3.4491899047
94.6564885496 3.4744466684
94.5842868040 3.5033325873
94.5121951220 3.5327982598
94.4402132521 3.5592469844
94.3683409437 3.5790442532
94.2965779468 3.5892245420
94.2249240122 3.5882116301
94.1533788914 3.5762487685
94.0819423369 3.5553540780
94.0106141016 3.5286545581
93.9393939394 3.4993820119
93.8682816048 3.4698468743
93.7972768533 3.4408080543
93.7263794407 3.4113180167
93.6555891239 3.3791316500
93.5849056604 3.3414028655
93.5143288084 3.2955217064
93.4438583271 3.2397599587
93.3734939759 3.1735890453
93.3032355154 3.0977171233
93.2330827068 3.0139086474
93.1630353118 2.9247330136
93.0930930931 2.8332435342
93.0232558140 2.7426908298
92.9535232384 2.6561849864
92.8838951311 2.5764312805
92.8143712575 2.5054832120
92.7449513837 2.4446094974
92.6756352765 2.3942828884
92.6064227035 2.3542119425
92.5373134328 2.3234662998
92.4683072334 2.3005915498
92.3994038748 2.2837672357
92.3306031273 2.2709527983
92.2619047619 2.2600888483
92.1933085502 2.2492898049
92.1248142645 2.2370459370
92.0564216778 2.2224122923
91.9881305638 2.2050752169
91.9199406968 2.1853326309
91.8518518519 2.1640058770
91.7838638046 2.1422457272
91.7159763314 2.1213507720
91.6481892092 2.1025520602
91.5805022157 2.0868742065
91.5129151292 2.0750369067
91.4454277286 2.0674482035
91.3780397937 2.0642626334
91.3107511046 2.0655185430
91.2435614422 2.0712716367
91.1764705882 2.0816689824
91.1094783248 2.0969260199
91.0425844347 2.1172293348
90.9757887014 2.1426021653
90.9090909091 2.1728207897
90.8424908425 2.2073867164
90.7759882870 2.2455686626
90.7095830285 2.2864725569
90.6432748538 2.3291624957
90.5770635500 2.3727074811
90.5109489051 2.4162325728
90.4449307075 2.4589189281
90.3790087464 2.4999990683
90.3131828114 2.5387242810
90.2474526929 2.5743781812
90.1818181818 2.6062948039
90.1162790698 2.6338951419
90.0508351489 2.6567468472
89.9854862119 2.6744991443
89.9202320522 2.6868131169
89.8550724638 2.6932408918
89.7900072411 2.6931645779
89.7250361795 2.6858367360
89.6601590745 2.6704856988
89.5953757225 2.6465096251
89.5306859206 2.6137512113
89.4660894661 2.5727521018
89.4015861572 2.5249316689
89.3371757925 2.4724883507
89.2728581713 2.4181460741
89.2086330935 2.3647424124
89.1445003595 2.3148390625
89.0804597701 2.2704870616
89.0165111271 2.2330645694
88.9526542324 2.2032743492
88.8888888889 2.1811803046
88.8252148997 2.1663358204
88.7616320687 2.1578858026
88.6981402003 2.1547271764
88.6347390994 2.1556943663
88.5714285714 2.1596837793
88.5082084226 2.1658213172
88.4450784593 2.1735873239
88.3820384890 2.1828511832
88.3190883191 2.1938724458
88.2562277580 2.2072064416
88.1934566145 2.2235998656
88.1307746979 2.2438333987
88.0681818182 2.2685304264
88.0056777857 2.2979177785
87.9432624113 2.3316343242
87.8809355067 2.3685068067
87.8186968839 2.4065172271
87.7565463553 2.4429182677
87.6944837341 2.4745766550
87.6325088339 2.4985483061
87.5706214689 2.5126330312
87.5088214538 2.5158538150
87.4471086037 2.5086294630
87.3854827343 2.4926029400
87.3239436620 2.4702281829
87.2624912034 2.4442695841
87.2011251758 2.4173359273
87.1398453970 2.3915296501
87.0786516854 2.3682607409
87.0175438596 2.3481744992
86.9565217391 2.3312286589
86.8955851437 2.3168344314
86.8347338936 2.3040956374
86.7739678097 2.2920349484
86.7132867133 2.2798213602
86.6526904263 2.2669115445
86.5921787709 2.2531191351
86.5317515701 2.2386164386
86.4714086471 2.2238632926
86.4111498258 2.2095355261
86.3509749304 2.1963847275
86.2908837857 2.1851165733
86.2308762170 2.1762049122
86.1709520500 2.1698074430
86.1111111111 2.1657202477
86.0513532269 2.1634644457
85.9916782247 2.1623636466
85.9320859321 2.1616903914
85.8725761773 2.1607200202
85.8131487889 2.1587846666
85.7538035961 2.1552979340
85.6945404285 2.1498385894
85.6353591160 2.1421904003
85.5762594893 2.1323527226
85.5172413793 2.1205167847
85.4583046175 2.1070321043
85.3994490358 2.0923234276
85.3406744666 2.0769010959
85.2819807428 2.0613022022
85.2233676976 2.0461056210
85.1648351648 2.0318875867
85.1063829787 2.0191967833
85.0480109739 2.0084895055
84.9897189856 2.0001240821
84.9315068493 1.9943552964
84.8733744011 1.9913238561
84.8153214774 1.9911006887
84.7573479152 1.9936567364
84.6994535519 1.9988526544
84.6416382253 2.0063736731
84.5839017735 2.0156843181
84.5262440354 2.0260929745
84.4686648501 2.0367666919
84.4111640572 2.0468109527
84.3537414966 2.0553295172
84.2963970088 2.0614442432
84.2391304348 2.0643698978
84.1819416158 2.0635492788
84.1248303935 2.0588039988
84.0677966102 2.0504611694
84.0108401084 2.0393606401
83.9539607312 2.0266967746
83.8971583221 2.0138443756
83.8404327248 2.0020675331
83.7837837838 1.9923122403
83.7272113437 1.9850128661
83.6707152497 1.9800341597
83.6142953473 1.9766689444
83.5579514825 1.9738182232
83.5016835017 1.9702278246
83.4454912517 1.9648018751
83.3893745797 1.9568921273
83.3333333333 1.9464618671
83.2773673606 1.9340935535
83.2214765101 1.9208291192
83.1656606304 1.9079280901
83.1099195710 1.8966343416
83.0542531815 1.8880228216
82.9986613119 1.8829421924
82.9431438127 1.8820184388
82.8877005348 1.8857097093
82.8323313293 1.8943206651
82.7770360481 1.9080119589
82.7218145430 1.9267076681
82.6666666667 1.9500335356
82.6115922718 1.9773169035
82.5565912117 2.0076483993
82.5016633400 2.0400410341
82.4468085106 2.0735944025
82.3920265781 2.1075717321
82.3373173971 2.1414665016
82.2826808228 2.1749359422
82.2281167109 2.2077293940
82.1736249172 2.2395859682
82.1192052980 2.2701373186
82.0648577101 2.2988205794
82.0105820106 2.3248320930
81.9563780568 2.3471576211
81.9022457067 2.3646994889
81.8481848185 2.3764598842
81.7941952507 2.3817756234
81.7402768622 2.3804000897
81.6864295125 2.3725861851
81.6326530612 2.3590164965
81.5789473684 2.3407185055
81.5253122945 2.3188974346
81.4717477004 2.2947423449
81.4182534471 2.2692306904
81.3648293963 2.2429569934
81.3114754098 2.2160944955
81.2581913499 2.1884651334
81.2049770792 2.1597343894
81.1518324607 2.1296698334
81.0987573578 2.0983132570
81.0457516340 2.0660657270
80.9928151535 2.0336378887
80.9399477807 2.0019059349
80.8871493803 1.9717819878
80.8344198175 1.9440989930
80.7817589577 1.9195260462
80.7291666667 1.8985250550
80.6766428107 1.8813334743
80.6241872562 1.8679103733
80.5717998700 1.8579035182
80.5194805195 1.8506429179
80.4672290720 1.8451978021
80.4150453956 1.8404655909
80.3629293584 1.8353666690
80.3108808290 1.8289923178
80.2588996764 1.8207848540
80.2069857697 1.8105705774
80.1551389787 1.7985242458
80.1033591731 1.7851229689
80.0516462234 1.7710045515
80.0000000000 1.7568887529
79.9484203740 1.7434874084
79.8969072165 1.7314245823
79.8454603992 1.7212253847
79.7940797941 1.7132621007
79.7427652733 1.7077320643
79.6915167095 1.7046355253
79.6403339756 1.7037161967
79.5892169448 1.7044551209
79.5381654907 1.7060913619
79.4871794872 1.7077337029
79.4362588085 1.7085154713
79.3854033291 1.7077444379
79.3346129239 1.7050639288
79.2838874680 1.7005503247
79.2332268371 1.6946931458
79.1826309068 1.6883215444
79.1320995533 1.6824015392
79.0816326531 1.6778698295
79.0312300829 1.6754989747
78.9808917197 1.6758426642
78.9306174411 1.6792670179
78.8804071247 1.6860360195
78.8302606484 1.6963272353
78.7801778907 1.7102638460
78.7301587302 1.7278442981
78.6802030457 1.7489043137
78.6303107166 1.7730466153
78.5804816223 1.7996949269
78.5307156428 1.8280455858
78.4810126582 1.8571379524
78.4313725490 1.8858383980
78.3817951960 1.9128834840
78.3322804801 1.9369876414
78.2828282828 1.9569991765
78.2334384858 1.9720886457
78.1841109710 1.9819430646
78.1348456207 1.9868313478
78.0856423174 1.9875355072
78.0365009440 1.9851848641
77.9874213836 1.9809761506
77.9384035198 1.9759791026
77.8894472362 1.9710114726
77.8405524168 1.9665838599
77.7917189460 1.9630018118
77.7429467085 1.9604357328
77.6942355890 1.9590346560
77.6455854728 1.9589315848
77.5969962453 1.9602597550
77.5484677924 1.9630762742
77.5000000000 1.9673946019
77.4515927545 1.9732499015
77.4032459426 1.9807864457
77.3549594510 1.9903070093
77.3067331671 2.0022676685
77.2585669782 2.0171194147
77.2104607721 2.0351110851
77.1624144368 2.0560373439
77.1144278607 2.0791178999
77.0665009323 2.1029207163
77.0186335404 2.1255478453
76.9708255742 2.1448921011
76.9230769231 2.1590026181
76.8753874768 2.1663571700
76.8277571252 2.1659816463
76.7801857585 2.1575212634
76.7326732673 2.1411596569
76.6852195424 2.1176323430
76.6378244747 2.0882029880
76.5904879555 2.0546183996
76.5432098765 2.0189697795
76.4959901295 1.9834531502
76.4488286067 1.9500495943
76.4017252002 1.9202851719
76.3546798030 1.8950607190
76.3076923077 1.8746084066
76.2607626076 1.8585377183
76.2138905962 1.8460160582
76.1670761671 1.8359453883
76.1203192142 1.8271845120
76.0736196319 1.8187723053
76.0269773145 1.8100736678
75.9803921569 1.8008366824
75.9338640539 1.7911773761
75.8873929009 1.7814581949
75.8409785933 1.7721435116
75.7946210269 1.7636823987
75.7483200977 1.7563851908
75.7020757021 1.7503555617
75.6558877364 1.7454560272
75.6097560976 1.7413407837
75.5636806825 1.7374887513
75.5176613886 1.7333548771
75.4716981132 1.7284713755
75.4257907543 1.7225831482
75.3799392097 1.7157443403
75.3341433779 1.7082743590
75.2884031573 1.7006968124
75.2427184466 1.6936386149
75.1970891449 1.6877398779
75.1515151515 1.6835859438
75.1059963658 1.6816617151
75.0605326877 1.6823227826
75.0151240169 1.6857948317
74.9697702539 1.6921391106
74.9244712991 1.7012633006
74.8792270531 1.7129439013
74.8340374170 1.7268431101
74.7889022919 1.7425598817
74.7438215793 1.7596640720
74.6987951807 1.7777192689
74.6538229982 1.7962999365
74.6089049338 1.8149573961
74.5640408900 1.8332027737
74.5192307692 1.8504785050
74.4744744745 1.8660842279
74.4297719088 1.8791820935
74.3851229754 1.8888132716
74.3405275779 1.8939540945
74.2959856201 1.8937259300
74.2514970060 1.8875771613
74.2070616397 1.8754662220
74.1626794258 1.8579091423
74.1183502690 1.8358967366
74.0740740741 1.8106459411
74.0298507463 1.7833439814
73.9856801909 1.7550110949
73.9415623137 1.7264539030
73.8974970203 1.6983275218
73.8534842168 1.6712613416
73.8095238095 1.6458991274
73.7656157049 1.6229393135
73.7217598098 1.6030656732
73.6779560309 1.5868774565
73.6342042755 1.5747901574
73.5905044510 1.5669474551
73.5468564650 1.5632141506
73.5032602253 1.5631404301
73.4597156398 1.5660714022
73.4162226169 1.5711991708
73.3727810651 1.5777138556
73.3293908930 1.5849026698
73.2860520095 1.5922375044
73.2427643237 1.5994102986
73.1995277450 1.6062811756
73.1563421829 1.6127565813
73.1132075472 1.6186496129
73.0701237478 1.6235865559
73.0270906949 1.6269364125
72.9841082990 1.6279617384
72.9411764706 1.6259873192
72.8982951205 1.6206394561
72.8554641598 1.6120395940
72.8126834997 1.6008529462
72.7699530516 1.5882031339
72.7272727273 1.5754576617
72.6846424385 1.5640179999
72.6420620972 1.5550671555
72.5995316159 1.5494626014
72.5570509070 1.5476169827
72.5146198830 1.5494845067
72.4722384570 1.5545477731
72.4299065421 1.5618756763
72.3876240514 1.5701994288
72.3453908985 1.5780653532
72.3032069971 1.5841056379
72.2610722611 1.5872976515
72.2189866045 1.5871648953
72.1769499418 1.5838785294
72.1349621873 1.5781294328
72.0930232558 1.5709351723
72.0511330622 1.5633693697
72.0092915215 1.5563844650
71.9674985490 1.5506631274
71.9257540603 1.5465578628
71.8840579710 1.5440838232
71.8424101970 1.5429473488
71.8008106543 1.5426579195
71.7592592593 1.5426702878
71.7177559283 1.5425627769
71.6763005780 1.5421209615
71.6348931254 1.5414037613
71.5935334873 1.5406727750
71.5522215811 1.5402975210
71.5109573241 1.5406841742
71.4697406340 1.5421682130
71.4285714286 1.5449425103
71.3874496258 1.5490628671
71.3463751438 1.5543998293
71.3053479011 1.5606860891
71.2643678161 1.5675401406
71.2234348076 1.5745199345
71.1825487945 1.5812125728
71.1417096959 1.5872044277
71.1009174312 1.5920751099
71.0601719198 1.5952714836
71.0194730813 1.5960292023
70.9788208357 1.5933358134
70.9382151030 1.5860555601
70.8976558033 1.5730903596
70.8571428571 1.5536375536
70.8166761850 1.5274552680
70.7762557078 1.4949493095
70.7358813463 1.4572316709
70.6955530217 1.4159023732
70.6552706553 1.3728360440
70.6150341686 1.3298936345
70.5748434832 1.2886856656
70.5346985210 1.2504484361
70.4945992041 1.2159920609
70.4545454545 1.1856909443
70.4145371948 1.1595661678
70.3745743473 1.1373567043
70.3346568349 1.1186159407
70.2947845805 1.1028273838
70.2549575071 1.0894230546
70.2151755379 1.0778632900
70.1754385965 1.0676432396
70.1357466063 1.0583116035
70.0960994912 1.0494832397
70.0564971751 1.0408271777
70.0169395822 1.0320914673
69.9774266366 1.0230480449
69.9379582628 1.0135236358
69.8985343856 1.0033814410
69.8591549296 0.9925829998
69.8198198198 0.9811762092
69.7805289814 0.9693513236
69.7412823397 0.9573920287
69.7020798201 0.9456200895
69.6629213483 0.9343645055
69.6238068501 0.9238808682
69.5847362514 0.9143386202
69.5457094784 0.9058206881
69.5067264574 0.8983417891
69.4677871148 0.8918855039
69.4288913774 0.8864166195
69.3900391718 0.8819184495
69.3512304251 0.8783741993
69.3124650643 0.8758231047
69.2737430168 0.8743356374
69.2350642099 0.8740448090
69.1964285714 0.8751400760
69.1578360290 0.8778486983
69.1192865106 0.8823794845
69.0807799443 0.8888913923
69.0423162584 0.8975183838
69.0038953812 0.9083254930
68.9655172414 0.9213462402
68.9271817676 0.9365700394
68.8888888889 0.9539358746
68.8506385341 0.9732821334
68.8124306326 0.9943026988
68.7742651137 1.0165406737
68.7361419069 1.0393319894
68.6980609418 1.0618618207
68.6600221484 1.0832523012
68.6220254566 1.1026376102
68.5840707965 1.1193079674
68.5461580984 1.1327972696
68.5082872928 1.1429082016
68.4704583103 1.1497438869
68.4326710817 1.1536645179
68.3949255378 1.1552503995
68.3572216097 1.1552713310
68.3195592287 1.1546244688
68.2819383260 1.1542530275
68.2443588332 1.1550708505
68.2068206821 1.1578235421
68.1693238043 1.1630184354
68.1318681319 1.1707787102
68.0944535969 1.1808172375
68.0570801317 1.1923727789
68.0197476687 1.2042472939
67.9824561404 1.2149064586
67.9452054795 1.2226495265
67.9079956188 1.2258864352
67.8708264915 1.2234024913
67.8336980306 1.2145606360
67.7966101695 1.1994164990
67.7595628415 1.1786386042
67.7225559803 1.1533848425
67.6855895197 1.1250899213
67.6486633933 1.0952070260
67.6117775354 1.0650684368
67.5749318801 1.0357192557
67.5381263617 1.0078965251
67.5013609145 0.9820656365
67.4646354733 0.9584186507
67.4279499728 0.9369688096
67.3913043478 0.9175944806
67.3546985334 0.9000962894
67.3181324647 0.8842289437
67.2816060770 0.8697525291
67.2451193059 0.8564583383
67.2086720867 0.8441883719
67.1722643554 0.8328226996
67.1358960476 0.8223054248
67.0995670996 0.8126255909
67.0632774473 0.8037915303
67.0270270270 0.7958050928
66.9908157753 0.7886357617
66.9546436285 0.7822399509
66.9185105235 0.7765674418
66.8824163970 0.7715937543
66.8463611860 0.7673461651
66.8103448276 0.7638973841
66.7743672590 0.7613916431
66.7384284177 0.7599669725
66.7025282410 0.7597811407
66.6666666667 0.7609336735
66.6308436325 0.7634266506
66.5950590763 0.7671709592
66.5593129361 0.7719730757
66.5236051502 0.7775609136
66.4879356568 0.7835967261
66.4523043944 0.7897552147
66.4167113016 0.7957040153
66.3811563169 0.8011428159
66.3456393793 0.8058229825
66.3101604278 0.8095280515
66.2747194014 0.8121521436
66.2393162393 0.8136805964
66.2039508809 0.8142686425
66.1686232657 0.8142157041
66.1333333333 0.8139330910
66.0980810235 0.8138788415
66.0628662760 0.8145054284
66.0276890309 0.8162138091
65.9925492283 0.8193138684
65.9574468085 0.8240372343
65.9223817119 0.8304910769
65.8873538789 0.8387103315
65.8523632501 0.8486115624
65.8174097665 0.8599730641
65.7824933687 0.8724609850
65.7476139979 0.8856095192
65.7127715951 0.8988799832
65.6779661017 0.9117199527
65.6431974590 0.9235895450
65.6084656085 0.9340008548
65.5737704918 0.9425639987
65.5391120507 0.9489739769
65.5044902272 0.9530436544
65.4699049630 0.9546445837
65.4353562005 0.9537532487
65.4008438819 0.9504315173
65.3663679494 0.9448929512
65.3319283456 0.9375231916
65.2975250132 0.9288740535
65.2631578947 0.9195914514
65.2288269332 0.9103429950
65.1945320715 0.9017054207
65.1602732528 0.8941111650
65.1260504202 0.8878676939
65.0918635171 0.8831503605
65.0577124869 0.8800484343
65.0235972732 0.8785448627
64.9895178197 0.8785159665
64.9554740702 0.8796845915
64.9214659686 0.8815798244
64.8874934589 0.8835898799
64.8535564854 0.8850017853
64.8196549922 0.8851011192
64.7857889237 0.8832986441
64.7519582245 0.8792439500
64.7181628392 0.8728994861
64.6844027126 0.8645615606
64.6506777894 0.8547745876
64.6169880146 0.8442718756
64.5833333333 0.8337687543
64.5497136908 0.8239022104
64.5161290323 0.8150963628
64.4825793032 0.8075549058
64.4490644491 0.8013140313
64.4155844156 0.7962821848
64.3821391485 0.7923338471
64.3487285937 0.7893565706
64.3153526971 0.7872577799
64.2820114049 0.7859918030
64.2487046632 0.7855060825
64.2154324184 0.7857209313
64.1821946170 0.7865024785
64.1489912054 0.7876557967
64.1158221303 0.7889517808
64.0826873385 0.7901203190
64.0495867769 0.7908772350
64.0165203924 0.7909851230
63.9834881321 0.7902534449
63.9504899433 0.7885928006
63.9175257732 0.7860355186
63.8845955693 0.7827427774
63.8516992791 0.7789235924
63.8188368502 0.7748281916
63.7860082305 0.7707074015
63.7532133676 0.7667446906
63.7204522097 0.7630763642
63.6877247047 0.7597642008
63.6550308008 0.7567816060
63.6223704464 0.7540474201
63.5897435897 0.7514393907
63.5571501794 0.7488281640
63.5245901639 0.7461113807
63.4920634921 0.7432410681
63.4595701126 0.7401964680
63.4271099744 0.7370251269
63.3946830266 0.7337678635
63.3622892182 0.7304861207
63.3299284985 0.7272551792
63.2976008167 0.7241436425
63.2653061224 0.7212476925
63.2330443651 0.7186637292
63.2008154944 0.7164746398
63.1686194600 0.7147291556
63.1364562118 0.7134761016
63.1043256997 0.7127231500
63.0722278739 0.7124986031
63.0401626843 0.7128239231
63.0081300813 0.7137274824
62.9761300152 0.7152308020
62.9441624365 0.7173003006
62.9122272958 0.7198402719
62.8803245436 0.7226651584
62.8484541308 0.7254993567
62.8166160081 0.7280460480
62.7848101266 0.7300147681
62.7530364372 0.7312043109
62.7212948912 0.7315236597
62.6895854398 0.7309991570
62.6579080344 0.7296986875
62.6262626263 0.7277179455
62.5946491671 0.7250627482
62.5630676085 0.7216834430
62.5315179022 0.7174678074
62.5000000000 0.7123033121
62.4685138539 0.7061534877
62.4370594159 0.6990929051
62.4056366381 0.6913492616
62.3742454728 0.6832482500
62.3428858723 0.6751860580
62.3115577889 0.6675251033
62.2802611753 0.6605381180
62.2489959839 0.6543868968
62.2177621676 0.6490870047
62.1865596790 0.6445562076
62.1553884712 0.6406211730
62.1242484970 0.6371011384
62.0931397096 0.6338498878
62.0620620621 0.6307558673
62.0310155078 0.6278053315
62.0000000000 0.6250475816
