124000.0000000000 0.0000030746
62000.0000000000 0.0000302148
41333.3333333333 0.0000936102
31000.0000000000 0.0001930823
24800.0000000000 0.0003284823
20666.6666666667 0.0005010423
17714.2857142857 0.0007127352
15500.0000000000 0.0009654868
13777.7777777778 0.0012604664
12400.0000000000 0.0015969873
11272.7272727273 0.0019716620
10333.3333333333 0.0023771020
9538.4615384615 0.0028014938
8857.1428571429 0.0032292453
8266.6666666667 0.0036425754
7750.0000000000 0.0040249764
7294.1176470588 0.0043646679
6888.8888888889 0.0046571545
6526.3157894737 0.0049057037
6200.0000000000 0.0051199445
5904.7619047619 0.0053134473
5636.3636363636 0.0055009570
5391.3043478261 0.0056967799
5166.6666666667 0.0059136563
4960.0000000000 0.0061623422
4769.2307692308 0.0064513917
4592.5925925926 0.0067876411
4428.5714285714 0.0071757633
4275.8620689655 0.0076185404
4133.3333333333 0.0081166496
4000.0000000000 0.0086682518
3875.0000000000 0.0092691248
3757.5757575758 0.0099126482
3647.0588235294 0.0105907930
3542.8571428571 0.0112948294
3444.4444444444 0.0120171815
3351.3513513514 0.0127533180
3263.1578947368 0.0135038990
3179.4871794872 0.0142770405
3100.0000000000 0.0150884062
3024.3902439024 0.0159598655
2952.3809523810 0.0169181290
2883.7209302326 0.0179912795
2818.1818181818 0.0192066400
2755.5555555556 0.0205891606
2695.6521739130 0.0221591469
2638.2978723404 0.0239294219
2583.3333333333 0.0259028915
2530.6122448980 0.0280673175
2480.0000000000 0.0303899355
2431.3725490196 0.0328125094
2384.6153846154 0.0352495248
2339.6226415094 0.0375911154
2296.2962962963 0.0397132545
2254.5454545455 0.0414951019
2214.2857142857 0.0428375099
2175.4385964912 0.0436799666
2137.9310344828 0.0440098104
2101.6949152542 0.0438613483
2066.6666666667 0.0433087115
2032.7868852459 0.0424524261
2000.0000000000 0.0414021695
1968.2539682540 0.0402630501
1937.5000000000 0.0391237357
1907.6923076923 0.0380527652
1878.7878787879 0.0370974945
1850.7462686567 0.0362873981
1823.5294117647 0.0356383223
1797.1014492754 0.0351555388
1771.4285714286 0.0348391452
1746.4788732394 0.0346847157
1722.2222222222 0.0346868439
1698.6301369863 0.0348391250
1675.6756756757 0.0351359734
1653.3333333333 0.0355724638
1631.5789473684 0.0361449584
1610.3896103896 0.0368512313
1589.7435897436 0.0376900397
1569.6202531646 0.0386626124
1550.0000000000 0.0397711260
1530.8641975309 0.0410190630
1512.1951219512 0.0424124618
1493.9759036145 0.0439583120
1476.1904761905 0.0456663926
1458.8235294118 0.0475479250
1441.8604651163 0.0496168624
1425.2873563218 0.0518891055
1409.0909090909 0.0543844608
1393.2584269663 0.0571249422
1377.7777777778 0.0601364518
1362.6373626374 0.0634479880
1347.8260869565 0.0670920926
1333.3333333333 0.0711059773
1319.1489361702 0.0755277200
1305.2631578947 0.0803985983
1291.6666666667 0.0857567334
1278.3505154639 0.0916365142
1265.3061224490 0.0980614106
1252.5252525253 0.1050356678
1240.0000000000 0.1125366032
1227.7227722772 0.1205075832
1215.6862745098 0.1288517536
1203.8834951456 0.1374364319
1192.3076923077 0.1461063170
1180.9523809524 0.1547031006
1169.8113207547 0.1630933395
1158.8785046729 0.1711925723
1148.1481481481 0.1789822875
1137.6146788991 0.1865184420
1127.2727272727 0.1939227867
1117.1171171171 0.2013653120
1107.1428571429 0.2090396704
1097.3451327434 0.2171439793
1087.7192982456 0.2258714404
1078.2608695652 0.2354122472
1068.9655172414 0.2459527442
1059.8290598291 0.2576663032
1050.8474576271 0.2706921080
1042.0168067227 0.2851041263
1033.3333333333 0.3008790917
1024.7933884298 0.3178712225
1016.3934426230 0.3357971503
1008.1300813008 0.3542407700
1000.0000000000 0.3726969913
992.0000000000 0.3906555428
984.1269841270 0.4077268235
976.3779527559 0.4237618188
968.7500000000 0.4389254764
961.2403100775 0.4536682791
953.8461538462 0.4686055984
946.5648854962 0.4843465547
939.3939393939 0.5013224519
932.3308270677 0.5196633315
925.3731343284 0.5391453129
918.5185185185 0.5592215483
911.7647058824 0.5791461799
905.1094890511 0.5981663236
898.5507246377 0.6157347470
892.0863309353 0.6316577452
885.7142857143 0.6461125908
879.4326241135 0.6595128247
873.2394366197 0.6722985354
867.1328671329 0.6847418025
861.1111111111 0.6968736509
855.1724137931 0.7085512707
849.3150684932 0.7196389961
843.5374149660 0.7302079984
837.8378378378 0.7406445687
832.2147651007 0.7516140275
826.6666666667 0.7638797345
821.1920529801 0.7780592892
815.7894736842 0.7944020538
810.4575163399 0.8126552729
805.1948051948 0.8320618609
800.0000000000 0.8515129427
794.8717948718 0.8698347937
789.8089171975 0.8861519438
784.8101265823 0.9001933987
779.8742138365 0.9124292452
775.0000000000 0.9239561958
770.1863354037 0.9362007183
765.4320987654 0.9505429922
760.7361963190 0.9679875176
756.0975609756 0.9889493902
751.5151515152 1.0131693777
746.9879518072 1.0397559850
742.5149700599 1.0673263520
738.0952380952 1.0942294006
733.7278106509 1.1188085425
729.4117647059 1.1396743377
725.1461988304 1.1559400425
720.9302325581 1.1673813880
716.7630057803 1.1744730630
712.6436781609 1.1782899063
708.5714285714 1.1802799013
704.5454545455 1.1819863591
700.5649717514 1.1848035588
696.6292134831 1.1898216956
692.7374301676 1.1977496715
688.8888888889 1.2088749897
685.0828729282 1.2230261567
681.3186813187 1.2395642832
677.5956284153 1.2574542884
673.9130434783 1.2754545770
670.2702702703 1.2923995945
666.6666666667 1.3074709030
663.1016042781 1.3203477564
659.5744680851 1.3311615354
656.0846560847 1.3402862093
652.6315789474 1.3480573009
649.2146596859 1.3545671271
645.8333333333 1.3596273279
642.4870466321 1.3629061400
639.1752577320 1.3641583467
635.8974358974 1.3634105615
632.6530612245 1.3610169859
629.4416243655 1.3575822293
626.2626262626 1.3538296493
623.1155778894 1.3504619895
620.0000000000 1.3480527849
616.9154228856 1.3469365111
613.8613861386 1.3470885816
610.8374384236 1.3480370977
607.8431372549 1.3488772910
604.8780487805 1.3484253724
601.9417475728 1.3454907177
599.0338164251 1.3391666431
596.1538461538 1.3290269972
593.3014354067 1.3151894120
590.4761904762 1.2982645893
587.6777251185 1.2792531140
584.9056603774 1.2594052799
582.1596244131 1.2400423759
579.4392523364 1.2223720507
576.7441860465 1.2073193308
574.0740740741 1.1954393275
571.4285714286 1.1868983769
568.8073394495 1.1815103427
566.2100456621 1.1787722981
563.6363636364 1.1779009472
561.0859728507 1.1778987061
558.5585585586 1.1776962983
556.0538116592 1.1763601707
553.5714285714 1.1733177723
551.1111111111 1.1684921635
548.6725663717 1.1622734562
546.2555066079 1.1553084818
543.8596491228 1.1481952476
541.4847161572 1.1411736534
539.1304347826 1.1339593113
536.7965367965 1.1257789118
534.4827586207 1.1156183305
532.1888412017 1.1026140561
529.9145299145 1.0864341355
527.6595744681 1.0674861780
525.4237288136 1.0468846700
523.2067510549 1.0261975040
521.0084033613 1.0071228970
518.8284518828 0.9911940194
516.6666666667 0.9796119372
514.5228215768 0.9731805611
512.3966942149 0.9723178360
510.2880658436 0.9770916340
508.1967213115 0.9872539367
506.1224489796 1.0022740009
504.0650406504 1.0213660369
502.0242914980 1.0435582366
500.0000000000 1.0677936383
497.9919678715 1.0930771835
496.0000000000 1.1186404262
494.0239043825 1.1440824726
492.0634920635 1.1694682449
490.1185770751 1.1953532683
488.1889763780 1.2227041336
486.2745098039 1.2527455032
484.3750000000 1.2867495484
482.4902723735 1.3258270033
480.6201550388 1.3707586102
478.7644787645 1.4219184420
476.9230769231 1.4792521173
475.0957854406 1.5422905756
473.2824427481 1.6101029108
471.4828897338 1.6811645264
469.6969696970 1.7531372079
467.9245283019 1.8226886852
466.1654135338 1.8854826546
464.4194756554 1.9364900613
462.6865671642 1.9706546439
460.9665427509 1.9838208734
459.2592592593 1.9736779757
457.5645756458 1.9403790547
455.8823529412 1.8865893618
454.2124542125 1.8169288107
452.5547445255 1.7370129686
450.9090909091 1.6524377988
449.2753623188 1.5680049928
447.6534296029 1.4872985249
446.0431654676 1.4126001463
444.4444444444 1.3450096469
442.8571428571 1.2846901524
441.2811387900 1.2311506202
439.7163120567 1.1835287605
438.1625441696 1.1408633512
436.6197183099 1.1022993426
435.0877192982 1.0672229474
433.5664335664 1.0353063747
432.0557491289 1.0064823874
430.5555555556 0.9808547172
429.0657439446 0.9585899066
427.5862068966 0.9397892510
426.1168384880 0.9244013198
424.6575342466 0.9121844993
423.2081911263 0.9027373088
421.7687074830 0.8955838680
420.3389830508 0.8902674705
418.9189189189 0.8864038424
417.5084175084 0.8836743758
416.1073825503 0.8817796789
414.7157190635 0.8803764866
413.3333333333 0.8790770325
411.9601328904 0.8774861623
410.5960264901 0.8752739079
409.2409240924 0.8722209898
407.8947368421 0.8682228327
406.5573770492 0.8632670653
405.2287581699 0.8574105539
403.9087947883 0.8507837921
402.5974025974 0.8435996695
401.2944983819 0.8361430088
400.0000000000 0.8287339101
398.7138263666 0.8216838039
397.4358974359 0.8152592980
396.1661341853 0.8096944387
394.9044585987 0.8052108995
393.6507936508 0.8020594612
392.4050632911 0.8005358229
391.1671924290 0.8009900411
389.9371069182 0.8038005756
388.7147335423 0.8093589207
387.5000000000 0.8180583734
386.2928348910 0.8302724897
385.0931677019 0.8463421351
383.9009287926 0.8665330604
382.7160493827 0.8909939762
381.5384615385 0.9197208932
380.3680981595 0.9525301990
379.2048929664 0.9890691073
378.0487804878 1.0288561107
376.8996960486 1.0713586894
375.7575757576 1.1160904094
374.6223564955 1.1627080758
373.4939759036 1.2110628795
372.3723723724 1.2611840979
371.2574850299 1.3131713286
370.1492537313 1.3670345077
369.0476190476 1.4225239871
367.9525222552 1.4790481393
366.8639053254 1.5356971078
365.7817109145 1.5913658079
364.7058823529 1.6449014521
363.6363636364 1.6952080546
362.5730994152 1.7412535316
361.5160349854 1.7819969175
360.4651162791 1.8162744986
359.4202898551 1.8427076620
358.3815028902 1.8596927084
357.3487031700 1.8655140030
356.3218390805 1.8585994652
355.3008595989 1.8378816000
354.2857142857 1.8031617410
353.2763532764 1.7553717539
352.2727272727 1.6965813703
351.2747875354 1.6297378103
350.2824858757 1.5582154288
349.2957746479 1.4853223618
348.3146067416 1.4139124495
347.3389355742 1.3461860338
346.3687150838 1.2836568529
345.4038997214 1.2272538387
344.4444444444 1.1774525040
343.4903047091 1.1343966811
342.5414364641 1.0979736504
341.5977961433 1.0678525142
340.6593406593 1.0435137755
339.7260273973 1.0242735549
338.7978142077 1.0093390623
337.8746594005 0.9979022071
336.9565217391 0.9892374047
336.0433604336 0.9828163234
335.1351351351 0.9783754762
334.2318059299 0.9759240563
333.3333333333 0.9757037976
332.4396782842 0.9781116355
331.5508021390 0.9836053301
330.6666666667 0.9926270330
329.7872340426 1.0055347862
328.9124668435 1.0225710432
328.0423280423 1.0438505601
327.1767810026 1.0693824988
326.3157894737 1.0990890323
325.4593175853 1.1328150802
324.6073298429 1.1702985777
323.7597911227 1.2111365469
322.9166666667 1.2547389774
322.0779220779 1.3003355532
321.2435233161 1.3469931816
320.4134366925 1.3936456764
319.5876288660 1.4391369543
318.7660668380 1.4822724507
317.9487179487 1.5219123351
317.1355498721 1.5571057541
316.3265306122 1.5872022307
315.5216284987 1.6119092271
314.7208121827 1.6312670056
313.9240506329 1.6455626962
313.1313131313 1.6553087974
312.3425692695 1.6612665917
311.5577889447 1.6645001197
310.7769423559 1.6663475947
310.0000000000 1.6682743236
309.2269326683 1.6716433399
308.4577114428 1.6775029151
307.6923076923 1.6864992921
306.9306930693 1.6989143416
306.1728395062 1.7148206392
305.4187192118 1.7342681093
304.6683046683 1.7574481062
303.9215686275 1.7847896355
303.1784841076 1.8169781380
302.4390243902 1.8548928509
301.7031630170 1.8994560931
300.9708737864 1.9514428606
300.2421307506 2.0112480236
299.5169082126 2.0786762765
298.7951807229 2.1527572587
298.0769230769 2.2316358424
297.3621103118 2.3125561963
296.6507177033 2.3919715351
295.9427207637 2.4658406907
295.2380952381 2.5301407729
294.5368171021 2.5815790856
293.8388625592 2.6183359878
293.1442080378 2.6405562260
292.4528301887 2.6503615343
291.7647058824 2.6513301237
291.0798122066 2.6476554594
290.3981264637 2.6433108407
289.7196261682 2.6414559048
289.0442890443 2.6441763759
288.3720930233 2.6524839329
287.7030162413 2.6664764076
287.0370370370 2.6855611832
286.3741339492 2.7086957760
285.7142857143 2.7346042835
285.0574712644 2.7619963613
284.4036697248 2.7897474120
283.7528604119 2.8170437433
283.1050228311 2.8434659842
282.4601366743 2.8690101655
281.8181818182 2.8940443495
281.1791383220 2.9192147423
280.5429864253 2.9453005779
279.9097065463 2.9730658606
279.2792792793 3.0031227536
278.6516853933 3.0358365721
278.0269058296 3.0712641421
277.4049217002 3.1090888595
276.7857142857 3.1485733377
276.1692650334 3.1885372219
275.5555555556 3.2274886434
274.9445676275 3.2638731778
274.3362831858 3.2963949351
273.7306843267 3.3242698268
273.1277533040 3.3472831655
272.5274725275 3.3656497504
271.9298245614 3.3797041105
271.3347921225 3.3896146804
270.7423580786 3.3952610597
270.1525054466 3.3963857189
269.5652173913 3.3929574052
268.9804772234 3.3855228498
268.3982683983 3.3753698155
267.8185745140 3.3643773317
267.2413793103 3.3545917437
266.6666666667 3.3477465853
266.0944206009 3.3449030248
265.5246252677 3.3463854570
264.9572649573 3.3519742873
264.3923240938 3.3612122933
263.8297872340 3.3736390375
263.2696390658 3.3888037622
262.7118644068 3.4061394632
262.1564482030 3.4247745842
261.6033755274 3.4434006556
261.0526315789 3.4602435275
260.5042016807 3.4731705102
259.9580712788 3.4799252538
259.4142259414 3.4784540973
258.8726513570 3.4672848013
258.3333333333 3.4458760431
257.7962577963 3.4148533417
257.2614107884 3.3760605379
256.7287784679 3.3323574787
256.1983471074 3.2872338736
255.6701030928 3.2442910528
255.1440329218 3.2067618631
254.6201232033 3.1772011755
254.0983606557 3.1573425523
253.5787321063 3.1481196485
253.0612244898 3.1497471602
252.5458248473 3.1617906645
252.0325203252 3.1831725819
251.5212981744 3.2121490630
251.0121457490 3.2463569311
250.5050505051 3.2829928575
250.0000000000 3.3191478352
249.4969818913 3.3521921470
248.9959839357 3.3800893893
248.4969939880 3.4016085005
248.0000000000 3.4164208687
247.5049900200 3.4251319632
247.0119521912 3.4292188141
246.5208747515 3.4308151661
246.0317460317 3.4323711029
245.5445544554 3.4361760220
245.0592885375 3.4439183536
244.5759368836 3.4563821696
244.0944881890 3.4733927822
243.6149312377 3.4940772522
243.1372549020 3.5173320882
242.6614481409 3.5423764877
242.1875000000 3.5691567757
241.7153996101 3.5984397120
241.2451361868 3.6315439940
240.7766990291 3.6697741596
240.3100775194 3.7137768616
239.8452611219 3.7630002306
239.3822393822 3.8153859979
238.9210019268 3.8673606526
238.4615384615 3.9141662324
238.0038387716 3.9505057342
237.5478927203 3.9714540992
237.0936902486 3.9735014900
236.6412213740 3.9554357991
236.1904761905 3.9188051896
235.7414448669 3.8677569689
235.2941176471 3.8082623943
234.8484848485 3.7469368937
234.4045368620 3.6898338372
233.9622641509 3.6414566289
233.5216572505 3.6041930624
233.0827067669 3.5781758577
232.6454033771 3.5615399649
232.2097378277 3.5510021515
231.7757009346 3.5426280989
231.3432835821 3.5326544731
230.9124767225 3.5181290677
230.4832713755 3.4972358412
230.0556586271 3.4692524131
229.6296296296 3.4342836554
229.2051756007 3.3929428982
228.7822878229 3.3461835327
228.3609576427 3.2952471613
227.9411764706 3.2416616029
227.5229357798 3.1871319452
227.1062271062 3.1332766839
226.6910420475 3.0813129957
226.2773722628 3.0318511596
225.8652094718 2.9848998653
225.4545454545 2.9401458076
225.0453720508 2.8972844719
224.6376811594 2.8563177520
224.2314647378 2.8176285548
223.8267148014 2.7818818192
223.4234234234 2.7498101137
223.0215827338 2.7220311398
222.6211849192 2.6989503863
222.2222222222 2.6807750288
221.8246869410 2.6675940415
221.4285714286 2.6594558319
221.0338680927 2.6564186788
220.6405693950 2.6585375875
220.2486678508 2.6658056230
219.8581560284 2.6780530442
219.4690265487 2.6948229161
219.0812720848 2.7152820188
218.6948853616 2.7382378449
218.3098591549 2.7623691377
217.9261862917 2.7866010574
217.5438596491 2.8104810428
217.1628721541 2.8343452907
216.7832167832 2.8591573961
216.4048865620 2.8861080426
216.0278745645 2.9161691745
215.6521739130 2.9498137606
215.2777777778 2.9869261364
214.9046793761 3.0268681893
214.5328719723 3.0686176982
214.1623488774 3.1109365488
213.7931034483 3.1526168507
213.4251290878 3.1928206907
213.0584192440 3.2313829484
212.6929674099 3.2689265176
212.3287671233 3.3066204789
211.9658119658 3.3456444003
211.6040955631 3.3865640513
211.2436115843 3.4289015507
210.8843537415 3.4711016670
210.5263157895 3.5109741147
210.1694915254 3.5464369985
209.8138747885 3.5762908415
209.4594594595 3.6006527341
209.1062394604 3.6209092134
208.7542087542 3.6392366739
208.4033613445 3.6579266724
208.0536912752 3.6787717244
207.7051926298 3.7026162271
207.3578595318 3.7290829226
207.0116861436 3.7564850856
206.6666666667 3.7819079787
206.3227953411 3.8015382132
205.9800664452 3.8112174743
205.6384742952 3.8071983779
205.2980132450 3.7868992842
204.9586776860 3.7495129412
204.6204620462 3.6962063897
204.2833607908 3.6298141853
203.9473684211 3.5541246986
203.6124794745 3.4730565529
203.2786885246 3.3900729134
202.9459901800 3.3079916057
202.6143790850 3.2291242171
202.2838499184 3.1555493910
201.9543973941 3.0892683063
201.6260162602 3.0321841843
201.2987012987 2.9859514679
200.9724473258 2.9517710211
200.6472491909 2.9302162649
200.3231017771 2.9210755696
200.0000000000 2.9232267064
199.6779388084 2.9345899112
199.3569131833 2.9522513304
199.0369181380 2.9728234816
198.7179487179 2.9930531469
198.4000000000 3.0105108345
198.0830670927 3.0241002186
197.7671451356 3.0341747408
197.4522292994 3.0421751933
197.1383147854 3.0499906018
196.8253968254 3.0593448253
196.5134706815 3.0713978663
196.2025316456 3.0866739608
195.8925750395 3.1052422171
195.5835962145 3.1270151349
195.2755905512 3.1520917672
194.9685534591 3.1809721605
194.6624803768 3.2146056943
194.3573667712 3.2542125944
194.0532081377 3.3009555781
193.7500000000 3.3556054841
193.4477379095 3.4183164190
193.1464174455 3.4886093136
192.8460342146 3.5654883945
192.5465838509 3.6475970585
192.2480620155 3.7332747662
191.9504643963 3.8204805467
191.6537867079 3.9066484934
191.3580246914 3.9886524410
191.0631741140 4.0629569867
190.7692307692 4.1260151713
190.4761904762 4.1748519776
190.1840490798 4.2076145208
189.8928024502 4.2239471772
189.6024464832 4.2250228194
189.3129770992 4.2132242005
189.0243902439 4.1915801649
188.7366818874 4.1631373428
188.4498480243 4.1304041781
188.1638846737 4.0950751112
187.8787878788 4.0580740617
187.5945537065 4.0199124894
187.3111782477 3.9811603335
187.0286576169 3.9428694472
186.7469879518 3.9067270433
186.4661654135 3.8749385336
186.1861861862 3.8498958725
185.9070464768 3.8337155327
185.6287425150 3.8278096528
185.3512705531 3.8325566078
185.0746268657 3.8471512429
184.7988077496 3.8696596585
184.5238095238 3.8972313185
184.2496285290 3.9264896551
183.9762611276 3.9539899814
183.7037037037 3.9767901718
183.4319526627 3.9929743308
183.1610044313 4.0020583777
182.8908554572 4.0050268189
182.6215022091 4.0039404806
182.3529411765 4.0011938288
182.0851688693 3.9986694981
181.8181818182 3.9970731041
181.5519765739 3.9957409374
181.2865497076 3.9929038918
181.0218978102 3.9863786232
180.7580174927 3.9743764497
180.4949053857 3.9562459134
180.2325581395 3.9328871322
179.9709724238 3.9067292136
179.7101449275 3.8812955146
179.4500723589 3.8605430190
179.1907514451 3.8482112038
178.9321789322 3.8473650705
178.6743515850 3.8601851047
178.4172661871 3.8879595667
178.1609195402 3.9311254997
177.9053084648 3.9893548073
177.6504297994 4.0616716214
177.3962804006 4.1466274638
177.1428571429 4.2425782555
176.8901569187 4.3479749642
176.6381766382 4.4615959582
176.3869132290 4.5825550398
176.1363636364 4.7100752735
175.8865248227 4.8430378439
175.6373937677 4.9793947042
175.3889674682 5.1157015515
175.1412429379 5.2469420371
174.8942172073 5.3668455595
174.6478873239 5.4687142058
174.4022503516 5.5466174571
174.1573033708 5.5966177563
173.9130434783 5.6176035091
173.6694677871 5.6115159878
173.4265734266 5.5828423571
173.1843575419 5.5376558265
172.9428172943 5.4825031806
172.7019498607 5.4234715025
172.4617524339 5.3656754211
172.2222222222 5.3131556747
171.9833564494 5.2690767466
171.7451523546 5.2360136928
171.5076071923 5.2161581519
171.2707182320 5.2113570129
171.0344827586 5.2229862840
170.7988980716 5.2517562857
170.5639614856 5.2974631932
170.3296703297 5.3587925376
170.0960219479 5.4332522491
169.8630136986 5.5173479535
169.6306429549 5.6070415581
169.3989071038 5.6984404489
169.1678035471 5.7885321770
168.9373297003 5.8756839734
168.7074829932 5.9596662788
168.4782608696 6.0411461540
168.2496607870 6.1208244161
168.0216802168 6.1985357075
167.7943166441 6.2727033168
167.5675675676 6.3403857767
167.3414304993 6.3978209035
167.1159029650 6.4412937986
166.8909825034 6.4679291846
166.6666666667 6.4761947672
166.4429530201 6.4660786483
166.2198391421 6.4389902167
165.9973226238 6.3975155732
165.7754010695 6.3450945106
165.5540720961 6.2856440336
165.3333333333 6.2231144736
165.1131824234 6.1609910204
164.8936170213 6.1017440104
164.6746347942 6.0464167112
164.4562334218 5.9944216145
164.2384105960 5.9436969586
164.0211640212 5.8910918201
163.8044914135 5.8329626709
163.5883905013 5.7658955128
163.3728590250 5.6875065900
163.1578947368 5.5971473470
162.9434954008 5.4963026220
162.7296587927 5.3883977574
162.5163826999 5.2780874530
162.3036649215 5.1702606060
162.0915032680 5.0691528831
161.8798955614 4.9778255521
161.6688396349 4.8980826368
161.4583333333 4.8306651361
161.2483745124 4.7756033172
161.0389610390 4.7324741413
160.8300907912 4.7005505784
160.6217616580 4.6787902395
160.4139715395 4.6657924669
160.2067183463 4.6597831507
160.0000000000 4.6586971481
159.7938144330 4.6603287467
159.5881595882 4.6624151310
159.3830334190 4.6626819312
159.1784338896 4.6588203230
158.9743589744 4.6485155336
158.7708066581 4.6295297868
158.5677749361 4.5998304417
158.3652618135 4.5576988344
158.1632653061 4.5017723369
157.9617834395 4.4311615395
157.7608142494 4.3456499078
157.5603557814 4.2459993507
157.3604060914 4.1341886517
157.1609632446 4.0133881580
156.9620253165 3.8876236631
156.7635903919 3.7612762407
156.5656565657 3.6385905568
156.3682219420 3.5233168260
156.1712846348 3.4185360899
155.9748427673 3.3265968065
155.7788944724 3.2491568757
155.5834378921 3.1872472250
155.3884711779 3.1413047083
155.1939924906 3.1112483050
155.0000000000 3.0965084447
154.8064918851 3.0961070824
154.6134663342 3.1087751067
154.4209215442 3.1330557380
154.2288557214 3.1674036497
154.0372670807 3.2102309889
153.8461538462 3.2599050613
153.6555142503 3.3147027917
153.4653465347 3.3727700433
153.2756489493 3.4320911151
153.0864197531 3.4904896669
152.8976572133 3.5456688787
152.7093596059 3.5953467923
152.5215252153 3.6375056638
152.3341523342 3.6707213930
152.1472392638 3.6944487994
151.9607843137 3.7091490417
151.7747858017 3.7161520330
151.5892420538 3.7172731397
151.4041514042 3.7142829428
151.2195121951 3.7084561729
151.0353227771 3.7003104047
150.8515815085 3.6896821942
150.6682867558 3.6760116705
150.4854368932 3.6587756315
150.3030303030 3.6378187009
150.1210653753 3.6134785952
149.9395405079 3.5864161899
149.7584541063 3.5573376379
149.5778045838 3.5267517337
149.3975903614 3.4948833092
149.2178098676 3.4617419630
149.0384615385 3.4272767429
148.8595438175 3.3915381126
148.6810551559 3.3548114701
148.5029940120 3.3177135750
148.3253588517 3.2812651948
148.1481481481 3.2468367168
147.9713603819 3.2160203673
147.7949940405 3.1904167079
147.6190476190 3.1714182126
147.4435196195 3.1600547349
147.2684085511 3.1569582659
147.0937129300 3.1623842516
146.9194312796 3.1763209612
146.7455621302 3.1985722882
146.5721040189 3.2288415399
146.3990554900 3.2667372352
146.2264150943 3.3117594639
146.0541813899 3.3633144946
145.8823529412 3.4207576399
145.7109283196 3.4834923855
145.5399061033 3.5510778057
145.3692848769 3.6232514142
145.1990632319 3.6999180085
145.0292397661 3.7810793751
144.8598130841 3.8668144456
144.6907817970 3.9572510052
144.5221445221 4.0525850216
144.3538998836 4.1530075735
144.1860465116 4.2585539975
144.0185830430 4.3688620558
143.8515081206 4.4829405274
143.6848203940 4.5990485871
143.5185185185 4.7147125497
143.3526011561 4.8268446072
143.1870669746 4.9320057217
143.0219146482 5.0267137741
142.8571428571 5.1078964256
142.6927502877 5.1733849046
142.5287356322 5.2223031980
142.3650975890 5.2552409176
142.2018348624 5.2741290371
142.0389461627 5.2819248648
141.8764302059 5.2822130448
141.7142857143 5.2788099473
141.5525114155 5.2754021583
141.3911060433 5.2752545262
141.2300683371 5.2810417858
141.0693970421 5.2948312789
140.9090909091 5.3181270151
140.7491486947 5.3518561861
140.5895691610 5.3962062258
140.4303510759 5.4503715181
140.2714932127 5.5123754124
140.1129943503 5.5790961004
139.9548532731 5.6466286843
139.7970687711 5.7108797078
139.6396396396 5.7682497547
139.4825646794 5.8161285198
139.3258426966 5.8531747691
139.1694725028 5.8793562537
139.0134529148 5.8958262563
138.8577827548 5.9047785000
138.7024608501 5.9091976003
138.5474860335 5.9125609906
138.3928571429 5.9184478179
138.2385730212 5.9300642374
138.0846325167 5.9498143266
137.9310344828 5.9790146558
137.7777777778 6.0179047889
137.6248612653 6.0658718414
137.4722838137 6.1218497059
137.3200442968 6.1846300742
137.1681415929 6.2530359704
137.0165745856 6.3258532583
136.8653421634 6.4015823950
136.7144432194 6.4781486430
136.5638766520 6.5528062303
136.4136413641 6.6222714063
136.2637362637 6.6831300707
136.1141602634 6.7322530499
135.9649122807 6.7670495505
135.8159912377 6.7854600406
135.6673960613 6.7857202264
135.5191256831 6.7660687680
135.3711790393 6.7247259372
135.2235550709 6.6602075145
135.0762527233 6.5719838169
134.9292709467 6.4612005331
134.7826086957 6.3311502952
134.6362649294 6.1871594904
134.4902386117 6.0359557813
134.3445287107 5.8846242640
134.1991341991 5.7395735379
134.0540540541 5.6057773045
133.9092872570 5.4864934879
133.7648327940 5.3834612038
133.6206896552 5.2973912050
133.4768568353 5.2285635656
133.3333333333 5.1772141685
133.1901181525 5.1436135946
133.0472103004 5.1278796724
132.9046087889 5.1296845930
132.7623126338 5.1479438556
132.6203208556 5.1805456409
132.4786324786 5.2242024963
132.3372465315 5.2744638778
132.1961620469 5.3260954559
132.0553780618 5.3738302978
131.9148936170 5.4133764659
131.7747077577 5.4422516860
131.6348195329 5.4601172665
131.4952279958 5.4684092354
131.3559322034 5.4695083716
131.2169312169 5.4657472468
131.0782241015 5.4586051126
130.9398099261 5.4481472161
130.8016877637 5.4327913026
130.6638566913 5.4094577313
130.5263157895 5.3741415126
130.3890641430 5.3229220533
130.2521008403 5.2531472041
130.1154249738 5.1643904319
129.9790356394 5.0589042676
129.8429319372 4.9412927155
129.7071129707 4.8175639314
129.5715778474 4.6938946882
129.4363256785 4.5755368699
129.3013555787 4.4661397521
129.1666666667 4.3676129094
129.0322580645 4.2804294041
128.8981288981 4.2041960691
128.7642782970 4.1382468544
128.6307053942 4.0821246105
128.4974093264 4.0358114125
128.3643892340 3.9997399068
128.2316442606 3.9746580051
128.0991735537 3.9613833553
127.9669762642 3.9605423071
127.8350515464 3.9723199361
127.7033985582 3.9963082825
127.5720164609 4.0315051372
127.4409044193 4.0764576910
127.3100616016 4.1295663745
127.1794871795 4.1893129473
127.0491803279 4.2544086605
126.9191402252 4.3236657792
126.7893660532 4.3956883524
126.6598569969 4.4684180488
126.5306122449 4.5388139448
126.4016309888 4.6027753634
126.2729124236 4.6555133049
126.1444557477 4.6923676449
126.0162601626 4.7098662511
125.8883248731 4.7066892392
125.7606490872 4.6841780945
125.6332320162 4.6461204094
125.5060728745 4.5979853719
125.3791708797 4.5458202794
125.2525252525 4.4952288593
125.1261352170 4.4506021272
125.0000000000 4.4147043546
124.8741188318 4.3885212070
124.7484909457 4.3713258368
124.6231155779 4.3609537240
124.4979919679 4.3543448598
124.3731193581 4.3482329519
124.2484969940 4.3398703328
124.1241241241 4.3274581185
124.0000000000 4.3101799966
123.8761238761 4.2878017637
123.7524950100 4.2602261512
123.6291126620 4.2271613764
123.5059760956 4.1882205256
123.3830845771 4.1432965216
123.2604373757 4.0930300694
123.1380337637 4.0390509298
123.0158730159 3.9838742567
122.8939544103 3.9303930685
122.7722772277 3.8812273275
122.6508407517 3.8381694332
122.5296442688 3.8019017709
122.4086870681 3.7721048991
122.2879684418 3.7477986747
122.1674876847 3.7278414526
122.0472440945 3.7113539903
121.9272369715 3.6979259462
121.8074656189 3.6875323313
121.6879293425 3.6802612850
121.5686274510 3.6759625820
121.4495592556 3.6740751742
121.3307240705 3.6736219334
121.2121212121 3.6734298967
121.0937500000 3.6724325303
120.9756097561 3.6699364836
120.8576998051 3.6658055247
120.7400194742 3.6605376894
120.6225680934 3.6552755315
120.5053449951 3.6516979710
120.3883495146 3.6519042031
120.2715809893 3.6581670209
120.1550387597 3.6727038700
120.0387221684 3.6973609260
119.9226305609 3.7333570719
119.8067632850 3.7810557165
119.6911196911 3.8398103208
119.5756991321 3.9079253952
119.4605009634 3.9827631661
119.3455245428 4.0610008092
119.2307692308 4.1390930319
119.1162343900 4.2138391009
119.0019193858 4.2829284805
118.8878235858 4.3452775237
118.7739463602 4.4010386023
118.6602870813 4.4512736354
118.5468451243 4.4974643384
118.4336198663 4.5409524751
118.3206106870 4.5825150401
118.2078169685 4.6221313882
118.0952380952 4.6589660310
117.9828734539 4.6916246457
117.8707224335 4.7186057060
117.7587844255 4.7387894278
117.6470588235 4.7518975746
117.5355450237 4.7587019988
117.4242424242 4.7610156349
117.3131504257 4.7614439511
117.2022684310 4.7630162459
117.0915958451 4.7688271778
116.9811320755 4.7816880525
116.8708765316 4.8038396742
116.7608286252 4.8366843722
116.6509877705 4.8805052918
116.5413533835 4.9342159076
116.4319248826 4.9952262100
116.3227016886 5.0594760009
116.2136832240 5.1217920058
116.1048689139 5.1764753866
115.9962581852 5.2180719135
115.8878504673 5.2421521599
115.7796451914 5.2458932415
115.6716417910 5.2283982742
115.5638397018 5.1906290948
115.4562383613 5.1351113420
115.3488372093 5.0654952048
115.2416356877 4.9860499816
115.1346332405 4.9011787684
115.0278293135 4.8149775684
114.9212233550 4.7308384893
114.8148148148 4.6512483408
114.7086031452 4.5777395805
114.6025878004 4.5110436837
114.4967682364 4.4512901943
114.3911439114 4.3982555989
114.2857142857 4.3515637112
114.1804788214 4.3109135943
114.0754369825 4.2762712289
113.9705882353 4.2479744273
113.8659320478 4.2266859055
113.7614678899 4.2131999421
113.6571952337 4.2082150521
113.5531135531 4.2121299102
113.4492223239 4.2248990592
113.3455210238 4.2459565568
113.2420091324 4.2742082485
113.1386861314 4.3081212101
113.0355515041 4.3459597954
112.9326047359 4.3860183225
112.8298453139 4.4267857766
112.7272727273 4.4669463576
112.6248864668 4.5052444396
112.5226860254 4.5403633714
112.4206708976 4.5709532451
112.3188405797 4.5957828248
112.2171945701 4.6139057121
112.1157323689 4.6247736219
112.0144534779 4.6281224647
111.9133574007 4.6238122449
111.8124436429 4.6116522766
111.7117117117 4.5913469823
111.6111611161 4.5625163453
111.5107913669 4.5247665114
111.4106019766 4.4777141889
111.3105924596 4.4210293238
111.2107623318 4.3544675524
111.1111111111 4.2780047296
111.0116383169 4.1920029726
110.9123434705 4.0974385178
110.8132260947 3.9960470632
110.7142857143 3.8902310848
110.6155218555 3.7828077494
110.5169340463 3.6766000204
110.4185218166 3.5740776793
110.3202846975 3.4770386097
110.2222222222 3.3864962483
110.1243339254 3.3026928665
110.0266193434 3.2252717498
109.9290780142 3.1535884773
109.8317094774 3.0870088149
109.7345132743 3.0251544202
109.6374889478 2.9679590159
109.5406360424 2.9155848794
109.4439541041 2.8682621369
109.3474426808 2.8261183971
109.2511013216 2.7891092502
109.1549295775 2.7569977781
109.0589270009 2.7294180747
108.9630931459 2.7058822474
108.8674275680 2.6858029275
108.7719298246 2.6684203118
108.6765994741 2.6527938828
108.5814360771 2.6378132577
108.4864391951 2.6222781638
108.3916083916 2.6051133975
108.2969432314 2.5855619892
108.2024432810 2.5633720371
108.1081081081 2.5388616270
108.0139372822 2.5128453907
107.9199303742 2.4864483813
107.8260869565 2.4608795462
107.7324066030 2.4372069301
107.6388888889 2.4162202463
107.5455333912 2.3984442000
107.4523396880 2.3842144321
107.3593073593 2.3737893103
107.2664359862 2.3674274226
107.1737251513 2.3653599830
107.0811744387 2.3677200371
106.9887834340 2.3744087258
106.8965517241 2.3850591632
106.8044788975 2.3990710791
106.7125645439 2.4157243130
106.6208082545 2.4343477219
106.5292096220 2.4544806553
106.4377682403 2.4759325618
106.3464837050 2.4987836425
106.2553556127 2.5232556307
106.1643835616 2.5495782651
106.0735671514 2.5778830018
105.9829059829 2.6081910090
105.8923996584 2.6404012067
105.8020477816 2.6743688967
105.7118499574 2.7099412085
105.6218057922 2.7469453362
105.5319148936 2.7852122058
105.4421768707 2.8245450278
105.3525913339 2.8647193378
105.2631578947 2.9054751644
105.1738761662 2.9464343846
105.0847457627 2.9869865784
104.9957662997 3.0261197169
104.9069373942 3.0623333203
104.8182586644 3.0936888593
104.7297297297 3.1180955241
104.6413502110 3.1337371339
104.5531197302 3.1394483483
104.4650379107 3.1349431475
104.3771043771 3.1207502491
104.2893187553 3.0980201004
104.2016806723 3.0681976079
104.1141897565 3.0328040850
104.0268456376 2.9933483483
103.9396479464 2.9513719366
103.8525963149 2.9085501550
103.7656903766 2.8667057204
103.6789297659 2.8277178249
103.5923141186 2.7933292957
103.5058430718 2.7648549309
103.4195162636 2.7429596135
103.3333333333 2.7275240108
103.2472939217 2.7176437061
103.1613976705 2.7117871039
103.0756442228 2.7080601095
102.9900332226 2.7045207866
102.9045643154 2.6995234485
102.8192371476 2.6919587400
102.7340513670 2.6814543606
102.6490066225 2.6683622968
102.5641025641 2.6536287357
102.4793388430 2.6385658749
102.3947151115 2.6245691988
102.3102310231 2.6128610369
102.2258862325 2.6043341344
102.1416803954 2.5994718079
102.0576131687 2.5984109568
101.9736842105 2.6010426162
101.8898931800 2.6072238463
101.8062397373 2.6168760076
101.7227235439 2.6300751991
101.6393442623 2.6470362817
101.5561015561 2.6679941498
101.4729950900 2.6930846113
101.3900245298 2.7222004643
101.3071895425 2.7549419795
101.2244897959 2.7906292153
101.1419249592 2.8284336225
101.0594947025 2.8675672247
100.9771986971 2.9073978389
100.8950366151 2.9474533297
100.8130081301 2.9872082414
100.7311129163 3.0258416636
100.6493506494 3.0620319057
100.5677210057 3.0940010935
100.4862236629 3.1198791729
100.4048582996 3.1382193985
100.3236245955 3.1485558934
100.2425222312 3.1516641606
100.1615508885 3.1494465115
100.0807102502 3.1444523058
100.0000000000 3.1392393043
99.9194198227 3.1357552953
99.8389694042 3.1349384869
99.7586484312 3.1365845553
99.6784565916 3.1394537532
99.5983935743 3.1415529977
99.5184590690 3.1405723139
99.4386527666 3.1343430817
99.3589743590 3.1212271193
99.2794235388 3.1003708073
99.2000000000 3.0718080225
99.1207034373 3.0364031620
99.0415335463 2.9956326636
98.9624900239 2.9513320985
98.8835725678 2.9053696330
98.8047808765 2.8594331243
98.7261146497 2.8149152344
98.6475735879 2.7728726908
98.5691573927 2.7341537595
98.4908657665 2.6994509121
98.4126984127 2.6693709773
98.3346550357 2.6444042656
98.2567353407 2.6248086820
98.1789390340 2.6104889910
98.1012658228 2.6009395370
98.0237154150 2.5952127432
97.9462875197 2.5920540520
97.8689818469 2.5900761252
97.7917981073 2.5879636101
97.7147360126 2.5846230589
97.6377952756 2.5791623636
97.5609756098 2.5708100541
97.4842767296 2.5588212511
97.4076983504 2.5425158974
97.3312401884 2.5214588506
97.2549019608 2.4956671980
97.1786833856 2.4657421790
97.1025841817 2.4328175205
97.0266040689 2.3983869378
96.9507427678 2.3640825604
96.8750000000 2.3314639721
96.7993754879 2.3019176155
96.7238689548 2.2765766822
96.6484801247 2.2563619627
96.5732087227 2.2419795703
96.4980544747 2.2339232163
96.4230171073 2.2324811726
96.3480963481 2.2376782160
96.2732919255 2.2492745382
96.1986035687 2.2666909576
96.1240310078 2.2890130988
96.0495739737 2.3149698466
95.9752321981 2.3430081614
95.9010054138 2.3714028943
95.8268933539 2.3984756089
95.7528957529 2.4227999874
95.6790123457 2.4433765039
95.6052428682 2.4596630038
95.5315870570 2.4714918838
95.4580446497 2.4789261897
95.3846153846 2.4821331460
95.3112990008 2.4813670777
95.2380952381 2.4770006710
95.1650038373 2.4695520983
95.0920245399 2.4596859902
95.0191570881 2.4480559312
94.9464012251 2.4351547908
94.8737566947 2.4211331283
94.8012232416 2.4057311924
94.7288006112 2.3883386005
94.6564885496 2.3682047668
94.5842868040 2.3447037752
94.5121951220 2.3175389695
94.4402132521 2.2869137645
94.3683409437 2.2535039432
94.2965779468 2.2184078478
94.2249240122 2.1829801998
94.1533788914 2.1486553330
94.0819423369 2.1167460848
94.0106141016 2.0883078645
93.9393939394 2.0640194342
93.8682816048 2.0441483766
93.7972768533 2.0285707750
93.7263794407 2.0167870566
93.6555891239 2.0079970291
93.5849056604 2.0011756516
93.5143288084 1.9952305987
93.4438583271 1.9891514852
93.3734939759 1.9821732344
93.3032355154 1.9739129901
93.2330827068 1.9643672363
93.1630353118 1.9538772492
93.0930930931 1.9429899812
93.0232558140 1.9323227082
92.9535232384 1.9224222810
92.8838951311 1.9136371681
92.8143712575 1.9060024482
92.7449513837 1.8992565954
92.6756352765 1.8928767223
92.6064227035 1.8862649215
92.5373134328 1.8788897996
92.4683072334 1.8704149722
92.3994038748 1.8607411512
92.3306031273 1.8499888654
92.2619047619 1.8384673743
92.1933085502 1.8265606825
92.1248142645 1.8146589075
92.0564216778 1.8031030348
91.9881305638 1.7921385416
91.9199406968 1.7819564456
91.8518518519 1.7726976306
91.7838638046 1.7644942024
91.7159763314 1.7574694186
91.6481892092 1.7517283545
91.5805022157 1.7473624305
91.5129151292 1.7444725277
91.4454277286 1.7431689964
91.3780397937 1.7436460114
91.3107511046 1.7461446233
91.2435614422 1.7509295704
91.1764705882 1.7581821592
91.1094783248 1.7679020849
91.0425844347 1.7798136841
90.9757887014 1.7933653153
90.9090909091 1.8078828166
90.8424908425 1.8227560682
90.7759882870 1.8376633234
90.7095830285 1.8526746155
90.6432748538 1.8681965287
90.5770635500 1.8848326494
90.5109489051 1.9031640857
90.4449307075 1.9235434431
90.3790087464 1.9459866738
90.3131828114 1.9701351001
90.2474526929 1.9953018385
90.1818181818 2.0206026718
90.1162790698 2.0451338720
90.0508351489 2.0681407472
89.9854862119 2.0891535217
89.9202320522 2.1080203648
89.8550724638 2.1248937400
89.7900072411 2.1401277969
89.7250361795 2.1541662612
89.6601590745 2.1674159840
89.5953757225 2.1801342169
89.5306859206 2.1923719165
89.4660894661 2.2039638632
89.4015861572 2.2145798621
89.3371757925 2.2237713401
89.2728581713 2.2310556892
89.2086330935 2.2360573596
89.1445003595 2.2386117425
89.0804597701 2.2388742754
89.0165111271 2.2373593716
88.9526542324 2.2348852093
88.8888888889 2.2324142958
88.8252148997 2.2308789923
88.7616320687 2.2310013297
88.6981402003 2.2331735437
88.6347390994 2.2374188024
88.5714285714 2.2434563716
88.5082084226 2.2508241900
88.4450784593 2.2590589813
88.3820384890 2.2678674590
88.3190883191 2.2772267113
88.2562277580 2.2873516405
88.1934566145 2.2985622863
88.1307746979 2.3111030710
88.0681818182 2.3249805774
88.0056777857 2.3399486929
87.9432624113 2.3556082310
87.8809355067 2.3715974706
87.8186968839 2.3877688071
87.7565463553 2.4042846462
87.6944837341 2.4215797974
87.6325088339 2.4402281925
87.5706214689 2.4606754623
87.5088214538 2.4829900921
87.4471086037 2.5067529119
87.3854827343 2.5310422530
87.3239436620 2.5546439218
87.2624912034 2.5763521575
87.2011251758 2.5952755294
87.1398453970 2.6109949037
87.0786516854 2.6235448237
87.0175438596 2.6332563220
86.9565217391 2.6405133339
86.8955851437 2.6454844481
86.8347338936 2.6479735958
86.7739678097 2.6474860646
86.7132867133 2.6433954297
86.6526904263 2.6353130706
86.5921787709 2.6233392209
86.5317515701 2.6082242747
86.4714086471 2.5913000275
86.4111498258 2.5742320762
86.3509749304 2.5587365633
86.2908837857 2.5462510449
86.2308762170 2.5377095583
86.1709520500 2.5333941177
86.1111111111 2.5329413162
86.0513532269 2.5354371420
85.9916782247 2.5396342004
85.9320859321 2.5442233746
85.8725761773 2.5481354425
85.8131487889 2.5507802614
85.7538035961 2.5521212190
85.6945404285 2.5526526608
85.6353591160 2.5531481991
85.5762594893 2.5544031082
85.5172413793 2.5569657849
85.4583046175 2.5609853536
85.3994490358 2.5662103323
85.3406744666 2.5721586416
85.2819807428 2.5782834060
85.2233676976 2.5841980665
85.1648351648 2.5897503393
85.1063829787 2.5950326945
85.0480109739 2.6003094956
84.9897189856 2.6059291627
84.9315068493 2.6122261888
84.8733744011 2.6194719286
84.8153214774 2.6277711479
84.7573479152 2.6370713839
84.6994535519 2.6471281025
84.6416382253 2.6576224009
84.5839017735 2.6682396654
84.5262440354 2.6788272707
84.4686648501 2.6894738404
84.4111640572 2.7005591266
84.3537414966 2.7127250589
84.2963970088 2.7267775074
84.2391304348 2.7435925670
84.1819416158 2.7639088422
84.1248303935 2.7881835060
84.0677966102 2.8163297810
84.0108401084 2.8475880807
83.9539607312 2.8804273860
83.8971583221 2.9126445515
83.8404327248 2.9415817543
83.7837837838 2.9644859816
83.7272113437 2.9789264678
83.6707152497 2.9831574432
83.6142953473 2.9764775399
83.5579514825 2.9593305644
83.5016835017 2.9332070013
83.4454912517 2.9003095603
83.3893745797 2.8631381062
83.3333333333 2.8240211020
83.2773673606 2.7847964735
83.2214765101 2.7466734225
83.1656606304 2.7103076917
83.1099195710 2.6760378534
83.0542531815 2.6441087190
82.9986613119 2.6148564878
82.9431438127 2.5887041511
82.8877005348 2.5660761675
82.8323313293 2.5472570052
82.7770360481 2.5323447053
82.7218145430 2.5212346618
82.6666666667 2.5137046591
82.6115922718 2.5094600519
82.5565912117 2.5081387450
82.5016633400 2.5092959783
82.4468085106 2.5123637381
82.3920265781 2.5166354005
82.3373173971 2.5212858375
82.2826808228 2.5253965947
82.2281167109 2.5280216616
82.1736249172 2.5282177024
82.1192052980 2.5251454508
82.0648577101 2.5181306822
82.0105820106 2.5067968485
81.9563780568 2.4911323085
81.9022457067 2.4715532575
81.8481848185 2.4488908485
81.7941952507 2.4242506442
81.7402768622 2.3988609550
81.6864295125 2.3738686214
81.6326530612 2.3501895806
81.5789473684 2.3283839128
81.5253122945 2.3086433143
81.4717477004 2.2908405061
81.4182534471 2.2746049579
81.3648293963 2.2594663529
81.3114754098 2.2449782724
81.2581913499 2.2308477424
81.2049770792 2.2169877955
81.1518324607 2.2035391949
81.0987573578 2.1907884872
81.0457516340 2.1791011380
80.9928151535 2.1688334684
80.9399477807 2.1603377191
80.8871493803 2.1539306790
80.8344198175 2.1499142485
80.7817589577 2.1485543872
80.7291666667 2.1500443290
80.6766428107 2.1544781301
80.6241872562 2.1617615356
80.5717998700 2.1715070241
80.5194805195 2.1828869378
80.4672290720 2.1946223494
80.4150453956 2.2050921763
80.3629293584 2.2125991774
80.3108808290 2.2157617723
80.2588996764 2.2138229976
80.2069857697 2.2069033768
80.1551389787 2.1959305930
80.1033591731 2.1824701137
80.0516462234 2.1683292847
80.0000000000 2.1551800161
79.9484203740 2.1442683536
79.8969072165 2.1362486982
79.8454603992 2.1311861814
79.7940797941 2.1287073488
79.7427652733 2.1281836297
79.6915167095 2.1288999055
79.6403339756 2.1302025809
79.5892169448 2.1315581367
79.5381654907 2.1325270659
79.4871794872 2.1327535571
79.4362588085 2.1318914737
79.3854033291 2.1296414714
79.3346129239 2.1257723225
79.2838874680 2.1202486391
79.2332268371 2.1132794417
79.1826309068 2.1053031747
79.1320995533 2.0969567404
79.0816326531 2.0889057508
79.0312300829 2.0816845581
78.9808917197 2.0755835207
78.9306174411 2.0705678236
78.8804071247 2.0663029799
78.8302606484 2.0622768661
78.7801778907 2.0579115949
78.7301587302 2.0526329503
78.6802030457 2.0459454267
78.6303107166 2.0373841003
78.5804816223 2.0264877324
78.5307156428 2.0127824578
78.4810126582 1.9958191681
78.4313725490 1.9752487978
78.3817951960 1.9509466664
78.3322804801 1.9230567954
78.2828282828 1.8920097693
78.2334384858 1.8585193374
78.1841109710 1.8234652985
78.1348456207 1.7878351982
78.0856423174 1.7526328043
78.0365009440 1.7188128685
77.9874213836 1.6871606582
77.9384035198 1.6582304959
77.8894472362 1.6322347058
77.8405524168 1.6090413989
77.7917189460 1.5881999285
77.7429467085 1.5690215931
77.6942355890 1.5507323133
77.6455854728 1.5325932533
77.5969962453 1.5140165655
77.5484677924 1.4946432078
77.5000000000 1.4743936588
77.4515927545 1.4534472784
77.4032459426 1.4322160704
77.3549594510 1.4112298582
77.3067331671 1.3910538979
77.2585669782 1.3722003707
77.2104607721 1.3550392806
77.1624144368 1.3397976226
77.1144278607 1.3265141646
77.0665009323 1.3150663482
77.0186335404 1.3051807414
76.9708255742 1.2964826005
76.9230769231 1.2885345657
76.8753874768 1.2808866924
76.8277571252 1.2731490104
76.7801857585 1.2650420448
76.7326732673 1.2564251903
76.6852195424 1.2473420066
76.6378244747 1.2379817627
76.5904879555 1.2286632227
76.5432098765 1.2197790901
76.4959901295 1.2117064803
76.4488286067 1.2047843395
76.4017252002 1.1992008056
76.3546798030 1.1949982130
76.3076923077 1.1920669186
76.2607626076 1.1901785895
76.2138905962 1.1890365786
76.1670761671 1.1883265105
76.1203192142 1.1877501237
76.0736196319 1.1870535738
76.0269773145 1.1860501787
75.9803921569 1.1846545473
75.9338640539 1.1828263231
75.8873929009 1.1805533430
75.8409785933 1.1778347324
75.7946210269 1.1746015785
75.7483200977 1.1707904398
75.7020757021 1.1663376823
75.6558877364 1.1612476407
75.6097560976 1.1556212840
75.5636806825 1.1496622628
75.5176613886 1.1436374429
75.4716981132 1.1378600537
75.4257907543 1.1326328324
75.3799392097 1.1282536649
75.3341433779 1.1249184657
75.2884031573 1.1227436350
75.2427184466 1.1216857300
75.1970891449 1.1215695526
75.1515151515 1.1220820445
75.1059963658 1.1228349100
75.0605326877 1.1234045359
75.0151240169 1.1233605610
74.9697702539 1.1223518840
74.9244712991 1.1201068539
74.8792270531 1.1164621902
74.8340374170 1.1113632959
74.7889022919 1.1048531075
74.7438215793 1.0970263923
74.6987951807 1.0880645382
74.6538229982 1.0781955593
74.6089049338 1.0676827819
74.5640408900 1.0568308003
74.5192307692 1.0459452050
74.4744744745 1.0353210225
74.4297719088 1.0252079194
74.3851229754 1.0157984040
74.3405275779 1.0072275713
74.2959856201 0.9995786558
74.2514970060 0.9928770080
74.2070616397 0.9871131188
74.1626794258 0.9822308610
74.1183502690 0.9781273326
74.0740740741 0.9746760085
74.0298507463 0.9717266766
73.9856801909 0.9691170424
73.9415623137 0.9667427304
73.8974970203 0.9645866793
73.8534842168 0.9627311124
73.8095238095 0.9613403123
73.7656157049 0.9606374655
73.7217598098 0.9608462815
73.6779560309 0.9621323853
73.6342042755 0.9645796703
73.5905044510 0.9681490023
73.5468564650 0.9726778927
73.5032602253 0.9778625981
73.4597156398 0.9833224050
73.4162226169 0.9886464721
73.3727810651 0.9934113986
73.3293908930 0.9972752555
73.2860520095 0.9999895139
73.2427643237 1.0013992374
73.1995277450 1.0014374096
73.1563421829 1.0000897997
73.1132075472 0.9973774210
73.0701237478 0.9933094283
73.0270906949 0.9879480489
72.9841082990 0.9814205995
72.9411764706 0.9739611511
72.8982951205 0.9659109605
72.8554641598 0.9576833760
72.8126834997 0.9497107798
72.7699530516 0.9423793928
72.7272727273 0.9359934417
72.6846424385 0.9307569832
72.6420620972 0.9267675551
72.5995316159 0.9240098325
72.5570509070 0.9224266841
72.5146198830 0.9218833159
72.4722384570 0.9222445326
72.4299065421 0.9233628413
72.3876240514 0.9250844074
72.3453908985 0.9272371201
72.3032069971 0.9296305609
72.2610722611 0.9320559669
72.2189866045 0.9343459759
72.1769499418 0.9363567904
72.1349621873 0.9380400632
72.0930232558 0.9394132106
72.0511330622 0.9405655899
72.0092915215 0.9416347205
71.9674985490 0.9427224429
71.9257540603 0.9438948156
71.8840579710 0.9451039442
71.8424101970 0.9462116944
71.8008106543 0.9470134861
71.7592592593 0.9472922366
71.7177559283 0.9469146145
71.6763005780 0.9458553612
71.6348931254 0.9442217136
71.5935334873 0.9422116066
71.5522215811 0.9400596646
71.5109573241 0.9379709098
71.4697406340 0.9361025458
71.4285714286 0.9345335778
71.3874496258 0.9332766634
71.3463751438 0.9322779075
71.3053479011 0.9314469445
71.2643678161 0.9306447133
71.2234348076 0.9297196935
71.1825487945 0.9285381993
71.1417096959 0.9269965726
71.1009174312 0.9250637841
71.0601719198 0.9227512652
71.0194730813 0.9201312860
70.9788208357 0.9173371476
70.9382151030 0.9145329346
70.8976558033 0.9118953347
70.8571428571 0.9095953827
70.8166761850 0.9077679313
70.7762557078 0.9064810040
70.7358813463 0.9057539064
70.6955530217 0.9055265229
70.6552706553 0.9057202328
70.6150341686 0.9062195133
70.5748434832 0.9069146928
70.5346985210 0.9077019765
70.4945992041 0.9084895935
70.4545454545 0.9091426481
70.4145371948 0.9095136712
70.3745743473 0.9094180256
70.3346568349 0.9087074916
70.2947845805 0.9072519212
70.2549575071 0.9050561175
70.2151755379 0.9021864029
70.1754385965 0.8988077609
70.1357466063 0.8951102293
70.0960994912 0.8912720003
70.0564971751 0.8873915265
70.0169395822 0.8835119541
69.9774266366 0.8795777045
69.9379582628 0.8755268697
69.8985343856 0.8712478967
69.8591549296 0.8666722617
69.8198198198 0.8617684146
69.7805289814 0.8565666944
69.7412823397 0.8511657352
69.7020798201 0.8456830558
69.6629213483 0.8402923845
69.6238068501 0.8351492762
69.5847362514 0.8304034800
69.5457094784 0.8262051318
69.5067264574 0.8226798336
69.4677871148 0.8199534804
69.4288913774 0.8181210695
69.3900391718 0.8172590662
69.3512304251 0.8174440541
69.3124650643 0.8187090128
69.2737430168 0.8210744252
69.2350642099 0.8244794866
69.1964285714 0.8288069198
69.1578360290 0.8338202976
69.1192865106 0.8392451627
69.0807799443 0.8447689709
69.0423162584 0.8501287275
69.0038953812 0.8551173684
68.9655172414 0.8595964204
68.9271817676 0.8634898755
68.8888888889 0.8667152885
68.8506385341 0.8691837483
68.8124306326 0.8707872845
68.7742651137 0.8714176567
68.7361419069 0.8710103658
68.6980609418 0.8695636422
68.6600221484 0.8671764089
68.6220254566 0.8639981881
68.5840707965 0.8602545009
68.5461580984 0.8561524921
68.5082872928 0.8518808884
68.4704583103 0.8475720441
68.4326710817 0.8433017588
68.3949255378 0.8391080722
68.3572216097 0.8350417764
68.3195592287 0.8311854582
68.2819383260 0.8276282493
68.2443588332 0.8244721823
68.2068206821 0.8217814624
68.1693238043 0.8195759952
68.1318681319 0.8178566578
68.0944535969 0.8165798188
68.0570801317 0.8157398883
68.0197476687 0.8153185234
67.9824561404 0.8153418967
67.9452054795 0.8158362266
67.9079956188 0.8168405231
67.8708264915 0.8183492270
67.8336980306 0.8202865700
67.7966101695 0.8224936308
67.7595628415 0.8247472922
67.7225559803 0.8267345243
67.6855895197 0.8281416510
67.6486633933 0.8286543272
67.6117775354 0.8280150891
67.5749318801 0.8260746913
67.5381263617 0.8227923781
67.5013609145 0.8182874910
67.4646354733 0.8128079109
67.4279499728 0.8066920006
67.3913043478 0.8003239774
67.3546985334 0.7940505214
67.3181324647 0.7881484804
67.2816060770 0.7828053092
67.2451193059 0.7781123091
67.2086720867 0.7740707491
67.1722643554 0.7706496216
67.1358960476 0.7677468267
67.0995670996 0.7652406223
67.0632774473 0.7630154210
67.0270270270 0.7609424235
66.9908157753 0.7589636770
66.9546436285 0.7570922857
66.9185105235 0.7554126205
66.8824163970 0.7540934833
66.8463611860 0.7533299897
66.8103448276 0.7533047036
66.7743672590 0.7541356577
66.7384284177 0.7558826471
66.7025282410 0.7584886005
66.6666666667 0.7618377865
66.6308436325 0.7657621940
66.5950590763 0.7700414285
66.5593129361 0.7744546808
66.5236051502 0.7787807365
66.4879356568 0.7828500934
66.4523043944 0.7865385553
66.4167113016 0.7898260171
66.3811563169 0.7927379926
66.3456393793 0.7953653055
66.3101604278 0.7978054842
66.2747194014 0.8001627825
66.2393162393 0.8025285865
66.2039508809 0.8049356102
66.1686232657 0.8073773788
66.1333333333 0.8097688567
66.0980810235 0.8119528028
66.0628662760 0.8136930378
66.0276890309 0.8147004491
65.9925492283 0.8147049761
65.9574468085 0.8134884244
65.9223817119 0.8109633595
65.8873538789 0.8072063104
65.8523632501 0.8024385470
65.8174097665 0.7970068366
65.7824933687 0.7912719808
65.7476139979 0.7855891268
65.7127715951 0.7802352453
65.6779661017 0.7753824833
65.6431974590 0.7711506065
65.6084656085 0.7675870107
65.5737704918 0.7647193523
65.5391120507 0.7625488749
65.5044902272 0.7610437168
65.4699049630 0.7601719142
65.4353562005 0.7598616726
65.4008438819 0.7599946388
65.3663679494 0.7604521935
65.3319283456 0.7610955605
65.2975250132 0.7617923099
65.2631578947 0.7624097345
65.2288269332 0.7628281399
65.1945320715 0.7629076417
65.1602732528 0.7625280033
65.1260504202 0.7615753735
65.0918635171 0.7599556071
65.0577124869 0.7576009675
65.0235972732 0.7544835252
64.9895178197 0.7505819193
64.9554740702 0.7459080695
64.9214659686 0.7405206317
64.8874934589 0.7345385152
64.8535564854 0.7281611484
64.8196549922 0.7216687588
64.7857889237 0.7153757852
64.7519582245 0.7096242850
64.7181628392 0.7047035582
64.6844027126 0.7008700549
64.6506777894 0.6982935352
64.6169880146 0.6970634814
64.5833333333 0.6972022827
64.5497136908 0.6986179936
64.5161290323 0.7011040598
64.4825793032 0.7043390818
64.4490644491 0.7078933278
64.4155844156 0.7113228003
64.3821391485 0.7141894230
64.3487285937 0.7161823509
64.3153526971 0.7171114843
64.2820114049 0.7169279705
64.2487046632 0.7156637973
64.2154324184 0.7134252567
64.1821946170 0.7103188273
64.1489912054 0.7064647182
64.1158221303 0.7019427923
64.0826873385 0.6968330830
64.0495867769 0.6911819253
64.0165203924 0.6850696516
63.9834881321 0.6785700037
63.9504899433 0.6718044252
63.9175257732 0.6649150511
63.8845955693 0.6580647837
63.8516992791 0.6514033495
63.8188368502 0.6450536416
63.7860082305 0.6391456769
63.7532133676 0.6337348310
63.7204522097 0.6288629662
63.6877247047 0.6245310909
63.6550308008 0.6206787552
63.6223704464 0.6172521770
63.5897435897 0.6141495908
63.5571501794 0.6112826626
63.5245901639 0.6085491635
63.4920634921 0.6058877045
63.4595701126 0.6032573070
63.4271099744 0.6007059999
63.3946830266 0.5983024965
63.3622892182 0.5961774202
63.3299284985 0.5944754150
63.2976008167 0.5933002198
63.2653061224 0.5926939294
63.2330443651 0.5926436958
63.2008154944 0.5930334302
63.1686194600 0.5936917269
63.1364562118 0.5944055085
63.1043256997 0.5949612669
63.0722278739 0.5952071034
63.0401626843 0.5950459807
63.0081300813 0.5944910617
62.9761300152 0.5936176676
62.9441624365 0.5925910746
62.9122272958 0.5915976474
62.8803245436 0.5908310624
62.8484541308 0.5904577318
62.8166160081 0.5905682611
62.7848101266 0.5911841737
62.7530364372 0.5922577294
62.7212948912 0.5936370971
62.6895854398 0.5951562703
62.6579080344 0.5966072879
62.6262626263 0.5977887285
62.5946491671 0.5985335027
62.5630676085 0.5987228254
62.5315179022 0.5982863236
62.5000000000 0.5972299790
62.4685138539 0.5955736845
62.4370594159 0.5934000301
62.4056366381 0.5908126771
62.3742454728 0.5879155090
62.3428858723 0.5848405398
62.3115577889 0.5816991466
62.2802611753 0.5785959762
62.2489959839 0.5755660388
62.2177621676 0.5726444243
62.1865596790 0.5698173327
62.1553884712 0.5670779282
62.1242484970 0.5644333648
62.0931397096 0.5619188376
62.0620620621 0.5595696191
62.0310155078 0.5574350862
62.0000000000 0.5555857747
