124000.0000000000 85.8303123757
62000.0000000000 60.2147976321
41333.3333333333 40.1931251736
31000.0000000000 27.4068828917
24800.0000000000 19.4344719417
20666.6666666667 14.3232056004
17714.2857142857 10.9153334290
15500.0000000000 8.5545057212
13777.7777777778 6.8622151625
12400.0000000000 5.6127034742
11272.7272727273 4.6663149187
10333.3333333333 3.9336015076
9538.4615384615 3.3554285404
8857.1428571429 2.8915753215
8266.6666666667 2.5139839441
7750.0000000000 2.2026344616
7294.1176470588 1.9429515837
6888.8888888889 1.7241310905
6526.3157894737 1.5380337266
6200.0000000000 1.3784381272
5904.7619047619 1.2405258510
5636.3636363636 1.1205201950
5391.3043478261 1.0154283882
5166.6666666667 0.9228551329
4960.0000000000 0.8408657248
4769.2307692308 0.7678843710
4592.5925925926 0.7026178649
4428.5714285714 0.6439974728
4275.8620689655 0.5911343984
4133.3333333333 0.5432851658
4000.0000000000 0.4998247118
3875.0000000000 0.4602253607
3757.5757575758 0.4240407058
3647.0588235294 0.3908935247
3542.8571428571 0.3604670826
3444.4444444444 0.3324989645
3351.3513513514 0.3067767859
3263.1578947368 0.2831352344
3179.4871794872 0.2614540877
3100.0000000000 0.2416570504
3024.3902439024 0.2237109759
2952.3809523810 0.2076247610
2883.7209302326 0.1934465134
2818.1818181818 0.1812571158
2755.5555555556 0.1711577388
2695.6521739130 0.1632494228
2638.2978723404 0.1576043140
2583.3333333333 0.1542315348
2530.6122448980 0.1530444481
2480.0000000000 0.1538384818
2431.3725490196 0.1562873848
2384.6153846154 0.1599610718
2339.6226415094 0.1643641931
2296.2962962963 0.1689921874
2254.5454545455 0.1733983852
2214.2857142857 0.1772580835
2175.4385964912 0.1804087077
2137.9310344828 0.1828480754
2101.6949152542 0.1846875264
2066.6666666667 0.1860751957
2032.7868852459 0.1871165038
2000.0000000000 0.1878197812
1968.2539682540 0.1880854508
1937.5000000000 0.1877405616
1907.6923076923 0.1866013065
1878.7878787879 0.1845355511
1850.7462686567 0.1815007213
1823.5294117647 0.1775483117
1797.1014492754 0.1728024636
1771.4285714286 0.1674273583
1746.4788732394 0.1615968848
1722.2222222222 0.1554730337
1698.6301369863 0.1491943516
1675.6756756757 0.1428720047
1653.3333333333 0.1365908721
1631.5789473684 0.1304128683
1610.3896103896 0.1243811520
1589.7435897436 0.1185240364
1569.6202531646 0.1128583984
1550.0000000000 0.1073923699
1530.8641975309 0.1021275546
1512.1951219512 0.0970610216
1493.9759036145 0.0921870878
1476.1904761905 0.0874990993
1458.8235294118 0.0829908797
1441.8604651163 0.0786578972
1425.2873563218 0.0744979689
1409.0909090909 0.0705116072
1393.2584269663 0.0667023274
1377.7777777778 0.0630769267
1362.6373626374 0.0596459673
1347.8260869565 0.0564244072
1333.3333333333 0.0534323028
1319.1489361702 0.0506955523
1305.2631578947 0.0482463485
1291.6666666667 0.0461231049
1278.3505154639 0.0443693416
1265.3061224490 0.0430308861
1252.5252525253 0.0421508613
1240.0000000000 0.0417621635
1227.7227722772 0.0418780521
1215.6862745098 0.0424827929
1203.8834951456 0.0435256639
1192.3076923077 0.0449218081
1180.9523809524 0.0465614607
1169.8113207547 0.0483257843
1158.8785046729 0.0501045497
1148.1481481481 0.0518108015
1137.6146788991 0.0533893767
1127.2727272727 0.0548180720
1117.1171171171 0.0561016560
1107.1428571429 0.0572605227
1097.3451327434 0.0583187882
1087.7192982456 0.0592974216
1078.2608695652 0.0602149848
1068.9655172414 0.0610933501
1059.8290598291 0.0619617101
1050.8474576271 0.0628540804
1042.0168067227 0.0638010413
1033.3333333333 0.0648218561
1024.7933884298 0.0659231905
1016.3934426230 0.0671055597
1008.1300813008 0.0683726589
1000.0000000000 0.0697360553
992.0000000000 0.0712115066
984.1269841270 0.0728100776
976.3779527559 0.0745306049
968.7500000000 0.0763586672
961.2403100775 0.0782704242
953.8461538462 0.0802358293
946.5648854962 0.0822169193
939.3939393939 0.0841622133
932.3308270677 0.0860026925
925.3731343284 0.0876532300
918.5185185185 0.0890193930
911.7647058824 0.0900070944
905.1094890511 0.0905332613
898.5507246377 0.0905373443
892.0863309353 0.0899919762
885.7142857143 0.0889091224
879.4326241135 0.0873382431
873.2394366197 0.0853566697
867.1328671329 0.0830560119
861.1111111111 0.0805289310
855.1724137931 0.0778596242
849.3150684932 0.0751186740
843.5374149660 0.0723615130
837.8378378378 0.0696294269
832.2147651007 0.0669515419
826.6666666667 0.0643473168
821.1920529801 0.0618287967
815.7894736842 0.0594026256
810.4575163399 0.0570716054
805.1948051948 0.0548358824
800.0000000000 0.0526939284
794.8717948718 0.0506431562
789.8089171975 0.0486804956
784.8101265823 0.0468027414
779.8742138365 0.0450068861
775.0000000000 0.0432902792
770.1863354037 0.0416507749
765.4320987654 0.0400867130
760.7361963190 0.0385968081
756.0975609756 0.0371799236
751.5151515152 0.0358347601
746.9879518072 0.0345595382
742.5149700599 0.0333517340
738.0952380952 0.0322080809
733.7278106509 0.0311249053
729.4117647059 0.0300985169
725.1461988304 0.0291257978
720.9302325581 0.0282044764
716.7630057803 0.0273333031
712.6436781609 0.0265117885
708.5714285714 0.0257398342
704.5454545455 0.0250171160
700.5649717514 0.0243426991
696.6292134831 0.0237151968
692.7374301676 0.0231334066
688.8888888889 0.0225971108
685.0828729282 0.0221073221
681.3186813187 0.0216657708
677.5956284153 0.0212738670
673.9130434783 0.0209319129
670.2702702703 0.0206391911
666.6666666667 0.0203947641
663.1016042781 0.0201982785
659.5744680851 0.0200501925
656.0846560847 0.0199511468
652.6315789474 0.0199012970
649.2146596859 0.0199002137
645.8333333333 0.0199475544
642.4870466321 0.0200439022
639.1752577320 0.0201910097
635.8974358974 0.0203911519
632.6530612245 0.0206463116
629.4416243655 0.0209580455
626.2626262626 0.0213282302
623.1155778894 0.0217598308
620.0000000000 0.0222568664
616.9154228856 0.0228230765
613.8613861386 0.0234598463
610.8374384236 0.0241638777
607.8431372549 0.0249249941
604.8780487805 0.0257241078
601.9417475728 0.0265318833
599.0338164251 0.0273089933
596.1538461538 0.0280089761
593.3014354067 0.0285837008
590.4761904762 0.0289909760
587.6777251185 0.0292018380
584.9056603774 0.0292053390
582.1596244131 0.0290090227
579.4392523364 0.0286353670
576.7441860465 0.0281159113
574.0740740741 0.0274852909
571.4285714286 0.0267765928
568.8073394495 0.0260188219
566.2100456621 0.0252359449
563.6363636364 0.0244469815
561.0859728507 0.0236663566
558.5585585586 0.0229043709
556.0538116592 0.0221675020
553.5714285714 0.0214587767
551.1111111111 0.0207782743
548.6725663717 0.0201240050
546.2555066079 0.0194928916
543.8596491228 0.0188817989
541.4847161572 0.0182882268
539.1304347826 0.0177104947
536.7965367965 0.0171475657
534.4827586207 0.0165986685
532.1888412017 0.0160630031
529.9145299145 0.0155397235
527.6595744681 0.0150280991
525.4237288136 0.0145277468
523.2067510549 0.0140387339
521.0084033613 0.0135615553
518.8284518828 0.0130970306
516.6666666667 0.0126460656
514.5228215768 0.0122095602
512.3966942149 0.0117883381
510.2880658436 0.0113831485
508.1967213115 0.0109946367
506.1224489796 0.0106234222
504.0650406504 0.0102699528
502.0242914980 0.0099343756
500.0000000000 0.0096164272
497.9919678715 0.0093152219
496.0000000000 0.0090291770
494.0239043825 0.0087560604
492.0634920635 0.0084930852
490.1185770751 0.0082371668
488.1889763780 0.0079853251
486.2745098039 0.0077350960
484.3750000000 0.0074849656
482.4902723735 0.0072346513
480.6201550388 0.0069850944
478.7644787645 0.0067382756
476.9230769231 0.0064968960
475.0957854406 0.0062640301
473.2824427481 0.0060427725
471.4828897338 0.0058359841
469.6969696970 0.0056459434
467.9245283019 0.0054740353
466.1654135338 0.0053204625
464.4194756554 0.0051841365
462.6865671642 0.0050628777
460.9665427509 0.0049540082
459.2592592593 0.0048552010
457.5645756458 0.0047652740
455.8823529412 0.0046846297
454.2124542125 0.0046150867
452.5547445255 0.0045592615
450.9090909091 0.0045197187
449.2753623188 0.0044983062
447.6534296029 0.0044957813
446.0431654676 0.0045118754
444.4444444444 0.0045455245
442.8571428571 0.0045950171
441.2811387900 0.0046579421
439.7163120567 0.0047309281
438.1625441696 0.0048093925
436.6197183099 0.0048874584
435.0877192982 0.0049580779
433.5664335664 0.0050135010
432.0557491289 0.0050460153
430.5555555556 0.0050489910
429.0657439446 0.0050180243
427.5862068966 0.0049517441
426.1168384880 0.0048519733
424.6575342466 0.0047231250
423.2081911263 0.0045711887
421.7687074830 0.0044025655
420.3389830508 0.0042231036
418.9189189189 0.0040375986
417.5084175084 0.0038496164
416.1073825503 0.0036615735
414.7157190635 0.0034750708
413.3333333333 0.0032911818
411.9601328904 0.0031107687
410.5960264901 0.0029346479
409.2409240924 0.0027636988
407.8947368421 0.0025987646
406.5573770492 0.0024406253
405.2287581699 0.0022898866
403.9087947883 0.0021469565
402.5974025974 0.0020120434
401.2944983819 0.0018851577
400.0000000000 0.0017661374
398.7138263666 0.0016546252
397.4358974359 0.0015500675
396.1661341853 0.0014516647
394.9044585987 0.0013584771
393.6507936508 0.0012695362
392.4050632911 0.0011840077
391.1671924290 0.0011012999
389.9371069182 0.0010211369
388.7147335423 0.0009435262
387.5000000000 0.0008686984
386.2928348910 0.0007970655
385.0931677019 0.0007291586
383.9009287926 0.0006655688
382.7160493827 0.0006069069
381.5384615385 0.0005537355
380.3680981595 0.0005065175
379.2048929664 0.0004655899
378.0487804878 0.0004311361
376.8996960486 0.0004031898
375.7575757576 0.0003816595
374.6223564955 0.0003664009
373.4939759036 0.0003572898
372.3723723724 0.0003543140
371.2574850299 0.0003576080
370.1492537313 0.0003674441
369.0476190476 0.0003841533
367.9525222552 0.0004080580
366.8639053254 0.0004394350
365.7817109145 0.0004785377
364.7058823529 0.0005257008
363.6363636364 0.0005814577
362.5730994152 0.0006466374
361.5160349854 0.0007223714
360.4651162791 0.0008100279
359.4202898551 0.0009110593
358.3815028902 0.0010268643
357.3487031700 0.0011586240
356.3218390805 0.0013072265
355.3008595989 0.0014731885
354.2857142857 0.0016566530
353.2763532764 0.0018574127
352.2727272727 0.0020749989
351.2747875354 0.0023088501
350.2824858757 0.0025584281
349.2957746479 0.0028233417
348.3146067416 0.0031032115
347.3389355742 0.0033972908
346.3687150838 0.0037037983
345.4038997214 0.0040191923
344.4444444444 0.0043375399
343.4903047091 0.0046504374
342.5414364641 0.0049476417
341.5977961433 0.0052185224
340.6593406593 0.0054537943
339.7260273973 0.0056470985
338.7978142077 0.0057957941
337.8746594005 0.0059009136
336.9565217391 0.0059668689
336.0433604336 0.0060010715
335.1351351351 0.0060133469
334.2318059299 0.0060147631
333.3333333333 0.0060154186
332.4396782842 0.0060218909
331.5508021390 0.0060350602
330.6666666667 0.0060493792
329.7872340426 0.0060541254
328.9124668435 0.0060364813
328.0423280423 0.0059859681
327.1767810026 0.0058984590
326.3157894737 0.0057784425
325.4593175853 0.0056382316
324.6073298429 0.0054946343
323.7597911227 0.0053644271
322.9166666667 0.0052605218
322.0779220779 0.0051897133
321.2435233161 0.0051523733
320.4134366925 0.0051436828
319.5876288660 0.0051559857
318.7660668380 0.0051815462
317.9487179487 0.0052152767
317.1355498721 0.0052564088
316.3265306122 0.0053086262
315.5216284987 0.0053787442
314.7208121827 0.0054743807
313.9240506329 0.0056019504
313.1313131313 0.0057653542
312.3425692695 0.0059655962
311.5577889447 0.0062007126
310.7769423559 0.0064657307
310.0000000000 0.0067524499
309.2269326683 0.0070494297
308.4577114428 0.0073426588
307.6923076923 0.0076174268
306.9306930693 0.0078610868
306.1728395062 0.0080658569
305.4187192118 0.0082305960
304.6683046683 0.0083607211
303.9215686275 0.0084663959
303.1784841076 0.0085600349
302.4390243902 0.0086540412
301.7031630170 0.0087589006
300.9708737864 0.0088817124
300.2421307506 0.0090248700
299.5169082126 0.0091851767
298.7951807229 0.0093541013
298.0769230769 0.0095193025
297.3621103118 0.0096674623
296.6507177033 0.0097873454
295.9427207637 0.0098725670
295.2380952381 0.0099231117
294.5368171021 0.0099457213
293.8388625592 0.0099532303
293.1442080378 0.0099632997
292.4528301887 0.0099962949
291.7647058824 0.0100725567
291.0798122066 0.0102094647
290.3981264637 0.0104189420
289.7196261682 0.0107063295
289.0442890443 0.0110707990
288.3720930233 0.0115068887
287.7030162413 0.0120069395
287.0370370370 0.0125634777
286.3741339492 0.0131711023
285.7142857143 0.0138274058
285.0574712644 0.0145325589
284.4036697248 0.0152871470
283.7528604119 0.0160887074
283.1050228311 0.0169274823
282.4601366743 0.0177827625
281.8181818182 0.0186215833
281.1791383220 0.0194008610
280.5429864253 0.0200737082
279.9097065463 0.0205987731
279.2792792793 0.0209505200
278.6516853933 0.0211267162
278.0269058296 0.0211505469
277.4049217002 0.0210660132
276.7857142857 0.0209282429
276.1692650334 0.0207917432
275.5555555556 0.0207002611
274.9445676275 0.0206805536
274.3362831858 0.0207414936
273.7306843267 0.0208774307
273.1277533040 0.0210742091
272.5274725275 0.0213156263
271.9298245614 0.0215885878
271.3347921225 0.0218867072
270.7423580786 0.0222122029
270.1525054466 0.0225769882
269.5652173913 0.0230027248
268.9804772234 0.0235187076
268.3982683983 0.0241569942
267.8185745140 0.0249458088
267.2413793103 0.0259021324
266.6666666667 0.0270259307
266.0944206009 0.0282967621
265.5246252677 0.0296728295
264.9572649573 0.0310935633
264.3923240938 0.0324852861
263.8297872340 0.0337703963
263.2696390658 0.0348782966
262.7118644068 0.0357549916
262.1564482030 0.0363688651
261.6033755274 0.0367102040
261.0526315789 0.0367864885
260.5042016807 0.0366156027
259.9580712788 0.0362205457
259.4142259414 0.0356269241
258.8726513570 0.0348619758
258.3333333333 0.0339539452
257.7962577963 0.0329303450
257.2614107884 0.0318162532
256.7287784679 0.0306339994
256.1983471074 0.0294049154
255.6701030928 0.0281531254
255.1440329218 0.0269089069
254.6201232033 0.0257094008
254.0983606557 0.0245952330
253.5787321063 0.0236034575
253.0612244898 0.0227595264
252.5458248473 0.0220711908
252.0325203252 0.0215266258
251.5212981744 0.0210972784
251.0121457490 0.0207443210
250.5050505051 0.0204273547
250.0000000000 0.0201131166
249.4969818913 0.0197818864
248.9959839357 0.0194302791
248.4969939880 0.0190703333
248.0000000000 0.0187257184
247.5049900200 0.0184271124
247.0119521912 0.0182074165
246.5208747515 0.0180976516
246.0317460317 0.0181228756
245.5445544554 0.0182985932
245.0592885375 0.0186278884
244.5759368836 0.0191001447
244.0944881890 0.0196917334
243.6149312377 0.0203694759
243.1372549020 0.0210960579
242.6614481409 0.0218370483
242.1875000000 0.0225672015
241.7153996101 0.0232746877
241.2451361868 0.0239613965
240.7766990291 0.0246405207
240.3100775194 0.0253317665
239.8452611219 0.0260562440
239.3822393822 0.0268313980
238.9210019268 0.0276657746
238.4615384615 0.0285543444
238.0038387716 0.0294750861
237.5478927203 0.0303898970
237.0936902486 0.0312506877
236.6412213740 0.0320104762
236.1904761905 0.0326360689
235.7414448669 0.0331171582
235.2941176471 0.0334687413
234.8484848485 0.0337264170
234.4045368620 0.0339375923
233.9622641509 0.0341520536
233.5216572505 0.0344140275
233.0827067669 0.0347562471
232.6454033771 0.0351961457
232.2097378277 0.0357342473
231.7757009346 0.0363548250
231.3432835821 0.0370286795
230.9124767225 0.0377164181
230.4832713755 0.0383716828
230.0556586271 0.0389440875
229.6296296296 0.0393819074
229.2051756007 0.0396361779
228.7822878229 0.0396665300
228.3609576427 0.0394487260
227.9411764706 0.0389810256
227.5229357798 0.0382863373
227.1062271062 0.0374080113
226.6910420475 0.0364001901
226.2773722628 0.0353166256
225.8652094718 0.0342031231
225.4545454545 0.0330947489
225.0453720508 0.0320172642
224.6376811594 0.0309887875
224.2314647378 0.0300199509
223.8267148014 0.0291119743
223.4234234234 0.0282548894
223.0215827338 0.0274287888
222.6211849192 0.0266080660
222.2222222222 0.0257685084
221.8246869410 0.0248941649
221.4285714286 0.0239817188
221.0338680927 0.0230412142
220.6405693950 0.0220935118
220.2486678508 0.0211656111
219.8581560284 0.0202848068
219.4690265487 0.0194735613
219.0812720848 0.0187461578
218.6948853616 0.0181080376
218.3098591549 0.0175590411
217.9261862917 0.0170983952
217.5438596491 0.0167301041
217.1628721541 0.0164652867
216.7832167832 0.0163209841
216.4048865620 0.0163154467
216.0278745645 0.0164622937
215.6521739130 0.0167653190
215.2777777778 0.0172154076
214.9046793761 0.0177898802
214.5328719723 0.0184548292
214.1623488774 0.0191704660
213.7931034483 0.0198989739
213.4251290878 0.0206132920
213.0584192440 0.0213031106
212.6929674099 0.0219753034
212.3287671233 0.0226479622
211.9658119658 0.0233402775
211.6040955631 0.0240623737
211.2436115843 0.0248095668
210.8843537415 0.0255624826
210.5263157895 0.0262932205
210.1694915254 0.0269744319
209.8138747885 0.0275883496
209.4594594595 0.0281319775
209.1062394604 0.0286170971
208.7542087542 0.0290651034
208.4033613445 0.0294995129
208.0536912752 0.0299386214
207.7051926298 0.0303896854
207.3578595318 0.0308456380
207.0116861436 0.0312838307
206.6666666667 0.0316675487
206.3227953411 0.0319501711
205.9800664452 0.0320823515
205.6384742952 0.0320213560
205.2980132450 0.0317410586
204.9586776860 0.0312401891
204.6204620462 0.0305450909
204.2833607908 0.0297052598
203.9473684211 0.0287822097
203.6124794745 0.0278358518
203.2786885246 0.0269133383
202.9459901800 0.0260440967
202.6143790850 0.0252409809
202.2838499184 0.0245057179
201.9543973941 0.0238350975
201.6260162602 0.0232254305
201.2987012987 0.0226744026
200.9724473258 0.0221811980
200.6472491909 0.0217456695
200.3231017771 0.0213673933
200.0000000000 0.0210454500
199.6779388084 0.0207783988
199.3569131833 0.0205648405
199.0369181380 0.0204043861
198.7179487179 0.0202991815
198.4000000000 0.0202552932
198.0830670927 0.0202831904
197.7671451356 0.0203964603
197.4522292994 0.0206090085
197.1383147854 0.0209317019
196.8253968254 0.0213701181
196.5134706815 0.0219243337
196.2025316456 0.0225902265
195.8925750395 0.0233612298
195.5835962145 0.0242294996
195.2755905512 0.0251860206
194.9685534591 0.0262199447
194.6624803768 0.0273178686
194.3573667712 0.0284627462
194.0532081377 0.0296336332
193.7500000000 0.0308058723
193.4477379095 0.0319516278
193.1464174455 0.0330412395
192.8460342146 0.0340450260
192.5465838509 0.0349360057
192.2480620155 0.0356932635
191.9504643963 0.0363043907
191.6537867079 0.0367670472
191.3580246914 0.0370885163
191.0631741140 0.0372832296
190.7692307692 0.0373706322
190.4761904762 0.0373732488
190.1840490798 0.0373169097
189.8928024502 0.0372311295
189.6024464832 0.0371489324
189.3129770992 0.0371044168
189.0243902439 0.0371284363
188.7366818874 0.0372429397
188.4498480243 0.0374566745
188.1638846737 0.0377641611
187.8787878788 0.0381493021
187.5945537065 0.0385919307
187.3111782477 0.0390748871
187.0286576169 0.0395880073
186.7469879518 0.0401274836
186.4661654135 0.0406916613
186.1861861862 0.0412759976
185.9070464768 0.0418704385
185.6287425150 0.0424600274
185.3512705531 0.0430281241
185.0746268657 0.0435599468
184.7988077496 0.0440458460
184.5238095238 0.0444841157
184.2496285290 0.0448842197
183.9762611276 0.0452694633
183.7037037037 0.0456783127
183.4319526627 0.0461620724
183.1610044313 0.0467784679
182.8908554572 0.0475812629
182.6215022091 0.0486084952
182.3529411765 0.0498721307
182.0851688693 0.0513527286
181.8181818182 0.0530015347
181.5519765739 0.0547497907
181.2865497076 0.0565241813
181.0218978102 0.0582642261
180.7580174927 0.0599366512
180.4949053857 0.0615431016
180.2325581395 0.0631176710
179.9709724238 0.0647138272
179.7101449275 0.0663843730
179.4500723589 0.0681610332
179.1907514451 0.0700414961
178.9321789322 0.0719899157
178.6743515850 0.0739495695
178.4172661871 0.0758625969
178.1609195402 0.0776869713
177.9053084648 0.0794041758
177.6504297994 0.0810152006
177.3962804006 0.0825306319
177.1428571429 0.0839621571
176.8901569187 0.0853225451
176.6381766382 0.0866331217
176.3869132290 0.0879315269
176.1363636364 0.0892720490
175.8865248227 0.0907147536
175.6373937677 0.0923071445
175.3889674682 0.0940677239
175.1412429379 0.0959785989
174.8942172073 0.0979913062
174.6478873239 0.1000428506
174.4022503516 0.1020759262
174.1573033708 0.1040568710
173.9130434783 0.1059846873
173.6694677871 0.1078892271
173.4265734266 0.1098209310
173.1843575419 0.1118364539
172.9428172943 0.1139843241
172.7019498607 0.1162955763
172.4617524339 0.1187783271
172.2222222222 0.1214155400
171.9833564494 0.1241644326
171.7451523546 0.1269561777
171.5076071923 0.1296992016
171.2707182320 0.1322882685
171.0344827586 0.1346215257
170.7988980716 0.1366202711
170.5639614856 0.1382432332
170.3296703297 0.1394898549
170.0960219479 0.1403889429
169.8630136986 0.1409786840
169.6306429549 0.1412865658
169.3989071038 0.1413195296
169.1678035471 0.1410675269
168.9373297003 0.1405197574
168.7074829932 0.1396821669
168.4782608696 0.1385876483
168.2496607870 0.1372943627
168.0216802168 0.1358748259
167.7943166441 0.1344029189
167.5675675676 0.1329440040
167.3414304993 0.1315498638
167.1159029650 0.1302562539
166.8909825034 0.1290817505
166.6666666667 0.1280269994
166.4429530201 0.1270759016
166.2198391421 0.1262012262
165.9973226238 0.1253731120
165.7754010695 0.1245692051
165.5540720961 0.1237829449
165.3333333333 0.1230264665
165.1131824234 0.1223286850
164.8936170213 0.1217282868
164.6746347942 0.1212637384
164.4562334218 0.1209629196
164.2384105960 0.1208330001
164.0211640212 0.1208521955
163.8044914135 0.1209650965
163.5883905013 0.1210832257
163.3728590250 0.1210926934
163.1578947368 0.1208701237
162.9434954008 0.1203015912
162.7296587927 0.1193015708
162.5163826999 0.1178254711
162.3036649215 0.1158740078
162.0915032680 0.1134876158
161.8798955614 0.1107360365
161.6688396349 0.1077047216
161.4583333333 0.1044865266
161.2483745124 0.1011769051
161.0389610390 0.0978728072
160.8300907912 0.0946690969
160.6217616580 0.0916526885
160.4139715395 0.0888942763
160.2067183463 0.0864405449
160.0000000000 0.0843106595
159.7938144330 0.0824977971
159.5881595882 0.0809745846
159.3830334190 0.0797002607
159.1784338896 0.0786267160
158.9743589744 0.0777037837
158.7708066581 0.0768818960
158.5677749361 0.0761123406
158.3652618135 0.0753469666
158.1632653061 0.0745359408
157.9617834395 0.0736276608
157.7608142494 0.0725726406
157.5603557814 0.0713313042
157.3604060914 0.0698835633
157.1609632446 0.0682352590
156.9620253165 0.0664176424
156.7635903919 0.0644816202
156.5656565657 0.0624888144
156.3682219420 0.0605038965
156.1712846348 0.0585893802
155.9748427673 0.0568034867
155.7788944724 0.0551995822
155.5834378921 0.0538259019
155.3884711779 0.0527230933
155.1939924906 0.0519210955
155.0000000000 0.0514354044
154.8064918851 0.0512643315
154.6134663342 0.0513888556
154.4209215442 0.0517741781
154.2288557214 0.0523732109
154.0372670807 0.0531308063
153.8461538462 0.0539877358
153.6555142503 0.0548845170
153.4653465347 0.0557660810
153.2756489493 0.0565842732
153.0864197531 0.0572982992
152.8976572133 0.0578725401
152.7093596059 0.0582738946
152.5215252153 0.0584718967
152.3341523342 0.0584436957
152.1472392638 0.0581808097
151.9607843137 0.0576953005
151.7747858017 0.0570206848
151.5892420538 0.0562062701
151.4041514042 0.0553066050
151.2195121951 0.0543689147
151.0353227771 0.0534242002
150.8515815085 0.0524829503
150.6682867558 0.0515380904
150.4854368932 0.0505727786
150.3030303030 0.0495696072
150.1210653753 0.0485179741
149.9395405079 0.0474168596
149.7584541063 0.0462727530
149.5778045838 0.0450959645
149.3975903614 0.0438967210
149.2178098676 0.0426837595
149.0384615385 0.0414638434
148.8595438175 0.0402417348
148.6810551559 0.0390205990
148.5029940120 0.0378012379
148.3253588517 0.0365828455
148.1481481481 0.0353642847
147.9713603819 0.0341464647
147.7949940405 0.0329349239
147.6190476190 0.0317411239
147.4435196195 0.0305823962
147.2684085511 0.0294806612
147.0937129300 0.0284601880
146.9194312796 0.0275448598
146.7455621302 0.0267553604
146.5721040189 0.0261066296
146.3990554900 0.0256052378
146.2264150943 0.0252473633
146.0541813899 0.0250182005
145.8823529412 0.0248925052
145.7109283196 0.0248370510
145.5399061033 0.0248149967
145.3692848769 0.0247908249
145.1990632319 0.0247347391
145.0292397661 0.0246262350
144.8598130841 0.0244552570
144.6907817970 0.0242223403
144.5221445221 0.0239378331
144.3538998836 0.0236208053
144.1860465116 0.0232970179
144.0185830430 0.0229956584
143.8515081206 0.0227454080
143.6848203940 0.0225695377
143.5185185185 0.0224825278
143.3526011561 0.0224877517
143.1870669746 0.0225772897
143.0219146482 0.0227334614
142.8571428571 0.0229317553
142.6927502877 0.0231444871
142.5287356322 0.0233448600
142.3650975890 0.0235096427
142.2018348624 0.0236210160
142.0389461627 0.0236659687
141.8764302059 0.0236357164
141.7142857143 0.0235257112
141.5525114155 0.0233368732
141.3911060433 0.0230770026
141.2300683371 0.0227621941
141.0693970421 0.0224162905
140.9090909091 0.0220683548
140.7491486947 0.0217482317
140.5895691610 0.0214817336
140.4303510759 0.0212860640
140.2714932127 0.0211671230
140.1129943503 0.0211187364
139.9548532731 0.0211236678
139.7970687711 0.0211557283
139.6396396396 0.0211829624
139.4825646794 0.0211713697
139.3258426966 0.0210896111
139.1694725028 0.0209130553
139.0134529148 0.0206274482
138.8577827548 0.0202298434
138.7024608501 0.0197280558
138.5474860335 0.0191381552
138.3928571429 0.0184818327
138.2385730212 0.0177835399
138.0846325167 0.0170684427
137.9310344828 0.0163606401
137.7777777778 0.0156816885
137.6248612653 0.0150496679
137.4722838137 0.0144783132
137.3200442968 0.0139764967
137.1681415929 0.0135480923
137.0165745856 0.0131922681
136.8653421634 0.0129037895
136.7144432194 0.0126734448
136.5638766520 0.0124887441
136.4136413641 0.0123350146
136.2637362637 0.0121971889
136.1141602634 0.0120620214
135.9649122807 0.0119203130
135.8159912377 0.0117679396
135.6673960613 0.0116058223
135.5191256831 0.0114381146
135.3711790393 0.0112709181
135.2235550709 0.0111110704
135.0762527233 0.0109661583
134.9292709467 0.0108447244
134.7826086957 0.0107560223
134.6362649294 0.0107094593
134.4902386117 0.0107134752
134.3445287107 0.0107750563
134.1991341991 0.0108997274
134.0540540541 0.0110915352
133.9092872570 0.0113530937
133.7648327940 0.0116845618
133.6206896552 0.0120826860
133.4768568353 0.0125402147
133.3333333333 0.0130465216
133.1901181525 0.0135893576
133.0472103004 0.0141575316
132.9046087889 0.0147431735
132.7623126338 0.0153430908
132.6203208556 0.0159585488
132.4786324786 0.0165938284
132.3372465315 0.0172535935
132.1961620469 0.0179401222
132.0553780618 0.0186506424
131.9148936170 0.0193755425
131.7747077577 0.0200990155
131.6348195329 0.0208012167
131.4952279958 0.0214623456
131.3559322034 0.0220666159
131.2169312169 0.0226046555
131.0782241015 0.0230744441
130.9398099261 0.0234805115
130.8016877637 0.0238320512
130.6638566913 0.0241410441
130.5263157895 0.0244202363
130.3890641430 0.0246821695
130.2521008403 0.0249379275
130.1154249738 0.0251971818
129.9790356394 0.0254689091
129.8429319372 0.0257626751
129.7071129707 0.0260894248
129.5715778474 0.0264614282
129.4363256785 0.0268905932
129.3013555787 0.0273860083
129.1666666667 0.0279507226
129.0322580645 0.0285792554
128.8981288981 0.0292557433
128.7642782970 0.0299545784
128.6307053942 0.0306430800
128.4974093264 0.0312876828
128.3643892340 0.0318611150
128.2316442606 0.0323496954
128.0991735537 0.0327575195
127.9669762642 0.0331064966
127.8350515464 0.0334322370
127.7033985582 0.0337771771
127.5720164609 0.0341817049
127.4409044193 0.0346740674
127.3100616016 0.0352616042
127.1794871795 0.0359238479
127.0491803279 0.0366120904
126.9191402252 0.0372553691
126.7893660532 0.0377735911
126.6598569969 0.0380944132
126.5306122449 0.0381699648
126.4016309888 0.0379890849
126.2729124236 0.0375809357
126.1444557477 0.0370098218
126.0162601626 0.0363618494
125.8883248731 0.0357280989
125.7606490872 0.0351878290
125.6332320162 0.0347962735
125.5060728745 0.0345780260
125.3791708797 0.0345277133
125.2525252525 0.0346165533
125.1261352170 0.0348041863
125.0000000000 0.0350517531
124.8741188318 0.0353326121
124.7484909457 0.0356374110
124.6231155779 0.0359719966
124.4979919679 0.0363509099
124.3731193581 0.0367894021
124.2484969940 0.0372964405
124.1241241241 0.0378715475
124.0000000000 0.0385044324
123.8761238761 0.0391776814
123.7524950100 0.0398702554
123.6291126620 0.0405601584
123.5059760956 0.0412250164
123.3830845771 0.0418415018
123.2604373757 0.0423850534
123.1380337637 0.0428313265
123.0158730159 0.0431597031
122.8939544103 0.0433580306
122.7722772277 0.0434257727
122.6508407517 0.0433745832
122.5296442688 0.0432249745
122.4086870681 0.0429991616
122.2879684418 0.0427131490
122.1674876847 0.0423704412
122.0472440945 0.0419590715
121.9272369715 0.0414547113
121.8074656189 0.0408279899
121.6879293425 0.0400544855
121.5686274510 0.0391246759
121.4495592556 0.0380489971
121.3307240705 0.0368575430
121.2121212121 0.0355940126
121.0937500000 0.0343077174
120.9756097561 0.0330456061
120.8576998051 0.0318474041
120.7400194742 0.0307424572
120.6225680934 0.0297501388
120.5053449951 0.0288807042
120.3883495146 0.0281365756
120.2715809893 0.0275145550
120.1550387597 0.0270083534
120.0387221684 0.0266122052
119.9226305609 0.0263236201
119.8067632850 0.0261459863
119.6911196911 0.0260878338
119.5756991321 0.0261604811
119.4605009634 0.0263730176
119.3455245428 0.0267268740
119.2307692308 0.0272109758
119.1162343900 0.0277989898
119.0019193858 0.0284488108
118.8878235858 0.0291058849
118.7739463602 0.0297098860
118.6602870813 0.0302042468
118.5468451243 0.0305462470
118.4336198663 0.0307162357
118.3206106870 0.0307214250
118.2078169685 0.0305932444
118.0952380952 0.0303785632
117.9828734539 0.0301264245
117.8707224335 0.0298750344
117.7587844255 0.0296439318
117.6470588235 0.0294323266
117.5355450237 0.0292244301
117.4242424242 0.0289995915
117.3131504257 0.0287437096
117.2022684310 0.0284580987
117.0915958451 0.0281643353
116.9811320755 0.0279024215
116.8708765316 0.0277243635
116.7608286252 0.0276849702
116.6509877705 0.0278336784
116.5413533835 0.0282100012
116.4319248826 0.0288419121
116.3227016886 0.0297473963
116.2136832240 0.0309357344
116.1048689139 0.0324084334
115.9962581852 0.0341594481
115.8878504673 0.0361762348
115.7796451914 0.0384421387
115.6716417910 0.0409415274
115.5638397018 0.0436643189
115.4562383613 0.0466101778
115.3488372093 0.0497898568
115.2416356877 0.0532232429
115.1346332405 0.0569356993
115.0278293135 0.0609524600
114.9212233550 0.0652917279
114.8148148148 0.0699563616
114.7086031452 0.0749242381
114.6025878004 0.0801382592
114.4967682364 0.0854996409
114.3911439114 0.0908704683
114.2857142857 0.0960872580
114.1804788214 0.1009864118
114.0754369825 0.1054348363
113.9705882353 0.1093569246
113.8659320478 0.1127467948
113.7614678899 0.1156632896
113.6571952337 0.1182097556
113.5531135531 0.1205069533
113.4492223239 0.1226632226
113.3455210238 0.1247446883
113.2420091324 0.1267510716
113.1386861314 0.1286019457
113.0355515041 0.1301427099
112.9326047359 0.1311723862
112.8298453139 0.1314870180
112.7272727273 0.1309277286
112.6248864668 0.1294185433
112.5226860254 0.1269825267
112.4206708976 0.1237345261
112.3188405797 0.1198551150
112.2171945701 0.1155538035
112.1157323689 0.1110344542
112.0144534779 0.1064719578
111.9133574007 0.1020030822
111.8124436429 0.0977291528
111.7117117117 0.0937233250
111.6111611161 0.0900372551
111.5107913669 0.0867039787
111.4106019766 0.0837405674
111.3105924596 0.0811491492
111.2107623318 0.0789195975
111.1111111111 0.0770335543
111.0116383169 0.0754678230
110.9123434705 0.0741973328
110.8132260947 0.0731967283
110.7142857143 0.0724380509
110.6155218555 0.0718890724
110.5169340463 0.0715104578
110.4185218166 0.0712552060
110.3202846975 0.0710695308
110.2222222222 0.0708982432
110.1243339254 0.0706918631
110.0266193434 0.0704166555
109.9290780142 0.0700626893
109.8317094774 0.0696459895
109.7345132743 0.0692051543
109.6374889478 0.0687926350
109.5406360424 0.0684652836
109.4439541041 0.0682745852
109.3474426808 0.0682606477
109.2511013216 0.0684496080
109.1549295775 0.0688547172
109.0589270009 0.0694805077
108.9630931459 0.0703266348
108.8674275680 0.0713871921
108.7719298246 0.0726453145
108.6765994741 0.0740650024
108.5814360771 0.0755838789
108.4864391951 0.0771119770
108.3916083916 0.0785400017
108.2969432314 0.0797542338
108.2024432810 0.0806557425
108.1081081081 0.0811760191
108.0139372822 0.0812845706
107.9199303742 0.0809875077
107.8260869565 0.0803192435
107.7324066030 0.0793308979
107.6388888889 0.0780814760
107.5455333912 0.0766309135
107.4523396880 0.0750379770
107.3593073593 0.0733607305
107.2664359862 0.0716568910
107.1737251513 0.0699829748
107.0811744387 0.0683917518
106.9887834340 0.0669276818
106.8965517241 0.0656211479
106.8044788975 0.0644839099
106.7125645439 0.0635059787
106.6208082545 0.0626579112
106.5292096220 0.0618969945
106.4377682403 0.0611779453
106.3464837050 0.0604637077
106.2553556127 0.0597335009
106.1643835616 0.0589840236
106.0735671514 0.0582258277
105.9829059829 0.0574753785
105.8923996584 0.0567484908
105.8020477816 0.0560559493
105.7118499574 0.0554045557
105.6218057922 0.0548026685
105.5319148936 0.0542670420
105.4421768707 0.0538282922
105.3525913339 0.0535307414
105.2631578947 0.0534275685
105.1738761662 0.0535740076
105.0847457627 0.0540210976
104.9957662997 0.0548113125
104.9069373942 0.0559771889
104.8182586644 0.0575409760
104.7297297297 0.0595127302
104.6413502110 0.0618856382
104.5531197302 0.0646263061
104.4650379107 0.0676630943
104.3771043771 0.0708773723
104.2893187553 0.0741044706
104.2016806723 0.0771484944
104.1141897565 0.0798077239
104.0268456376 0.0819062833
103.9396479464 0.0833194686
103.8525963149 0.0839888930
103.7656903766 0.0839229478
103.6789297659 0.0831858175
103.5923141186 0.0818790063
103.5058430718 0.0801217550
103.4195162636 0.0780352671
103.3333333333 0.0757332483
103.2472939217 0.0733174030
103.1613976705 0.0708772288
103.0756442228 0.0684893570
102.9900332226 0.0662186554
102.9045643154 0.0641181109
102.8192371476 0.0622294025
102.7340513670 0.0605827116
102.6490066225 0.0591976973
102.5641025641 0.0580840201
102.4793388430 0.0572414060
102.3947151115 0.0566587133
102.3102310231 0.0563131587
102.2258862325 0.0561702157
102.1416803954 0.0561853795
102.0576131687 0.0563075980
101.9736842105 0.0564827005
101.8898931800 0.0566580635
101.8062397373 0.0567875869
101.7227235439 0.0568361654
101.6393442623 0.0567823295
101.5561015561 0.0566177052
101.4729950900 0.0563447595
101.3900245298 0.0559732596
101.3071895425 0.0555190263
101.2244897959 0.0550045874
101.1419249592 0.0544612160
101.0594947025 0.0539286109
100.9771986971 0.0534532299
100.8950366151 0.0530828305
100.8130081301 0.0528591537
100.7311129163 0.0528117083
100.6493506494 0.0529531746
100.5677210057 0.0532788103
100.4862236629 0.0537722335
100.4048582996 0.0544140033
100.3236245955 0.0551917640
100.2425222312 0.0561079162
100.1615508885 0.0571813195
100.0807102502 0.0584454352
100.0000000000 0.0599442654
99.9194198227 0.0617262878
99.8389694042 0.0638385571
99.7586484312 0.0663182566
99.6784565916 0.0691803424
99.5983935743 0.0724037230
99.5184590690 0.0759154646
99.4386527666 0.0795817375
99.3589743590 0.0832093763
99.2794235388 0.0865644412
99.2000000000 0.0894067945
99.1207034373 0.0915311318
99.0415335463 0.0928033067
98.9624900239 0.0931784716
98.8835725678 0.0926995719
98.8047808765 0.0914764727
98.7261146497 0.0896564309
98.6475735879 0.0873959203
98.5691573927 0.0848399774
98.4908657665 0.0821105176
98.4126984127 0.0793041352
98.3346550357 0.0764925604
98.2567353407 0.0737251661
98.1789390340 0.0710327244
98.1012658228 0.0684309831
98.0237154150 0.0659265211
97.9462875197 0.0635237213
97.8689818469 0.0612313604
97.7917981073 0.0590661685
97.7147360126 0.0570546917
97.6377952756 0.0552303378
97.5609756098 0.0536291277
97.4842767296 0.0522847015
97.4076983504 0.0512243316
97.3312401884 0.0504659175
97.2549019608 0.0500156897
97.1786833856 0.0498667518
97.1025841817 0.0499981205
97.0266040689 0.0503728715
96.9507427678 0.0509390201
96.8750000000 0.0516315939
96.7993754879 0.0523764976
96.7238689548 0.0530982303
96.6484801247 0.0537287192
96.5732087227 0.0542159745
96.4980544747 0.0545316446
96.4230171073 0.0546731486
96.3480963481 0.0546619077
96.2732919255 0.0545381368
96.1986035687 0.0543553558
96.1240310078 0.0541732770
96.0495739737 0.0540519957
95.9752321981 0.0540439817
95.9010054138 0.0541869552
95.8268933539 0.0544973169
95.7528957529 0.0549655010
95.6790123457 0.0555576554
95.6052428682 0.0562208486
95.5315870570 0.0568939058
95.4580446497 0.0575176449
95.3846153846 0.0580445796
95.3112990008 0.0584448000
95.2380952381 0.0587080547
95.1650038373 0.0588450569
95.0920245399 0.0588865970
95.0191570881 0.0588805652
94.9464012251 0.0588875892
94.8737566947 0.0589732982
94.8012232416 0.0592002183
94.7288006112 0.0596195027
94.6564885496 0.0602628866
94.5842868040 0.0611372582
94.5121951220 0.0622191197
94.4402132521 0.0634535535
94.3683409437 0.0647577098
94.2965779468 0.0660322286
94.2249240122 0.0671813235
94.1533788914 0.0681349135
94.0819423369 0.0688671623
94.0106141016 0.0694007635
93.9393939394 0.0697965093
93.8682816048 0.0701308655
93.7972768533 0.0704699424
93.7263794407 0.0708492122
93.6555891239 0.0712628460
93.5849056604 0.0716664306
93.5143288084 0.0719893777
93.4438583271 0.0721525825
93.3734939759 0.0720841880
93.3032355154 0.0717313521
93.2330827068 0.0710655833
93.1630353118 0.0700844983
93.0930930931 0.0688097927
93.0232558140 0.0672851750
92.9535232384 0.0655705529
92.8838951311 0.0637364357
92.8143712575 0.0618562076
92.7449513837 0.0599990240
92.6756352765 0.0582251346
92.6064227035 0.0565813445
92.5373134328 0.0550994685
92.4683072334 0.0537959412
92.3994038748 0.0526713140
92.3306031273 0.0517116598
92.2619047619 0.0508904332
92.1933085502 0.0501710743
92.1248142645 0.0495113329
92.0564216778 0.0488695265
91.9881305638 0.0482091274
91.9199406968 0.0475030444
91.8518518519 0.0467369362
91.7838638046 0.0459086504
91.7159763314 0.0450273092
91.6481892092 0.0441100822
91.5805022157 0.0431783300
91.5129151292 0.0422540460
91.4454277286 0.0413564531
91.3780397937 0.0405001719
91.3107511046 0.0396957104
91.2435614422 0.0389514086
91.1764705882 0.0382761744
91.1094783248 0.0376813392
91.0425844347 0.0371810532
90.9757887014 0.0367901713
90.9090909091 0.0365221229
90.8424908425 0.0363862776
90.7759882870 0.0363866159
90.7095830285 0.0365216133
90.6432748538 0.0367852258
90.5770635500 0.0371681100
90.5109489051 0.0376592572
90.4449307075 0.0382463652
90.3790087464 0.0389164171
90.3131828114 0.0396555939
90.2474526929 0.0404487996
90.1818181818 0.0412800429
90.1162790698 0.0421324740
90.0508351489 0.0429909141
89.9854862119 0.0438419608
89.9202320522 0.0446738113
89.8550724638 0.0454737650
89.7900072411 0.0462255357
89.7250361795 0.0469068193
89.6601590745 0.0474888938
89.5953757225 0.0479366328
89.5306859206 0.0482129639
89.4660894661 0.0482849591
89.4015861572 0.0481320182
89.3371757925 0.0477516810
89.2728581713 0.0471621374
89.2086330935 0.0463993665
89.1445003595 0.0455107931
89.0804597701 0.0445485594
89.0165111271 0.0435633822
88.9526542324 0.0425999303
88.8888888889 0.0416938272
88.8252148997 0.0408701685
88.7616320687 0.0401429167
88.6981402003 0.0395156766
88.6347390994 0.0389832255
88.5714285714 0.0385336803
88.5082084226 0.0381516676
88.4450784593 0.0378219607
88.3820384890 0.0375329540
88.3190883191 0.0372792327
88.2562277580 0.0370631980
88.1934566145 0.0368958173
88.1307746979 0.0367958091
88.0681818182 0.0367882374
88.0056777857 0.0369007236
87.9432624113 0.0371589166
87.8809355067 0.0375794581
87.8186968839 0.0381635367
87.7565463553 0.0388912133
87.6944837341 0.0397192668
87.6325088339 0.0405858364
87.5706214689 0.0414191426
87.5088214538 0.0421507537
87.4471086037 0.0427277976
87.3854827343 0.0431212506
87.3239436620 0.0433278633
87.2624912034 0.0433667563
87.2011251758 0.0432724799
87.1398453970 0.0430874803
87.0786516854 0.0428540384
87.0175438596 0.0426087538
86.9565217391 0.0423776246
86.8955851437 0.0421748117
86.8347338936 0.0420023812
86.7739678097 0.0418527582
86.7132867133 0.0417124807
86.6526904263 0.0415660056
86.5921787709 0.0413996820
86.5317515701 0.0412041947
86.4714086471 0.0409762872
86.4111498258 0.0407193273
86.3509749304 0.0404428827
86.2908837857 0.0401618656
86.2308762170 0.0398935665
86.1709520500 0.0396539918
86.1111111111 0.0394552388
86.0513532269 0.0393032287
85.9916782247 0.0391981804
85.9320859321 0.0391350657
85.8725761773 0.0391053802
85.8131487889 0.0390979827
85.7538035961 0.0390994400
85.6945404285 0.0390955011
85.6353591160 0.0390726693
85.5762594893 0.0390193667
85.5172413793 0.0389271511
85.4583046175 0.0387913331
85.3994490358 0.0386098157
85.3406744666 0.0383833589
85.2819807428 0.0381151175
85.2233676976 0.0378103697
85.1648351648 0.0374770575
85.1063829787 0.0371249347
85.0480109739 0.0367648216
84.9897189856 0.0364079689
84.9315068493 0.0360652586
84.8733744011 0.0357469428
84.8153214774 0.0354625985
84.7573479152 0.0352216488
84.6994535519 0.0350327616
84.6416382253 0.0349030301
84.5839017735 0.0348364555
84.5262440354 0.0348329053
84.4686648501 0.0348875540
84.4111640572 0.0349913876
84.3537414966 0.0351316717
84.2963970088 0.0352919240
84.2391304348 0.0354518771
84.1819416158 0.0355891023
84.1248303935 0.0356811853
84.0677966102 0.0357103979
84.0108401084 0.0356677128
83.9539607312 0.0355542356
83.8971583221 0.0353820225
83.8404327248 0.0351708700
83.7837837838 0.0349449314
83.7272113437 0.0347277785
83.6707152497 0.0345378673
83.6142953473 0.0343841746
83.5579514825 0.0342644837
83.5016835017 0.0341650470
83.4454912517 0.0340641636
83.3893745797 0.0339368529
83.3333333333 0.0337613203
83.2773673606 0.0335238330
83.2214765101 0.0332212008
83.1656606304 0.0328601927
83.1099195710 0.0324548021
83.0542531815 0.0320229537
82.9986613119 0.0315838424
82.9431438127 0.0311561248
82.8877005348 0.0307576462
82.8323313293 0.0304057975
82.7770360481 0.0301176461
82.7218145430 0.0299089921
82.6666666667 0.0297926893
82.6115922718 0.0297759931
82.5565912117 0.0298599185
82.5016633400 0.0300395556
82.4468085106 0.0303059546
82.3920265781 0.0306490161
82.3373173971 0.0310599309
82.2826808228 0.0315321419
82.2281167109 0.0320619839
82.1736249172 0.0326475467
82.1192052980 0.0332876835
82.0648577101 0.0339792836
82.0105820106 0.0347156014
81.9563780568 0.0354835094
81.9022457067 0.0362629409
81.8481848185 0.0370284441
81.7941952507 0.0377526447
81.7402768622 0.0384092837
81.6864295125 0.0389780100
81.6326530612 0.0394455126
81.5789473684 0.0398077411
81.5253122945 0.0400693542
81.4717477004 0.0402424426
81.4182534471 0.0403432440
81.3648293963 0.0403877584
81.3114754098 0.0403878721
81.2581913499 0.0403478625
81.2049770792 0.0402646158
81.1518324607 0.0401298962
81.0987573578 0.0399347872
81.0457516340 0.0396733542
80.9928151535 0.0393459217
80.9399477807 0.0389591138
80.8871493803 0.0385248745
80.8344198175 0.0380590708
80.7817589577 0.0375793547
80.7291666667 0.0371041824
80.6766428107 0.0366513590
80.6241872562 0.0362370553
80.5717998700 0.0358738696
80.5194805195 0.0355691591
80.4672290720 0.0353236128
80.4150453956 0.0351299486
80.3629293584 0.0349745122
80.3108808290 0.0348384883
80.2588996764 0.0347025270
80.2069857697 0.0345493544
80.1551389787 0.0343659138
80.1033591731 0.0341452323
80.0516462234 0.0338855074
80.0000000000 0.0335900517
79.9484203740 0.0332660200
79.8969072165 0.0329231639
79.8454603992 0.0325728532
79.7940797941 0.0322269998
79.7427652733 0.0318976101
79.6915167095 0.0315959069
79.6403339756 0.0313306356
79.5892169448 0.0311066762
79.5381654907 0.0309231473
79.4871794872 0.0307728217
79.4362588085 0.0306430181
79.3854033291 0.0305168704
79.3346129239 0.0303765982
79.2838874680 0.0302070322
79.2332268371 0.0299983455
79.1826309068 0.0297482893
79.1320995533 0.0294618927
79.0816326531 0.0291493215
79.0312300829 0.0288240157
78.9808917197 0.0284992358
78.9306174411 0.0281874948
78.8804071247 0.0279001405
78.8302606484 0.0276479775
78.7801778907 0.0274424782
78.7301587302 0.0272946836
78.6802030457 0.0272152245
78.6303107166 0.0272124786
78.5804816223 0.0272920585
78.5307156428 0.0274556434
78.4810126582 0.0277009497
78.4313725490 0.0280205496
78.3817951960 0.0284012989
78.3322804801 0.0288238497
78.2828282828 0.0292634984
78.2334384858 0.0296927768
78.1841109710 0.0300854100
78.1348456207 0.0304207151
78.0856423174 0.0306869714
78.0365009440 0.0308822859
77.9874213836 0.0310130488
77.9384035198 0.0310908998
77.8894472362 0.0311292080
77.8405524168 0.0311396274
77.7917189460 0.0311316403
77.7429467085 0.0311119244
77.6942355890 0.0310860274
77.6455854728 0.0310589785
77.5969962453 0.0310361793
77.5484677924 0.0310220750
77.5000000000 0.0310202246
77.4515927545 0.0310329649
77.4032459426 0.0310630247
77.3549594510 0.0311156830
77.3067331671 0.0312010608
77.2585669782 0.0313342357
77.2104607721 0.0315344476
77.1624144368 0.0318202584
77.1144278607 0.0322057150
77.0665009323 0.0326939217
77.0186335404 0.0332751366
76.9708255742 0.0339258295
76.9230769231 0.0346122992
76.8753874768 0.0352956222
76.8277571252 0.0359367438
76.7801857585 0.0365000394
76.7326732673 0.0369550212
76.6852195424 0.0372781645
76.6378244747 0.0374549988
76.5904879555 0.0374820460
76.5432098765 0.0373688988
76.4959901295 0.0371378568
76.4488286067 0.0368205835
76.4017252002 0.0364534321
76.3546798030 0.0360722688
76.3076923077 0.0357075646
76.2607626076 0.0353807537
76.2138905962 0.0351032770
76.1670761671 0.0348758815
76.1203192142 0.0346906045
76.0736196319 0.0345340867
76.0269773145 0.0343906832
75.9803921569 0.0342468658
75.9338640539 0.0340935761
75.8873929009 0.0339273635
75.8409785933 0.0337501532
75.7946210269 0.0335680919
75.7483200977 0.0333893533
75.7020757021 0.0332220903
75.6558877364 0.0330726015
75.6097560976 0.0329434502
75.5636806825 0.0328328692
75.5176613886 0.0327340860
75.4716981132 0.0326369447
75.4257907543 0.0325300772
75.3799392097 0.0324034484
75.3341433779 0.0322507781
75.2884031573 0.0320703555
75.2427184466 0.0318649753
75.1970891449 0.0316410654
75.1515151515 0.0314075585
75.1059963658 0.0311751397
75.0605326877 0.0309550956
75.0151240169 0.0307585867
74.9697702539 0.0305960844
74.9244712991 0.0304766492
74.8792270531 0.0304071381
74.8340374170 0.0303923454
74.7889022919 0.0304349082
74.7438215793 0.0305355204
74.6987951807 0.0306941068
74.6538229982 0.0309096357
74.6089049338 0.0311808839
74.5640408900 0.0315062039
74.5192307692 0.0318830986
74.4744744745 0.0323068267
74.4297719088 0.0327695330
74.3851229754 0.0332585621
74.3405275779 0.0337549870
74.2959856201 0.0342348031
74.2514970060 0.0346710207
74.2070616397 0.0350378932
74.1626794258 0.0353157167
74.1183502690 0.0354940731
74.0740740741 0.0355722597
74.0298507463 0.0355564331
73.9856801909 0.0354563285
73.9415623137 0.0352817868
73.8974970203 0.0350415438
73.8534842168 0.0347439556
73.8095238095 0.0343977211
73.7656157049 0.0340139600
73.7217598098 0.0336064041
73.6779560309 0.0331916068
73.6342042755 0.0327872822
73.5905044510 0.0324109576
73.5468564650 0.0320779193
73.5032602253 0.0317991518
73.4597156398 0.0315807933
73.4162226169 0.0314232475
73.3727810651 0.0313222022
73.3293908930 0.0312701836
73.2860520095 0.0312584821
73.2427643237 0.0312796952
73.1995277450 0.0313289189
73.1563421829 0.0314044709
73.1132075472 0.0315061218
73.0701237478 0.0316329373
73.0270906949 0.0317794105
72.9841082990 0.0319342915
72.9411764706 0.0320804864
72.8982951205 0.0321971103
72.8554641598 0.0322648711
72.8126834997 0.0322697345
72.7699530516 0.0322071797
72.7272727273 0.0320824134
72.6846424385 0.0319099949
72.6420620972 0.0317106605
72.5995316159 0.0315085232
72.5570509070 0.0313275039
72.5146198830 0.0311890503
72.4722384570 0.0311093735
72.4299065421 0.0310976059
72.3876240514 0.0311538106
72.3453908985 0.0312678622
72.3032069971 0.0314208540
72.2610722611 0.0315877494
72.2189866045 0.0317429149
72.1769499418 0.0318652827
72.1349621873 0.0319424215
72.0930232558 0.0319717451
72.0511330622 0.0319594162
72.0092915215 0.0319170928
71.9674985490 0.0318594794
71.9257540603 0.0318012890
71.8840579710 0.0317548869
71.8424101970 0.0317278994
71.8008106543 0.0317227060
71.7592592593 0.0317360486
71.7177559283 0.0317611444
71.6763005780 0.0317904424
71.6348931254 0.0318178648
71.5935334873 0.0318408036
71.5522215811 0.0318604858
71.5109573241 0.0318819428
71.4697406340 0.0319123373
71.4285714286 0.0319600481
71.3874496258 0.0320337507
71.3463751438 0.0321406852
71.3053479011 0.0322863320
71.2643678161 0.0324736012
71.2234348076 0.0327032335
71.1825487945 0.0329746849
71.1417096959 0.0332871948
71.1009174312 0.0336403680
71.0601719198 0.0340336393
71.0194730813 0.0344639905
70.9788208357 0.0349229205
70.9382151030 0.0353946944
70.8976558033 0.0358553679
70.8571428571 0.0362744066
70.8166761850 0.0366197488
70.7762557078 0.0368620283
70.7358813463 0.0369803735
70.6955530217 0.0369654808
70.6552706553 0.0368204663
70.6150341686 0.0365595296
70.5748434832 0.0362038368
70.5346985210 0.0357788988
70.4945992041 0.0353103128
70.4545454545 0.0348217458
70.4145371948 0.0343328751
70.3745743473 0.0338587467
70.3346568349 0.0334095591
70.2947845805 0.0329913694
70.2549575071 0.0326067723
70.2151755379 0.0322559893
70.1754385965 0.0319370118
70.1357466063 0.0316469749
70.0960994912 0.0313815733
70.0564971751 0.0311363671
70.0169395822 0.0309066780
69.9774266366 0.0306878266
69.9379582628 0.0304747522
69.8985343856 0.0302619188
69.8591549296 0.0300436080
69.8198198198 0.0298142633
69.7805289814 0.0295699765
69.7412823397 0.0293084237
69.7020798201 0.0290296075
69.6629213483 0.0287357837
69.6238068501 0.0284302533
69.5847362514 0.0281168951
69.5457094784 0.0277991533
69.5067264574 0.0274796305
69.4677871148 0.0271601669
69.4288913774 0.0268415119
69.3900391718 0.0265241982
69.3512304251 0.0262079767
69.3124650643 0.0258926586
69.2737430168 0.0255778210
69.2350642099 0.0252637256
69.1964285714 0.0249514804
69.1578360290 0.0246437193
69.1192865106 0.0243440553
69.0807799443 0.0240570204
69.0423162584 0.0237874897
69.0038953812 0.0235407640
68.9655172414 0.0233218799
68.9271817676 0.0231364816
68.8888888889 0.0229905905
68.8506385341 0.0228904486
68.8124306326 0.0228417311
68.7742651137 0.0228491122
68.7361419069 0.0229146770
68.6980609418 0.0230367941
68.6600221484 0.0232095409
68.6220254566 0.0234226296
68.5840707965 0.0236627162
68.5461580984 0.0239146295
68.5082872928 0.0241635505
68.4704583103 0.0243959613
68.4326710817 0.0246012854
68.3949255378 0.0247720900
68.3572216097 0.0249052561
68.3195592287 0.0250020472
68.2819383260 0.0250687314
68.2443588332 0.0251163030
68.2068206821 0.0251594645
68.1693238043 0.0252160822
68.1318681319 0.0253044009
68.0944535969 0.0254416676
68.0570801317 0.0256409980
68.0197476687 0.0259091641
67.9824561404 0.0262444270
67.9452054795 0.0266346240
67.9079956188 0.0270588274
67.8708264915 0.0274889099
67.8336980306 0.0278945439
67.7966101695 0.0282473524
67.7595628415 0.0285250881
67.7225559803 0.0287143999
67.6855895197 0.0288108655
67.6486633933 0.0288185786
67.6117775354 0.0287479100
67.5749318801 0.0286126241
67.5381263617 0.0284274549
67.5013609145 0.0282066515
67.4646354733 0.0279623033
67.4279499728 0.0277044526
67.3913043478 0.0274406146
67.3546985334 0.0271759620
67.3181324647 0.0269134837
67.2816060770 0.0266545237
67.2451193059 0.0263991954
67.2086720867 0.0261471684
67.1722643554 0.0258975029
67.1358960476 0.0256493536
67.0995670996 0.0254024826
67.0632774473 0.0251570413
67.0270270270 0.0249136631
66.9908157753 0.0246730590
66.9546436285 0.0244353975
66.9185105235 0.0242006340
66.8824163970 0.0239678474
66.8463611860 0.0237364266
66.8103448276 0.0235060406
66.7743672590 0.0232772145
66.7384284177 0.0230515190
66.7025282410 0.0228319350
66.6666666667 0.0226222623
66.6308436325 0.0224266747
66.5950590763 0.0222490639
66.5593129361 0.0220925142
66.5236051502 0.0219589271
66.4879356568 0.0218482309
66.4523043944 0.0217592532
66.4167113016 0.0216895671
66.3811563169 0.0216354649
66.3456393793 0.0215927924
66.3101604278 0.0215563227
66.2747194014 0.0215201626
66.2393162393 0.0214783392
66.2039508809 0.0214254858
66.1686232657 0.0213577693
66.1333333333 0.0212737831
66.0980810235 0.0211742830
66.0628662760 0.0210623421
66.0276890309 0.0209426012
65.9925492283 0.0208209146
65.9574468085 0.0207035591
65.9223817119 0.0205969497
65.8873538789 0.0205075615
65.8523632501 0.0204415533
65.8174097665 0.0204045794
65.7824933687 0.0204007929
65.7476139979 0.0204322995
65.7127715951 0.0204993025
65.6779661017 0.0205996298
65.6431974590 0.0207288487
65.6084656085 0.0208814359
65.5737704918 0.0210506268
65.5391120507 0.0212291789
65.5044902272 0.0214097087
65.4699049630 0.0215849728
65.4353562005 0.0217476179
65.4008438819 0.0218904539
65.3663679494 0.0220064682
65.3319283456 0.0220902172
65.2975250132 0.0221388307
65.2631578947 0.0221523508
65.2288269332 0.0221345600
65.1945320715 0.0220913672
65.1602732528 0.0220297442
65.1260504202 0.0219571639
65.0918635171 0.0218809170
65.0577124869 0.0218079367
65.0235972732 0.0217448121
64.9895178197 0.0216982647
64.9554740702 0.0216739117
64.9214659686 0.0216755324
64.8874934589 0.0217042551
64.8535564854 0.0217573046
64.8196549922 0.0218279442
64.7857889237 0.0219062825
64.7519582245 0.0219803003
64.7181628392 0.0220382274
64.6844027126 0.0220704139
64.6506777894 0.0220705689
64.6169880146 0.0220375184
64.5833333333 0.0219740667
64.5497136908 0.0218864818
64.5161290323 0.0217823412
64.4825793032 0.0216691870
64.4490644491 0.0215533149
64.4155844156 0.0214387970
64.3821391485 0.0213283360
64.3487285937 0.0212234496
64.3153526971 0.0211250711
64.2820114049 0.0210345083
64.2487046632 0.0209534256
64.2154324184 0.0208836703
64.1821946170 0.0208266962
64.1489912054 0.0207837282
64.1158221303 0.0207548240
64.0826873385 0.0207392298
64.0495867769 0.0207347268
64.0165203924 0.0207379578
63.9834881321 0.0207448995
63.9504899433 0.0207507810
63.9175257732 0.0207514828
63.8845955693 0.0207437470
63.8516992791 0.0207259097
63.8188368502 0.0206979700
63.7860082305 0.0206611511
63.7532133676 0.0206174598
63.7204522097 0.0205693849
63.6877247047 0.0205197998
63.6550308008 0.0204706822
63.6223704464 0.0204238127
63.5897435897 0.0203794030
63.5571501794 0.0203371717
63.5245901639 0.0202957086
63.4920634921 0.0202537091
63.4595701126 0.0202097805
63.4271099744 0.0201628691
63.3946830266 0.0201123705
63.3622892182 0.0200578467
63.3299284985 0.0199991904
63.2976008167 0.0199363632
63.2653061224 0.0198697979
63.2330443651 0.0198003015
63.2008154944 0.0197289131
63.1686194600 0.0196569271
63.1364562118 0.0195856342
63.1043256997 0.0195161817
63.0722278739 0.0194495978
63.0401626843 0.0193869799
63.0081300813 0.0193299159
62.9761300152 0.0192802494
62.9441624365 0.0192402875
62.9122272958 0.0192124951
62.8803245436 0.0191985603
62.8484541308 0.0191989272
62.8166160081 0.0192123822
62.7848101266 0.0192364292
62.7530364372 0.0192672044
62.7212948912 0.0193011347
62.6895854398 0.0193350550
62.6579080344 0.0193674402
62.6262626263 0.0193977056
62.5946491671 0.0194259880
62.5630676085 0.0194518623
62.5315179022 0.0194739425
62.5000000000 0.0194897192
62.4685138539 0.0194952478
62.4370594159 0.0194867663
62.4056366381 0.0194612020
62.3742454728 0.0194173937
62.3428858723 0.0193558959
62.3115577889 0.0192797725
62.2802611753 0.0191928098
62.2489959839 0.0190997424
62.2177621676 0.0190047331
62.1865596790 0.0189109720
62.1553884712 0.0188200494
62.1242484970 0.0187324119
62.0931397096 0.0186470266
62.0620620621 0.0185625109
62.0310155078 0.0184773211
62.0000000000 0.0183905784
