0.0100000000 85.8303123757
0.0200000000 60.2147976321
0.0300000000 40.1931251736
0.0400000000 27.4068828917
0.0500000000 19.4344719417
0.0600000000 14.3232056004
0.0700000000 10.9153334290
0.0800000000 8.5545057212
0.0900000000 6.8622151625
0.1000000000 5.6127034742
0.1100000000 4.6663149187
0.1200000000 3.9336015076
0.1300000000 3.3554285404
0.1400000000 2.8915753215
0.1500000000 2.5139839441
0.1600000000 2.2026344616
0.1700000000 1.9429515837
0.1800000000 1.7241310905
0.1900000000 1.5380337266
0.2000000000 1.3784381272
0.2100000000 1.2405258510
0.2200000000 1.1205201950
0.2300000000 1.0154283882
0.2400000000 0.9228551329
0.2500000000 0.8408657248
0.2600000000 0.7678843710
0.2700000000 0.7026178649
0.2800000000 0.6439974728
0.2900000000 0.5911343984
0.3000000000 0.5432851658
0.3100000000 0.4998247118
0.3200000000 0.4602253607
0.3300000000 0.4240407058
0.3400000000 0.3908935247
0.3500000000 0.3604670826
0.3600000000 0.3324989645
0.3700000000 0.3067767859
0.3800000000 0.2831352344
0.3900000000 0.2614540877
0.4000000000 0.2416570504
0.4100000000 0.2237109759
0.4200000000 0.2076247610
0.4300000000 0.1934465134
0.4400000000 0.1812571158
0.4500000000 0.1711577388
0.4600000000 0.1632494228
0.4700000000 0.1576043140
0.4800000000 0.1542315348
0.4900000000 0.1530444481
0.5000000000 0.1538384818
0.5100000000 0.1562873848
0.5200000000 0.1599610718
0.5300000000 0.1643641931
0.5400000000 0.1689921874
0.5500000000 0.1733983852
0.5600000000 0.1772580835
0.5700000000 0.1804087077
0.5800000000 0.1828480754
0.5900000000 0.1846875264
0.6000000000 0.1860751957
0.6100000000 0.1871165038
0.6200000000 0.1878197812
0.6300000000 0.1880854508
0.6400000000 0.1877405616
0.6500000000 0.1866013065
0.6600000000 0.1845355511
0.6700000000 0.1815007213
0.6800000000 0.1775483117
0.6900000000 0.1728024636
0.7000000000 0.1674273583
0.7100000000 0.1615968848
0.7200000000 0.1554730337
0.7300000000 0.1491943516
0.7400000000 0.1428720047
0.7500000000 0.1365908721
0.7600000000 0.1304128683
0.7700000000 0.1243811520
0.7800000000 0.1185240364
0.7900000000 0.1128583984
0.8000000000 0.1073923699
0.8100000000 0.1021275546
0.8200000000 0.0970610216
0.8300000000 0.0921870878
0.8400000000 0.0874990993
0.8500000000 0.0829908797
0.8600000000 0.0786578972
0.8700000000 0.0744979689
0.8800000000 0.0705116072
0.8900000000 0.0667023274
0.9000000000 0.0630769267
0.9100000000 0.0596459673
0.9200000000 0.0564244072
0.9300000000 0.0534323028
0.9400000000 0.0506955523
0.9500000000 0.0482463485
0.9600000000 0.0461231049
0.9700000000 0.0443693416
0.9800000000 0.0430308861
0.9900000000 0.0421508613
1.0000000000 0.0417621635
1.0100000000 0.0418780521
1.0200000000 0.0424827929
1.0300000000 0.0435256639
1.0400000000 0.0449218081
1.0500000000 0.0465614607
1.0600000000 0.0483257843
1.0700000000 0.0501045497
1.0800000000 0.0518108015
1.0900000000 0.0533893767
1.1000000000 0.0548180720
1.1100000000 0.0561016560
1.1200000000 0.0572605227
1.1300000000 0.0583187882
1.1400000000 0.0592974216
1.1500000000 0.0602149848
1.1600000000 0.0610933501
1.1700000000 0.0619617101
1.1800000000 0.0628540804
1.1900000000 0.0638010413
1.2000000000 0.0648218561
1.2100000000 0.0659231905
1.2200000000 0.0671055597
1.2300000000 0.0683726589
1.2400000000 0.0697360553
1.2500000000 0.0712115066
1.2600000000 0.0728100776
1.2700000000 0.0745306049
1.2800000000 0.0763586672
1.2900000000 0.0782704242
1.3000000000 0.0802358293
1.3100000000 0.0822169193
1.3200000000 0.0841622133
1.3300000000 0.0860026925
1.3400000000 0.0876532300
1.3500000000 0.0890193930
1.3600000000 0.0900070944
1.3700000000 0.0905332613
1.3800000000 0.0905373443
1.3900000000 0.0899919762
1.4000000000 0.0889091224
1.4100000000 0.0873382431
1.4200000000 0.0853566697
1.4300000000 0.0830560119
1.4400000000 0.0805289310
1.4500000000 0.0778596242
1.4600000000 0.0751186740
1.4700000000 0.0723615130
1.4800000000 0.0696294269
1.4900000000 0.0669515419
1.5000000000 0.0643473168
1.5100000000 0.0618287967
1.5200000000 0.0594026256
1.5300000000 0.0570716054
1.5400000000 0.0548358824
1.5500000000 0.0526939284
1.5600000000 0.0506431562
1.5700000000 0.0486804956
1.5800000000 0.0468027414
1.5900000000 0.0450068861
1.6000000000 0.0432902792
1.6100000000 0.0416507749
1.6200000000 0.0400867130
1.6300000000 0.0385968081
1.6400000000 0.0371799236
1.6500000000 0.0358347601
1.6600000000 0.0345595382
1.6700000000 0.0333517340
1.6800000000 0.0322080809
1.6900000000 0.0311249053
1.7000000000 0.0300985169
1.7100000000 0.0291257978
1.7200000000 0.0282044764
1.7300000000 0.0273333031
1.7400000000 0.0265117885
1.7500000000 0.0257398342
1.7600000000 0.0250171160
1.7700000000 0.0243426991
1.7800000000 0.0237151968
1.7900000000 0.0231334066
1.8000000000 0.0225971108
1.8100000000 0.0221073221
1.8200000000 0.0216657708
1.8300000000 0.0212738670
1.8400000000 0.0209319129
1.8500000000 0.0206391911
1.8600000000 0.0203947641
1.8700000000 0.0201982785
1.8800000000 0.0200501925
1.8900000000 0.0199511468
1.9000000000 0.0199012970
1.9100000000 0.0199002137
1.9200000000 0.0199475544
1.9300000000 0.0200439022
1.9400000000 0.0201910097
1.9500000000 0.0203911519
1.9600000000 0.0206463116
1.9700000000 0.0209580455
1.9800000000 0.0213282302
1.9900000000 0.0217598308
2.0000000000 0.0222568664
2.0100000000 0.0228230765
2.0200000000 0.0234598463
2.0300000000 0.0241638777
2.0400000000 0.0249249941
2.0500000000 0.0257241078
2.0600000000 0.0265318833
2.0700000000 0.0273089933
2.0800000000 0.0280089761
2.0900000000 0.0285837008
2.1000000000 0.0289909760
2.1100000000 0.0292018380
2.1200000000 0.0292053390
2.1300000000 0.0290090227
2.1400000000 0.0286353670
2.1500000000 0.0281159113
2.1600000000 0.0274852909
2.1700000000 0.0267765928
2.1800000000 0.0260188219
2.1900000000 0.0252359449
2.2000000000 0.0244469815
2.2100000000 0.0236663566
2.2200000000 0.0229043709
2.2300000000 0.0221675020
2.2400000000 0.0214587767
2.2500000000 0.0207782743
2.2600000000 0.0201240050
2.2700000000 0.0194928916
2.2800000000 0.0188817989
2.2900000000 0.0182882268
2.3000000000 0.0177104947
2.3100000000 0.0171475657
2.3200000000 0.0165986685
2.3300000000 0.0160630031
2.3400000000 0.0155397235
2.3500000000 0.0150280991
2.3600000000 0.0145277468
2.3700000000 0.0140387339
2.3800000000 0.0135615553
2.3900000000 0.0130970306
2.4000000000 0.0126460656
2.4100000000 0.0122095602
2.4200000000 0.0117883381
2.4300000000 0.0113831485
2.4400000000 0.0109946367
2.4500000000 0.0106234222
2.4600000000 0.0102699528
2.4700000000 0.0099343756
2.4800000000 0.0096164272
2.4900000000 0.0093152219
2.5000000000 0.0090291770
2.5100000000 0.0087560604
2.5200000000 0.0084930852
2.5300000000 0.0082371668
2.5400000000 0.0079853251
2.5500000000 0.0077350960
2.5600000000 0.0074849656
2.5700000000 0.0072346513
2.5800000000 0.0069850944
2.5900000000 0.0067382756
2.6000000000 0.0064968960
2.6100000000 0.0062640301
2.6200000000 0.0060427725
2.6300000000 0.0058359841
2.6400000000 0.0056459434
2.6500000000 0.0054740353
2.6600000000 0.0053204625
2.6700000000 0.0051841365
2.6800000000 0.0050628777
2.6900000000 0.0049540082
2.7000000000 0.0048552010
2.7100000000 0.0047652740
2.7200000000 0.0046846297
2.7300000000 0.0046150867
2.7400000000 0.0045592615
2.7500000000 0.0045197187
2.7600000000 0.0044983062
2.7700000000 0.0044957813
2.7800000000 0.0045118754
2.7900000000 0.0045455245
2.8000000000 0.0045950171
2.8100000000 0.0046579421
2.8200000000 0.0047309281
2.8300000000 0.0048093925
2.8400000000 0.0048874584
2.8500000000 0.0049580779
2.8600000000 0.0050135010
2.8700000000 0.0050460153
2.8800000000 0.0050489910
2.8900000000 0.0050180243
2.9000000000 0.0049517441
2.9100000000 0.0048519733
2.9200000000 0.0047231250
2.9300000000 0.0045711887
2.9400000000 0.0044025655
2.9500000000 0.0042231036
2.9600000000 0.0040375986
2.9700000000 0.0038496164
2.9800000000 0.0036615735
2.9900000000 0.0034750708
3.0000000000 0.0032911818
3.0100000000 0.0031107687
3.0200000000 0.0029346479
3.0300000000 0.0027636988
3.0400000000 0.0025987646
3.0500000000 0.0024406253
3.0600000000 0.0022898866
3.0700000000 0.0021469565
3.0800000000 0.0020120434
3.0900000000 0.0018851577
3.1000000000 0.0017661374
3.1100000000 0.0016546252
3.1200000000 0.0015500675
3.1300000000 0.0014516647
3.1400000000 0.0013584771
3.1500000000 0.0012695362
3.1600000000 0.0011840077
3.1700000000 0.0011012999
3.1800000000 0.0010211369
3.1900000000 0.0009435262
3.2000000000 0.0008686984
3.2100000000 0.0007970655
3.2200000000 0.0007291586
3.2300000000 0.0006655688
3.2400000000 0.0006069069
3.2500000000 0.0005537355
3.2600000000 0.0005065175
3.2700000000 0.0004655899
3.2800000000 0.0004311361
3.2900000000 0.0004031898
3.3000000000 0.0003816595
3.3100000000 0.0003664009
3.3200000000 0.0003572898
3.3300000000 0.0003543140
3.3400000000 0.0003576080
3.3500000000 0.0003674441
3.3600000000 0.0003841533
3.3700000000 0.0004080580
3.3800000000 0.0004394350
3.3900000000 0.0004785377
3.4000000000 0.0005257008
3.4100000000 0.0005814577
3.4200000000 0.0006466374
3.4300000000 0.0007223714
3.4400000000 0.0008100279
3.4500000000 0.0009110593
3.4600000000 0.0010268643
3.4700000000 0.0011586240
3.4800000000 0.0013072265
3.4900000000 0.0014731885
3.5000000000 0.0016566530
3.5100000000 0.0018574127
3.5200000000 0.0020749989
3.5300000000 0.0023088501
3.5400000000 0.0025584281
3.5500000000 0.0028233417
3.5600000000 0.0031032115
3.5700000000 0.0033972908
3.5800000000 0.0037037983
3.5900000000 0.0040191923
3.6000000000 0.0043375399
3.6100000000 0.0046504374
3.6200000000 0.0049476417
3.6300000000 0.0052185224
3.6400000000 0.0054537943
3.6500000000 0.0056470985
3.6600000000 0.0057957941
3.6700000000 0.0059009136
3.6800000000 0.0059668689
3.6900000000 0.0060010715
3.7000000000 0.0060133469
3.7100000000 0.0060147631
3.7200000000 0.0060154186
3.7300000000 0.0060218909
3.7400000000 0.0060350602
3.7500000000 0.0060493792
3.7600000000 0.0060541254
3.7700000000 0.0060364813
3.7800000000 0.0059859681
3.7900000000 0.0058984590
3.8000000000 0.0057784425
3.8100000000 0.0056382316
3.8200000000 0.0054946343
3.8300000000 0.0053644271
3.8400000000 0.0052605218
3.8500000000 0.0051897133
3.8600000000 0.0051523733
3.8700000000 0.0051436828
3.8800000000 0.0051559857
3.8900000000 0.0051815462
3.9000000000 0.0052152767
3.9100000000 0.0052564088
3.9200000000 0.0053086262
3.9300000000 0.0053787442
3.9400000000 0.0054743807
3.9500000000 0.0056019504
3.9600000000 0.0057653542
3.9700000000 0.0059655962
3.9800000000 0.0062007126
3.9900000000 0.0064657307
4.0000000000 0.0067524499
4.0100000000 0.0070494297
4.0200000000 0.0073426588
4.0300000000 0.0076174268
4.0400000000 0.0078610868
4.0500000000 0.0080658569
4.0600000000 0.0082305960
4.0700000000 0.0083607211
4.0800000000 0.0084663959
4.0900000000 0.0085600349
4.1000000000 0.0086540412
4.1100000000 0.0087589006
4.1200000000 0.0088817124
4.1300000000 0.0090248700
4.1400000000 0.0091851767
4.1500000000 0.0093541013
4.1600000000 0.0095193025
4.1700000000 0.0096674623
4.1800000000 0.0097873454
4.1900000000 0.0098725670
4.2000000000 0.0099231117
4.2100000000 0.0099457213
4.2200000000 0.0099532303
4.2300000000 0.0099632997
4.2400000000 0.0099962949
4.2500000000 0.0100725567
4.2600000000 0.0102094647
4.2700000000 0.0104189420
4.2800000000 0.0107063295
4.2900000000 0.0110707990
4.3000000000 0.0115068887
4.3100000000 0.0120069395
4.3200000000 0.0125634777
4.3300000000 0.0131711023
4.3400000000 0.0138274058
4.3500000000 0.0145325589
4.3600000000 0.0152871470
4.3700000000 0.0160887074
4.3800000000 0.0169274823
4.3900000000 0.0177827625
4.4000000000 0.0186215833
4.4100000000 0.0194008610
4.4200000000 0.0200737082
4.4300000000 0.0205987731
4.4400000000 0.0209505200
4.4500000000 0.0211267162
4.4600000000 0.0211505469
4.4700000000 0.0210660132
4.4800000000 0.0209282429
4.4900000000 0.0207917432
4.5000000000 0.0207002611
4.5100000000 0.0206805536
4.5200000000 0.0207414936
4.5300000000 0.0208774307
4.5400000000 0.0210742091
4.5500000000 0.0213156263
4.5600000000 0.0215885878
4.5700000000 0.0218867072
4.5800000000 0.0222122029
4.5900000000 0.0225769882
4.6000000000 0.0230027248
4.6100000000 0.0235187076
4.6200000000 0.0241569942
4.6300000000 0.0249458088
4.6400000000 0.0259021324
4.6500000000 0.0270259307
4.6600000000 0.0282967621
4.6700000000 0.0296728295
4.6800000000 0.0310935633
4.6900000000 0.0324852861
4.7000000000 0.0337703963
4.7100000000 0.0348782966
4.7200000000 0.0357549916
4.7300000000 0.0363688651
4.7400000000 0.0367102040
4.7500000000 0.0367864885
4.7600000000 0.0366156027
4.7700000000 0.0362205457
4.7800000000 0.0356269241
4.7900000000 0.0348619758
4.8000000000 0.0339539452
4.8100000000 0.0329303450
4.8200000000 0.0318162532
4.8300000000 0.0306339994
4.8400000000 0.0294049154
4.8500000000 0.0281531254
4.8600000000 0.0269089069
4.8700000000 0.0257094008
4.8800000000 0.0245952330
4.8900000000 0.0236034575
4.9000000000 0.0227595264
4.9100000000 0.0220711908
4.9200000000 0.0215266258
4.9300000000 0.0210972784
4.9400000000 0.0207443210
4.9500000000 0.0204273547
4.9600000000 0.0201131166
4.9700000000 0.0197818864
4.9800000000 0.0194302791
4.9900000000 0.0190703333
5.0000000000 0.0187257184
5.0100000000 0.0184271124
5.0200000000 0.0182074165
5.0300000000 0.0180976516
5.0400000000 0.0181228756
5.0500000000 0.0182985932
5.0600000000 0.0186278884
5.0700000000 0.0191001447
5.0800000000 0.0196917334
5.0900000000 0.0203694759
5.1000000000 0.0210960579
5.1100000000 0.0218370483
5.1200000000 0.0225672015
5.1300000000 0.0232746877
5.1400000000 0.0239613965
5.1500000000 0.0246405207
5.1600000000 0.0253317665
5.1700000000 0.0260562440
5.1800000000 0.0268313980
5.1900000000 0.0276657746
5.2000000000 0.0285543444
5.2100000000 0.0294750861
5.2200000000 0.0303898970
5.2300000000 0.0312506877
5.2400000000 0.0320104762
5.2500000000 0.0326360689
5.2600000000 0.0331171582
5.2700000000 0.0334687413
5.2800000000 0.0337264170
5.2900000000 0.0339375923
5.3000000000 0.0341520536
5.3100000000 0.0344140275
5.3200000000 0.0347562471
5.3300000000 0.0351961457
5.3400000000 0.0357342473
5.3500000000 0.0363548250
5.3600000000 0.0370286795
5.3700000000 0.0377164181
5.3800000000 0.0383716828
5.3900000000 0.0389440875
5.4000000000 0.0393819074
5.4100000000 0.0396361779
5.4200000000 0.0396665300
5.4300000000 0.0394487260
5.4400000000 0.0389810256
5.4500000000 0.0382863373
5.4600000000 0.0374080113
5.4700000000 0.0364001901
5.4800000000 0.0353166256
5.4900000000 0.0342031231
5.5000000000 0.0330947489
5.5100000000 0.0320172642
5.5200000000 0.0309887875
5.5300000000 0.0300199509
5.5400000000 0.0291119743
5.5500000000 0.0282548894
5.5600000000 0.0274287888
5.5700000000 0.0266080660
5.5800000000 0.0257685084
5.5900000000 0.0248941649
5.6000000000 0.0239817188
5.6100000000 0.0230412142
5.6200000000 0.0220935118
5.6300000000 0.0211656111
5.6400000000 0.0202848068
5.6500000000 0.0194735613
5.6600000000 0.0187461578
5.6700000000 0.0181080376
5.6800000000 0.0175590411
5.6900000000 0.0170983952
5.7000000000 0.0167301041
5.7100000000 0.0164652867
5.7200000000 0.0163209841
5.7300000000 0.0163154467
5.7400000000 0.0164622937
5.7500000000 0.0167653190
5.7600000000 0.0172154076
5.7700000000 0.0177898802
5.7800000000 0.0184548292
5.7900000000 0.0191704660
5.8000000000 0.0198989739
5.8100000000 0.0206132920
5.8200000000 0.0213031106
5.8300000000 0.0219753034
5.8400000000 0.0226479622
5.8500000000 0.0233402775
5.8600000000 0.0240623737
5.8700000000 0.0248095668
5.8800000000 0.0255624826
5.8900000000 0.0262932205
5.9000000000 0.0269744319
5.9100000000 0.0275883496
5.9200000000 0.0281319775
5.9300000000 0.0286170971
5.9400000000 0.0290651034
5.9500000000 0.0294995129
5.9600000000 0.0299386214
5.9700000000 0.0303896854
5.9800000000 0.0308456380
5.9900000000 0.0312838307
6.0000000000 0.0316675487
6.0100000000 0.0319501711
6.0200000000 0.0320823515
6.0300000000 0.0320213560
6.0400000000 0.0317410586
6.0500000000 0.0312401891
6.0600000000 0.0305450909
6.0700000000 0.0297052598
6.0800000000 0.0287822097
6.0900000000 0.0278358518
6.1000000000 0.0269133383
6.1100000000 0.0260440967
6.1200000000 0.0252409809
6.1300000000 0.0245057179
6.1400000000 0.0238350975
6.1500000000 0.0232254305
6.1600000000 0.0226744026
6.1700000000 0.0221811980
6.1800000000 0.0217456695
6.1900000000 0.0213673933
6.2000000000 0.0210454500
6.2100000000 0.0207783988
6.2200000000 0.0205648405
6.2300000000 0.0204043861
6.2400000000 0.0202991815
6.2500000000 0.0202552932
6.2600000000 0.0202831904
6.2700000000 0.0203964603
6.2800000000 0.0206090085
6.2900000000 0.0209317019
6.3000000000 0.0213701181
6.3100000000 0.0219243337
6.3200000000 0.0225902265
6.3300000000 0.0233612298
6.3400000000 0.0242294996
6.3500000000 0.0251860206
6.3600000000 0.0262199447
6.3700000000 0.0273178686
6.3800000000 0.0284627462
6.3900000000 0.0296336332
6.4000000000 0.0308058723
6.4100000000 0.0319516278
6.4200000000 0.0330412395
6.4300000000 0.0340450260
6.4400000000 0.0349360057
6.4500000000 0.0356932635
6.4600000000 0.0363043907
6.4700000000 0.0367670472
6.4800000000 0.0370885163
6.4900000000 0.0372832296
6.5000000000 0.0373706322
6.5100000000 0.0373732488
6.5200000000 0.0373169097
6.5300000000 0.0372311295
6.5400000000 0.0371489324
6.5500000000 0.0371044168
6.5600000000 0.0371284363
6.5700000000 0.0372429397
6.5800000000 0.0374566745
6.5900000000 0.0377641611
6.6000000000 0.0381493021
6.6100000000 0.0385919307
6.6200000000 0.0390748871
6.6300000000 0.0395880073
6.6400000000 0.0401274836
6.6500000000 0.0406916613
6.6600000000 0.0412759976
6.6700000000 0.0418704385
6.6800000000 0.0424600274
6.6900000000 0.0430281241
6.7000000000 0.0435599468
6.7100000000 0.0440458460
6.7200000000 0.0444841157
6.7300000000 0.0448842197
6.7400000000 0.0452694633
6.7500000000 0.0456783127
6.7600000000 0.0461620724
6.7700000000 0.0467784679
6.7800000000 0.0475812629
6.7900000000 0.0486084952
6.8000000000 0.0498721307
6.8100000000 0.0513527286
6.8200000000 0.0530015347
6.8300000000 0.0547497907
6.8400000000 0.0565241813
6.8500000000 0.0582642261
6.8600000000 0.0599366512
6.8700000000 0.0615431016
6.8800000000 0.0631176710
6.8900000000 0.0647138272
6.9000000000 0.0663843730
6.9100000000 0.0681610332
6.9200000000 0.0700414961
6.9300000000 0.0719899157
6.9400000000 0.0739495695
6.9500000000 0.0758625969
6.9600000000 0.0776869713
6.9700000000 0.0794041758
6.9800000000 0.0810152006
6.9900000000 0.0825306319
7.0000000000 0.0839621571
7.0100000000 0.0853225451
7.0200000000 0.0866331217
7.0300000000 0.0879315269
7.0400000000 0.0892720490
7.0500000000 0.0907147536
7.0600000000 0.0923071445
7.0700000000 0.0940677239
7.0800000000 0.0959785989
7.0900000000 0.0979913062
7.1000000000 0.1000428506
7.1100000000 0.1020759262
7.1200000000 0.1040568710
7.1300000000 0.1059846873
7.1400000000 0.1078892271
7.1500000000 0.1098209310
7.1600000000 0.1118364539
7.1700000000 0.1139843241
7.1800000000 0.1162955763
7.1900000000 0.1187783271
7.2000000000 0.1214155400
7.2100000000 0.1241644326
7.2200000000 0.1269561777
7.2300000000 0.1296992016
7.2400000000 0.1322882685
7.2500000000 0.1346215257
7.2600000000 0.1366202711
7.2700000000 0.1382432332
7.2800000000 0.1394898549
7.2900000000 0.1403889429
7.3000000000 0.1409786840
7.3100000000 0.1412865658
7.3200000000 0.1413195296
7.3300000000 0.1410675269
7.3400000000 0.1405197574
7.3500000000 0.1396821669
7.3600000000 0.1385876483
7.3700000000 0.1372943627
7.3800000000 0.1358748259
7.3900000000 0.1344029189
7.4000000000 0.1329440040
7.4100000000 0.1315498638
7.4200000000 0.1302562539
7.4300000000 0.1290817505
7.4400000000 0.1280269994
7.4500000000 0.1270759016
7.4600000000 0.1262012262
7.4700000000 0.1253731120
7.4800000000 0.1245692051
7.4900000000 0.1237829449
7.5000000000 0.1230264665
7.5100000000 0.1223286850
7.5200000000 0.1217282868
7.5300000000 0.1212637384
7.5400000000 0.1209629196
7.5500000000 0.1208330001
7.5600000000 0.1208521955
7.5700000000 0.1209650965
7.5800000000 0.1210832257
7.5900000000 0.1210926934
7.6000000000 0.1208701237
7.6100000000 0.1203015912
7.6200000000 0.1193015708
7.6300000000 0.1178254711
7.6400000000 0.1158740078
7.6500000000 0.1134876158
7.6600000000 0.1107360365
7.6700000000 0.1077047216
7.6800000000 0.1044865266
7.6900000000 0.1011769051
7.7000000000 0.0978728072
7.7100000000 0.0946690969
7.7200000000 0.0916526885
7.7300000000 0.0888942763
7.7400000000 0.0864405449
7.7500000000 0.0843106595
7.7600000000 0.0824977971
7.7700000000 0.0809745846
7.7800000000 0.0797002607
7.7900000000 0.0786267160
7.8000000000 0.0777037837
7.8100000000 0.0768818960
7.8200000000 0.0761123406
7.8300000000 0.0753469666
7.8400000000 0.0745359408
7.8500000000 0.0736276608
7.8600000000 0.0725726406
7.8700000000 0.0713313042
7.8800000000 0.0698835633
7.8900000000 0.0682352590
7.9000000000 0.0664176424
7.9100000000 0.0644816202
7.9200000000 0.0624888144
7.9300000000 0.0605038965
7.9400000000 0.0585893802
7.9500000000 0.0568034867
7.9600000000 0.0551995822
7.9700000000 0.0538259019
7.9800000000 0.0527230933
7.9900000000 0.0519210955
8.0000000000 0.0514354044
8.0100000000 0.0512643315
8.0200000000 0.0513888556
8.0300000000 0.0517741781
8.0400000000 0.0523732109
8.0500000000 0.0531308063
8.0600000000 0.0539877358
8.0700000000 0.0548845170
8.0800000000 0.0557660810
8.0900000000 0.0565842732
8.1000000000 0.0572982992
8.1100000000 0.0578725401
8.1200000000 0.0582738946
8.1300000000 0.0584718967
8.1400000000 0.0584436957
8.1500000000 0.0581808097
8.1600000000 0.0576953005
8.1700000000 0.0570206848
8.1800000000 0.0562062701
8.1900000000 0.0553066050
8.2000000000 0.0543689147
8.2100000000 0.0534242002
8.2200000000 0.0524829503
8.2300000000 0.0515380904
8.2400000000 0.0505727786
8.2500000000 0.0495696072
8.2600000000 0.0485179741
8.2700000000 0.0474168596
8.2800000000 0.0462727530
8.2900000000 0.0450959645
8.3000000000 0.0438967210
8.3100000000 0.0426837595
8.3200000000 0.0414638434
8.3300000000 0.0402417348
8.3400000000 0.0390205990
8.3500000000 0.0378012379
8.3600000000 0.0365828455
8.3700000000 0.0353642847
8.3800000000 0.0341464647
8.3900000000 0.0329349239
8.4000000000 0.0317411239
8.4100000000 0.0305823962
8.4200000000 0.0294806612
8.4300000000 0.0284601880
8.4400000000 0.0275448598
8.4500000000 0.0267553604
8.4600000000 0.0261066296
8.4700000000 0.0256052378
8.4800000000 0.0252473633
8.4900000000 0.0250182005
8.5000000000 0.0248925052
8.5100000000 0.0248370510
8.5200000000 0.0248149967
8.5300000000 0.0247908249
8.5400000000 0.0247347391
8.5500000000 0.0246262350
8.5600000000 0.0244552570
8.5700000000 0.0242223403
8.5800000000 0.0239378331
8.5900000000 0.0236208053
8.6000000000 0.0232970179
8.6100000000 0.0229956584
8.6200000000 0.0227454080
8.6300000000 0.0225695377
8.6400000000 0.0224825278
8.6500000000 0.0224877517
8.6600000000 0.0225772897
8.6700000000 0.0227334614
8.6800000000 0.0229317553
8.6900000000 0.0231444871
8.7000000000 0.0233448600
8.7100000000 0.0235096427
8.7200000000 0.0236210160
8.7300000000 0.0236659687
8.7400000000 0.0236357164
8.7500000000 0.0235257112
8.7600000000 0.0233368732
8.7700000000 0.0230770026
8.7800000000 0.0227621941
8.7900000000 0.0224162905
8.8000000000 0.0220683548
8.8100000000 0.0217482317
8.8200000000 0.0214817336
8.8300000000 0.0212860640
8.8400000000 0.0211671230
8.8500000000 0.0211187364
8.8600000000 0.0211236678
8.8700000000 0.0211557283
8.8800000000 0.0211829624
8.8900000000 0.0211713697
8.9000000000 0.0210896111
8.9100000000 0.0209130553
8.9200000000 0.0206274482
8.9300000000 0.0202298434
8.9400000000 0.0197280558
8.9500000000 0.0191381552
8.9600000000 0.0184818327
8.9700000000 0.0177835399
8.9800000000 0.0170684427
8.9900000000 0.0163606401
9.0000000000 0.0156816885
9.0100000000 0.0150496679
9.0200000000 0.0144783132
9.0300000000 0.0139764967
9.0400000000 0.0135480923
9.0500000000 0.0131922681
9.0600000000 0.0129037895
9.0700000000 0.0126734448
9.0800000000 0.0124887441
9.0900000000 0.0123350146
9.1000000000 0.0121971889
9.1100000000 0.0120620214
9.1200000000 0.0119203130
9.1300000000 0.0117679396
9.1400000000 0.0116058223
9.1500000000 0.0114381146
9.1600000000 0.0112709181
9.1700000000 0.0111110704
9.1800000000 0.0109661583
9.1900000000 0.0108447244
9.2000000000 0.0107560223
9.2100000000 0.0107094593
9.2200000000 0.0107134752
9.2300000000 0.0107750563
9.2400000000 0.0108997274
9.2500000000 0.0110915352
9.2600000000 0.0113530937
9.2700000000 0.0116845618
9.2800000000 0.0120826860
9.2900000000 0.0125402147
9.3000000000 0.0130465216
9.3100000000 0.0135893576
9.3200000000 0.0141575316
9.3300000000 0.0147431735
9.3400000000 0.0153430908
9.3500000000 0.0159585488
9.3600000000 0.0165938284
9.3700000000 0.0172535935
9.3800000000 0.0179401222
9.3900000000 0.0186506424
9.4000000000 0.0193755425
9.4100000000 0.0200990155
9.4200000000 0.0208012167
9.4300000000 0.0214623456
9.4400000000 0.0220666159
9.4500000000 0.0226046555
9.4600000000 0.0230744441
9.4700000000 0.0234805115
9.4800000000 0.0238320512
9.4900000000 0.0241410441
9.5000000000 0.0244202363
9.5100000000 0.0246821695
9.5200000000 0.0249379275
9.5300000000 0.0251971818
9.5400000000 0.0254689091
9.5500000000 0.0257626751
9.5600000000 0.0260894248
9.5700000000 0.0264614282
9.5800000000 0.0268905932
9.5900000000 0.0273860083
9.6000000000 0.0279507226
9.6100000000 0.0285792554
9.6200000000 0.0292557433
9.6300000000 0.0299545784
9.6400000000 0.0306430800
9.6500000000 0.0312876828
9.6600000000 0.0318611150
9.6700000000 0.0323496954
9.6800000000 0.0327575195
9.6900000000 0.0331064966
9.7000000000 0.0334322370
9.7100000000 0.0337771771
9.7200000000 0.0341817049
9.7300000000 0.0346740674
9.7400000000 0.0352616042
9.7500000000 0.0359238479
9.7600000000 0.0366120904
9.7700000000 0.0372553691
9.7800000000 0.0377735911
9.7900000000 0.0380944132
9.8000000000 0.0381699648
9.8100000000 0.0379890849
9.8200000000 0.0375809357
9.8300000000 0.0370098218
9.8400000000 0.0363618494
9.8500000000 0.0357280989
9.8600000000 0.0351878290
9.8700000000 0.0347962735
9.8800000000 0.0345780260
9.8900000000 0.0345277133
9.9000000000 0.0346165533
9.9100000000 0.0348041863
9.9200000000 0.0350517531
9.9300000000 0.0353326121
9.9400000000 0.0356374110
9.9500000000 0.0359719966
9.9600000000 0.0363509099
9.9700000000 0.0367894021
9.9800000000 0.0372964405
9.9900000000 0.0378715475
10.0000000000 0.0385044324
10.0100000000 0.0391776814
10.0200000000 0.0398702554
10.0300000000 0.0405601584
10.0400000000 0.0412250164
10.0500000000 0.0418415018
10.0600000000 0.0423850534
10.0700000000 0.0428313265
10.0800000000 0.0431597031
10.0900000000 0.0433580306
10.1000000000 0.0434257727
10.1100000000 0.0433745832
10.1200000000 0.0432249745
10.1300000000 0.0429991616
10.1400000000 0.0427131490
10.1500000000 0.0423704412
10.1600000000 0.0419590715
10.1700000000 0.0414547113
10.1800000000 0.0408279899
10.1900000000 0.0400544855
10.2000000000 0.0391246759
10.2100000000 0.0380489971
10.2200000000 0.0368575430
10.2300000000 0.0355940126
10.2400000000 0.0343077174
10.2500000000 0.0330456061
10.2600000000 0.0318474041
10.2700000000 0.0307424572
10.2800000000 0.0297501388
10.2900000000 0.0288807042
10.3000000000 0.0281365756
10.3100000000 0.0275145550
10.3200000000 0.0270083534
10.3300000000 0.0266122052
10.3400000000 0.0263236201
10.3500000000 0.0261459863
10.3600000000 0.0260878338
10.3700000000 0.0261604811
10.3800000000 0.0263730176
10.3900000000 0.0267268740
10.4000000000 0.0272109758
10.4100000000 0.0277989898
10.4200000000 0.0284488108
10.4300000000 0.0291058849
10.4400000000 0.0297098860
10.4500000000 0.0302042468
10.4600000000 0.0305462470
10.4700000000 0.0307162357
10.4800000000 0.0307214250
10.4900000000 0.0305932444
10.5000000000 0.0303785632
10.5100000000 0.0301264245
10.5200000000 0.0298750344
10.5300000000 0.0296439318
10.5400000000 0.0294323266
10.5500000000 0.0292244301
10.5600000000 0.0289995915
10.5700000000 0.0287437096
10.5800000000 0.0284580987
10.5900000000 0.0281643353
10.6000000000 0.0279024215
10.6100000000 0.0277243635
10.6200000000 0.0276849702
10.6300000000 0.0278336784
10.6400000000 0.0282100012
10.6500000000 0.0288419121
10.6600000000 0.0297473963
10.6700000000 0.0309357344
10.6800000000 0.0324084334
10.6900000000 0.0341594481
10.7000000000 0.0361762348
10.7100000000 0.0384421387
10.7200000000 0.0409415274
10.7300000000 0.0436643189
10.7400000000 0.0466101778
10.7500000000 0.0497898568
10.7600000000 0.0532232429
10.7700000000 0.0569356993
10.7800000000 0.0609524600
10.7900000000 0.0652917279
10.8000000000 0.0699563616
10.8100000000 0.0749242381
10.8200000000 0.0801382592
10.8300000000 0.0854996409
10.8400000000 0.0908704683
10.8500000000 0.0960872580
10.8600000000 0.1009864118
10.8700000000 0.1054348363
10.8800000000 0.1093569246
10.8900000000 0.1127467948
10.9000000000 0.1156632896
10.9100000000 0.1182097556
10.9200000000 0.1205069533
10.9300000000 0.1226632226
10.9400000000 0.1247446883
10.9500000000 0.1267510716
10.9600000000 0.1286019457
10.9700000000 0.1301427099
10.9800000000 0.1311723862
10.9900000000 0.1314870180
11.0000000000 0.1309277286
11.0100000000 0.1294185433
11.0200000000 0.1269825267
11.0300000000 0.1237345261
11.0400000000 0.1198551150
11.0500000000 0.1155538035
11.0600000000 0.1110344542
11.0700000000 0.1064719578
11.0800000000 0.1020030822
11.0900000000 0.0977291528
11.1000000000 0.0937233250
11.1100000000 0.0900372551
11.1200000000 0.0867039787
11.1300000000 0.0837405674
11.1400000000 0.0811491492
11.1500000000 0.0789195975
11.1600000000 0.0770335543
11.1700000000 0.0754678230
11.1800000000 0.0741973328
11.1900000000 0.0731967283
11.2000000000 0.0724380509
11.2100000000 0.0718890724
11.2200000000 0.0715104578
11.2300000000 0.0712552060
11.2400000000 0.0710695308
11.2500000000 0.0708982432
11.2600000000 0.0706918631
11.2700000000 0.0704166555
11.2800000000 0.0700626893
11.2900000000 0.0696459895
11.3000000000 0.0692051543
11.3100000000 0.0687926350
11.3200000000 0.0684652836
11.3300000000 0.0682745852
11.3400000000 0.0682606477
11.3500000000 0.0684496080
11.3600000000 0.0688547172
11.3700000000 0.0694805077
11.3800000000 0.0703266348
11.3900000000 0.0713871921
11.4000000000 0.0726453145
11.4100000000 0.0740650024
11.4200000000 0.0755838789
11.4300000000 0.0771119770
11.4400000000 0.0785400017
11.4500000000 0.0797542338
11.4600000000 0.0806557425
11.4700000000 0.0811760191
11.4800000000 0.0812845706
11.4900000000 0.0809875077
11.5000000000 0.0803192435
11.5100000000 0.0793308979
11.5200000000 0.0780814760
11.5300000000 0.0766309135
11.5400000000 0.0750379770
11.5500000000 0.0733607305
11.5600000000 0.0716568910
11.5700000000 0.0699829748
11.5800000000 0.0683917518
11.5900000000 0.0669276818
11.6000000000 0.0656211479
11.6100000000 0.0644839099
11.6200000000 0.0635059787
11.6300000000 0.0626579112
11.6400000000 0.0618969945
11.6500000000 0.0611779453
11.6600000000 0.0604637077
11.6700000000 0.0597335009
11.6800000000 0.0589840236
11.6900000000 0.0582258277
11.7000000000 0.0574753785
11.7100000000 0.0567484908
11.7200000000 0.0560559493
11.7300000000 0.0554045557
11.7400000000 0.0548026685
11.7500000000 0.0542670420
11.7600000000 0.0538282922
11.7700000000 0.0535307414
11.7800000000 0.0534275685
11.7900000000 0.0535740076
11.8000000000 0.0540210976
11.8100000000 0.0548113125
11.8200000000 0.0559771889
11.8300000000 0.0575409760
11.8400000000 0.0595127302
11.8500000000 0.0618856382
11.8600000000 0.0646263061
11.8700000000 0.0676630943
11.8800000000 0.0708773723
11.8900000000 0.0741044706
11.9000000000 0.0771484944
11.9100000000 0.0798077239
11.9200000000 0.0819062833
11.9300000000 0.0833194686
11.9400000000 0.0839888930
11.9500000000 0.0839229478
11.9600000000 0.0831858175
11.9700000000 0.0818790063
11.9800000000 0.0801217550
11.9900000000 0.0780352671
12.0000000000 0.0757332483
12.0100000000 0.0733174030
12.0200000000 0.0708772288
12.0300000000 0.0684893570
12.0400000000 0.0662186554
12.0500000000 0.0641181109
12.0600000000 0.0622294025
12.0700000000 0.0605827116
12.0800000000 0.0591976973
12.0900000000 0.0580840201
12.1000000000 0.0572414060
12.1100000000 0.0566587133
12.1200000000 0.0563131587
12.1300000000 0.0561702157
12.1400000000 0.0561853795
12.1500000000 0.0563075980
12.1600000000 0.0564827005
12.1700000000 0.0566580635
12.1800000000 0.0567875869
12.1900000000 0.0568361654
12.2000000000 0.0567823295
12.2100000000 0.0566177052
12.2200000000 0.0563447595
12.2300000000 0.0559732596
12.2400000000 0.0555190263
12.2500000000 0.0550045874
12.2600000000 0.0544612160
12.2700000000 0.0539286109
12.2800000000 0.0534532299
12.2900000000 0.0530828305
12.3000000000 0.0528591537
12.3100000000 0.0528117083
12.3200000000 0.0529531746
12.3300000000 0.0532788103
12.3400000000 0.0537722335
12.3500000000 0.0544140033
12.3600000000 0.0551917640
12.3700000000 0.0561079162
12.3800000000 0.0571813195
12.3900000000 0.0584454352
12.4000000000 0.0599442654
12.4100000000 0.0617262878
12.4200000000 0.0638385571
12.4300000000 0.0663182566
12.4400000000 0.0691803424
12.4500000000 0.0724037230
12.4600000000 0.0759154646
12.4700000000 0.0795817375
12.4800000000 0.0832093763
12.4900000000 0.0865644412
12.5000000000 0.0894067945
12.5100000000 0.0915311318
12.5200000000 0.0928033067
12.5300000000 0.0931784716
12.5400000000 0.0926995719
12.5500000000 0.0914764727
12.5600000000 0.0896564309
12.5700000000 0.0873959203
12.5800000000 0.0848399774
12.5900000000 0.0821105176
12.6000000000 0.0793041352
12.6100000000 0.0764925604
12.6200000000 0.0737251661
12.6300000000 0.0710327244
12.6400000000 0.0684309831
12.6500000000 0.0659265211
12.6600000000 0.0635237213
12.6700000000 0.0612313604
12.6800000000 0.0590661685
12.6900000000 0.0570546917
12.7000000000 0.0552303378
12.7100000000 0.0536291277
12.7200000000 0.0522847015
12.7300000000 0.0512243316
12.7400000000 0.0504659175
12.7500000000 0.0500156897
12.7600000000 0.0498667518
12.7700000000 0.0499981205
12.7800000000 0.0503728715
12.7900000000 0.0509390201
12.8000000000 0.0516315939
12.8100000000 0.0523764976
12.8200000000 0.0530982303
12.8300000000 0.0537287192
12.8400000000 0.0542159745
12.8500000000 0.0545316446
12.8600000000 0.0546731486
12.8700000000 0.0546619077
12.8800000000 0.0545381368
12.8900000000 0.0543553558
12.9000000000 0.0541732770
12.9100000000 0.0540519957
12.9200000000 0.0540439817
12.9300000000 0.0541869552
12.9400000000 0.0544973169
12.9500000000 0.0549655010
12.9600000000 0.0555576554
12.9700000000 0.0562208486
12.9800000000 0.0568939058
12.9900000000 0.0575176449
13.0000000000 0.0580445796
13.0100000000 0.0584448000
13.0200000000 0.0587080547
13.0300000000 0.0588450569
13.0400000000 0.0588865970
13.0500000000 0.0588805652
13.0600000000 0.0588875892
13.0700000000 0.0589732982
13.0800000000 0.0592002183
13.0900000000 0.0596195027
13.1000000000 0.0602628866
13.1100000000 0.0611372582
13.1200000000 0.0622191197
13.1300000000 0.0634535535
13.1400000000 0.0647577098
13.1500000000 0.0660322286
13.1600000000 0.0671813235
13.1700000000 0.0681349135
13.1800000000 0.0688671623
13.1900000000 0.0694007635
13.2000000000 0.0697965093
13.2100000000 0.0701308655
13.2200000000 0.0704699424
13.2300000000 0.0708492122
13.2400000000 0.0712628460
13.2500000000 0.0716664306
13.2600000000 0.0719893777
13.2700000000 0.0721525825
13.2800000000 0.0720841880
13.2900000000 0.0717313521
13.3000000000 0.0710655833
13.3100000000 0.0700844983
13.3200000000 0.0688097927
13.3300000000 0.0672851750
13.3400000000 0.0655705529
13.3500000000 0.0637364357
13.3600000000 0.0618562076
13.3700000000 0.0599990240
13.3800000000 0.0582251346
13.3900000000 0.0565813445
13.4000000000 0.0550994685
13.4100000000 0.0537959412
13.4200000000 0.0526713140
13.4300000000 0.0517116598
13.4400000000 0.0508904332
13.4500000000 0.0501710743
13.4600000000 0.0495113329
13.4700000000 0.0488695265
13.4800000000 0.0482091274
13.4900000000 0.0475030444
13.5000000000 0.0467369362
13.5100000000 0.0459086504
13.5200000000 0.0450273092
13.5300000000 0.0441100822
13.5400000000 0.0431783300
13.5500000000 0.0422540460
13.5600000000 0.0413564531
13.5700000000 0.0405001719
13.5800000000 0.0396957104
13.5900000000 0.0389514086
13.6000000000 0.0382761744
13.6100000000 0.0376813392
13.6200000000 0.0371810532
13.6300000000 0.0367901713
13.6400000000 0.0365221229
13.6500000000 0.0363862776
13.6600000000 0.0363866159
13.6700000000 0.0365216133
13.6800000000 0.0367852258
13.6900000000 0.0371681100
13.7000000000 0.0376592572
13.7100000000 0.0382463652
13.7200000000 0.0389164171
13.7300000000 0.0396555939
13.7400000000 0.0404487996
13.7500000000 0.0412800429
13.7600000000 0.0421324740
13.7700000000 0.0429909141
13.7800000000 0.0438419608
13.7900000000 0.0446738113
13.8000000000 0.0454737650
13.8100000000 0.0462255357
13.8200000000 0.0469068193
13.8300000000 0.0474888938
13.8400000000 0.0479366328
13.8500000000 0.0482129639
13.8600000000 0.0482849591
13.8700000000 0.0481320182
13.8800000000 0.0477516810
13.8900000000 0.0471621374
13.9000000000 0.0463993665
13.9100000000 0.0455107931
13.9200000000 0.0445485594
13.9300000000 0.0435633822
13.9400000000 0.0425999303
13.9500000000 0.0416938272
13.9600000000 0.0408701685
13.9700000000 0.0401429167
13.9800000000 0.0395156766
13.9900000000 0.0389832255
14.0000000000 0.0385336803
14.0100000000 0.0381516676
14.0200000000 0.0378219607
14.0300000000 0.0375329540
14.0400000000 0.0372792327
14.0500000000 0.0370631980
14.0600000000 0.0368958173
14.0700000000 0.0367958091
14.0800000000 0.0367882374
14.0900000000 0.0369007236
14.1000000000 0.0371589166
14.1100000000 0.0375794581
14.1200000000 0.0381635367
14.1300000000 0.0388912133
14.1400000000 0.0397192668
14.1500000000 0.0405858364
14.1600000000 0.0414191426
14.1700000000 0.0421507537
14.1800000000 0.0427277976
14.1900000000 0.0431212506
14.2000000000 0.0433278633
14.2100000000 0.0433667563
14.2200000000 0.0432724799
14.2300000000 0.0430874803
14.2400000000 0.0428540384
14.2500000000 0.0426087538
14.2600000000 0.0423776246
14.2700000000 0.0421748117
14.2800000000 0.0420023812
14.2900000000 0.0418527582
14.3000000000 0.0417124807
14.3100000000 0.0415660056
14.3200000000 0.0413996820
14.3300000000 0.0412041947
14.3400000000 0.0409762872
14.3500000000 0.0407193273
14.3600000000 0.0404428827
14.3700000000 0.0401618656
14.3800000000 0.0398935665
14.3900000000 0.0396539918
14.4000000000 0.0394552388
14.4100000000 0.0393032287
14.4200000000 0.0391981804
14.4300000000 0.0391350657
14.4400000000 0.0391053802
14.4500000000 0.0390979827
14.4600000000 0.0390994400
14.4700000000 0.0390955011
14.4800000000 0.0390726693
14.4900000000 0.0390193667
14.5000000000 0.0389271511
14.5100000000 0.0387913331
14.5200000000 0.0386098157
14.5300000000 0.0383833589
14.5400000000 0.0381151175
14.5500000000 0.0378103697
14.5600000000 0.0374770575
14.5700000000 0.0371249347
14.5800000000 0.0367648216
14.5900000000 0.0364079689
14.6000000000 0.0360652586
14.6100000000 0.0357469428
14.6200000000 0.0354625985
14.6300000000 0.0352216488
14.6400000000 0.0350327616
14.6500000000 0.0349030301
14.6600000000 0.0348364555
14.6700000000 0.0348329053
14.6800000000 0.0348875540
14.6900000000 0.0349913876
14.7000000000 0.0351316717
14.7100000000 0.0352919240
14.7200000000 0.0354518771
14.7300000000 0.0355891023
14.7400000000 0.0356811853
14.7500000000 0.0357103979
14.7600000000 0.0356677128
14.7700000000 0.0355542356
14.7800000000 0.0353820225
14.7900000000 0.0351708700
14.8000000000 0.0349449314
14.8100000000 0.0347277785
14.8200000000 0.0345378673
14.8300000000 0.0343841746
14.8400000000 0.0342644837
14.8500000000 0.0341650470
14.8600000000 0.0340641636
14.8700000000 0.0339368529
14.8800000000 0.0337613203
14.8900000000 0.0335238330
14.9000000000 0.0332212008
14.9100000000 0.0328601927
14.9200000000 0.0324548021
14.9300000000 0.0320229537
14.9400000000 0.0315838424
14.9500000000 0.0311561248
14.9600000000 0.0307576462
14.9700000000 0.0304057975
14.9800000000 0.0301176461
14.9900000000 0.0299089921
15.0000000000 0.0297926893
15.0100000000 0.0297759931
15.0200000000 0.0298599185
15.0300000000 0.0300395556
15.0400000000 0.0303059546
15.0500000000 0.0306490161
15.0600000000 0.0310599309
15.0700000000 0.0315321419
15.0800000000 0.0320619839
15.0900000000 0.0326475467
15.1000000000 0.0332876835
15.1100000000 0.0339792836
15.1200000000 0.0347156014
15.1300000000 0.0354835094
15.1400000000 0.0362629409
15.1500000000 0.0370284441
15.1600000000 0.0377526447
15.1700000000 0.0384092837
15.1800000000 0.0389780100
15.1900000000 0.0394455126
15.2000000000 0.0398077411
15.2100000000 0.0400693542
15.2200000000 0.0402424426
15.2300000000 0.0403432440
15.2400000000 0.0403877584
15.2500000000 0.0403878721
15.2600000000 0.0403478625
15.2700000000 0.0402646158
15.2800000000 0.0401298962
15.2900000000 0.0399347872
15.3000000000 0.0396733542
15.3100000000 0.0393459217
15.3200000000 0.0389591138
15.3300000000 0.0385248745
15.3400000000 0.0380590708
15.3500000000 0.0375793547
15.3600000000 0.0371041824
15.3700000000 0.0366513590
15.3800000000 0.0362370553
15.3900000000 0.0358738696
15.4000000000 0.0355691591
15.4100000000 0.0353236128
15.4200000000 0.0351299486
15.4300000000 0.0349745122
15.4400000000 0.0348384883
15.4500000000 0.0347025270
15.4600000000 0.0345493544
15.4700000000 0.0343659138
15.4800000000 0.0341452323
15.4900000000 0.0338855074
15.5000000000 0.0335900517
15.5100000000 0.0332660200
15.5200000000 0.0329231639
15.5300000000 0.0325728532
15.5400000000 0.0322269998
15.5500000000 0.0318976101
15.5600000000 0.0315959069
15.5700000000 0.0313306356
15.5800000000 0.0311066762
15.5900000000 0.0309231473
15.6000000000 0.0307728217
15.6100000000 0.0306430181
15.6200000000 0.0305168704
15.6300000000 0.0303765982
15.6400000000 0.0302070322
15.6500000000 0.0299983455
15.6600000000 0.0297482893
15.6700000000 0.0294618927
15.6800000000 0.0291493215
15.6900000000 0.0288240157
15.7000000000 0.0284992358
15.7100000000 0.0281874948
15.7200000000 0.0279001405
15.7300000000 0.0276479775
15.7400000000 0.0274424782
15.7500000000 0.0272946836
15.7600000000 0.0272152245
15.7700000000 0.0272124786
15.7800000000 0.0272920585
15.7900000000 0.0274556434
15.8000000000 0.0277009497
15.8100000000 0.0280205496
15.8200000000 0.0284012989
15.8300000000 0.0288238497
15.8400000000 0.0292634984
15.8500000000 0.0296927768
15.8600000000 0.0300854100
15.8700000000 0.0304207151
15.8800000000 0.0306869714
15.8900000000 0.0308822859
15.9000000000 0.0310130488
15.9100000000 0.0310908998
15.9200000000 0.0311292080
15.9300000000 0.0311396274
15.9400000000 0.0311316403
15.9500000000 0.0311119244
15.9600000000 0.0310860274
15.9700000000 0.0310589785
15.9800000000 0.0310361793
15.9900000000 0.0310220750
16.0000000000 0.0310202246
16.0100000000 0.0310329649
16.0200000000 0.0310630247
16.0300000000 0.0311156830
16.0400000000 0.0312010608
16.0500000000 0.0313342357
16.0600000000 0.0315344476
16.0700000000 0.0318202584
16.0800000000 0.0322057150
16.0900000000 0.0326939217
16.1000000000 0.0332751366
16.1100000000 0.0339258295
16.1200000000 0.0346122992
16.1300000000 0.0352956222
16.1400000000 0.0359367438
16.1500000000 0.0365000394
16.1600000000 0.0369550212
16.1700000000 0.0372781645
16.1800000000 0.0374549988
16.1900000000 0.0374820460
16.2000000000 0.0373688988
16.2100000000 0.0371378568
16.2200000000 0.0368205835
16.2300000000 0.0364534321
16.2400000000 0.0360722688
16.2500000000 0.0357075646
16.2600000000 0.0353807537
16.2700000000 0.0351032770
16.2800000000 0.0348758815
16.2900000000 0.0346906045
16.3000000000 0.0345340867
16.3100000000 0.0343906832
16.3200000000 0.0342468658
16.3300000000 0.0340935761
16.3400000000 0.0339273635
16.3500000000 0.0337501532
16.3600000000 0.0335680919
16.3700000000 0.0333893533
16.3800000000 0.0332220903
16.3900000000 0.0330726015
16.4000000000 0.0329434502
16.4100000000 0.0328328692
16.4200000000 0.0327340860
16.4300000000 0.0326369447
16.4400000000 0.0325300772
16.4500000000 0.0324034484
16.4600000000 0.0322507781
16.4700000000 0.0320703555
16.4800000000 0.0318649753
16.4900000000 0.0316410654
16.5000000000 0.0314075585
16.5100000000 0.0311751397
16.5200000000 0.0309550956
16.5300000000 0.0307585867
16.5400000000 0.0305960844
16.5500000000 0.0304766492
16.5600000000 0.0304071381
16.5700000000 0.0303923454
16.5800000000 0.0304349082
16.5900000000 0.0305355204
16.6000000000 0.0306941068
16.6100000000 0.0309096357
16.6200000000 0.0311808839
16.6300000000 0.0315062039
16.6400000000 0.0318830986
16.6500000000 0.0323068267
16.6600000000 0.0327695330
16.6700000000 0.0332585621
16.6800000000 0.0337549870
16.6900000000 0.0342348031
16.7000000000 0.0346710207
16.7100000000 0.0350378932
16.7200000000 0.0353157167
16.7300000000 0.0354940731
16.7400000000 0.0355722597
16.7500000000 0.0355564331
16.7600000000 0.0354563285
16.7700000000 0.0352817868
16.7800000000 0.0350415438
16.7900000000 0.0347439556
16.8000000000 0.0343977211
16.8100000000 0.0340139600
16.8200000000 0.0336064041
16.8300000000 0.0331916068
16.8400000000 0.0327872822
16.8500000000 0.0324109576
16.8600000000 0.0320779193
16.8700000000 0.0317991518
16.8800000000 0.0315807933
16.8900000000 0.0314232475
16.9000000000 0.0313222022
16.9100000000 0.0312701836
16.9200000000 0.0312584821
16.9300000000 0.0312796952
16.9400000000 0.0313289189
16.9500000000 0.0314044709
16.9600000000 0.0315061218
16.9700000000 0.0316329373
16.9800000000 0.0317794105
16.9900000000 0.0319342915
17.0000000000 0.0320804864
17.0100000000 0.0321971103
17.0200000000 0.0322648711
17.0300000000 0.0322697345
17.0400000000 0.0322071797
17.0500000000 0.0320824134
17.0600000000 0.0319099949
17.0700000000 0.0317106605
17.0800000000 0.0315085232
17.0900000000 0.0313275039
17.1000000000 0.0311890503
17.1100000000 0.0311093735
17.1200000000 0.0310976059
17.1300000000 0.0311538106
17.1400000000 0.0312678622
17.1500000000 0.0314208540
17.1600000000 0.0315877494
17.1700000000 0.0317429149
17.1800000000 0.0318652827
17.1900000000 0.0319424215
17.2000000000 0.0319717451
17.2100000000 0.0319594162
17.2200000000 0.0319170928
17.2300000000 0.0318594794
17.2400000000 0.0318012890
17.2500000000 0.0317548869
17.2600000000 0.0317278994
17.2700000000 0.0317227060
17.2800000000 0.0317360486
17.2900000000 0.0317611444
17.3000000000 0.0317904424
17.3100000000 0.0318178648
17.3200000000 0.0318408036
17.3300000000 0.0318604858
17.3400000000 0.0318819428
17.3500000000 0.0319123373
17.3600000000 0.0319600481
17.3700000000 0.0320337507
17.3800000000 0.0321406852
17.3900000000 0.0322863320
17.4000000000 0.0324736012
17.4100000000 0.0327032335
17.4200000000 0.0329746849
17.4300000000 0.0332871948
17.4400000000 0.0336403680
17.4500000000 0.0340336393
17.4600000000 0.0344639905
17.4700000000 0.0349229205
17.4800000000 0.0353946944
17.4900000000 0.0358553679
17.5000000000 0.0362744066
17.5100000000 0.0366197488
17.5200000000 0.0368620283
17.5300000000 0.0369803735
17.5400000000 0.0369654808
17.5500000000 0.0368204663
17.5600000000 0.0365595296
17.5700000000 0.0362038368
17.5800000000 0.0357788988
17.5900000000 0.0353103128
17.6000000000 0.0348217458
17.6100000000 0.0343328751
17.6200000000 0.0338587467
17.6300000000 0.0334095591
17.6400000000 0.0329913694
17.6500000000 0.0326067723
17.6600000000 0.0322559893
17.6700000000 0.0319370118
17.6800000000 0.0316469749
17.6900000000 0.0313815733
17.7000000000 0.0311363671
17.7100000000 0.0309066780
17.7200000000 0.0306878266
17.7300000000 0.0304747522
17.7400000000 0.0302619188
17.7500000000 0.0300436080
17.7600000000 0.0298142633
17.7700000000 0.0295699765
17.7800000000 0.0293084237
17.7900000000 0.0290296075
17.8000000000 0.0287357837
17.8100000000 0.0284302533
17.8200000000 0.0281168951
17.8300000000 0.0277991533
17.8400000000 0.0274796305
17.8500000000 0.0271601669
17.8600000000 0.0268415119
17.8700000000 0.0265241982
17.8800000000 0.0262079767
17.8900000000 0.0258926586
17.9000000000 0.0255778210
17.9100000000 0.0252637256
17.9200000000 0.0249514804
17.9300000000 0.0246437193
17.9400000000 0.0243440553
17.9500000000 0.0240570204
17.9600000000 0.0237874897
17.9700000000 0.0235407640
17.9800000000 0.0233218799
17.9900000000 0.0231364816
18.0000000000 0.0229905905
18.0100000000 0.0228904486
18.0200000000 0.0228417311
18.0300000000 0.0228491122
18.0400000000 0.0229146770
18.0500000000 0.0230367941
18.0600000000 0.0232095409
18.0700000000 0.0234226296
18.0800000000 0.0236627162
18.0900000000 0.0239146295
18.1000000000 0.0241635505
18.1100000000 0.0243959613
18.1200000000 0.0246012854
18.1300000000 0.0247720900
18.1400000000 0.0249052561
18.1500000000 0.0250020472
18.1600000000 0.0250687314
18.1700000000 0.0251163030
18.1800000000 0.0251594645
18.1900000000 0.0252160822
18.2000000000 0.0253044009
18.2100000000 0.0254416676
18.2200000000 0.0256409980
18.2300000000 0.0259091641
18.2400000000 0.0262444270
18.2500000000 0.0266346240
18.2600000000 0.0270588274
18.2700000000 0.0274889099
18.2800000000 0.0278945439
18.2900000000 0.0282473524
18.3000000000 0.0285250881
18.3100000000 0.0287143999
18.3200000000 0.0288108655
18.3300000000 0.0288185786
18.3400000000 0.0287479100
18.3500000000 0.0286126241
18.3600000000 0.0284274549
18.3700000000 0.0282066515
18.3800000000 0.0279623033
18.3900000000 0.0277044526
18.4000000000 0.0274406146
18.4100000000 0.0271759620
18.4200000000 0.0269134837
18.4300000000 0.0266545237
18.4400000000 0.0263991954
18.4500000000 0.0261471684
18.4600000000 0.0258975029
18.4700000000 0.0256493536
18.4800000000 0.0254024826
18.4900000000 0.0251570413
18.5000000000 0.0249136631
18.5100000000 0.0246730590
18.5200000000 0.0244353975
18.5300000000 0.0242006340
18.5400000000 0.0239678474
18.5500000000 0.0237364266
18.5600000000 0.0235060406
18.5700000000 0.0232772145
18.5800000000 0.0230515190
18.5900000000 0.0228319350
18.6000000000 0.0226222623
18.6100000000 0.0224266747
18.6200000000 0.0222490639
18.6300000000 0.0220925142
18.6400000000 0.0219589271
18.6500000000 0.0218482309
18.6600000000 0.0217592532
18.6700000000 0.0216895671
18.6800000000 0.0216354649
18.6900000000 0.0215927924
18.7000000000 0.0215563227
18.7100000000 0.0215201626
18.7200000000 0.0214783392
18.7300000000 0.0214254858
18.7400000000 0.0213577693
18.7500000000 0.0212737831
18.7600000000 0.0211742830
18.7700000000 0.0210623421
18.7800000000 0.0209426012
18.7900000000 0.0208209146
18.8000000000 0.0207035591
18.8100000000 0.0205969497
18.8200000000 0.0205075615
18.8300000000 0.0204415533
18.8400000000 0.0204045794
18.8500000000 0.0204007929
18.8600000000 0.0204322995
18.8700000000 0.0204993025
18.8800000000 0.0205996298
18.8900000000 0.0207288487
18.9000000000 0.0208814359
18.9100000000 0.0210506268
18.9200000000 0.0212291789
18.9300000000 0.0214097087
18.9400000000 0.0215849728
18.9500000000 0.0217476179
18.9600000000 0.0218904539
18.9700000000 0.0220064682
18.9800000000 0.0220902172
18.9900000000 0.0221388307
19.0000000000 0.0221523508
19.0100000000 0.0221345600
19.0200000000 0.0220913672
19.0300000000 0.0220297442
19.0400000000 0.0219571639
19.0500000000 0.0218809170
19.0600000000 0.0218079367
19.0700000000 0.0217448121
19.0800000000 0.0216982647
19.0900000000 0.0216739117
19.1000000000 0.0216755324
19.1100000000 0.0217042551
19.1200000000 0.0217573046
19.1300000000 0.0218279442
19.1400000000 0.0219062825
19.1500000000 0.0219803003
19.1600000000 0.0220382274
19.1700000000 0.0220704139
19.1800000000 0.0220705689
19.1900000000 0.0220375184
19.2000000000 0.0219740667
19.2100000000 0.0218864818
19.2200000000 0.0217823412
19.2300000000 0.0216691870
19.2400000000 0.0215533149
19.2500000000 0.0214387970
19.2600000000 0.0213283360
19.2700000000 0.0212234496
19.2800000000 0.0211250711
19.2900000000 0.0210345083
19.3000000000 0.0209534256
19.3100000000 0.0208836703
19.3200000000 0.0208266962
19.3300000000 0.0207837282
19.3400000000 0.0207548240
19.3500000000 0.0207392298
19.3600000000 0.0207347268
19.3700000000 0.0207379578
19.3800000000 0.0207448995
19.3900000000 0.0207507810
19.4000000000 0.0207514828
19.4100000000 0.0207437470
19.4200000000 0.0207259097
19.4300000000 0.0206979700
19.4400000000 0.0206611511
19.4500000000 0.0206174598
19.4600000000 0.0205693849
19.4700000000 0.0205197998
19.4800000000 0.0204706822
19.4900000000 0.0204238127
19.5000000000 0.0203794030
19.5100000000 0.0203371717
19.5200000000 0.0202957086
19.5300000000 0.0202537091
19.5400000000 0.0202097805
19.5500000000 0.0201628691
19.5600000000 0.0201123705
19.5700000000 0.0200578467
19.5800000000 0.0199991904
19.5900000000 0.0199363632
19.6000000000 0.0198697979
19.6100000000 0.0198003015
19.6200000000 0.0197289131
19.6300000000 0.0196569271
19.6400000000 0.0195856342
19.6500000000 0.0195161817
19.6600000000 0.0194495978
19.6700000000 0.0193869799
19.6800000000 0.0193299159
19.6900000000 0.0192802494
19.7000000000 0.0192402875
19.7100000000 0.0192124951
19.7200000000 0.0191985603
19.7300000000 0.0191989272
19.7400000000 0.0192123822
19.7500000000 0.0192364292
19.7600000000 0.0192672044
19.7700000000 0.0193011347
19.7800000000 0.0193350550
19.7900000000 0.0193674402
19.8000000000 0.0193977056
19.8100000000 0.0194259880
19.8200000000 0.0194518623
19.8300000000 0.0194739425
19.8400000000 0.0194897192
19.8500000000 0.0194952478
19.8600000000 0.0194867663
19.8700000000 0.0194612020
19.8800000000 0.0194173937
19.8900000000 0.0193558959
19.9000000000 0.0192797725
19.9100000000 0.0191928098
19.9200000000 0.0190997424
19.9300000000 0.0190047331
19.9400000000 0.0189109720
19.9500000000 0.0188200494
19.9600000000 0.0187324119
19.9700000000 0.0186470266
19.9800000000 0.0185625109
19.9900000000 0.0184773211
20.0000000000 0.0183905784
