0.0100000000 78.7653024951
0.0200000000 48.1108810294
0.0300000000 29.1777161367
0.0400000000 18.8090581110
0.0500000000 12.9073009305
0.0600000000 9.3270017285
0.0700000000 7.0223218302
0.0800000000 5.4627499997
0.0900000000 4.3629334893
0.1000000000 3.5604159810
0.1100000000 2.9579272273
0.1200000000 2.4946289045
0.1300000000 2.1310104982
0.1400000000 1.8405643905
0.1500000000 1.6049967450
0.1600000000 1.4113662912
0.1700000000 1.2503168801
0.1800000000 1.1149529184
0.1900000000 1.0001045587
0.2000000000 0.9018360913
0.2100000000 0.8171097749
0.2200000000 0.7435515305
0.2300000000 0.6792847081
0.2400000000 0.6228103523
0.2500000000 0.5729196815
0.2600000000 0.5286293073
0.2700000000 0.4891327091
0.2800000000 0.4537634274
0.2900000000 0.4219669176
0.3000000000 0.3932787089
0.3100000000 0.3673074509
0.3200000000 0.3437214320
0.3300000000 0.3222379917
0.3400000000 0.3026149700
0.3500000000 0.2846438713
0.3600000000 0.2681443392
0.3700000000 0.2529596737
0.3800000000 0.2389532357
0.3900000000 0.2260055156
0.4000000000 0.2140117555
0.4100000000 0.2028799911
0.4200000000 0.1925293772
0.4300000000 0.1828886702
0.4400000000 0.1738950178
0.4500000000 0.1654928133
0.4600000000 0.1576328045
0.4700000000 0.1502712789
0.4800000000 0.1433694174
0.4900000000 0.1368926042
0.5000000000 0.1308098581
0.5100000000 0.1250931209
0.5200000000 0.1197165603
0.5300000000 0.1146558747
0.5400000000 0.1098876984
0.5500000000 0.1053892637
0.5600000000 0.1011384092
0.5700000000 0.0971138713
0.5800000000 0.0932957406
0.5900000000 0.0896659298
0.6000000000 0.0862084834
0.6100000000 0.0829097553
0.6200000000 0.0797582713
0.6300000000 0.0767444956
0.6400000000 0.0738603661
0.6500000000 0.0710989460
0.6600000000 0.0684540171
0.6700000000 0.0659198444
0.6800000000 0.0634910425
0.6900000000 0.0611624541
0.7000000000 0.0589291282
0.7100000000 0.0567863282
0.7200000000 0.0547294938
0.7300000000 0.0527542731
0.7400000000 0.0508565340
0.7500000000 0.0490323255
0.7600000000 0.0472779203
0.7700000000 0.0455897783
0.7800000000 0.0439645624
0.7900000000 0.0423991213
0.8000000000 0.0408904739
0.8100000000 0.0394358198
0.8200000000 0.0380325140
0.8300000000 0.0366780710
0.8400000000 0.0353701545
0.8500000000 0.0341065630
0.8600000000 0.0328852409
0.8700000000 0.0317042626
0.8800000000 0.0305618315
0.8900000000 0.0294562900
0.9000000000 0.0283861178
0.9100000000 0.0273499344
0.9200000000 0.0263465227
0.9300000000 0.0253748298
0.9400000000 0.0244339819
0.9500000000 0.0235233248
0.9600000000 0.0226424134
0.9700000000 0.0217910569
0.9800000000 0.0209692684
0.9900000000 0.0201772682
1.0000000000 0.0194153501
1.0100000000 0.0186837624
1.0200000000 0.0179824803
1.0300000000 0.0173109849
1.0400000000 0.0166680798
1.0500000000 0.0160518023
1.0600000000 0.0154595221
1.0700000000 0.0148881712
1.0800000000 0.0143345860
1.0900000000 0.0137958833
1.1000000000 0.0132697822
1.1100000000 0.0127548060
1.1200000000 0.0122502968
1.1300000000 0.0117562844
1.1400000000 0.0112733140
1.1500000000 0.0108023548
1.1600000000 0.0103448222
1.1700000000 0.0099026395
1.1800000000 0.0094782427
1.1900000000 0.0090744379
1.2000000000 0.0086940864
1.2100000000 0.0083397079
1.2200000000 0.0080129445
1.2300000000 0.0077140270
1.2400000000 0.0074412900
1.2500000000 0.0071910072
1.2600000000 0.0069578155
1.2700000000 0.0067357949
1.2800000000 0.0065199559
1.2900000000 0.0063076351
1.3000000000 0.0060991794
1.3100000000 0.0058977040
1.3200000000 0.0057080913
1.3300000000 0.0055355055
1.3400000000 0.0053838878
1.3500000000 0.0052546906
1.3600000000 0.0051462393
1.3700000000 0.0050539960
1.3800000000 0.0049717760
1.3900000000 0.0048935714
1.4000000000 0.0048152692
1.4100000000 0.0047354321
1.4200000000 0.0046548699
1.4300000000 0.0045752781
1.4400000000 0.0044977069
1.4500000000 0.0044216588
1.4600000000 0.0043452617
1.4700000000 0.0042664869
1.4800000000 0.0041847055
1.4900000000 0.0041018350
1.5000000000 0.0040224277
1.5100000000 0.0039526422
1.5200000000 0.0038985245
1.5300000000 0.0038640942
1.5400000000 0.0038498266
1.5500000000 0.0038520160
1.5600000000 0.0038634029
1.5700000000 0.0038751326
1.5800000000 0.0038795320
1.5900000000 0.0038727330
1.6000000000 0.0038560648
1.6100000000 0.0038357731
1.6200000000 0.0038213036
1.6300000000 0.0038229016
1.6400000000 0.0038492380
1.6500000000 0.0039055294
1.6600000000 0.0039924368
1.6700000000 0.0041057763
1.6800000000 0.0042370752
1.6900000000 0.0043748801
1.7000000000 0.0045065923
1.7100000000 0.0046205858
1.7200000000 0.0047082494
1.7300000000 0.0047654946
1.7400000000 0.0047933851
1.7500000000 0.0047975974
1.7600000000 0.0047869743
1.7700000000 0.0047717232
1.7800000000 0.0047618556
1.7900000000 0.0047660814
1.8000000000 0.0047910042
1.8100000000 0.0048403285
1.8200000000 0.0049141451
1.8300000000 0.0050086173
1.8400000000 0.0051166110
1.8500000000 0.0052293904
1.8600000000 0.0053388846
1.8700000000 0.0054396977
1.8800000000 0.0055299022
1.8900000000 0.0056103938
1.9000000000 0.0056830770
1.9100000000 0.0057489267
1.9200000000 0.0058068448
1.9300000000 0.0058539126
1.9400000000 0.0058868059
1.9500000000 0.0059034918
1.9600000000 0.0059043184
1.9700000000 0.0058920985
1.9800000000 0.0058715245
1.9900000000 0.0058482296
2.0000000000 0.0058279814
2.0100000000 0.0058157442
2.0200000000 0.0058145573
2.0300000000 0.0058243225
2.0400000000 0.0058410871
2.0500000000 0.0058573509
2.0600000000 0.0058635674
2.0700000000 0.0058503621
2.0800000000 0.0058105687
2.0900000000 0.0057405057
2.1000000000 0.0056403399
2.1100000000 0.0055139085
2.1200000000 0.0053681095
2.1300000000 0.0052118838
2.1400000000 0.0050548960
2.1500000000 0.0049060860
2.1600000000 0.0047725698
2.1700000000 0.0046590388
2.1800000000 0.0045676353
2.1900000000 0.0044979727
2.2000000000 0.0044471480
2.2100000000 0.0044098866
2.2200000000 0.0043792134
2.2300000000 0.0043477328
2.2400000000 0.0043093918
2.2500000000 0.0042610137
2.2600000000 0.0042029325
2.2700000000 0.0041382861
2.2800000000 0.0040712812
2.2900000000 0.0040049177
2.3000000000 0.0039392045
2.3100000000 0.0038705105
2.3200000000 0.0037924507
2.3300000000 0.0036980938
2.3400000000 0.0035826975
2.3500000000 0.0034457971
2.3600000000 0.0032918588
2.3700000000 0.0031293344
2.3800000000 0.0029688167
2.3900000000 0.0028210248
2.4000000000 0.0026953637
2.4100000000 0.0025991232
2.4200000000 0.0025372201
2.4300000000 0.0025122249
2.4400000000 0.0025244491
2.4500000000 0.0025720779
2.4600000000 0.0026512969
2.4700000000 0.0027566838
2.4800000000 0.0028818505
2.4900000000 0.0030204233
2.5000000000 0.0031672052
2.5100000000 0.0033192520
2.5200000000 0.0034766979
2.5300000000 0.0036431002
2.5400000000 0.0038250639
2.5500000000 0.0040313032
2.5600000000 0.0042712446
2.5700000000 0.0045535566
2.5800000000 0.0048849170
2.5900000000 0.0052693848
2.6000000000 0.0057081546
2.6100000000 0.0061995592
2.6200000000 0.0067385858
2.6300000000 0.0073157076
2.6400000000 0.0079149355
2.6500000000 0.0085120507
2.6600000000 0.0090740102
2.6700000000 0.0095608233
2.6800000000 0.0099303076
2.6900000000 0.0101452515
2.7000000000 0.0101812272
2.7100000000 0.0100323565
2.7200000000 0.0097128851
2.7300000000 0.0092539081
2.7400000000 0.0086965143
2.7500000000 0.0080839085
2.7600000000 0.0074549721
2.7700000000 0.0068403431
2.7800000000 0.0062611530
2.7900000000 0.0057294526
2.8000000000 0.0052497735
2.8100000000 0.0048210305
2.8200000000 0.0044385677
2.8300000000 0.0040961594
2.8400000000 0.0037876433
2.8500000000 0.0035080726
2.8600000000 0.0032542693
2.8700000000 0.0030248433
2.8800000000 0.0028197372
2.8900000000 0.0026395824
2.9000000000 0.0024848765
2.9100000000 0.0023553599
2.9200000000 0.0022496756
2.9300000000 0.0021654532
2.9400000000 0.0020997489
2.9500000000 0.0020495993
2.9600000000 0.0020123864
2.9700000000 0.0019858684
2.9800000000 0.0019679731
2.9900000000 0.0019564844
3.0000000000 0.0019490396
3.0100000000 0.0019433380
3.0200000000 0.0019375282
3.0300000000 0.0019304542
3.0400000000 0.0019216757
3.0500000000 0.0019113515
3.0600000000 0.0019001184
3.0700000000 0.0018890971
3.0800000000 0.0018798993
3.0900000000 0.0018745229
3.1000000000 0.0018751166
3.1100000000 0.0018837552
3.1200000000 0.0019022843
3.1300000000 0.0019324223
3.1400000000 0.0019758906
3.1500000000 0.0020346097
3.1600000000 0.0021107261
3.1700000000 0.0022065783
3.1800000000 0.0023245177
3.1900000000 0.0024667819
3.2000000000 0.0026353906
3.2100000000 0.0028319733
3.2200000000 0.0030576309
3.2300000000 0.0033126299
3.2400000000 0.0035962025
3.2500000000 0.0039063959
3.2600000000 0.0042401226
3.2700000000 0.0045934040
3.2800000000 0.0049618827
3.2900000000 0.0053414583
3.3000000000 0.0057289133
3.3100000000 0.0061223484
3.3200000000 0.0065210925
3.3300000000 0.0069250992
3.3400000000 0.0073337530
3.3500000000 0.0077446263
3.3600000000 0.0081526265
3.3700000000 0.0085500261
3.3800000000 0.0089273713
3.3900000000 0.0092748160
3.4000000000 0.0095832605
3.4100000000 0.0098447675
3.4200000000 0.0100521739
3.4300000000 0.0101982394
3.4400000000 0.0102747821
3.4500000000 0.0102723777
3.4600000000 0.0101809488
3.4700000000 0.0099914089
3.4800000000 0.0096981999
3.4900000000 0.0093022245
3.5000000000 0.0088130123
3.5100000000 0.0082494500
3.5200000000 0.0076380616
3.5300000000 0.0070093983
3.5400000000 0.0063936051
3.5500000000 0.0058165300
3.5600000000 0.0052974138
3.5700000000 0.0048484134
3.5800000000 0.0044754014
3.5900000000 0.0041795394
3.6000000000 0.0039587493
3.6100000000 0.0038088261
3.6200000000 0.0037241021
3.6300000000 0.0036978179
3.6400000000 0.0037224859
3.6500000000 0.0037903037
3.6600000000 0.0038937755
3.6700000000 0.0040265387
3.6800000000 0.0041840487
3.6900000000 0.0043641489
3.7000000000 0.0045670376
3.7100000000 0.0047948192
3.7200000000 0.0050506699
3.7300000000 0.0053379984
3.7400000000 0.0056596228
3.7500000000 0.0060172402
3.7600000000 0.0064111283
3.7700000000 0.0068401094
3.7800000000 0.0073017823
3.7900000000 0.0077927395
3.8000000000 0.0083087565
3.8100000000 0.0088446525
3.8200000000 0.0093940144
3.8300000000 0.0099489900
3.8400000000 0.0105003152
3.8500000000 0.0110377684
3.8600000000 0.0115506986
3.8700000000 0.0120285709
3.8800000000 0.0124617027
3.8900000000 0.0128420581
3.9000000000 0.0131644506
3.9100000000 0.0134276177
3.9200000000 0.0136346096
3.9300000000 0.0137922801
3.9400000000 0.0139102912
3.9500000000 0.0139999861
3.9600000000 0.0140744536
3.9700000000 0.0141486741
3.9800000000 0.0142393915
3.9900000000 0.0143634771
4.0000000000 0.0145354694
4.0100000000 0.0147652009
4.0200000000 0.0150569248
4.0300000000 0.0154101863
4.0400000000 0.0158220261
4.0500000000 0.0162895691
4.0600000000 0.0168121134
4.0700000000 0.0173919883
4.0800000000 0.0180343377
4.0900000000 0.0187457391
4.1000000000 0.0195319571
4.1100000000 0.0203952983
4.1200000000 0.0213317794
4.1300000000 0.0223287355
4.1400000000 0.0233633981
4.1500000000 0.0244024075
4.1600000000 0.0254029644
4.1700000000 0.0263155548
4.1800000000 0.0270886387
4.1900000000 0.0276757500
4.2000000000 0.0280444369
4.2100000000 0.0281854370
4.2200000000 0.0281187151
4.2300000000 0.0278925653
4.2400000000 0.0275750212
4.2500000000 0.0272398199
4.2600000000 0.0269522809
4.2700000000 0.0267595770
4.2800000000 0.0266871880
4.2900000000 0.0267405963
4.3000000000 0.0269097164
4.3100000000 0.0271742050
4.3200000000 0.0275083306
4.3300000000 0.0278851752
4.3400000000 0.0282798566
4.3500000000 0.0286723388
4.3600000000 0.0290491725
4.3700000000 0.0294044809
4.3800000000 0.0297396748
4.3900000000 0.0300623295
4.4000000000 0.0303841968
4.4100000000 0.0307187511
4.4200000000 0.0310784549
4.4300000000 0.0314723920
4.4400000000 0.0319047050
4.4500000000 0.0323738224
4.4600000000 0.0328721316
4.4700000000 0.0333856918
4.4800000000 0.0338944316
4.4900000000 0.0343732571
4.5000000000 0.0347959649
4.5100000000 0.0351402677
4.5200000000 0.0353926075
4.5300000000 0.0355504602
4.5400000000 0.0356205363
4.5500000000 0.0356142127
4.5600000000 0.0355414316
4.5700000000 0.0354069378
4.5800000000 0.0352106509
4.5900000000 0.0349525088
4.6000000000 0.0346395171
4.6100000000 0.0342903338
4.6200000000 0.0339351000
4.6300000000 0.0336097612
4.6400000000 0.0333471060
4.6500000000 0.0331689157
4.6600000000 0.0330821375
4.6700000000 0.0330808392
4.6800000000 0.0331517294
4.6900000000 0.0332801162
4.7000000000 0.0334529971
4.7100000000 0.0336579619
4.7200000000 0.0338801582
4.7300000000 0.0340991437
4.7400000000 0.0342875667
4.7500000000 0.0344119860
4.7600000000 0.0344361885
4.7700000000 0.0343262712
4.7800000000 0.0340567726
4.7900000000 0.0336167437
4.8000000000 0.0330144227
4.8100000000 0.0322790425
4.8200000000 0.0314590281
4.8300000000 0.0306158399
4.8400000000 0.0298154831
4.8500000000 0.0291190243
4.8600000000 0.0285750946
4.8700000000 0.0282162085
4.8800000000 0.0280582329
4.8900000000 0.0281022982
4.9000000000 0.0283372159
4.9100000000 0.0287411550
4.9200000000 0.0292821802
4.9300000000 0.0299186288
4.9400000000 0.0306010875
4.9500000000 0.0312768468
4.9600000000 0.0318964742
4.9700000000 0.0324203433
4.9800000000 0.0328231234
4.9900000000 0.0330960528
5.0000000000 0.0332472245
5.0100000000 0.0333005433
5.0200000000 0.0332930989
5.0300000000 0.0332697045
5.0400000000 0.0332758189
5.0500000000 0.0333488006
5.0600000000 0.0335110961
5.0700000000 0.0337669136
5.0800000000 0.0341038120
5.0900000000 0.0344998020
5.1000000000 0.0349330439
5.1100000000 0.0353915459
5.1200000000 0.0358786990
5.1300000000 0.0364121785
5.1400000000 0.0370165236
5.1500000000 0.0377112860
5.1600000000 0.0384993658
5.1700000000 0.0393586189
5.1800000000 0.0402386709
5.1900000000 0.0410634964
5.2000000000 0.0417401514
5.2100000000 0.0421727023
5.2200000000 0.0422798696
5.2300000000 0.0420136363
5.2400000000 0.0413730870
5.2500000000 0.0404091620
5.2600000000 0.0392175206
5.2700000000 0.0379208213
5.2800000000 0.0366452698
5.2900000000 0.0354986989
5.3000000000 0.0345542592
5.3100000000 0.0338427932
5.3200000000 0.0333531824
5.3300000000 0.0330395781
5.3400000000 0.0328338037
5.3500000000 0.0326601583
5.3600000000 0.0324502226
5.3700000000 0.0321534784
5.3800000000 0.0317417489
5.3900000000 0.0312070651
5.4000000000 0.0305559332
5.4100000000 0.0298031648
5.4200000000 0.0289687326
5.4300000000 0.0280767560
5.4400000000 0.0271553027
5.4500000000 0.0262343284
5.4600000000 0.0253411359
5.4700000000 0.0244953081
5.4800000000 0.0237057980
5.4900000000 0.0229716773
5.5000000000 0.0222872248
5.5100000000 0.0216474783
5.5200000000 0.0210527969
5.5300000000 0.0205096058
5.5400000000 0.0200283692
5.5500000000 0.0196199884
5.5600000000 0.0192929768
5.5700000000 0.0190521720
5.5800000000 0.0188992090
5.5900000000 0.0188339020
5.6000000000 0.0188554184
5.6100000000 0.0189628985
5.6200000000 0.0191550671
5.6300000000 0.0194291530
5.6400000000 0.0197793227
5.6500000000 0.0201950079
5.6600000000 0.0206601846
5.6700000000 0.0211546636
5.6800000000 0.0216586270
5.6900000000 0.0221587290
5.7000000000 0.0226530508
5.7100000000 0.0231518632
5.7200000000 0.0236731816
5.7300000000 0.0242354357
5.7400000000 0.0248505588
5.7500000000 0.0255206787
5.7600000000 0.0262380852
5.7700000000 0.0269873634
5.7800000000 0.0277484121
5.7900000000 0.0284999260
5.8000000000 0.0292239447
5.8100000000 0.0299114334
5.8200000000 0.0305661174
5.8300000000 0.0312040527
5.8400000000 0.0318470528
5.8500000000 0.0325122271
5.8600000000 0.0332017482
5.8700000000 0.0338980827
5.8800000000 0.0345668568
5.8900000000 0.0351677240
5.9000000000 0.0356686649
5.9100000000 0.0360584706
5.9200000000 0.0363512376
5.9300000000 0.0365817301
5.9400000000 0.0367940976
5.9500000000 0.0370287739
5.9600000000 0.0373120195
5.9700000000 0.0376494539
5.9800000000 0.0380229764
5.9900000000 0.0383912929
6.0000000000 0.0386934934
6.0100000000 0.0388570074
6.0200000000 0.0388090270
6.0300000000 0.0384906641
6.0400000000 0.0378696693
6.0500000000 0.0369491808
6.0600000000 0.0357681699
6.0700000000 0.0343927369
6.0800000000 0.0329011711
6.0900000000 0.0313687544
6.1000000000 0.0298583438
6.1100000000 0.0284186172
6.1200000000 0.0270878498
6.1300000000 0.0258992376
6.1400000000 0.0248834039
6.1500000000 0.0240676255
6.1600000000 0.0234728915
6.1700000000 0.0231104415
6.1800000000 0.0229791295
6.1900000000 0.0230633408
6.2000000000 0.0233319172
6.2100000000 0.0237388271
6.2200000000 0.0242271801
6.2300000000 0.0247372079
6.2400000000 0.0252175830
6.2500000000 0.0256364632
6.2600000000 0.0259877948
6.2700000000 0.0262897590
6.2800000000 0.0265756390
6.2900000000 0.0268813879
6.3000000000 0.0272356497
6.3100000000 0.0276548616
6.3200000000 0.0281442131
6.3300000000 0.0287026291
6.3400000000 0.0293287039
6.3500000000 0.0300264940
6.3600000000 0.0308078498
6.3700000000 0.0316913400
6.3800000000 0.0326973039
6.3900000000 0.0338410124
6.4000000000 0.0351270872
6.4100000000 0.0365468477
6.4200000000 0.0380797292
6.4300000000 0.0396964807
6.4400000000 0.0413621830
6.4500000000 0.0430366332
6.4600000000 0.0446725251
6.4700000000 0.0462130733
6.4800000000 0.0475931598
6.4900000000 0.0487444305
6.5000000000 0.0496049771
6.5100000000 0.0501315411
6.5200000000 0.0503089372
6.5300000000 0.0501545979
6.5400000000 0.0497153138
6.5500000000 0.0490574166
6.5600000000 0.0482533746
6.5700000000 0.0473687869
6.5800000000 0.0464525648
6.5900000000 0.0455341170
6.6000000000 0.0446272269
6.6100000000 0.0437396071
6.6200000000 0.0428831841
6.6300000000 0.0420817345
6.6400000000 0.0413719157
6.6500000000 0.0407985873
6.6600000000 0.0404063571
6.6700000000 0.0402294511
6.6800000000 0.0402834513
6.6900000000 0.0405600046
6.7000000000 0.0410257982
6.7100000000 0.0416260300
6.7200000000 0.0422908347
6.7300000000 0.0429450205
6.7400000000 0.0435185556
6.7500000000 0.0439584655
6.7600000000 0.0442384348
6.7700000000 0.0443646367
6.7800000000 0.0443725877
6.7900000000 0.0443152614
6.8000000000 0.0442453115
6.8100000000 0.0441975233
6.8200000000 0.0441777051
6.8300000000 0.0441628232
6.8400000000 0.0441109917
6.8500000000 0.0439790218
6.8600000000 0.0437403221
6.8700000000 0.0433988685
6.8800000000 0.0429944342
6.8900000000 0.0425977191
6.9000000000 0.0422972819
6.9100000000 0.0421834631
6.9200000000 0.0423344123
6.9300000000 0.0428078302
6.9400000000 0.0436384438
6.9500000000 0.0448395252
6.9600000000 0.0464050806
6.9700000000 0.0483126360
6.9800000000 0.0505270465
6.9900000000 0.0530053906
7.0000000000 0.0557039544
7.0100000000 0.0585844223
7.0200000000 0.0616175980
7.0300000000 0.0647809074
7.0400000000 0.0680501322
7.0500000000 0.0713867070
7.0600000000 0.0747234003
7.0700000000 0.0779551891
7.0800000000 0.0809393583
7.0900000000 0.0835089827
7.1000000000 0.0854985357
7.1100000000 0.0867765028
7.1200000000 0.0872754352
7.1300000000 0.0870083626
7.1400000000 0.0860681900
7.1500000000 0.0846079549
7.1600000000 0.0828116630
7.1700000000 0.0808639744
7.1800000000 0.0789271885
7.1900000000 0.0771309988
7.2000000000 0.0755733321
7.2100000000 0.0743282645
7.2200000000 0.0734550329
7.2300000000 0.0730036805
7.2400000000 0.0730155581
7.2500000000 0.0735191390
7.2600000000 0.0745241706
7.2700000000 0.0760147061
7.2800000000 0.0779438399
7.2900000000 0.0802325584
7.3000000000 0.0827758207
7.3100000000 0.0854566437
7.3200000000 0.0881664491
7.3300000000 0.0908260271
7.3400000000 0.0933987657
7.3500000000 0.0958895713
7.3600000000 0.0983281828
7.3700000000 0.1007424931
7.3800000000 0.1031313457
7.3900000000 0.1054485188
7.4000000000 0.1076046833
7.4100000000 0.1094841389
7.4200000000 0.1109713632
7.4300000000 0.1119750523
7.4400000000 0.1124434351
7.4500000000 0.1123699555
7.4600000000 0.1117907494
7.4700000000 0.1107780322
7.4800000000 0.1094313640
7.4900000000 0.1078675375
7.5000000000 0.1062083290
7.5100000000 0.1045662743
7.5200000000 0.1030277479
7.5300000000 0.1016391783
7.5400000000 0.1003981799
7.5500000000 0.0992552734
7.5600000000 0.0981224194
7.5700000000 0.0968881854
7.5800000000 0.0954375159
7.5900000000 0.0936751242
7.6000000000 0.0915487896
7.6100000000 0.0890663388
7.6200000000 0.0862968510
7.6300000000 0.0833556464
7.6400000000 0.0803779604
7.6500000000 0.0774921615
7.6600000000 0.0748009452
7.6700000000 0.0723745224
7.6800000000 0.0702529320
7.6900000000 0.0684543854
7.7000000000 0.0669827110
7.7100000000 0.0658325887
7.7200000000 0.0649901506
7.7300000000 0.0644319167
7.7400000000 0.0641236457
7.7500000000 0.0640216496
7.7600000000 0.0640761915
7.7700000000 0.0642341628
7.7800000000 0.0644405817
7.7900000000 0.0646379801
7.8000000000 0.0647664139
7.8100000000 0.0647649464
7.8200000000 0.0645743073
7.8300000000 0.0641398247
7.8400000000 0.0634123067
7.8500000000 0.0623499384
7.8600000000 0.0609223368
7.8700000000 0.0591181256
7.8800000000 0.0569531588
7.8900000000 0.0544740593
7.9000000000 0.0517542710
7.9100000000 0.0488845979
7.9200000000 0.0459616426
7.9300000000 0.0430781045
7.9400000000 0.0403164803
7.9500000000 0.0377457185
7.9600000000 0.0354205018
7.9700000000 0.0333819005
7.9800000000 0.0316575063
7.9900000000 0.0302626173
8.0000000000 0.0292006494
8.0100000000 0.0284643523
8.0200000000 0.0280380166
8.0300000000 0.0278995387
8.0400000000 0.0280228549
8.0500000000 0.0283794052
8.0600000000 0.0289385448
8.0700000000 0.0296669425
8.0800000000 0.0305278549
8.0900000000 0.0314803881
8.1000000000 0.0324791421
8.1100000000 0.0334745793
8.1200000000 0.0344151995
8.1300000000 0.0352520827
8.1400000000 0.0359457304
8.1500000000 0.0364727487
8.1600000000 0.0368300569
8.1700000000 0.0370341562
8.1800000000 0.0371148668
8.1900000000 0.0371052277
8.2000000000 0.0370316721
8.2100000000 0.0369072499
8.2200000000 0.0367312307
8.2300000000 0.0364934234
8.2400000000 0.0361823670
8.2500000000 0.0357925274
8.2600000000 0.0353280137
8.2700000000 0.0348003286
8.2800000000 0.0342233345
8.2900000000 0.0336081825
8.3000000000 0.0329608628
8.3100000000 0.0322829539
8.3200000000 0.0315742878
8.3300000000 0.0308361355
8.3400000000 0.0300739441
8.3500000000 0.0292994844
8.3600000000 0.0285325578
8.3700000000 0.0278003231
8.3800000000 0.0271351073
8.3900000000 0.0265703398
8.4000000000 0.0261362441
8.4100000000 0.0258565275
8.4200000000 0.0257472699
8.4300000000 0.0258170916
8.4400000000 0.0260690060
8.4500000000 0.0265019685
8.4600000000 0.0271124333
8.4700000000 0.0278945438
8.4800000000 0.0288399479
8.4900000000 0.0299381941
8.5000000000 0.0311777763
8.5100000000 0.0325481579
8.5200000000 0.0340419506
8.5300000000 0.0356553431
8.5400000000 0.0373878115
8.5500000000 0.0392406994
8.5600000000 0.0412168690
8.5700000000 0.0433201248
8.5800000000 0.0455553461
8.5900000000 0.0479264942
8.6000000000 0.0504326086
8.6100000000 0.0530620390
8.6200000000 0.0557871181
8.6300000000 0.0585615511
8.6400000000 0.0613211957
8.6500000000 0.0639871006
8.6600000000 0.0664722237
8.6700000000 0.0686892494
8.6800000000 0.0705622367
8.6900000000 0.0720391821
8.7000000000 0.0731016870
8.7100000000 0.0737689475
8.7200000000 0.0740941874
8.7300000000 0.0741564792
8.7400000000 0.0740505694
8.7500000000 0.0738768769
8.7600000000 0.0737323100
8.7700000000 0.0737028085
8.7800000000 0.0738591858
8.7900000000 0.0742568848
8.8000000000 0.0749371754
8.8100000000 0.0759264238
8.8200000000 0.0772309732
8.8300000000 0.0788293134
8.8400000000 0.0806662936
8.8500000000 0.0826532016
8.8600000000 0.0846775286
8.8700000000 0.0866197591
8.8800000000 0.0883730145
8.8900000000 0.0898576449
8.9000000000 0.0910299037
8.9100000000 0.0918838806
8.9200000000 0.0924487256
8.9300000000 0.0927854866
8.9400000000 0.0929807569
8.9500000000 0.0931387749
8.9600000000 0.0933703815
8.9700000000 0.0937787910
8.9800000000 0.0944459690
8.9900000000 0.0954227347
9.0000000000 0.0967276553
9.0100000000 0.0983528617
9.0200000000 0.1002759980
9.0300000000 0.1024701548
9.0400000000 0.1049100795
9.0500000000 0.1075705864
9.0600000000 0.1104185393
9.0700000000 0.1134022499
9.0800000000 0.1164460771
9.0900000000 0.1194522581
9.1000000000 0.1223127054
9.1100000000 0.1249226914
9.1200000000 0.1271906977
9.1300000000 0.1290398468
9.1400000000 0.1304006742
9.1500000000 0.1311993652
9.1600000000 0.1313531167
9.1700000000 0.1307760731
9.1800000000 0.1293992443
9.1900000000 0.1271970289
9.2000000000 0.1242106657
9.2100000000 0.1205552304
9.2200000000 0.1164092018
9.2300000000 0.1119862829
9.2400000000 0.1075017217
9.2500000000 0.1031423342
9.2600000000 0.0990493081
9.2700000000 0.0953156207
9.2800000000 0.0919965210
9.2900000000 0.0891270777
9.3000000000 0.0867378324
9.3100000000 0.0848616007
9.3200000000 0.0835318819
9.3300000000 0.0827754518
9.3400000000 0.0826020326
9.3500000000 0.0829937533
9.3600000000 0.0838957380
9.3700000000 0.0852096088
9.3800000000 0.0867964413
9.3900000000 0.0884926937
9.4000000000 0.0901395548
9.4100000000 0.0916145773
9.4200000000 0.0928547878
9.4300000000 0.0938597509
9.4400000000 0.0946765395
9.4500000000 0.0953736450
9.4600000000 0.0960141314
9.4700000000 0.0966320628
9.4800000000 0.0972154865
9.4900000000 0.0976985795
9.5000000000 0.0979659605
9.5100000000 0.0978735025
9.5200000000 0.0972818309
9.5300000000 0.0960922292
9.5400000000 0.0942762525
9.5500000000 0.0918852046
9.5600000000 0.0890383695
9.5700000000 0.0858945887
9.5800000000 0.0826186295
9.5900000000 0.0793519161
9.6000000000 0.0761963079
9.6100000000 0.0732105541
9.6200000000 0.0704188918
9.6300000000 0.0678248122
9.6400000000 0.0654262237
9.6500000000 0.0632264282
9.6600000000 0.0612395124
9.6700000000 0.0594912899
9.6800000000 0.0580152743
9.6900000000 0.0568472214
9.7000000000 0.0560174398
9.7100000000 0.0555443153
9.7200000000 0.0554303777
9.7300000000 0.0556628459
9.7400000000 0.0562190153
9.7500000000 0.0570732563
9.7600000000 0.0582036815
9.7700000000 0.0595930121
9.7800000000 0.0612234401
9.7900000000 0.0630646716
9.8000000000 0.0650610919
9.8100000000 0.0671213970
9.8200000000 0.0691182811
9.8300000000 0.0709014509
9.8400000000 0.0723228145
9.8500000000 0.0732677111
9.8600000000 0.0736815852
9.8700000000 0.0735810620
9.8800000000 0.0730485292
9.8900000000 0.0722114416
9.9000000000 0.0712167232
9.9100000000 0.0702061048
9.9200000000 0.0692978030
9.9300000000 0.0685741242
9.9400000000 0.0680743860
9.9500000000 0.0677931499
9.9600000000 0.0676863900
9.9700000000 0.0676848190
9.9800000000 0.0677133284
9.9900000000 0.0677085438
10.0000000000 0.0676285240
10.0100000000 0.0674495121
10.0200000000 0.0671566333
10.0300000000 0.0667318376
10.0400000000 0.0661504020
10.0500000000 0.0653862327
10.0600000000 0.0644244460
10.0700000000 0.0632732933
10.0800000000 0.0619703052
10.0900000000 0.0605770286
10.1000000000 0.0591657014
10.1100000000 0.0578029111
10.1200000000 0.0565359413
10.1300000000 0.0553870608
10.1400000000 0.0543553794
10.1500000000 0.0534258285
10.1600000000 0.0525803984
10.1700000000 0.0518075610
10.1800000000 0.0511054044
10.1900000000 0.0504789195
10.2000000000 0.0499322269
10.2100000000 0.0494616840
10.2200000000 0.0490518019
10.2300000000 0.0486767846
10.2400000000 0.0483061070
10.2500000000 0.0479109559
10.2600000000 0.0474707561
10.2700000000 0.0469776448
10.2800000000 0.0464394226
10.2900000000 0.0458802576
10.3000000000 0.0453401255
10.3100000000 0.0448714898
10.3200000000 0.0445349966
10.3300000000 0.0443923740
10.3400000000 0.0444994723
10.3500000000 0.0448984509
10.3600000000 0.0456110703
10.3700000000 0.0466334191
10.3800000000 0.0479337382
10.3900000000 0.0494537933
10.4000000000 0.0511163973
10.4100000000 0.0528375578
10.4200000000 0.0545417011
10.4300000000 0.0561752270
10.4400000000 0.0577136727
10.4500000000 0.0591603337
10.4600000000 0.0605383055
10.4700000000 0.0618775874
10.4800000000 0.0632024562
10.4900000000 0.0645214196
10.5000000000 0.0658212210
10.5100000000 0.0670679487
10.5200000000 0.0682148106
10.5300000000 0.0692138559
10.5400000000 0.0700304188
10.5500000000 0.0706532602
10.5600000000 0.0711007477
10.5700000000 0.0714198027
10.5800000000 0.0716801455
10.5900000000 0.0719669895
10.6000000000 0.0723723243
10.6100000000 0.0729868650
10.6200000000 0.0738919416
10.6300000000 0.0751496234
10.6400000000 0.0767918600
10.6500000000 0.0788104112
10.6600000000 0.0811491126
10.6700000000 0.0837041899
10.6800000000 0.0863322471
10.6900000000 0.0888670535
10.7000000000 0.0911414146
10.7100000000 0.0930090942
10.7200000000 0.0943628214
10.7300000000 0.0951432307
10.7400000000 0.0953403920
10.7500000000 0.0949888158
10.7600000000 0.0941583276
10.7700000000 0.0929430244
10.7800000000 0.0914491823
10.7900000000 0.0897815123
10.8000000000 0.0880323976
10.8100000000 0.0862745022
10.8200000000 0.0845589067
10.8300000000 0.0829167586
10.8400000000 0.0813639997
10.8500000000 0.0799050201
10.8600000000 0.0785391941
10.8700000000 0.0772676425
10.8800000000 0.0760992816
10.8900000000 0.0750548365
10.9000000000 0.0741649162
10.9100000000 0.0734658510
10.9200000000 0.0729938485
10.9300000000 0.0727789712
10.9400000000 0.0728410067
10.9500000000 0.0731850643
10.9600000000 0.0738000226
10.9700000000 0.0746618160
10.9800000000 0.0757387294
10.9900000000 0.0769980837
11.0000000000 0.0784098348
11.0100000000 0.0799445774
11.0200000000 0.0815697162
11.0300000000 0.0832474497
11.0400000000 0.0849365998
11.0500000000 0.0865975988
11.0600000000 0.0881989500
11.0700000000 0.0897181446
11.0800000000 0.0911396633
11.0900000000 0.0924494056
11.1000000000 0.0936316489
11.1100000000 0.0946668176
11.1200000000 0.0955325646
11.1300000000 0.0962036603
11.1400000000 0.0966520741
11.1500000000 0.0968466086
11.1600000000 0.0967541023
11.1700000000 0.0963425257
11.1800000000 0.0955885124
11.1900000000 0.0944865346
11.2000000000 0.0930546766
11.2100000000 0.0913357115
11.2200000000 0.0893916372
11.2300000000 0.0872948559
11.2400000000 0.0851172919
11.2500000000 0.0829207492
11.2600000000 0.0807508558
11.2700000000 0.0786335483
11.2800000000 0.0765777807
11.2900000000 0.0745813521
11.3000000000 0.0726390745
11.3100000000 0.0707493055
11.3200000000 0.0689171372
11.3300000000 0.0671533811
11.3400000000 0.0654714923
11.3500000000 0.0638838239
11.3600000000 0.0624000068
11.3700000000 0.0610259838
11.3800000000 0.0597649661
11.3900000000 0.0586175762
11.4000000000 0.0575806963
11.4100000000 0.0566458194
11.4200000000 0.0557971859
11.4300000000 0.0550104547
11.4400000000 0.0542548188
11.4500000000 0.0534964256
11.4600000000 0.0527047568
11.4700000000 0.0518575544
11.4800000000 0.0509450604
11.4900000000 0.0499702141
11.5000000000 0.0489465676
11.5100000000 0.0478934488
11.5200000000 0.0468310941
11.5300000000 0.0457776046
11.5400000000 0.0447474454
11.5500000000 0.0437527817
11.5600000000 0.0428055991
11.5700000000 0.0419187371
11.5800000000 0.0411058329
11.5900000000 0.0403787247
11.6000000000 0.0397445708
11.6100000000 0.0392042249
11.6200000000 0.0387520209
11.6300000000 0.0383776254
11.6400000000 0.0380695482
11.6500000000 0.0378187056
11.6600000000 0.0376209941
11.6700000000 0.0374774203
11.6800000000 0.0373924194
11.6900000000 0.0373715757
11.7000000000 0.0374199305
11.7100000000 0.0375406993
11.7200000000 0.0377358861
11.7300000000 0.0380070689
11.7400000000 0.0383554315
11.7500000000 0.0387826227
11.7600000000 0.0392902782
11.7700000000 0.0398804317
11.7800000000 0.0405559389
11.7900000000 0.0413196241
11.8000000000 0.0421730658
11.8100000000 0.0431121186
11.8200000000 0.0441220444
11.8300000000 0.0451732816
11.8400000000 0.0462216593
11.8500000000 0.0472141621
11.8600000000 0.0480972955
11.8700000000 0.0488266973
11.8800000000 0.0493727019
11.8900000000 0.0497217946
11.9000000000 0.0498730140
11.9100000000 0.0498337198
11.9200000000 0.0496155705
11.9300000000 0.0492335981
11.9400000000 0.0487081757
11.9500000000 0.0480673595
11.9600000000 0.0473479673
11.9700000000 0.0465941382
11.9800000000 0.0458528677
11.9900000000 0.0451677398
12.0000000000 0.0445722924
12.0100000000 0.0440851221
12.0200000000 0.0437071707
12.0300000000 0.0434224966
12.0400000000 0.0432015594
12.0500000000 0.0430070871
12.0600000000 0.0428007811
12.0700000000 0.0425508214
12.0800000000 0.0422364752
12.0900000000 0.0418515118
12.1000000000 0.0414033254
12.1100000000 0.0409097868
12.1200000000 0.0403946253
12.1300000000 0.0398824107
12.1400000000 0.0393939985
12.1500000000 0.0389445949
12.1600000000 0.0385427674
12.1700000000 0.0381931808
12.1800000000 0.0378989425
12.1900000000 0.0376645572
12.2000000000 0.0374981919
12.2100000000 0.0374110804
12.2200000000 0.0374163054
12.2300000000 0.0375255170
12.2400000000 0.0377462203
12.2500000000 0.0380797175
12.2600000000 0.0385210402
12.2700000000 0.0390617486
12.2800000000 0.0396937378
12.2900000000 0.0404122230
12.3000000000 0.0412144491
12.3100000000 0.0420953529
12.3200000000 0.0430403524
12.3300000000 0.0440195251
12.3400000000 0.0449883749
12.3500000000 0.0458943979
12.3600000000 0.0466902572
12.3700000000 0.0473470345
12.3800000000 0.0478626700
12.3900000000 0.0482630446
12.4000000000 0.0485942822
12.4100000000 0.0489104197
12.4200000000 0.0492609227
12.4300000000 0.0496796979
12.4400000000 0.0501787805
12.4500000000 0.0507463954
12.4600000000 0.0513496858
12.4700000000 0.0519417447
12.4800000000 0.0524699790
12.4900000000 0.0528850997
12.5000000000 0.0531488046
12.5100000000 0.0532386737
12.5200000000 0.0531493618
12.5300000000 0.0528918884
12.5400000000 0.0524882987
12.5500000000 0.0519671749
12.5600000000 0.0513582686
12.5700000000 0.0506891749
12.5800000000 0.0499853998
12.5900000000 0.0492703712
12.6000000000 0.0485677838
12.6100000000 0.0479025716
12.6200000000 0.0472993661
12.6300000000 0.0467802662
12.6400000000 0.0463614491
12.6500000000 0.0460496364
12.6600000000 0.0458411455
12.6700000000 0.0457227731
12.6800000000 0.0456746744
12.6900000000 0.0456752312
12.7000000000 0.0457031230
12.7100000000 0.0457378731
12.7200000000 0.0457570896
12.7300000000 0.0457351274
12.7400000000 0.0456438325
12.7500000000 0.0454568682
12.7600000000 0.0451555822
12.7700000000 0.0447323776
12.7800000000 0.0441921076
12.7900000000 0.0435503016
12.8000000000 0.0428295032
12.8100000000 0.0420563444
12.8200000000 0.0412582326
12.8300000000 0.0404625428
12.8400000000 0.0396960385
12.8500000000 0.0389843351
12.8600000000 0.0383519896
12.8700000000 0.0378213975
12.8800000000 0.0374122567
12.8900000000 0.0371397653
12.9000000000 0.0370130177
12.9100000000 0.0370334073
12.9200000000 0.0371928420
12.9300000000 0.0374732573
12.9400000000 0.0378484991
12.9500000000 0.0382877583
12.9600000000 0.0387603282
12.9700000000 0.0392396600
12.9800000000 0.0397055391
12.9900000000 0.0401433965
13.0000000000 0.0405423266
13.0100000000 0.0408940212
13.0200000000 0.0411926457
13.0300000000 0.0414360261
13.0400000000 0.0416277877
13.0500000000 0.0417763307
13.0600000000 0.0418934578
13.0700000000 0.0419896823
13.0800000000 0.0420703272
13.0900000000 0.0421318446
13.1000000000 0.0421617228
13.1100000000 0.0421413361
13.1200000000 0.0420500139
13.1300000000 0.0418704080
13.1400000000 0.0415919132
13.1500000000 0.0412135241
13.1600000000 0.0407439722
13.1700000000 0.0402006189
13.1800000000 0.0396072603
13.1900000000 0.0389909452
13.2000000000 0.0383784981
13.2100000000 0.0377936041
13.2200000000 0.0372555473
13.2300000000 0.0367768448
13.2400000000 0.0363630206
13.2500000000 0.0360115486
13.2600000000 0.0357127439
13.2700000000 0.0354509853
13.2800000000 0.0352081124
13.2900000000 0.0349667063
13.3000000000 0.0347134680
13.3100000000 0.0344411302
13.3200000000 0.0341491045
13.3300000000 0.0338421994
13.3400000000 0.0335297609
13.3500000000 0.0332225659
13.3600000000 0.0329300503
13.3700000000 0.0326579111
13.3800000000 0.0324057131
13.3900000000 0.0321678287
13.4000000000 0.0319346438
13.4100000000 0.0316957451
13.4200000000 0.0314415251
13.4300000000 0.0311654030
13.4400000000 0.0308643961
13.4500000000 0.0305387769
13.4600000000 0.0301911795
13.4700000000 0.0298259161
13.4800000000 0.0294468669
13.4900000000 0.0290578607
13.5000000000 0.0286618938
13.5100000000 0.0282617900
13.5200000000 0.0278602723
13.5300000000 0.0274599507
13.5400000000 0.0270632321
13.5500000000 0.0266722661
13.5600000000 0.0262890278
13.5700000000 0.0259165653
13.5800000000 0.0255592473
13.5900000000 0.0252236093
13.6000000000 0.0249175854
13.6100000000 0.0246489159
13.6200000000 0.0244228575
13.6300000000 0.0242396662
13.6400000000 0.0240939476
13.6500000000 0.0239762444
13.6600000000 0.0238762936
13.6700000000 0.0237870901
13.6800000000 0.0237070943
13.6900000000 0.0236413498
13.7000000000 0.0235996119
13.7100000000 0.0235934089
13.7200000000 0.0236328468
13.7300000000 0.0237239441
13.7400000000 0.0238667326
13.7500000000 0.0240550774
13.7600000000 0.0242776365
13.7700000000 0.0245204545
13.7800000000 0.0247695087
13.7900000000 0.0250136737
13.8000000000 0.0252459449
13.8100000000 0.0254639621
13.8200000000 0.0256697067
13.8300000000 0.0258677460
13.8400000000 0.0260633498
13.8500000000 0.0262606179
13.8600000000 0.0264610498
13.8700000000 0.0266627936
13.8800000000 0.0268602533
13.8900000000 0.0270445362
13.9000000000 0.0272046231
13.9100000000 0.0273294209
13.9200000000 0.0274101955
13.9300000000 0.0274432266
13.9400000000 0.0274313465
13.9500000000 0.0273837006
13.9600000000 0.0273140804
13.9700000000 0.0272381602
13.9800000000 0.0271702757
13.9900000000 0.0271206313
14.0000000000 0.0270939946
14.0100000000 0.0270894241
14.0200000000 0.0271022141
14.0300000000 0.0271265954
14.0400000000 0.0271588745
14.0500000000 0.0271994997
14.0600000000 0.0272532327
14.0700000000 0.0273267377
14.0800000000 0.0274255806
14.0900000000 0.0275515519
14.1000000000 0.0277015999
14.1100000000 0.0278699777
14.1200000000 0.0280509907
14.1300000000 0.0282424385
14.1400000000 0.0284480897
14.1500000000 0.0286778727
14.1600000000 0.0289452999
14.1700000000 0.0292628703
14.1800000000 0.0296378281
14.1900000000 0.0300679555
14.2000000000 0.0305411940
14.2100000000 0.0310382519
14.2200000000 0.0315379772
14.2300000000 0.0320225337
14.2400000000 0.0324810280
14.2500000000 0.0329099364
14.2600000000 0.0333113615
14.2700000000 0.0336883441
14.2800000000 0.0340396162
14.2900000000 0.0343573125
14.3000000000 0.0346255365
14.3100000000 0.0348253419
14.3200000000 0.0349397958
14.3300000000 0.0349607769
14.3400000000 0.0348922297
14.3500000000 0.0347507785
14.3600000000 0.0345628548
14.3700000000 0.0343601307
14.3800000000 0.0341739162
14.3900000000 0.0340299112
14.4000000000 0.0339441882
14.4100000000 0.0339210084
14.4200000000 0.0339527947
14.4300000000 0.0340226665
14.4400000000 0.0341090372
14.4500000000 0.0341914250
14.4600000000 0.0342552872
14.4700000000 0.0342960312
14.4800000000 0.0343186589
14.4900000000 0.0343353978
14.5000000000 0.0343604147
14.5100000000 0.0344051390
14.5200000000 0.0344747848
14.5300000000 0.0345675032
14.5400000000 0.0346760437
14.5500000000 0.0347915693
14.5600000000 0.0349063228
14.5700000000 0.0350161561
14.5800000000 0.0351209561
14.5900000000 0.0352241939
14.6000000000 0.0353315813
14.6100000000 0.0354500227
14.6200000000 0.0355857523
14.6300000000 0.0357430062
14.6400000000 0.0359222143
14.6500000000 0.0361201722
14.6600000000 0.0363306543
14.6700000000 0.0365468187
14.6800000000 0.0367639677
14.6900000000 0.0369818878
14.7000000000 0.0372068445
14.7100000000 0.0374517469
14.7200000000 0.0377365257
14.7300000000 0.0380856510
14.7400000000 0.0385262829
14.7500000000 0.0390831843
14.7600000000 0.0397734194
14.7700000000 0.0406004608
14.7800000000 0.0415506316
14.7900000000 0.0425914211
14.8000000000 0.0436736025
14.8100000000 0.0447371403
14.8200000000 0.0457178877
14.8300000000 0.0465583455
14.8400000000 0.0472158215
14.8500000000 0.0476691098
14.8600000000 0.0479193763
14.8700000000 0.0479872273
14.8800000000 0.0479056925
14.8900000000 0.0477112666
14.9000000000 0.0474364860
14.9100000000 0.0471059062
14.9200000000 0.0467356752
14.9300000000 0.0463366852
14.9400000000 0.0459192620
14.9500000000 0.0454957912
14.9600000000 0.0450812867
14.9700000000 0.0446917201
14.9800000000 0.0443414498
14.9900000000 0.0440417530
15.0000000000 0.0438009935
15.0100000000 0.0436255585
15.0200000000 0.0435202710
15.0300000000 0.0434886313
15.0400000000 0.0435321283
15.0500000000 0.0436487405
15.0600000000 0.0438327507
15.0700000000 0.0440739139
15.0800000000 0.0443579993
15.0900000000 0.0446665059
15.1000000000 0.0449777025
15.1100000000 0.0452674748
15.1200000000 0.0455115977
15.1300000000 0.0456882314
15.1400000000 0.0457811045
15.1500000000 0.0457828898
15.1600000000 0.0456953310
15.1700000000 0.0455297188
15.1800000000 0.0453038605
15.1900000000 0.0450390401
15.2000000000 0.0447557192
15.2100000000 0.0444709472
15.2200000000 0.0441960805
15.2300000000 0.0439358816
15.2400000000 0.0436890014
15.2500000000 0.0434498570
15.2600000000 0.0432106235
15.2700000000 0.0429642844
15.2800000000 0.0427066718
15.2900000000 0.0424373610
15.3000000000 0.0421592697
15.3100000000 0.0418776784
15.3200000000 0.0415992677
15.3300000000 0.0413317857
15.3400000000 0.0410844658
15.3500000000 0.0408678967
15.3600000000 0.0406938193
15.3700000000 0.0405753996
15.3800000000 0.0405264545
15.3900000000 0.0405593137
15.4000000000 0.0406812099
15.4100000000 0.0408896619
15.4200000000 0.0411696042
15.4300000000 0.0414922981
15.4400000000 0.0418198100
15.4500000000 0.0421115982
15.4600000000 0.0423335565
15.4700000000 0.0424647624
15.4800000000 0.0425015837
15.4900000000 0.0424572660
15.5000000000 0.0423569383
15.5100000000 0.0422313368
15.5200000000 0.0421101619
15.5300000000 0.0420166251
15.5400000000 0.0419653224
15.5500000000 0.0419622046
15.5600000000 0.0420061573
15.5700000000 0.0420921538
15.5800000000 0.0422135534
15.5900000000 0.0423632235
15.6000000000 0.0425343667
15.6100000000 0.0427191389
15.6200000000 0.0429088308
15.6300000000 0.0430928001
15.6400000000 0.0432607456
15.6500000000 0.0434048252
15.6600000000 0.0435215193
15.6700000000 0.0436138660
15.6800000000 0.0436912141
15.6900000000 0.0437667593
15.7000000000 0.0438555906
15.7100000000 0.0439701666
15.7200000000 0.0441186445
15.7300000000 0.0443033470
15.7400000000 0.0445222831
15.7500000000 0.0447699116
15.7600000000 0.0450397877
15.7700000000 0.0453241397
15.7800000000 0.0456146045
15.7900000000 0.0459002979
15.8000000000 0.0461676229
15.8100000000 0.0464004138
15.8200000000 0.0465815532
15.8300000000 0.0466951383
15.8400000000 0.0467286282
15.8500000000 0.0466751484
15.8600000000 0.0465333981
15.8700000000 0.0463081886
15.8800000000 0.0460097573
15.8900000000 0.0456532564
15.9000000000 0.0452572678
15.9100000000 0.0448426580
15.9200000000 0.0444296412
15.9300000000 0.0440350076
15.9400000000 0.0436702163
15.9500000000 0.0433396798
15.9600000000 0.0430408533
15.9700000000 0.0427657276
15.9800000000 0.0425025427
15.9900000000 0.0422376964
16.0000000000 0.0419589184
16.0100000000 0.0416565005
16.0200000000 0.0413250305
16.0300000000 0.0409645188
16.0400000000 0.0405787994
16.0500000000 0.0401759659
16.0600000000 0.0397654293
16.0700000000 0.0393577357
16.0800000000 0.0389624032
16.0900000000 0.0385874163
16.1000000000 0.0382379829
16.1100000000 0.0379168009
16.1200000000 0.0376229932
16.1300000000 0.0373530887
16.1400000000 0.0371008767
16.1500000000 0.0368587662
16.1600000000 0.0366186740
16.1700000000 0.0363734091
16.1800000000 0.0361180438
16.1900000000 0.0358503854
16.2000000000 0.0355712137
16.2100000000 0.0352846315
16.2200000000 0.0349969853
16.2300000000 0.0347156886
16.2400000000 0.0344481423
16.2500000000 0.0342001039
16.2600000000 0.0339753048
16.2700000000 0.0337751671
16.2800000000 0.0335989210
16.2900000000 0.0334442183
16.3000000000 0.0333074066
16.3100000000 0.0331845592
16.3200000000 0.0330718673
16.3300000000 0.0329662024
16.3400000000 0.0328658018
16.3500000000 0.0327691770
16.3600000000 0.0326749561
16.3700000000 0.0325807272
16.3800000000 0.0324832076
16.3900000000 0.0323785304
16.4000000000 0.0322630898
16.4100000000 0.0321349384
16.4200000000 0.0319933560
16.4300000000 0.0318398231
16.4400000000 0.0316774984
16.4500000000 0.0315113398
16.4600000000 0.0313475666
16.4700000000 0.0311931962
16.4800000000 0.0310545408
16.4900000000 0.0309371762
16.5000000000 0.0308441753
16.5100000000 0.0307765603
16.5200000000 0.0307324696
16.5300000000 0.0307080008
16.5400000000 0.0306975862
16.5500000000 0.0306943803
16.5600000000 0.0306916681
16.5700000000 0.0306829540
16.5800000000 0.0306627619
16.5900000000 0.0306263799
16.6000000000 0.0305702298
16.6100000000 0.0304916428
16.6200000000 0.0303894726
16.6300000000 0.0302636318
16.6400000000 0.0301157512
16.6500000000 0.0299483396
16.6600000000 0.0297649961
16.6700000000 0.0295694834
16.6800000000 0.0293659263
16.6900000000 0.0291580712
16.7000000000 0.0289495541
16.7100000000 0.0287433442
16.7200000000 0.0285418875
16.7300000000 0.0283470177
16.7400000000 0.0281599764
16.7500000000 0.0279804720
16.7600000000 0.0278073165
16.7700000000 0.0276381942
16.7800000000 0.0274705609
16.7900000000 0.0273025445
16.8000000000 0.0271336071
16.8100000000 0.0269649867
16.8200000000 0.0267997831
16.8300000000 0.0266424856
16.8400000000 0.0264983851
16.8500000000 0.0263727263
16.8600000000 0.0262703316
16.8700000000 0.0261938588
16.8800000000 0.0261442019
16.8900000000 0.0261198953
16.9000000000 0.0261174831
16.9100000000 0.0261317022
16.9200000000 0.0261570140
16.9300000000 0.0261877015
16.9400000000 0.0262186675
16.9500000000 0.0262455405
16.9600000000 0.0262645885
16.9700000000 0.0262720307
16.9800000000 0.0262637021
16.9900000000 0.0262353809
17.0000000000 0.0261838106
17.0100000000 0.0261068738
17.0200000000 0.0260049876
17.0300000000 0.0258806610
17.0400000000 0.0257381887
17.0500000000 0.0255830246
17.0600000000 0.0254209644
17.0700000000 0.0252576617
17.0800000000 0.0250977810
17.0900000000 0.0249451408
17.1000000000 0.0248025602
17.1100000000 0.0246716635
17.1200000000 0.0245537424
17.1300000000 0.0244496017
17.1400000000 0.0243595095
17.1500000000 0.0242830182
17.1600000000 0.0242188773
17.1700000000 0.0241649456
17.1800000000 0.0241182061
17.1900000000 0.0240759916
17.2000000000 0.0240357622
17.2100000000 0.0239962991
17.2200000000 0.0239575045
17.2300000000 0.0239207350
17.2400000000 0.0238879904
17.2500000000 0.0238612875
17.2600000000 0.0238415136
17.2700000000 0.0238280885
17.2800000000 0.0238184069
17.2900000000 0.0238086375
17.3000000000 0.0237949089
17.3100000000 0.0237741352
17.3200000000 0.0237448076
17.3300000000 0.0237073730
17.3400000000 0.0236635727
17.3500000000 0.0236159113
17.3600000000 0.0235670726
17.3700000000 0.0235196163
17.3800000000 0.0234753523
17.3900000000 0.0234354786
17.4000000000 0.0234003492
17.4100000000 0.0233692810
17.4200000000 0.0233405125
17.4300000000 0.0233120637
17.4400000000 0.0232814787
17.4500000000 0.0232464940
17.4600000000 0.0232054758
17.4700000000 0.0231573290
17.4800000000 0.0231019857
17.4900000000 0.0230404120
17.5000000000 0.0229743473
17.5100000000 0.0229064362
17.5200000000 0.0228393805
17.5300000000 0.0227757525
17.5400000000 0.0227178618
17.5500000000 0.0226670446
17.5600000000 0.0226241195
17.5700000000 0.0225892203
17.5800000000 0.0225625081
17.5900000000 0.0225438436
17.6000000000 0.0225331679
17.6100000000 0.0225296594
17.6200000000 0.0225318048
17.6300000000 0.0225369213
17.6400000000 0.0225416972
17.6500000000 0.0225425227
17.6600000000 0.0225367659
17.6700000000 0.0225227539
17.6800000000 0.0225006085
17.6900000000 0.0224715517
17.7000000000 0.0224375267
17.7100000000 0.0224001471
17.7200000000 0.0223606953
17.7300000000 0.0223192706
17.7400000000 0.0222752329
17.7500000000 0.0222271493
17.7600000000 0.0221728557
17.7700000000 0.0221107189
17.7800000000 0.0220391216
17.7900000000 0.0219573263
17.8000000000 0.0218653556
17.8100000000 0.0217639527
17.8200000000 0.0216540972
17.8300000000 0.0215373850
17.8400000000 0.0214153947
17.8500000000 0.0212904068
17.8600000000 0.0211644826
17.8700000000 0.0210401318
17.8800000000 0.0209198560
17.8900000000 0.0208065905
17.9000000000 0.0207033860
17.9100000000 0.0206136575
17.9200000000 0.0205402319
17.9300000000 0.0204851845
17.9400000000 0.0204491196
17.9500000000 0.0204310888
17.9600000000 0.0204289513
17.9700000000 0.0204399266
17.9800000000 0.0204614301
17.9900000000 0.0204913983
18.0000000000 0.0205281782
18.0100000000 0.0205700061
18.0200000000 0.0206149537
18.0300000000 0.0206602224
18.0400000000 0.0207025860
18.0500000000 0.0207386418
18.0600000000 0.0207654031
18.0700000000 0.0207807859
18.0800000000 0.0207840662
18.0900000000 0.0207756623
18.1000000000 0.0207566995
18.1100000000 0.0207288575
18.1200000000 0.0206933181
18.1300000000 0.0206510218
18.1400000000 0.0206022579
18.1500000000 0.0205474436
18.1600000000 0.0204875468
18.1700000000 0.0204239350
18.1800000000 0.0203583474
18.1900000000 0.0202925193
18.2000000000 0.0202276705
18.2100000000 0.0201647568
18.2200000000 0.0201042724
18.2300000000 0.0200466619
18.2400000000 0.0199926336
18.2500000000 0.0199432447
18.2600000000 0.0199001261
18.2700000000 0.0198654296
18.2800000000 0.0198414647
18.2900000000 0.0198300385
18.3000000000 0.0198321837
18.3100000000 0.0198474481
18.3200000000 0.0198736406
18.3300000000 0.0199075270
18.3400000000 0.0199443602
18.3500000000 0.0199786909
18.3600000000 0.0200048858
18.3700000000 0.0200180256
18.3800000000 0.0200145594
18.3900000000 0.0199930279
18.4000000000 0.0199537967
18.4100000000 0.0198992612
18.4200000000 0.0198325841
18.4300000000 0.0197575383
18.4400000000 0.0196775211
18.4500000000 0.0195954973
18.4600000000 0.0195136936
18.4700000000 0.0194336336
18.4800000000 0.0193558959
18.4900000000 0.0192802134
18.5000000000 0.0192055799
18.5100000000 0.0191303868
18.5200000000 0.0190528607
18.5300000000 0.0189717579
18.5400000000 0.0188869292
18.5500000000 0.0187994485
18.5600000000 0.0187114656
18.5700000000 0.0186262699
18.5800000000 0.0185469285
18.5900000000 0.0184765878
18.6000000000 0.0184174798
18.6100000000 0.0183711196
18.6200000000 0.0183378780
18.6300000000 0.0183172604
18.6400000000 0.0183076542
18.6500000000 0.0183069531
18.6600000000 0.0183123659
18.6700000000 0.0183216663
18.6800000000 0.0183329747
18.6900000000 0.0183451765
18.7000000000 0.0183580419
18.7100000000 0.0183723122
18.7200000000 0.0183890275
18.7300000000 0.0184096917
18.7400000000 0.0184361771
18.7500000000 0.0184700578
18.7600000000 0.0185122038
18.7700000000 0.0185626661
18.7800000000 0.0186195702
18.7900000000 0.0186797352
18.8000000000 0.0187384494
18.8100000000 0.0187902885
18.8200000000 0.0188303625
18.8300000000 0.0188548426
18.8400000000 0.0188620143
18.8500000000 0.0188523741
18.8600000000 0.0188279509
18.8700000000 0.0187915981
18.8800000000 0.0187467291
18.8900000000 0.0186962961
18.9000000000 0.0186429813
18.9100000000 0.0185890452
18.9200000000 0.0185364783
18.9300000000 0.0184871511
18.9400000000 0.0184427614
18.9500000000 0.0184049506
18.9600000000 0.0183746693
18.9700000000 0.0183526964
18.9800000000 0.0183389565
18.9900000000 0.0183334887
19.0000000000 0.0183355508
19.0100000000 0.0183445392
19.0200000000 0.0183595182
19.0300000000 0.0183790171
19.0400000000 0.0184013291
19.0500000000 0.0184245591
19.0600000000 0.0184464721
19.0700000000 0.0184651532
19.0800000000 0.0184781833
19.0900000000 0.0184832611
19.1000000000 0.0184779856
19.1100000000 0.0184599874
19.1200000000 0.0184274361
19.1300000000 0.0183796525
19.1400000000 0.0183172056
19.1500000000 0.0182419755
19.1600000000 0.0181573177
19.1700000000 0.0180671633
19.1800000000 0.0179760153
19.1900000000 0.0178884471
19.2000000000 0.0178093234
19.2100000000 0.0177432925
19.2200000000 0.0176941764
19.2300000000 0.0176647095
19.2400000000 0.0176556043
19.2500000000 0.0176655234
19.2600000000 0.0176909745
19.2700000000 0.0177274210
19.2800000000 0.0177698679
19.2900000000 0.0178138021
19.3000000000 0.0178557696
19.3100000000 0.0178933534
19.3200000000 0.0179250073
19.3300000000 0.0179500180
19.3400000000 0.0179677059
19.3500000000 0.0179777419
19.3600000000 0.0179794157
19.3700000000 0.0179720389
19.3800000000 0.0179548071
19.3900000000 0.0179273320
19.4000000000 0.0178893708
19.4100000000 0.0178416232
19.4200000000 0.0177849121
19.4300000000 0.0177205870
19.4400000000 0.0176506296
19.4500000000 0.0175766938
19.4600000000 0.0175007408
19.4700000000 0.0174244263
19.4800000000 0.0173491318
19.4900000000 0.0172758185
19.5000000000 0.0172048678
19.5100000000 0.0171363535
19.5200000000 0.0170697000
19.5300000000 0.0170037568
19.5400000000 0.0169374402
19.5500000000 0.0168694921
19.5600000000 0.0167993290
19.5700000000 0.0167269812
19.5800000000 0.0166535600
19.5900000000 0.0165807490
19.6000000000 0.0165110026
19.6100000000 0.0164464362
19.6200000000 0.0163888646
19.6300000000 0.0163392487
19.6400000000 0.0162973934
19.6500000000 0.0162618108
19.6600000000 0.0162303322
19.6700000000 0.0162002634
19.6800000000 0.0161690590
19.6900000000 0.0161347869
19.7000000000 0.0160962043
19.7100000000 0.0160534185
19.7200000000 0.0160072431
19.7300000000 0.0159598698
19.7400000000 0.0159135278
19.7500000000 0.0158709307
19.7600000000 0.0158342484
19.7700000000 0.0158050950
19.7800000000 0.0157841020
19.7900000000 0.0157710975
19.8000000000 0.0157649897
19.8100000000 0.0157639333
19.8200000000 0.0157657966
19.8300000000 0.0157681617
19.8400000000 0.0157690870
19.8500000000 0.0157667574
19.8600000000 0.0157596213
19.8700000000 0.0157468704
19.8800000000 0.0157280370
19.8900000000 0.0157029869
19.9000000000 0.0156723807
19.9100000000 0.0156371134
19.9200000000 0.0155978837
19.9300000000 0.0155555604
19.9400000000 0.0155106207
19.9500000000 0.0154629633
19.9600000000 0.0154125264
19.9700000000 0.0153591541
19.9800000000 0.0153028617
19.9900000000 0.0152437872
20.0000000000 0.0151820399
