124000.0000000000 21.2346944302
62000.0000000000 51.8890887559
41333.3333333333 70.8221902531
31000.0000000000 81.1907488068
24800.0000000000 87.0923705873
20666.6666666667 90.6724972292
17714.2857142857 92.9769654346
15500.0000000000 94.5362845135
13777.7777777778 95.6358060443
12400.0000000000 96.4379870317
11272.7272727273 97.0401011107
10333.3333333333 97.5029939935
9538.4615384615 97.8661880080
8857.1428571429 98.1562063642
8266.6666666667 98.3913606796
7750.0000000000 98.5846087324
7294.1176470588 98.7453184521
6888.8888888889 98.8803899270
6526.3157894737 98.9949897376
6200.0000000000 99.0930439641
5904.7619047619 99.1775767778
5636.3636363636 99.2509475125
5391.3043478261 99.3150185120
5166.6666666667 99.3712759914
4960.0000000000 99.4209179763
4769.2307692308 99.4649193010
4592.5925925926 99.5040796498
4428.5714285714 99.5390608092
4275.8620689655 99.5704145420
4133.3333333333 99.5986046415
4000.0000000000 99.6240242973
3875.0000000000 99.6470094432
3757.5757575758 99.6678493601
3647.0588235294 99.6867942371
3542.8571428571 99.7040612993
3444.4444444444 99.7198384793
3351.3513513514 99.7342870083
3263.1578947368 99.7475428653
3179.4871794872 99.7597174439
3100.0000000000 99.7708998383
3024.3902439024 99.7811601434
2952.3809523810 99.7905524938
2883.7209302326 99.7991200503
2818.1818181818 99.8068983422
2755.5555555556 99.8139180261
2695.6521739130 99.8202080487
2638.2978723404 99.8257992993
2583.3333333333 99.8307276911
2530.6122448980 99.8350400783
2480.0000000000 99.8388002065
2431.3725490196 99.8420943696
2384.6153846154 99.8450339149
2339.6226415094 99.8477530099
2296.2962962963 99.8503990471
2254.5454545455 99.8531156344
2214.2857142857 99.8560240810
2175.4385964912 99.8592061621
2137.9310344828 99.8626944490
2101.6949152542 99.8664727219
2066.6666666667 99.8704828051
2032.7868852459 99.8746378186
2000.0000000000 99.8788395592
1968.2539682540 99.8829924543
1937.5000000000 99.8870158982
1907.6923076923 99.8908482888
1878.7878787879 99.8944484884
1850.7462686567 99.8977927575
1823.5294117647 99.9008706352
1797.1014492754 99.9036820071
1771.4285714286 99.9062317267
1746.4788732394 99.9085289561
1722.2222222222 99.9105836623
1698.6301369863 99.9124066019
1675.6756756757 99.9140074925
1653.3333333333 99.9153952107
1631.5789473684 99.9165771213
1610.3896103896 99.9175589904
1589.7435897436 99.9183453979
1569.6202531646 99.9189382663
1550.0000000000 99.9193384001
1530.8641975309 99.9195451172
1512.1951219512 99.9195550242
1493.9759036145 99.9193636170
1476.1904761905 99.9189634529
1458.8235294118 99.9183455120
1441.8604651163 99.9174978967
1425.2873563218 99.9164066319
1409.0909090909 99.9150537078
1393.2584269663 99.9134187679
1377.7777777778 99.9114774304
1362.6373626374 99.9092020776
1347.8260869565 99.9065613846
1333.3333333333 99.9035191929
1319.1489361702 99.9000382981
1305.2631578947 99.8960780769
1291.6666666667 99.8916008532
1278.3505154639 99.8865724289
1265.3061224490 99.8809693209
1252.5252525253 99.8747870640
1240.0000000000 99.8680480467
1227.7227722772 99.8608086544
1215.6862745098 99.8531657661
1203.8834951456 99.8452525832
1192.3076923077 99.8372256032
1180.9523809524 99.8292450971
1169.8113207547 99.8214471385
1158.8785046729 99.8139192565
1148.1481481481 99.8066831265
1137.6146788991 99.7996856747
1127.2727272727 99.7928074310
1117.1171171171 99.7858798819
1107.1428571429 99.7787100328
1097.3451327434 99.7710997363
1087.7192982456 99.7628552456
1078.2608695652 99.7537853980
1068.9655172414 99.7437024336
1059.8290598291 99.7324310573
1050.8474576271 99.7198296493
1042.0168067227 99.7058214358
1033.3333333333 99.6904268219
1024.7933884298 99.6737890697
1016.3934426230 99.6561899052
1008.1300813008 99.6380452030
1000.0000000000 99.6198617187
992.0000000000 99.6021534500
984.1269841270 99.5853153610
976.3779527559 99.5695023864
968.7500000000 99.5545545678
961.2403100775 99.5400240858
953.8461538462 99.5252952222
946.5648854962 99.5097557413
939.3939393939 99.4929694567
932.3308270677 99.4748011629
925.3731343284 99.4554707993
918.5185185185 99.4355237611
911.7647058824 99.4157075808
905.1094890511 99.3967796804
898.5507246377 99.3792934770
892.0863309353 99.3634486834
885.7142857143 99.3490721400
879.4326241135 99.3357517432
873.2394366197 99.3230465947
867.1328671329 99.3106829194
861.1111111111 99.2986286422
855.1724137931 99.2870270705
849.3150684932 99.2760157422
843.5374149660 99.2655255147
837.8378378378 99.2551707258
832.2147651007 99.2442841374
826.6666666667 99.2320978378
821.1920529801 99.2179880686
815.7894736842 99.2016994217
810.4575163399 99.1834806329
805.1948051948 99.1640883125
800.0000000000 99.1446350413
794.8717948718 99.1263018033
789.8089171975 99.1099729236
784.8101265823 99.0959270692
779.8742138365 99.0836980218
775.0000000000 99.0721877394
770.1863354037 99.0599635085
765.4320987654 99.0456357042
760.7361963190 99.0281895808
756.0975609756 99.0072013718
751.5151515152 98.9829250930
746.9879518072 98.9562515782
742.5149700599 98.9285678717
738.0952380952 98.9015335242
733.7278106509 98.8768165774
729.4117647059 98.8558190700
725.1461988304 98.8394393717
720.9302325581 98.8279103626
716.7630057803 98.8207614424
712.6436781609 98.8169167086
708.5714285714 98.8149225013
704.5454545455 98.8132266667
700.5649717514 98.8104247181
696.6292134831 98.8054164488
692.7374301676 98.7974842471
688.8888888889 98.7863340061
685.0828729282 98.7721335148
681.3186813187 98.7555215716
677.5956284153 98.7375370943
673.9130434783 98.7194288120
670.2702702703 98.7023710151
666.6666666667 98.6871902125
663.1016042781 98.6742125460
659.5744680851 98.6633085624
656.0846560847 98.6541033968
652.6315789474 98.6462596221
649.2146596859 98.6396839461
645.8333333333 98.6345658273
642.4870466321 98.6312399473
639.1752577320 98.6299548474
635.8974358974 98.6306859467
632.6530612245 98.6330786957
629.4416243655 98.6365256722
626.2626262626 98.6402988263
623.1155778894 98.6436897809
620.0000000000 98.6461192337
616.9154228856 98.6472477446
613.8613861386 98.6470968611
610.8374384236 98.6461385797
607.8431372549 98.6452816219
604.8780487805 98.6457172768
601.9417475728 98.6486457149
599.0338164251 98.6549829949
596.1538461538 98.6651624341
593.3014354067 98.6790700822
590.4761904762 98.6960950707
587.6777251185 98.7152329776
584.9056603774 98.7352266106
582.1596244131 98.7547457403
579.4392523364 98.7725730533
576.7441860465 98.7877745832
574.0740740741 98.7997881027
571.4285714286 98.8084425843
568.8073394495 98.8139220220
566.2100456621 98.8167297292
563.6363636364 98.8176519048
561.0859728507 98.8176914073
558.5585585586 98.8179244883
556.0538116592 98.8192920965
553.5714285714 98.8223728359
551.1111111111 98.8272468228
548.6725663717 98.8335236113
546.2555066079 98.8405532321
543.8596491228 98.8477334712
541.4847161572 98.8548214289
539.1304347826 98.8621014843
536.7965367965 98.8703505778
534.4827586207 98.8805892188
532.1888412017 98.8936878501
529.9145299145 98.9099831671
527.6595744681 98.9290680249
525.4237288136 98.9498234712
523.2067510549 98.9706731616
521.0084033613 98.9899082863
518.8284518828 99.0059849557
516.6666666667 99.0176926991
514.5228215768 99.0242203157
512.3966942149 99.0251449439
510.2880658436 99.0203961411
508.1967213115 99.0102216142
506.1224489796 98.9951539212
504.0650406504 98.9759826662
502.0242914980 98.9536850796
500.0000000000 98.9293245111
497.9919678715 98.9039023932
496.0000000000 98.8781923686
494.0239043825 98.8525982754
492.0634920635 98.8270550572
490.1185770751 98.8010036315
488.1889763780 98.7734708025
486.2745098039 98.7432231936
484.3750000000 98.7089792070
482.4902723735 98.6696194401
480.6201550388 98.6243564728
478.7644787645 98.5728121732
476.9230769231 98.5150397281
475.0957854406 98.4515098652
473.2824427481 98.3831585034
471.4828897338 98.3115197660
469.6969696970 98.2389478565
467.9245283019 98.1687992640
466.1654135338 98.1054433352
464.4194756554 98.0539491155
462.6865671642 98.0194150485
460.9665427509 98.0060338750
459.2592592593 98.0161407971
457.5645756458 98.0495885888
455.8823529412 98.1036977531
454.2124542125 98.1738172812
452.5547445255 98.2542905171
450.9090909091 98.3394782927
449.2753623188 98.4245400350
447.6534296029 98.5058611321
446.0431654676 98.5811387007
444.4444444444 98.6492609005
442.8571428571 98.7100600741
441.2811387900 98.7640283492
439.7163120567 98.8120326718
438.1625441696 98.8550404893
436.6197183099 98.8939130141
435.0877192982 98.9292689800
433.5664335664 98.9614393560
432.0557491289 98.9904927692
430.5555555556 99.0163255455
429.0657439446 99.0387705109
427.5862068966 99.0577258725
426.1168384880 99.0732433203
424.6575342466 99.0855658251
423.2081911263 99.0950972380
421.7687074830 99.1023163831
420.3389830508 99.1076829302
418.9189189189 99.1115837712
417.5084175084 99.1143397558
416.1073825503 99.1162523480
414.7157190635 99.1176670290
413.3333333333 99.1189739279
411.9601328904 99.1205704996
410.5960264901 99.1227885640
409.2409240924 99.1258485560
407.8947368421 99.1298554916
406.5573770492 99.1348215832
405.2287581699 99.1406893277
403.9087947883 99.1473271109
402.5974025974 99.1545204312
401.2944983819 99.1619824683
400.0000000000 99.1693909734
398.7138263666 99.1764324408
397.4358974359 99.1828384177
396.1661341853 99.1883731390
394.9044585987 99.1928132099
393.6507936508 99.1959059291
392.4050632911 99.1973534510
391.1671924290 99.1968033806
389.9371069182 99.1938749068
388.7147335423 99.1881742975
387.5000000000 99.1793062361
386.2928348910 99.1668955370
385.0931677019 99.1506002340
383.9009287926 99.1301543097
382.7160493827 99.1054098212
381.5384615385 99.0763727110
380.3680981595 99.0432296783
379.2048929664 99.0063374887
378.0487804878 98.9661820066
376.8996960486 98.9232998523
375.7575757576 98.8781806773
374.6223564955 98.8311695757
373.4939759036 98.7824160280
372.3723723724 98.7318908029
371.2574850299 98.6794949184
370.1492537313 98.6252208660
369.0476190476 98.5693233864
367.9525222552 98.5124018346
366.8639053254 98.4553755209
365.7817109145 98.3993593761
364.7058823529 98.3455152874
363.6363636364 98.2949471779
362.5730994152 98.2486942946
361.5160349854 98.2078048431
360.4651162791 98.1734507193
359.4202898551 98.1470199603
358.3815028902 98.1301263428
357.3487031700 98.1244945881
356.3218390805 98.1317023349
355.3008595989 98.1528161755
354.2857142857 98.1880252467
353.2763532764 98.2363787962
352.2727272727 98.2957805681
351.2747875354 98.3632527913
350.2824858757 98.4353909661
349.2957746479 98.5088611082
348.3146067416 98.5807901367
347.3389355742 98.6489655528
346.3687150838 98.7118677457
345.4038997214 98.7685666219
344.4444444444 98.8185887467
343.4903047091 98.8617944929
342.5414364641 98.8983022475
341.5977961433 98.9284496679
340.6593406593 98.9527637386
339.7260273973 98.9719361413
338.7978142077 98.9867671622
337.8746594005 98.9980712542
336.9565217391 99.0065785467
336.0433604336 99.0128195276
335.1351351351 99.0170574862
334.2318059299 99.0192811246
333.3333333333 99.0192455325
332.4396782842 99.0165503661
331.5508021390 99.0107350471
330.6666666667 99.0013557267
329.7872340426 98.9880540855
328.9124668435 98.9705888474
328.0423280423 98.9488476576
327.1767810026 98.9228247617
326.3157894737 98.8926022112
325.4593175853 98.8583402673
324.6073298429 98.8203074079
323.7597911227 98.7789144630
322.9166666667 98.7347607074
322.0779220779 98.6886266784
321.2435233161 98.6414561199
320.4134366925 98.5943257527
319.5876288660 98.5484013430
318.7660668380 98.5048854912
317.9487179487 98.4649232143
317.1355498721 98.4294666282
316.3265306122 98.3991631597
315.5216284987 98.3742984928
314.7208121827 98.3548227032
313.9240506329 98.3404373177
313.1313131313 98.3306167490
312.3425692695 98.3245847341
311.5577889447 98.3212604888
310.7769423559 98.3192889282
310.0000000000 98.3171902070
309.2269326683 98.3135914592
308.4577114428 98.3074401602
307.6923076923 98.2980905216
306.9306930693 98.2852636322
306.1728395062 98.2688897916
305.4187192118 98.2489197773
304.6683046683 98.2251599054
303.9215686275 98.1971760267
303.1784841076 98.1642761228
302.4390243902 98.1255751920
301.7031630170 98.0801486086
300.9708737864 98.0272253600
300.2421307506 97.9664232409
299.5169082126 97.8979603253
298.7951807229 97.8228403338
298.0769230769 97.7429611932
297.3621103118 97.6611282489
296.6507177033 97.5809398261
295.9427207637 97.5064835593
295.2380952381 97.4418147902
294.5368171021 97.3902354774
293.8388625592 97.3535452971
293.1442080378 97.3315512087
292.4528301887 97.3220634445
291.7647058824 97.3214300564
291.0798122066 97.3253922597
290.3981264637 97.3299295823
289.7196261682 97.3318569072
289.0442890443 97.3290830278
288.3720930233 97.3206063507
287.7030162413 97.3063493875
287.0370370370 97.2869304861
286.3741339492 97.2634190488
285.7142857143 97.2371158599
285.0574712644 97.2093313000
284.4036697248 97.1812034155
283.7528604119 97.1535517758
283.1050228311 97.1267943410
282.4601366743 97.1009275050
281.8181818182 97.0755714536
281.1791383220 97.0500665066
280.5429864253 97.0236209672
279.9097065463 96.9954617475
279.2792792793 96.9649725414
278.6516853933 96.9317896056
278.0269058296 96.8958637263
277.4049217002 96.8575254486
276.7857142857 96.8175322307
276.1692650334 96.7770895211
275.5555555556 96.7377153917
274.9445676275 96.7009865545
274.3362831858 96.6682124575
273.7306843267 96.6401797130
273.1277533040 96.6170962982
272.5274725275 96.5987360369
271.9298245614 96.5847544579
271.3347921225 96.5749783818
270.7423580786 96.5695282894
270.1525054466 96.5686617724
269.5652173913 96.5724030777
268.9804772234 96.5801868164
268.3982683983 96.5906950845
267.8185745140 96.6020129070
267.2413793103 96.6120611503
266.6666666667 96.6190844990
266.0944206009 96.6220148376
265.5246252677 96.6205337038
264.9572649573 96.6148739834
264.3923240938 96.6055075905
263.8297872340 96.5929079654
263.2696390658 96.5775382759
262.7118644068 96.5599803786
262.1564482030 96.5411262720
261.6033755274 96.5223117777
261.0526315789 96.5053444865
260.5042016807 96.4923933013
259.9580712788 96.4857484750
259.4142259414 96.4874891301
258.8726513570 96.4990984550
258.3333333333 96.5211095342
257.7962577963 96.5528676159
257.2614107884 96.5924804340
256.7287784679 96.6370266814
256.1983471074 96.6829506433
255.6701030928 96.7265899229
255.1440329218 96.7646630424
254.6201232033 96.7945826161
254.0983606557 96.8145992148
253.5787321063 96.8237780533
253.0612244898 96.8219156238
252.5458248473 96.8094681805
252.0325203252 96.7875452379
251.5212981744 96.7579323082
251.0121457490 96.7230419814
250.5050505051 96.6857302956
250.0000000000 96.6489556906
249.4969818913 96.6153875097
248.9959839357 96.5870874873
248.4969939880 96.5652954467
248.0000000000 96.5503319068
247.5049900200 96.5415674935
247.0119521912 96.5374880870
246.5208747515 96.5359151294
246.0317460317 96.5343530781
245.5445544554 96.5304751773
245.0592885375 96.5225705503
244.5759368836 96.5098509168
244.0944881890 96.4925034058
243.6149312377 96.4714229458
243.1372549020 96.4477348679
242.6614481409 96.4222319664
242.1875000000 96.3949645252
241.7153996101 96.3651481096
241.2451361868 96.3314394824
240.7766990291 96.2925145543
240.3100775194 96.2477237726
239.8452611219 96.1976411505
239.3822393822 96.1443753312
238.9210019268 96.0915758510
238.4615384615 96.0440936162
238.0038387716 96.0073215635
237.5478927203 95.9862660312
237.0936902486 95.9844848736
236.6412213740 96.0031911139
236.1904761905 96.0407856485
235.7414448669 96.0930255106
235.2941176471 96.1538167844
234.8484848485 96.2164178365
234.4045368620 96.2746674639
233.9622641509 96.3239891120
233.5216572505 96.3619641444
233.0827067669 96.3884709599
232.6454033771 96.4054204570
232.2097378277 96.4161640448
231.7757009346 96.4247117428
231.3432835821 96.4348953043
230.9124767225 96.4497174539
230.4832713755 96.4710224098
230.0556586271 96.4995405218
229.6296296296 96.5351604114
229.2051756007 96.5772539371
228.7822878229 96.6248477347
228.3609576427 96.6766760828
227.9411764706 96.7311830945
227.5229357798 96.7866337264
227.1062271062 96.8413821803
226.6910420475 96.8941916961
226.2773722628 96.9444430424
225.8652094718 96.9921284573
225.4545454545 97.0375669676
225.0453720508 97.0810680498
224.6376811594 97.1226294511
224.2314647378 97.1618618393
223.8267148014 97.1980898115
223.4234234234 97.2305698979
223.0215827338 97.2586758833
222.6211849192 97.2819974416
222.2222222222 97.3003257623
221.8246869410 97.3135720565
221.4285714286 97.3216887496
221.0338680927 97.3246184227
220.6405693950 97.3223073454
220.2486678508 97.3147652241
219.8581560284 97.3021676331
219.4690265487 97.2849820760
219.0812720848 97.2640577966
218.6948853616 97.2406074915
218.3098591549 97.2159722354
217.9261862917 97.1912402136
217.5438596491 97.1668659064
217.1628721541 97.1425028460
216.7832167832 97.1171694222
216.4048865620 97.0896565217
216.0278745645 97.0589802667
215.6521739130 97.0246655607
215.2777777778 96.9868357784
214.9046793761 96.9461444473
214.5328719723 96.9036338897
214.1623488774 96.8605635253
213.7931034483 96.8181592046
213.4251290878 96.7772678759
213.0584192440 96.7380509342
212.6929674099 96.6998694296
212.3287671233 96.6615324683
211.9658119658 96.6218433726
211.6040955631 96.5802342005
211.2436115843 96.5372003666
210.8843537415 96.4943314762
210.5263157895 96.4538581613
210.1694915254 96.4178943366
209.8138747885 96.3876506879
209.4594594595 96.3629960282
209.1062394604 96.3425090565
208.7542087542 96.3239692285
208.4033613445 96.3050445537
208.0536912752 96.2839162561
207.7051926298 96.2597343190
207.3578595318 96.2328941010
207.0116861436 96.2051236216
206.6666666667 96.1793985280
206.3227953411 96.1596047794
205.9800664452 96.1499734987
205.6384742952 96.1543109580
205.2980132450 96.1752310465
204.9586776860 96.2135378780
204.6204620462 96.2680254404
204.2833607908 96.3357930779
203.9473684211 96.4129741303
203.6124794745 96.4955746927
203.2786885246 96.5800687427
202.9459901800 96.6635897771
202.6143790850 96.7437879331
202.2838499184 96.8185513715
201.9543973941 96.8858482898
201.6260162602 96.9437481902
201.2987012987 96.9905756406
200.9724473258 97.0251185374
200.6472491909 97.0468046056
200.3231017771 97.0558610896
200.0000000000 97.0534413764
199.6779388084 97.0416712617
199.3569131833 97.0235214896
199.0369181380 97.0024393105
198.7179487179 96.9817292701
198.4000000000 96.9638527023
198.0830670927 96.9499119867
197.7671451356 96.9395355002
197.4522292994 96.9312491677
197.1383147854 96.9231280103
196.8253968254 96.9134195250
196.5134706815 96.9009472721
196.2025316456 96.8851818261
195.8925750395 96.8660551538
195.5835962145 96.8436561612
195.2755905512 96.8178817388
194.9685534591 96.7882199897
194.6624803768 96.7537029657
194.3573667712 96.7130901018
194.0532081377 96.6652034096
193.7500000000 96.6092674287
193.4477379095 96.5451367333
193.1464174455 96.4733109572
192.8460342146 96.3948151248
192.5465838509 96.3110407585
192.2480620155 96.2236886005
191.9504643963 96.1348469282
191.6537867079 96.0471384333
191.3580246914 95.9637543992
191.0631741140 95.8882985829
190.7692307692 95.8243798516
190.4761904762 95.7750164814
190.1840490798 95.7420765420
189.8928024502 95.7258982249
189.6024464832 95.7252618667
189.3129770992 95.7377183829
189.0243902439 95.7601664605
188.7366818874 95.7894938703
188.4498480243 95.8231432571
188.1638846737 95.8593907718
187.8787878788 95.8972987114
187.5945537065 95.9363479035
187.3111782477 95.9759564824
187.0286576169 96.0150488183
186.7469879518 96.0519010410
186.4661654135 96.0842628791
186.1861861862 96.1096977705
185.9070464768 96.1260550162
185.6287425150 96.1319068958
185.3512705531 96.1268833876
185.0746268657 96.1118229589
184.7988077496 96.0887143115
184.5238095238 96.0604778469
184.2496285290 96.0305653244
183.9762611276 96.0024914630
183.7037037037 95.9792513627
183.4319526627 95.9627872344
183.1610044313 95.9535769856
182.8908554572 95.9506005933
182.6215022091 95.9517442580
182.3529411765 95.9545608597
182.0851688693 95.9571329786
181.8181818182 95.9587491908
181.5519765739 95.9600962393
181.2865497076 95.9629851165
181.0218978102 95.9696423550
180.7580174927 95.9818832282
180.4949053857 96.0003552181
180.2325581395 96.0241184336
179.9709724238 96.0506730673
179.7101449275 96.0764072036
179.4500723589 96.0972735179
179.1907514451 96.1094543839
178.9321789322 96.1098270993
178.6743515850 96.0961764515
178.4172661871 96.0672009081
178.1609195402 96.0224694197
177.9053084648 95.9623325567
177.6504297994 95.8878013321
177.3962804006 95.8003671456
177.1428571429 95.7017177900
176.8901569187 95.5934406135
176.6381766382 95.4767864439
176.3869132290 95.3526640528
176.1363636364 95.2218745943
175.8865248227 95.0855754490
175.6373937677 94.9458818955
175.3889674682 94.8063432594
175.1412429379 94.6721186046
174.8942172073 94.5496454578
174.6478873239 94.4457872585
174.4022503516 94.3666060401
174.1573033708 94.3161068085
173.9130434783 94.2953881283
173.6694677871 94.3024158222
173.4265734266 94.3325496880
173.1843575419 94.3795325106
172.9428172943 94.4366328449
172.7019498607 94.4976013089
172.4617524339 94.5571935801
172.2222222222 94.6112709932
171.9833564494 94.6565949889
171.7451523546 94.6905312743
171.5076071923 94.7108381676
171.2707182320 94.7156274290
171.0344827586 94.7034945770
170.7988980716 94.6737195437
170.5639614856 94.6265221007
170.3296703297 94.5632636225
170.0960219479 94.4865151924
169.8630136986 94.3998762259
169.6306429549 94.3075017982
169.3989071038 94.2133931019
169.1678035471 94.1206417959
168.9373297003 94.0309172610
168.7074829932 93.9444441499
168.4782608696 93.8605256632
168.2496607870 93.7784330909
168.0216802168 93.6983329468
167.7943166441 93.6218481644
167.5675675676 93.5520095399
167.3414304993 93.4926949576
167.1159029650 93.4477348382
166.8909825034 93.4200957631
166.6666666667 93.4113617976
166.4429530201 93.4215513962
166.2198391421 93.4492190339
165.9973226238 93.4917063945
165.7754010695 93.5454741253
165.5540720961 93.6064884289
165.3333333333 93.6706771974
165.1131824234 93.7344427053
164.8936170213 93.7952282417
164.6746347942 93.8519441105
164.4562334218 93.9051802056
164.2384105960 93.9570477679
164.0211640212 94.0107857604
163.8044914135 94.0701491437
163.5883905013 94.1386669713
163.3728590250 94.2188182858
163.1578947368 94.3113038634
162.9434954008 94.4146310392
162.7296587927 94.5253053917
162.5163826999 94.6385569006
162.3036649215 94.7493614336
162.0915032680 94.8533549554
161.8798955614 94.9473735027
161.6688396349 95.0295428408
161.4583333333 95.0990819319
161.2483745124 95.1559422974
161.0389610390 95.2005431477
160.8300907912 95.2336168329
160.6217616580 95.2562196099
160.4139715395 95.2697756164
160.2067183463 95.2760932036
160.0000000000 95.2772812023
159.7938144330 95.2755950618
159.5881595882 95.2733507063
159.3830334190 95.2728774872
159.1784338896 95.2765416969
158.9743589744 95.2867180525
158.7708066581 95.3057052668
158.5677749361 95.3355952510
158.3652618135 95.3781613410
158.1632653061 95.4348153564
157.9617834395 95.5064885222
157.7608142494 95.5934277554
157.5603557814 95.6948825237
157.3604060914 95.8088581895
157.1609632446 95.9321377827
156.9620253165 96.0606220659
156.7635903919 96.1898391614
156.5656565657 96.3154478005
156.3682219420 96.4336050695
156.1712846348 96.5411474298
155.9748427673 96.6356574750
155.7788944724 96.7154226225
155.5834378921 96.7793708745
155.3884711779 96.8270377854
155.1939924906 96.8584890777
155.0000000000 96.8742909059
154.8064918851 96.8754285653
154.6134663342 96.8631868767
154.4209215442 96.8390447233
154.2288557214 96.8045734954
154.0372670807 96.7613896059
153.8461538462 96.7111563940
153.6555142503 96.6556302658
153.4653465347 96.5967021018
153.2756489493 96.5364284968
153.0864197531 96.4770311911
152.8976572133 96.4208565420
152.7093596059 96.3702380082
152.5215252153 96.3272422535
152.3341523342 96.2933328766
152.1472392638 96.2690784519
151.9607843137 96.2540209014
151.7747858017 96.2468138107
151.5892420538 96.2456119935
151.4041514042 96.2486118295
151.2195121951 96.2545121550
151.0353227771 96.2627823454
150.8515815085 96.2735865751
150.6682867558 96.2874949060
150.4854368932 96.3050420015
150.3030303030 96.3263887717
150.1210653753 96.3511933911
149.9395405079 96.3787834815
149.7584541063 96.4084390276
149.5778045838 96.4396400838
149.3975903614 96.4721558280
149.2178098676 96.5059750830
149.0384615385 96.5411489692
148.8595438175 96.5776257519
148.6810551559 96.6151145858
148.5029940120 96.6529869405
148.3253588517 96.6902022474
148.1481481481 96.7253629600
147.9713603819 96.7568445254
147.7949940405 96.7830129523
147.6190476190 96.8024455432
147.4435196195 96.8140887375
147.2684085511 96.8172944642
147.0937129300 96.8117986568
146.9194312796 96.7976100328
146.7455621302 96.7749257432
146.5721040189 96.7440460268
146.3990554900 96.7053682210
146.2264150943 96.6594005882
146.0541813899 96.6067473113
145.8823529412 96.5480645837
145.7109283196 96.4839594566
145.5399061033 96.4148802437
145.3692848769 96.3410932427
145.1990632319 96.2626941799
145.0292397661 96.1796799255
144.8598130841 96.0919686854
144.6907817970 95.9994288700
144.5221445221 95.9018596323
144.3538998836 95.7990659323
144.1860465116 95.6910133939
144.0185830430 95.5780759053
143.8515081206 95.4612723545
143.6848203940 95.3423898618
143.5185185185 95.2239662546
143.3526011561 95.1091682922
143.1870669746 95.0015220546
143.0219146482 94.9045969765
142.8571428571 94.8215413376
142.6927502877 94.7545759132
142.5287356322 94.7045951150
142.3650975890 94.6709901349
142.2018348624 94.6517767755
142.0389461627 94.6439186559
141.8764302059 94.6437363858
141.7142857143 94.6473131758
141.5525114155 94.6508655317
141.3911060433 94.6510426654
141.2300683371 94.6450990284
141.0693970421 94.6309118364
140.9090909091 94.6069358095
140.7491486947 94.5722173901
140.5895691610 94.5265628009
140.4303510759 94.4707991684
140.2714932127 94.4069582940
140.1129943503 94.3382506980
139.9548532731 94.2686937871
139.7970687711 94.2025005331
139.6396396396 94.1433772309
139.4825646794 94.0940138354
139.3258426966 94.0557953273
139.1694725028 94.0287598657
139.0134529148 94.0117250180
138.8577827548 94.0024360134
138.7024608501 93.9978216427
138.5474860335 93.9943002346
138.3928571429 93.9881818006
138.2385730212 93.9761569717
138.0846325167 93.9557397044
137.9310344828 93.9255626095
137.7777777778 93.8853675558
137.6248612653 93.8357752969
137.4722838137 93.7778742961
137.3200442968 93.7128997711
137.1681415929 93.6420539501
137.0165745856 93.5665761553
136.8653421634 93.4879990657
136.7144432194 93.4084491072
136.5638766520 93.3307476926
136.4136413641 93.2582763356
136.2637362637 93.1945572239
136.1141602634 93.1428242586
135.9649122807 93.1057597517
135.8159912377 93.0855001126
135.6673960613 93.0838790994
135.5191256831 93.1027318668
135.3711790393 93.1439209460
135.2235550709 93.2090164124
135.0762527233 93.2986169388
134.9292709467 93.4116024379
134.7826086957 93.5446390391
134.6362649294 93.6922852791
134.4902386117 93.8476350169
134.3445287107 94.0033894531
134.1991341991 94.1529247404
134.0540540541 94.2910803613
133.9092872570 94.4144572040
133.7648327940 94.5212231756
133.6206896552 94.6106122740
133.4768568353 94.6823093567
133.3333333333 94.7360479991
133.1901181525 94.7715248047
133.0472103004 94.7885884457
132.9046087889 94.7875399553
132.7623126338 94.7694541118
132.6203208556 94.7364606057
132.4786324786 94.6919017657
132.3372465315 94.6403265134
132.1961620469 94.5871081028
132.0553780618 94.5376770085
131.9148936170 94.4964839793
131.7747077577 94.4661337368
131.6348195329 94.4470279457
131.4952279958 94.4377310136
131.3559322034 94.4358150889
131.2169312169 94.4388791083
131.0782241015 94.4453807560
130.9398099261 94.4552207211
130.8016877637 94.4699932109
130.6638566913 94.4928436892
130.5263157895 94.5278925269
130.3890641430 94.5792044441
130.2521008403 94.6495709650
130.1154249738 94.7395173390
129.9790356394 94.8468194798
129.8429319372 94.9668220800
129.7071129707 95.0933976990
129.5715778474 95.2202107232
129.4363256785 95.3418445006
129.3013555787 95.4545083318
129.1666666667 95.5561907827
129.0322580645 95.6463600418
128.8981288981 95.7253850391
128.7642782970 95.7939283334
128.6307053942 95.8524491658
128.4974093264 95.9009621593
128.3643892340 95.9390205808
128.2316442606 95.9658507050
128.0991735537 95.9806013704
127.9669762642 95.9826104715
127.8350515464 95.9716626241
127.7033985582 95.9481474022
127.5720164609 95.9130644851
127.4409044193 95.8678794630
127.3100616016 95.8142146102
127.1794871795 95.7536137964
127.0491803279 95.6873876580
126.9191402252 95.6167412087
126.7893660532 95.5430882075
126.6598569969 95.4685172796
126.5306122449 95.3961249632
126.4016309888 95.3301032396
126.2729124236 95.2753684140
126.1444557477 95.2367309042
126.0162601626 95.2178109344
125.8883248731 95.2200430497
125.7606490872 95.2421403202
125.6332320162 95.2802985286
125.5060728745 95.3289660989
125.3791708797 95.3819682790
125.2525252525 95.4335544174
125.1261352170 95.4791917680
125.0000000000 95.5159978424
124.8741188318 95.5429046688
124.7484909457 95.5605997772
124.6231155779 95.5712531261
124.4979919679 95.5779687502
124.3731193581 95.5840822291
124.2484969940 95.5924163388
124.1241241241 95.6048333377
124.0000000000 95.6221914794
123.8761238761 95.6447487242
123.7524950100 95.6726172155
123.6291126620 95.7061067860
123.5059760956 95.7456290725
123.3830845771 95.7913172458
123.2604373757 95.8425454846
123.1380337637 95.8976757769
123.0158730159 95.9541554381
122.8939544103 96.0090299029
122.7722772277 96.0596069711
122.6508407517 96.1040276557
122.5296442688 96.1415622878
122.4086870681 96.1725080401
122.2879684418 96.1978459459
122.1674876847 96.2187327189
122.0472440945 96.2360656113
121.9272369715 96.2502664928
121.8074656189 96.2613622644
121.6879293425 96.2692597955
121.5686274510 96.2741051911
121.4495592556 96.2764631417
121.3307240705 96.2773262647
121.2121212121 96.2778933187
121.0937500000 96.2792613627
120.9756097561 96.2821525605
120.8576998051 96.2867237192
120.7400194742 96.2924846658
120.6225680934 96.2982850460
120.5053449951 96.3024217714
120.3883495146 96.3027556713
120.2715809893 96.2969614893
120.1550387597 96.2827611334
120.0387221684 96.2582467001
119.9226305609 96.2221434559
119.8067632850 96.1740458326
119.6911196911 96.1145786089
119.5756991321 96.0454411857
119.4605009634 95.9693030957
119.3455245428 95.8895453975
119.2307692308 95.8097905707
119.1162343900 95.7333233413
119.0019193858 95.6625298185
118.8878235858 95.5985472494
118.7739463602 95.5412477249
118.6602870813 95.4895660308
118.5468451243 95.4419973561
118.4336198663 95.3971699376
118.3206106870 95.3542825037
118.2078169685 95.3133471922
118.0952380952 95.2752127480
117.9828734539 95.2413074056
117.8707224335 95.2131794834
117.7587844255 95.1919967163
117.6470588235 95.1780720066
117.5355450237 95.1706447410
117.4242424242 95.1678836174
117.3131504257 95.1671362463
117.2022684310 95.1653036086
117.0915958451 95.1592058327
116.9811320755 95.1459396231
116.8708765316 95.1231734608
116.7608286252 95.0894236862
116.6509877705 95.0443450848
116.5413533835 94.9889922324
116.4319248826 94.9259633788
116.3227016886 94.8593748865
116.2136832240 94.7945038043
116.1048689139 94.7371923663
115.9962581852 94.6930610329
115.8878504673 94.6667064255
115.7796451914 94.6610976643
115.6716417910 94.6772389043
115.5638397018 94.7142276745
115.4562383613 94.7695482660
115.3488372093 94.8395159795
115.2416356877 94.9197916908
115.1346332405 95.0058782072
115.0278293135 95.0935732493
114.9212233550 95.1793799984
114.8148148148 95.2607192616
114.7086031452 95.3359859172
114.6025878004 95.4043974096
114.4967682364 95.4657930471
114.3911439114 95.5203804014
114.2857142857 95.5685312687
114.1804788214 95.6105472117
114.0754369825 95.6464611286
113.9705882353 95.6759262911
113.8659320478 95.6982592580
113.7614678899 95.7126351417
113.6571952337 95.7183190969
113.5531135531 95.7148762412
113.4492223239 95.7023219695
113.3455210238 95.6812024365
113.2420091324 95.6526066872
113.1386861314 95.6180787673
113.0355515041 95.5793783887
112.9326047359 95.5382429481
112.8298453139 95.4962161397
112.7272727273 95.4546438076
112.6248864668 95.4148109830
112.5226860254 95.3780669124
112.4206708976 95.3457993053
112.3188405797 95.3192805754
112.2171945701 95.2994966892
112.1157323689 95.2870274281
112.0144534779 95.2821593907
111.9133574007 95.2850480918
111.8124436429 95.2958983177
111.7117117117 95.3150213688
111.6111611161 95.3428168371
111.5107913669 95.3797009240
111.4106019766 95.4260821507
111.3105924596 95.4823186021
111.2107623318 95.5486858390
111.1111111111 95.6252411681
111.0116383169 95.7116545017
110.9123434705 95.8069729697
110.8132260947 95.9094664022
110.7142857143 96.0167142387
110.6155218555 96.1258565391
110.5169340463 96.2340083424
110.4185218166 96.3386274647
110.3202846975 96.4378440984
110.2222222222 96.5305830025
110.1243339254 96.6165562777
110.0266193434 96.6960947019
109.9290780142 96.7698337420
109.8317094774 96.8384098330
109.7345132743 96.9022065053
109.6374889478 96.9612916786
109.5406360424 97.0154979834
109.4439541041 97.0645844820
109.3474426808 97.1084101106
109.2511013216 97.1470069259
109.1549295775 97.1806022151
109.0589270009 97.2095559416
108.9630931459 97.2343527865
108.8674275680 97.2555794963
108.7719298246 97.2739989919
108.6765994741 97.2905602978
108.5814360771 97.3063895564
108.4864391951 97.3227113815
108.3916083916 97.3406317837
108.2969432314 97.3609415852
108.2024432810 97.3839232061
108.1081081081 97.4092808187
108.0139372822 97.4362095489
107.9199303742 97.4635814046
107.8260869565 97.4901738862
107.7324066030 97.5148996211
107.6388888889 97.5369486596
107.5455333912 97.5557781954
107.4523396880 97.5710381225
107.3593073593 97.5824579080
107.2664359862 97.5897669782
107.1737251513 97.5927212800
107.0811744387 97.5911741300
106.9887834340 97.5852125496
106.8965517241 97.5751962661
106.8044788975 97.5617246960
106.7125645439 97.5455236661
106.6208082545 97.5272746527
106.5292096220 97.5074497965
106.4377682403 97.4862487327
106.3464837050 97.4635953633
106.2553556127 97.4392669490
106.1643835616 97.4130293155
106.0735671514 97.3847454225
105.9829059829 97.3543890605
105.8923996584 97.3220580941
105.8020477816 97.2878952172
105.7118499574 97.2520517225
105.6218057922 97.2146992323
105.5319148936 97.1760051715
105.4421768707 97.1361646940
105.3525913339 97.0954002305
105.2631578947 97.0539688968
105.1738761662 97.0122459913
105.0847457627 96.9708403559
104.9957662997 96.9307681645
104.9069373942 96.8935446353
104.8182586644 96.8611378591
104.7297297297 96.8356828165
104.6413502110 96.8190487040
104.5531197302 96.8124543562
104.4650379107 96.8162301551
104.3771043771 96.8298770491
104.2893187553 96.8522581050
104.2016806723 96.8819293780
104.1141897565 96.9173621952
104.0268456376 96.9570360812
103.9396479464 96.9993944653
103.8525963149 97.0427416693
103.7656903766 97.0852269201
103.6789297659 97.1249342078
103.5923141186 97.1600765661
103.5058430718 97.1892922014
103.4195162636 97.2118726467
103.3333333333 97.2279036968
103.2472939217 97.2382711717
103.1613976705 97.2445057254
103.0756442228 97.2485173939
102.9900332226 97.2522776541
102.9045643154 97.2574694644
102.8192371476 97.2652404789
102.7340513670 97.2759948179
102.6490066225 97.2894012280
102.5641025641 97.3045197525
102.4793388430 97.3200307998
102.3947151115 97.3345210144
102.3102310231 97.3467443378
102.2258862325 97.3557834549
102.1416803954 97.3611341937
102.0576131687 97.3626444484
101.9736842105 97.3604146164
101.8898931800 97.3545829729
101.8062397373 97.3452250499
101.7227235439 97.3322602437
101.6393442623 97.3154655264
101.5561015561 97.2945947699
101.4729950900 97.2694990832
101.3900245298 97.2402740187
101.3071895425 97.2073118002
101.2244897959 97.1712910673
101.1419249592 97.1330453373
101.0594947025 97.0933710267
100.9771986971 97.0529084232
100.8950366151 97.0121344473
100.8130081301 96.9715773096
100.7311129163 96.9320629836
100.6493506494 96.8949277420
100.5677210057 96.8619793814
100.4862236629 96.8351324522
100.4048582996 96.8158862036
100.3236245955 96.8047538495
100.2425222312 96.8009888049
100.1615508885 96.8026908186
100.0807102502 96.8072846496
100.0000000000 96.8121664135
99.9194198227 96.8153342850
99.8389694042 96.8158005904
99.7586484312 96.8137357468
99.6784565916 96.8103674662
99.5983935743 96.8077006069
99.5184590690 96.8080780003
99.4386527666 96.8137151736
99.3589743590 96.8263029016
99.2794235388 96.8467440931
99.2000000000 96.8750431729
99.1207034373 96.9103581644
99.0415335463 96.9512179746
98.9624900239 96.9957760131
98.8835725678 97.0421420683
98.8047808765 97.0885997008
98.7261146497 97.1337264970
98.6475735879 97.1764381343
98.5691573927 97.2158608407
98.4908657665 97.2512787167
98.4126984127 97.2820612389
98.3346550357 97.3076931628
98.2567353407 97.3278919518
98.1789390340 97.3427307428
98.1012658228 97.3526990139
98.0237154150 97.3587376203
97.9462875197 97.3621048025
97.8689818469 97.3642011018
97.7917981073 97.3663617155
97.7147360126 97.3697017100
97.6377952756 97.3751345134
97.5609756098 97.3834520728
97.4842767296 97.3954216593
97.4076983504 97.4117489752
97.3312401884 97.4328973169
97.2549019608 97.4588759338
97.1786833856 97.4891022388
97.1025841817 97.5224501018
97.0266040689 97.5574209546
96.9507427678 97.5923671379
96.8750000000 97.6257065247
96.7993754879 97.6560260402
96.7238689548 97.6821650852
96.6484801247 97.7031754945
96.5732087227 97.7183243912
96.4980544747 97.7270924485
96.4230171073 97.7291668378
96.3480963481 97.7245003865
96.2732919255 97.7133132051
96.1986035687 97.6961692771
96.1240310078 97.6739738835
96.0495739737 97.6479967461
95.9752321981 97.6197989966
95.9010054138 97.5911238484
95.8268933539 97.5636758920
95.7528957529 97.5389122543
95.6790123457 97.5178631679
95.6052428682 97.5010973362
95.5315870570 97.4888025770
95.4580446497 97.4809304137
95.3846153846 97.4773245274
95.3112990008 97.4777389011
95.2380952381 97.4818066833
95.1650038373 97.4890118756
95.0920245399 97.4986862220
95.0191570881 97.5101677381
94.9464012251 97.5229517514
94.8737566947 97.5368771894
94.8012232416 97.5521984804
94.7288006112 97.5695295549
94.6564885496 97.5896335104
94.5842868040 97.6131548888
94.5121951220 97.6404110166
94.4402132521 97.6712158274
94.3683409437 97.7049041436
94.2965779468 97.7403786281
94.2249240122 97.7762758280
94.1533788914 97.8111440481
94.0819423369 97.8436466549
94.0106141016 97.8727011902
93.9393939394 97.8976020677
93.8682816048 97.9180580193
93.7972768533 97.9341736777
93.7263794407 97.9464360986
93.6555891239 97.9556399503
93.5849056604 97.9628127997
93.5143288084 97.9690566574
93.4438583271 97.9753975295
93.3734939759 97.9826186532
93.3032355154 97.9911203036
93.2330827068 98.0009192957
93.1630353118 98.0116816206
93.0930930931 98.0228609143
93.0232558140 98.0338350923
92.9535232384 98.0440479581
92.8838951311 98.0531402660
92.8143712575 98.0610675015
92.7449513837 98.0680854935
92.6756352765 98.0747175646
92.6064227035 98.0815672498
92.5373134328 98.0891755566
92.4683072334 98.0978892827
92.3994038748 98.1078173237
92.3306031273 98.1188457315
92.2619047619 98.1306682296
92.1933085502 98.1429005406
92.1248142645 98.1551499130
92.0564216778 98.1670710491
91.9881305638 98.1784145915
91.9199406968 98.1889856938
91.8518518519 98.1986404756
91.7838638046 98.2072440076
91.7159763314 98.2146703091
91.6481892092 98.2208116948
91.5805022157 98.2255743374
91.5129151292 98.2288552062
91.4454277286 98.2305419757
91.3780397937 98.2304374232
91.3107511046 98.2282961295
91.2435614422 98.2238468203
91.1764705882 98.2169002553
91.1094783248 98.2074489992
91.0425844347 98.1957634585
90.9757887014 98.1823950185
90.9090909091 98.1680232358
90.8424908425 98.1532676874
90.7759882870 98.1384603830
90.7095830285 98.1235382944
90.6432748538 98.1080963770
90.5770635500 98.0915260008
90.5109489051 98.0732363023
90.4449307075 98.0528631480
90.3790087464 98.0303804794
90.3131828114 98.0061409558
90.2474526929 97.9808314289
90.1818181818 97.9553422508
90.1162790698 97.9305884915
90.0508351489 97.9073387982
89.9854862119 97.8860769696
89.9202320522 97.8669659615
89.8550724638 97.8498603152
89.7900072411 97.8344082411
89.7250361795 97.8201640321
89.6601590745 97.8067162700
89.5953757225 97.7938024332
89.5306859206 97.7813674656
89.4660894661 97.7695750871
89.4015861572 97.7587573443
89.3371757925 97.7493684066
89.2728581713 97.7418997746
89.2086330935 97.7367380173
89.1445003595 97.7340588365
89.0804597701 97.7337155291
89.0165111271 97.7351974017
88.9526542324 97.7376834442
88.8888888889 97.7402020036
88.8252148997 97.7418069273
88.7616320687 97.7417605102
88.6981402003 97.7396561806
88.6347390994 97.7354605663
88.5714285714 97.7294496338
88.5082084226 97.7220863859
88.4450784593 97.7138388047
88.3820384890 97.7050059456
88.3190883191 97.6956144141
88.2562277580 97.6854488598
88.1934566145 97.6741844810
88.1307746979 97.6615701914
88.0681818182 97.6475938419
88.0056777857 97.6324997552
87.9432624113 97.6166901691
87.8809355067 97.6005325517
87.8186968839 97.5841802022
87.7565463553 97.5674729154
87.6944837341 97.5499721129
87.6325088339 97.5310939348
87.5706214689 97.5103792378
87.5088214538 97.4877470376
87.4471086037 97.4636092600
87.3854827343 97.4388897915
87.3239436620 97.4148148842
87.2624912034 97.3926095905
87.2011251758 97.3731864934
87.1398453970 97.3569825626
87.0786516854 97.3439741483
87.0175438596 97.3338337416
86.9565217391 97.3261753046
86.8955851437 97.3208272078
86.8347338936 97.3179867880
86.7739678097 97.3181566229
86.7132867133 97.3219790338
86.6526904263 97.3298615875
86.5921787709 97.3417209833
86.5317515701 97.3568149484
86.4714086471 97.3738077428
86.4111498258 97.3910171453
86.3509749304 97.4067005819
86.2908837857 97.4193888244
86.2308762170 97.4281165255
86.1709520500 97.4325759711
86.1111111111 97.4331144956
86.0513532269 97.4306418496
85.9916782247 97.4264130049
85.9320859321 97.4217539588
85.8725761773 97.4177555202
85.8131487889 97.4150283136
85.7538035961 97.4136234938
85.6945404285 97.4130513081
85.6353591160 97.4125331420
85.5762594893 97.4112614940
85.5172413793 97.4086738004
85.4583046175 97.4046095074
85.3994490358 97.3993148829
85.3406744666 97.3932738552
85.2819807428 97.3870405503
85.2233676976 97.3810103642
85.1648351648 97.3753433379
85.1063829787 97.3699511494
85.0480109739 97.3645695484
84.9897189856 97.3588466434
84.9315068493 97.3524422298
84.8733744011 97.3450780487
84.8153214774 97.3366430998
84.7573479152 97.3271856099
84.6994535519 97.3169496832
84.6416382253 97.3062574269
84.5839017735 97.2954296803
84.5262440354 97.2846259105
84.4686648501 97.2737621919
84.4111640572 97.2624589857
84.3537414966 97.2500680966
84.2963970088 97.2357707457
84.2391304348 97.2186709073
84.1819416158 97.1980055067
84.1248303935 97.1732902111
84.0677966102 97.1445870346
84.0108401084 97.1126384999
83.9539607312 97.0789721532
83.8971583221 97.0458048169
83.8404327248 97.0158268246
83.7837837838 96.9918404159
83.7272113437 96.9763363919
83.6707152497 96.9711246692
83.6142953473 96.9769641146
83.5579514825 96.9934536141
83.5016835017 97.0191238889
83.4454912517 97.0517710634
83.3893745797 97.0888746665
83.3333333333 97.1280732055
83.2773673606 97.1674922599
83.2214765101 97.2058900915
83.1656606304 97.2425864020
83.1099195710 97.2772264714
83.0542531815 97.3095545958
82.9986613119 97.3392242502
82.9431438127 97.3658000578
82.8877005348 97.3888425458
82.8323313293 97.4080512747
82.7770360481 97.4233138450
82.7218145430 97.4347235852
82.6666666667 97.4424943474
82.6115922718 97.4469143896
82.5565912117 97.4483409840
82.5016633400 97.4472153904
82.4468085106 97.4441041336
82.3920265781 97.4397158590
82.3373173971 97.4348814118
82.2826808228 97.4305294913
82.2281167109 97.4276203391
82.1736249172 97.4271157917
82.1192052980 97.4298768468
82.0648577101 97.4366018430
82.0105820106 97.4476915538
81.9563780568 97.4631794601
81.9022457067 97.4826656380
81.8481848185 97.5053262617
81.7941952507 97.5300540248
81.7402768622 97.5556093261
81.6864295125 97.5808275181
81.6326530612 97.6047713793
81.5789473684 97.6268603680
81.5253122945 97.6468857385
81.4717477004 97.6649634135
81.4182534471 97.6814591605
81.3648293963 97.6968446457
81.3114754098 97.7115718706
81.2581913499 97.7259416341
81.2049770792 97.7400479201
81.1518324607 97.7537541333
81.0987573578 97.7667741518
81.0457516340 97.7787395922
80.9928151535 97.7892888531
80.9399477807 97.7980630132
80.8871493803 97.8047375353
80.8344198175 97.8090012858
80.7817589577 97.8105777161
80.7291666667 97.8092618517
80.6766428107 97.8049464703
80.6241872562 97.7977120099
80.5717998700 97.7879336622
80.5194805195 97.7764318523
80.4672290720 97.7644879887
80.4150453956 97.7537382194
80.3629293584 97.7459085245
80.3108808290 97.7424184177
80.2588996764 97.7440654042
80.2069857697 97.7507630667
80.1551389787 97.7616046446
80.1033591731 97.7750283026
80.0516462234 97.7892134493
80.0000000000 97.8024630456
79.9484203740 97.8135003096
79.8969072165 97.8216411400
79.8454603992 97.8267971935
79.7940797941 97.8293273288
79.7427652733 97.8298541657
79.6915167095 97.8290939372
79.6403339756 97.8277052652
79.5892169448 97.8262283098
79.5381654907 97.8251097106
79.4871794872 97.8247120762
79.4362588085 97.8253893873
79.3854033291 97.8274496978
79.3346129239 97.8311348774
79.2838874680 97.8364906152
79.2332268371 97.8433157331
79.1826309068 97.8511753060
79.1320995533 97.8594293936
79.0816326531 97.8674030351
79.0312300829 97.8745486826
78.9808917197 97.8805608887
78.9306174411 97.8854620098
78.8804071247 97.8895783756
78.8302606484 97.8934197868
78.7801778907 97.8975661220
78.7301587302 97.9025971382
78.6802030457 97.9090147856
78.6303107166 97.9172917600
78.5804816223 97.9278976631
78.5307156428 97.9413172443
78.4810126582 97.9580132090
78.4313725490 97.9783507884
78.3817951960 98.0024717804
78.3322804801 98.0302480663
78.2828282828 98.0612616025
78.2334384858 98.0948055142
78.1841109710 98.1300013034
78.1348456207 98.1658566132
78.0856423174 98.2013574384
78.0365009440 98.2355338751
77.9874213836 98.2675820740
77.9384035198 98.2969268460
77.8894472362 98.3233356530
77.8405524168 98.3469235935
77.7917189460 98.3681298553
77.7429467085 98.3876387271
77.6942355890 98.4062268335
77.6455854728 98.4246410190
77.5969962453 98.4434808919
77.5484677924 98.4631190959
77.5000000000 98.4836474228
77.4515927545 98.5048962211
77.4032459426 98.5264588991
77.3549594510 98.5478056230
77.3067331671 98.5683673026
77.2585669782 98.5876236635
77.2104607721 98.6051952900
77.1624144368 98.6208446416
77.1144278607 98.6345234322
77.0665009323 98.6463462355
77.0186335404 98.6565812758
76.9708255742 98.6656005986
76.9230769231 98.6738424411
76.8753874768 98.6817602190
76.8277571252 98.6897501129
76.7801857585 98.6980991889
76.7326732673 98.7069561357
76.6852195424 98.7162845843
76.6378244747 98.7259001935
76.5904879555 98.7354863920
76.5432098765 98.7446496962
76.4959901295 98.7530088882
76.4488286067 98.7602186751
76.4017252002 98.7660835059
76.3546798030 98.7705536447
76.3076923077 98.7737329775
76.2607626076 98.7758461057
76.2138905962 98.7771882544
76.1670761671 98.7780745684
76.1203192142 98.7788056580
76.0736196319 98.7796390196
76.0269773145 98.7807652621
75.9803921569 98.7822735854
75.9338640539 98.7842074745
75.8873929009 98.7865808552
75.8409785933 98.7893960905
75.7946210269 98.7927234655
75.7483200977 98.7966288330
75.7020757021 98.8011791102
75.6558877364 98.8063738290
75.6097560976 98.8121156263
75.5636806825 98.8182027989
75.5176613886 98.8243692010
75.4716981132 98.8303001232
75.4257907543 98.8356896692
75.3799392097 98.8402349953
75.3341433779 98.8437339677
75.2884031573 98.8460631688
75.2427184466 98.8472597293
75.1970891449 98.8474932711
75.1515151515 98.8470737802
75.1059963658 98.8463885297
75.0605326877 98.8458629945
75.0151240169 98.8459314382
74.9697702539 98.8469505298
74.9244712991 98.8491987658
74.8792270531 98.8528461417
74.8340374170 98.8579537502
74.7889022919 98.8644841306
74.7438215793 98.8723472277
74.6987951807 98.8813652320
74.6538229982 98.8913127979
74.6089049338 98.9019277454
74.5640408900 98.9129055679
74.5192307692 98.9239390437
74.4744744745 98.9347306380
74.4297719088 98.9450270845
74.3851229754 98.9546321125
74.3405275779 98.9634065024
74.2959856201 98.9712632730
74.2514970060 98.9781734379
74.2070616397 98.9841435370
74.1626794258 98.9892272515
74.1183502690 98.9935256496
74.0740740741 98.9971640150
74.0298507463 99.0002928514
73.9856801909 99.0030756412
73.9415623137 99.0056190753
73.8974970203 99.0079427598
73.8534842168 99.0099663431
73.8095238095 99.0115260806
73.7656157049 99.0123975479
73.7217598098 99.0123539353
73.6779560309 99.0112251290
73.6342042755 99.0089219446
73.5905044510 99.0054782714
73.5468564650 99.0010517758
73.5032602253 98.9959435431
73.4597156398 98.9905333931
73.4162226169 98.9852336326
73.3727810651 98.9804711183
73.3293908930 98.9765930423
73.2860520095 98.9738534721
73.2427643237 98.9724130611
73.1995277450 98.9723439229
73.1563421829 98.9736646598
73.1132075472 98.9763579905
73.0701237478 98.9804185410
73.0270906949 98.9857882490
72.9841082990 98.9923440195
72.9411764706 98.9998550383
72.8982951205 99.0079821657
72.8554641598 99.0163116364
72.8126834997 99.0244085591
72.7699530516 99.0318824185
72.7272727273 99.0384235337
72.6846424385 99.0438220523
72.6420620972 99.0479747832
72.5995316159 99.0508923865
72.5570509070 99.0526281752
72.5146198830 99.0533141240
72.4722384570 99.0530838039
72.4299065421 99.0520834163
72.3876240514 99.0504659909
72.3453908985 99.0484033704
72.3032069971 99.0460864209
72.2610722611 99.0437251557
72.2189866045 99.0414890785
72.1769499418 99.0395250035
72.1349621873 99.0378839452
72.0930232558 99.0365510271
72.0511330622 99.0354381110
72.0092915215 99.0344077749
71.9674985490 99.0333568221
71.9257540603 99.0322171940
71.8840579710 99.0310347683
71.8424101970 99.0299467919
71.8008106543 99.0291584253
71.7592592593 99.0288893566
71.7177559283 99.0292767480
71.6763005780 99.0303497299
71.6348931254 99.0320041512
71.5935334873 99.0340435858
71.5522215811 99.0362329624
71.5109573241 99.0383655176
71.4697406340 99.0402815428
71.4285714286 99.0418993496
71.3874496258 99.0432037203
71.3463751438 99.0442467402
71.3053479011 99.0451175769
71.2643678161 99.0459549375
71.2234348076 99.0469110255
71.1825487945 99.0481212883
71.1417096959 99.0496913637
71.1009174312 99.0516547372
71.0601719198 99.0540022408
71.0194730813 99.0566632382
70.9788208357 99.0595055235
70.9382151030 99.0623650797
70.8976558033 99.0650642532
70.8571428571 99.0674302700
70.8166761850 99.0693256325
70.7762557078 99.0706796155
70.7358813463 99.0714703411
70.6955530217 99.0717556154
70.6552706553 99.0716127227
70.6150341686 99.0711563672
70.5748434832 99.0704960869
70.5346985210 99.0697355154
70.4945992041 99.0689665629
70.4545454545 99.0683241840
70.4145371948 99.0679566693
70.3745743473 99.0680501697
70.3346568349 99.0687555871
70.2947845805 99.0702063816
70.2549575071 99.0724013598
70.2151755379 99.0752768311
70.1754385965 99.0786694852
70.1357466063 99.0823891622
70.0960994912 99.0862564480
70.0564971751 99.0901709468
70.0169395822 99.0940878989
69.9774266366 99.0980616002
69.9379582628 99.1021538597
69.8985343856 99.1064768705
69.8591549296 99.1111005890
69.8198198198 99.1160587297
69.7805289814 99.1213225868
69.7412823397 99.1267951431
69.7020798201 99.1323596178
69.6629213483 99.1378422599
69.6238068501 99.1430867711
69.5847362514 99.1479424228
69.5457094784 99.1522574832
69.5067264574 99.1559047718
69.4677871148 99.1587561128
69.4288913774 99.1607144478
69.3900391718 99.1617008020
69.3512304251 99.1616360900
69.3124650643 99.1604843967
69.2737430168 99.1582221888
69.2350642099 99.1549068559
69.1964285714 99.1506528483
69.1578360290 99.1456945179
69.1192865106 99.1403057177
69.0807799443 99.1347999403
69.0423162584 99.1294423211
69.0038953812 99.1244427050
68.9655172414 99.1199421496
68.9271817676 99.1160187262
68.8888888889 99.1127565333
68.8506385341 99.1102462456
68.8124306326 99.1085977619
68.7742651137 99.1079221210
68.7361419069 99.1082870482
68.6980609418 99.1096977161
68.6600221484 99.1120581881
68.6220254566 99.1152210260
68.5840707965 99.1189614329
68.5461580984 99.1230718456
68.5082872928 99.1273624121
68.4704583103 99.1316990984
68.4326710817 99.1360049231
68.3949255378 99.1402409060
68.3572216097 99.1443559656
68.3195592287 99.1482670982
68.2819383260 99.1518842039
68.2443588332 99.1551038827
68.2068206821 99.1578601901
68.1693238043 99.1601314855
68.1318681319 99.1619156718
68.0944535969 99.1632554244
68.0570801317 99.1641558394
68.0197476687 99.1646348146
67.9824561404 99.1646654697
67.9452054795 99.1642205287
67.9079956188 99.1632593508
67.8708264915 99.1617853434
67.8336980306 99.1598719653
67.7966101695 99.1576763307
67.7595628415 99.1554205241
67.7225559803 99.1534180276
67.6855895197 99.1519847083
67.6486633933 99.1514381458
67.6117775354 99.1520405507
67.5749318801 99.1539466178
67.5381263617 99.1572027361
67.5013609145 99.1616944835
67.4646354733 99.1671775297
67.4279499728 99.1733149715
67.3913043478 99.1797222259
67.3546985334 99.1860502174
67.3181324647 99.1920189355
67.2816060770 99.1974371526
67.2451193059 99.2022101698
67.2086720867 99.2063337536
67.1722643554 99.2098366848
67.1358960476 99.2128195397
67.0995670996 99.2154034817
67.0632774473 99.2177043656
67.0270270270 99.2198519966
66.9908157753 99.2219059362
66.9546436285 99.2238548536
66.9185105235 99.2256156215
66.8824163970 99.2270195875
66.8463611860 99.2278705618
66.8103448276 99.2279838307
66.7743672590 99.2272380723
66.7384284177 99.2255704243
66.7025282410 99.2230348118
66.6666666667 99.2197447337
66.6308436325 99.2158666863
66.5950590763 99.2116206935
66.5593129361 99.2072280588
66.5236051502 99.2029116093
66.4879356568 99.1988429535
66.4523043944 99.1951490788
66.4167113016 99.1918523166
66.3811563169 99.1889290327
66.3456393793 99.1862895180
66.3101604278 99.1838364739
66.2747194014 99.1814649053
66.2393162393 99.1790823859
66.2039508809 99.1766546981
66.1686232657 99.1741864441
66.1333333333 99.1717610855
66.0980810235 99.1695349934
66.0628662760 99.1677442961
66.0276890309 99.1666799807
65.9925492283 99.1666152888
65.9574468085 99.1677731262
65.9223817119 99.1702463520
65.8873538789 99.1739633271
65.8523632501 99.1787066105
65.8174097665 99.1841311491
65.7824933687 99.1898756450
65.7476139979 99.1955829223
65.7127715951 99.2009731566
65.6779661017 99.2058707875
65.6431974590 99.2101530974
65.6084656085 99.2137700081
65.5737704918 99.2166916024
65.5391120507 99.2189146468
65.5044902272 99.2204691321
65.4699049630 99.2213853244
65.4353562005 99.2217333767
65.4008438819 99.2216306919
65.3663679494 99.2211951101
65.3319283456 99.2205654830
65.2975250132 99.2198742014
65.2631578947 99.2192547147
65.2288269332 99.2188273209
65.1945320715 99.2187328401
65.1602732528 99.2190929796
65.1260504202 99.2200232974
65.0918635171 99.2216198338
65.0577124869 99.2239525604
65.0235972732 99.2270513216
64.9895178197 99.2309398974
64.9554740702 99.2356086694
64.9214659686 99.2410013826
64.8874934589 99.2470014974
64.8535564854 99.2534114156
64.8196549922 99.2599515887
64.7857889237 99.2663070091
64.7519582245 99.2721337395
64.7181628392 99.2771391241
64.6844027126 99.2810627819
64.6506777894 99.2837304495
64.6169880146 99.2850480715
64.5833333333 99.2849883940
64.5497136908 99.2836387138
64.5161290323 99.2812017639
64.4825793032 99.2779962087
64.4490644491 99.2744510679
64.4155844156 99.2710116763
64.3821391485 99.2681196025
64.3487285937 99.2660902281
64.3153526971 99.2651186479
64.2820114049 99.2652582274
64.2487046632 99.2664804331
64.2154324184 99.2686813899
64.1821946170 99.2717561654
64.1489912054 99.2755852638
64.1158221303 99.2800895018
64.0826873385 99.2851891752
64.0495867769 99.2908386590
64.0165203924 99.2969583096
63.9834881321 99.3034751892
63.9504899433 99.3102682428
63.9175257732 99.3171955781
63.8845955693 99.3240935931
63.8516992791 99.3308117385
63.8188368502 99.3372257714
63.7860082305 99.3432036936
63.7532133676 99.3486884752
63.7204522097 99.3536362930
63.6877247047 99.3580444828
63.6550308008 99.3619721130
63.6223704464 99.3654720045
63.5897435897 99.3686455415
63.5571501794 99.3715809840
63.5245901639 99.3743811365
63.4920634921 99.3771085387
63.4595701126 99.3798052529
63.4271099744 99.3824245081
63.3946830266 99.3848981744
63.3622892182 99.3870955986
63.3299284985 99.3888710250
63.2976008167 99.3901190312
63.2653061224 99.3907950680
63.2330443651 99.3909098680
63.2008154944 99.3905777053
63.1686194600 99.3899690244
63.1364562118 99.3892970981
63.1043256997 99.3887769223
63.0722278739 99.3885625644
63.0401626843 99.3887537559
63.0081300813 99.3893398792
62.9761300152 99.3902475455
62.9441624365 99.3913127211
62.9122272958 99.3923489341
62.8803245436 99.3931616946
62.8484541308 99.3935823985
62.8166160081 99.3935182111
62.7848101266 99.3929448955
62.7530364372 99.3919080222
62.7212948912 99.3905578079
62.6895854398 99.3890596277
62.6579080344 99.3876216146
62.6262626263 99.3864462818
62.5946491671 99.3857025640
62.5630676085 99.3855113780
62.5315179022 99.3859455147
62.5000000000 99.3870009340
62.4685138539 99.3886595581
62.4370594159 99.3908403486
62.4056366381 99.3934404525
62.3742454728 99.3963564540
62.3428858723 99.3994564733
62.3115577889 99.4026284726
62.2802611753 99.4057669104
62.2489959839 99.4088360775
62.2177621676 99.4118000153
62.1865596790 99.4146720466
62.1553884712 99.4174591085
62.1242484970 99.4201541087
62.0931397096 99.4227220082
62.0620620621 99.4251275193
62.0310155078 99.4273211266
62.0000000000 99.4292321854
