124000.0000000000 14.1696513044
62000.0000000000 39.7847946402
41333.3333333333 59.8054969580
31000.0000000000 72.5901479891
24800.0000000000 80.5603894464
20666.6666666667 85.6689448566
17714.2857142857 89.0735878896
15500.0000000000 91.4306790446
13777.7777777778 93.1187237246
12400.0000000000 94.3634658435
11272.7272727273 95.3045354796
10333.3333333333 96.0313467543
9538.4615384615 96.6029951358
8857.1428571429 97.0596579985
8266.6666666667 97.4293450609
7750.0000000000 97.7320195149
7294.1176470588 97.9821866059
6888.8888888889 98.1905630908
6526.3157894737 98.3651810319
6200.0000000000 98.5121344254
5904.7619047619 98.6360948228
5636.3636363636 98.7406733395
5391.3043478261 98.8286777209
5166.6666666667 98.9022970881
4960.0000000000 98.9632366259
4769.2307692308 99.0128157066
4592.5925925926 99.0520410864
4428.5714285714 99.0816605129
4275.8620689655 99.1022028527
4133.3333333333 99.1140048788
4000.0000000000 99.1172274424
3875.0000000000 99.1118593168
3757.5757575758 99.0977108361
3647.0588235294 99.0744002608
3542.8571428571 99.0413390317
3444.4444444444 98.9977215251
3351.3513513514 98.9425253728
3263.1578947368 98.8745247900
3179.4871794872 98.7923191201
3100.0000000000 98.6943840872
3024.3902439024 98.5791579680
2952.3809523810 98.4451821660
2883.7209302326 98.2913149829
2818.1818181818 98.1170349925
2755.5555555556 97.9228303057
2695.6521739130 97.7106338952
2638.2978723404 97.4842127208
2583.3333333333 97.2493744162
2530.6122448980 97.0138443142
2480.0000000000 96.7867332278
2431.3725490196 96.5776310286
2384.6153846154 96.3954625177
2339.6226415094 96.2472850180
2296.2962962963 96.1372183423
2254.5454545455 96.0657728352
2214.2857142857 96.0298885533
2175.4385964912 96.0238789143
2137.9310344828 96.0411181504
2101.6949152542 96.0759478293
2066.6666666667 96.1251302372
2032.7868852459 96.1883369571
2000.0000000000 96.2675179005
1968.2539682540 96.3654123152
1937.5000000000 96.4838057613
1907.6923076923 96.6222462077
1878.7878787879 96.7776832807
1850.7462686567 96.9450335898
1823.5294117647 97.1182742167
1797.1014492754 97.2915467775
1771.4285714286 97.4599298908
1746.4788732394 97.6197833354
1722.2222222222 97.7687487791
1698.6301369863 97.9055545097
1675.6756756757 98.0297488944
1653.3333333333 98.1414456558
1631.5789473684 98.2411134877
1610.3896103896 98.3294216357
1589.7435897436 98.4071300326
1569.6202531646 98.4750180444
1550.0000000000 98.5338334212
1530.8641975309 98.5842548890
1512.1951219512 98.6268593222
1493.9759036145 98.6620949821
1476.1904761905 98.6902659470
1458.8235294118 98.7115279417
1441.8604651163 98.7258949549
1425.2873563218 98.7332569954
1409.0909090909 98.7333919220
1393.2584269663 98.7259783214
1377.7777777778 98.7105984598
1362.6373626374 98.6867430971
1347.8260869565 98.6538164169
1333.3333333333 98.6111533122
1319.1489361702 98.5580492000
1305.2631578947 98.4938197094
1291.6666666667 98.4178953582
1278.3505154639 98.3299589065
1265.3061224490 98.2301342768
1252.5252525253 98.1192088432
1240.0000000000 97.9988514786
1227.7227722772 97.8717556110
1215.6862745098 97.7416093864
1203.8834951456 97.6128100611
1192.3076923077 97.4899219939
1180.9523809524 97.3769920634
1169.8113207547 97.2769289807
1158.8785046729 97.1911391675
1148.1481481481 97.1194903815
1137.6146788991 97.0605772332
1127.2727272727 97.0121977321
1117.1171171171 96.9719223522
1107.1428571429 96.9375961257
1097.3451327434 96.9075882438
1087.7192982456 96.8807166004
1078.2608695652 96.8559727459
1068.9655172414 96.8323037416
1059.8290598291 96.8086513489
1050.8474576271 96.7842246565
1042.0168067227 96.7587727321
1033.3333333333 96.7326113280
1024.7933884298 96.7063564511
1016.3934426230 96.6805531181
1008.1300813008 96.6554843221
1000.0000000000 96.6313039438
992.0000000000 96.6083832769
984.1269841270 96.5875940800
976.3779527559 96.5703292874
968.7500000000 96.5582953896
961.2403100775 96.5532945492
953.8461538462 96.5571803584
946.5648854962 96.5719611061
939.3939393939 96.5998635849
932.3308270677 96.6431806444
925.3731343284 96.7039273270
918.5185185185 96.7834389544
911.7647058824 96.8820335196
905.1094890511 96.9987733615
898.5507246377 97.1313512865
892.0863309353 97.2761850050
885.7142857143 97.4287842736
879.4326241135 97.5843436927
873.2394366197 97.7383699558
867.1328671329 97.8871568514
861.1111111111 98.0280137208
855.1724137931 98.1592618456
849.3150684932 98.2800815253
843.5374149660 98.3903055462
837.8378378378 98.4902093876
832.2147651007 98.5803388053
826.6666666667 98.6613802300
821.1920529801 98.7340711740
815.7894736842 98.7991421705
810.4575163399 98.8572820775
805.1948051948 98.9091201486
800.0000000000 98.9552165297
794.8717948718 98.9960612493
789.8089171975 99.0320746691
784.8101265823 99.0636134662
779.8742138365 99.0909760547
775.0000000000 99.1144136605
770.1863354037 99.1341431688
765.4320987654 99.1503602309
760.7361963190 99.1632553452
756.0975609756 99.1730290133
751.5151515152 99.1798989302
746.9879518072 99.1841027984
742.5149700599 99.1858836811
738.0952380952 99.1854710254
733.7278106509 99.1830542119
729.4117647059 99.1787658617
725.1461988304 99.1726781931
720.9302325581 99.1648164893
716.7630057803 99.1551828806
712.6436781609 99.1437826445
708.5714285714 99.1306539416
704.5454545455 99.1158711395
700.5649717514 99.0995275948
696.6292134831 99.0816943504
692.7374301676 99.0623857761
688.8888888889 99.0415616239
685.0828729282 99.0191745025
681.3186813187 98.9952278438
677.5956284153 98.9698119446
673.9130434783 98.9430806500
670.2702702703 98.9151897595
666.6666666667 98.8862457905
663.1016042781 98.8563045251
659.5744680851 98.8254177225
656.0846560847 98.7936787796
652.6315789474 98.7612262894
649.2146596859 98.7282048071
645.8333333333 98.6947111368
642.4870466321 98.6607950037
639.1752577320 98.6265065974
635.8974358974 98.5919584164
632.6530612245 98.5573436458
629.4416243655 98.5228986520
626.2626262626 98.4888656198
623.1155778894 98.4555110018
620.0000000000 98.4232153892
616.9154228856 98.3926008595
613.8613861386 98.3646235585
610.8374384236 98.3406188979
607.8431372549 98.3222907439
604.8780487805 98.3116389148
601.9417475728 98.3107817882
599.0338164251 98.3216788182
596.1538461538 98.3457449252
593.3014354067 98.3834761076
590.4761904762 98.4341840062
587.6777251185 98.4959849524
584.9056603774 98.5660615739
582.1596244131 98.6411402205
579.4392523364 98.7180053312
576.7441860465 98.7938996988
574.0740740741 98.8667330906
571.4285714286 98.9351099114
568.8073394495 98.9982359439
566.2100456621 99.0557845677
563.6363636364 99.1077751479
561.0859728507 99.1544768363
558.5585585586 99.1963385702
556.0538116592 99.2339313151
553.5714285714 99.2678834544
551.1111111111 99.2988123812
548.6725663717 99.3272600166
546.2555066079 99.3536439420
543.8596491228 99.3782479982
541.4847161572 99.4012420748
539.1304347826 99.4227281782
536.7965367965 99.4427826402
534.4827586207 99.4614786189
532.1888412017 99.4788829877
529.9145299145 99.4950413548
527.6595744681 99.5099674547
525.4237288136 99.5236355260
523.2067510549 99.5360026377
521.0084033613 99.5470208997
518.8284518828 99.5566568127
516.6666666667 99.5648977553
514.5228215768 99.5717584720
512.3966942149 99.5772689549
510.2880658436 99.5814790163
508.1967213115 99.5844552693
506.1224489796 99.5862865272
504.0650406504 99.5870947434
502.0242914980 99.5870409656
500.0000000000 99.5863261574
497.9919678715 99.5851842339
496.0000000000 99.5838598219
494.0239043825 99.5825871285
492.0634920635 99.5815505413
490.1185770751 99.5808566107
488.1889763780 99.5805025778
486.2745098039 99.5803576461
484.3750000000 99.5801771616
482.4902723735 99.5796272917
480.6201550388 99.5783396835
478.7644787645 99.5759621612
476.9230769231 99.5721970384
475.0957854406 99.5668329704
473.2824427481 99.5597599723
471.4828897338 99.5509845798
469.6969696970 99.5406351262
467.9245283019 99.5289632557
466.1654135338 99.5163117031
464.4194756554 99.5030680110
462.6865671642 99.4895745999
460.9665427509 99.4760394299
459.2592592593 99.4624796723
457.5645756458 99.4487261575
455.8823529412 99.4344913247
454.2124542125 99.4194928637
452.5547445255 99.4035601910
450.9090909091 99.3867114678
449.2753623188 99.3691554903
447.6534296029 99.3512534354
446.0431654676 99.3334569546
444.4444444444 99.3162663449
442.8571428571 99.3002271895
441.2811387900 99.2859507650
439.7163120567 99.2741252699
438.1625441696 99.2655016428
436.6197183099 99.2608363681
435.0877192982 99.2608101116
433.5664335664 99.2659213668
432.0557491289 99.2763634173
430.5555555556 99.2919322595
429.0657439446 99.3119875508
427.5862068966 99.3355171525
426.1168384880 99.3612943449
424.6575342466 99.3880774965
423.2081911263 99.4147823134
421.7687074830 99.4405925897
420.3389830508 99.4649906253
418.9189189189 99.4877150260
417.5084175084 99.5086940437
416.1073825503 99.5279675047
414.7157190635 99.5456107853
413.3333333333 99.5616939879
411.9601328904 99.5762550021
410.5960264901 99.5893040249
409.2409240924 99.6008378600
407.8947368421 99.6108675903
406.5573770492 99.6194306563
405.2287581699 99.6266000228
403.9087947883 99.6324772080
402.5974025974 99.6371916344
401.2944983819 99.6408912394
400.0000000000 99.6437437826
398.7138263666 99.6459415086
397.4358974359 99.6476937851
396.1661341853 99.6492207494
394.9044585987 99.6507190253
393.6507936508 99.6523345521
392.4050632911 99.6541359671
391.1671924290 99.6561177030
389.9371069182 99.6582043232
388.7147335423 99.6602831617
387.5000000000 99.6622128311
386.2928348910 99.6638431950
385.0931677019 99.6650221370
383.9009287926 99.6656138394
382.7160493827 99.6655002631
381.5384615385 99.6645987057
380.3680981595 99.6628635773
379.2048929664 99.6602916195
378.0487804878 99.6569202665
376.8996960486 99.6528212881
375.7575757576 99.6480907926
374.6223564955 99.6428191768
373.4939759036 99.6370780798
372.3723723724 99.6308906836
371.2574850299 99.6242333163
370.1492537313 99.6170442223
369.0476190476 99.6092562184
367.9525222552 99.6008180471
366.8639053254 99.5917077344
365.7817109145 99.5819270232
364.7058823529 99.5714705125
363.6363636364 99.5602882769
362.5730994152 99.5482575251
361.5160349854 99.5351719976
360.4651162791 99.5207530636
359.4202898551 99.5046865783
358.3815028902 99.4866518438
357.3487031700 99.4663644661
356.3218390805 99.4435904733
355.3008595989 99.4181704020
354.2857142857 99.3900166197
353.2763532764 99.3591178876
352.2727272727 99.3255192098
351.2747875354 99.2892938668
350.2824858757 99.2505076835
349.2957746479 99.2091803579
348.3146067416 99.1652689590
347.3389355742 99.1187112374
346.3687150838 99.0695096276
345.4038997214 99.0178673877
344.4444444444 98.9643334684
343.4903047091 98.9098905059
342.5414364641 98.8559462517
341.5977961433 98.8041746675
340.6593406593 98.7562699748
339.7260273973 98.7136610212
338.7978142077 98.6773171268
337.8746594005 98.6476738403
336.9565217391 98.6246271035
336.0433604336 98.6075582814
335.1351351351 98.5953639531
334.2318059299 98.5865641080
333.3333333333 98.5795564132
332.4396782842 98.5729816540
331.5508021390 98.5661064374
330.6666666667 98.5590748572
329.7872340426 98.5529171088
328.9124668435 98.5492758929
328.0423280423 98.5498737988
327.1767810026 98.5559080796
326.3157894737 98.5675656841
325.4593175853 98.5838985483
324.6073298429 98.6030758930
323.7597911227 98.6229005272
322.9166666667 98.6413554104
322.0779220779 98.6570170677
321.2435233161 98.6692507610
320.4134366925 98.6781904872
319.5876288660 98.6845410843
318.7660668380 98.6892698207
317.9487179487 98.6932362067
317.1355498721 98.6968846089
316.3265306122 98.7000962695
315.5216284987 98.7022307437
314.7208121827 98.7023543822
313.9240506329 98.6994859761
313.1313131313 98.6928073778
312.3425692695 98.6817597742
311.5577889447 98.6660858296
310.7769423559 98.6458582076
310.0000000000 98.6215302326
309.2269326683 98.5939989047
308.4577114428 98.5646204438
307.6923076923 98.5350886178
306.9306930693 98.5071775381
306.1728395062 98.4823970395
305.4187192118 98.4616776246
304.6683046683 98.4452128781
303.9215686275 98.4325169367
303.1784841076 98.4226175544
302.4390243902 98.4142834770
301.7031630170 98.4062418313
300.9708737864 98.3973643377
300.2421307506 98.3868561634
299.5169082126 98.3744327384
298.7951807229 98.3604220922
298.0769230769 98.3457384591
297.3621103118 98.3316938451
296.6507177033 98.3197253933
295.9427207637 98.3110768237
295.2380952381 98.3065492127
294.5368171021 98.3063533404
293.8388625592 98.3100559904
293.1442080378 98.3166051714
292.4528301887 98.3244331332
291.7647058824 98.3316577190
291.0798122066 98.3363458915
290.3981264637 98.3368063649
289.7196261682 98.3318092540
289.0442890443 98.3206776603
288.3720930233 98.3032607103
287.7030162413 98.2797877283
287.0370370370 98.2506681561
286.3741339492 98.2162789662
285.7142857143 98.1767997982
285.0574712644 98.1321238858
284.4036697248 98.0819101966
283.7528604119 98.0257836681
283.1050228311 97.9636705778
282.4601366743 97.8961934138
281.8181818182 97.8249886198
281.1791383220 97.7528212540
280.5429864253 97.6833668739
279.9097065463 97.6206602401
279.2792792793 97.5682839727
278.6516853933 97.5285676068
278.0269058296 97.5020221167
277.4049217002 97.4872602111
276.7857142857 97.4813775720
276.1692650334 97.4806933210
275.5555555556 97.4815676193
274.9445676275 97.4810931202
274.3362831858 97.4774666000
273.7306843267 97.4700261108
273.1277533040 97.4590084079
272.5274725275 97.4451639450
271.9298245614 97.4293710063
271.3347921225 97.4123160515
270.7423580786 97.3942678804
270.1525054466 97.3749090089
269.5652173913 97.3532144415
268.9804772234 97.3274557024
268.3982683983 97.2953916742
267.8185745140 97.2546291536
267.2413793103 97.2031194808
266.6666666667 97.1396234187
266.0944206009 97.0640798894
265.5246252677 96.9778348056
264.9572649573 96.8836615906
264.3923240938 96.7855710197
263.8297872340 96.6883501470
263.2696390658 96.5969069023
262.7118644068 96.5155807852
262.1564482030 96.4475999136
261.6033755274 96.3948893232
261.0526315789 96.3581872299
260.5042016807 96.3373753078
259.9580712788 96.3317964087
259.4142259414 96.3404502885
258.8726513570 96.3620891198
258.3333333333 96.3952719355
257.7962577963 96.4384824908
257.2614107884 96.4902555545
256.7287784679 96.5492343853
256.1983471074 96.6140997503
255.6701030928 96.6833529386
255.1440329218 96.7550837315
254.6201232033 96.8268724649
254.0983606557 96.8959402322
253.5787321063 96.9595617116
253.0612244898 97.0155919708
252.5458248473 97.0629282325
252.0325203252 97.1017341871
251.5212981744 97.1333667746
251.0121457490 97.1600437149
250.5050505051 97.1843195991
250.0000000000 97.2085076437
249.4969818913 97.2341994466
248.9959839357 97.2619924471
248.4969939880 97.2914582036
248.0000000000 97.3213159351
247.5049900200 97.3496920462
247.0119521912 97.3744097097
246.5208747515 97.3932510492
246.0317460317 97.4042326714
245.5445544554 97.4058646517
245.0592885375 97.3973878187
244.5759368836 97.3789236091
244.0944881890 97.3515134483
243.6149312377 97.3169736130
243.1372549020 97.2776048340
242.6614481409 97.2357572208
242.1875000000 97.1933884733
241.7153996101 97.1517098724
241.2451361868 97.1110614334
240.7766990291 97.0709731907
240.3100775194 97.0304083361
239.8452611219 96.9880566752
239.3822393822 96.9426423738
238.9210019268 96.8932669572
238.4615384615 96.8397364044
238.0038387716 96.7828569525
237.5478927203 96.7245105546
237.0936902486 96.6674234008
236.6412213740 96.6145839359
236.1904761905 96.5684828545
235.7414448669 96.5304579257
235.2941176471 96.5003901747
234.8484848485 96.4768221150
234.4045368620 96.4573818559
233.9622641509 96.4393081926
233.5216572505 96.4199357386
233.0827067669 96.3970891031
232.6454033771 96.3693634759
232.2097378277 96.3362839662
231.7757009346 96.2983273244
231.3432835821 96.2568116575
230.9124767225 96.2137327017
230.4832713755 96.1715883422
230.0556586271 96.1332084204
229.6296296296 96.1015958868
229.2051756007 96.0796930680
228.7822878229 96.0700450585
228.3609576427 96.0743594666
227.9411764706 96.0931090775
227.5229357798 96.1253563555
227.1062271062 96.1689362032
226.6910420475 96.2209640281
226.2773722628 96.2784603295
225.8652094718 96.3388011277
225.4545454545 96.3999090395
225.0453720508 96.4602051140
224.6376811594 96.5185402114
224.2314647378 96.5742054827
223.8267148014 96.6270586954
223.4234234234 96.6776393097
223.0215827338 96.7271011513
222.6211849192 96.7769611470
222.2222222222 96.8286703902
221.8246869410 96.8831915368
221.4285714286 96.9407208481
221.0338680927 97.0006314360
220.6405693950 97.0616173345
220.2486678508 97.1219758983
219.8581560284 97.1799724284
219.4690265487 97.2341676419
219.0812720848 97.2836411067
218.6948853616 97.3280459509
218.3098591549 97.3674057835
217.9261862917 97.4017891562
217.5438596491 97.4309400366
217.1628721541 97.4541005620
216.7832167832 97.4700612056
216.4048865620 97.4774556608
216.0278745645 97.4751463756
215.6521739130 97.4625865155
215.2777777778 97.4400579290
214.9046793761 97.4087627422
214.5328719723 97.3707235884
214.1623488774 97.3284859784
213.7931034483 97.2846274310
213.4251290878 97.2411647329
213.0584192440 97.1990869387
212.6929674099 97.1582198715
212.3287671233 97.1175102060
211.9658119658 97.0756357145
211.6040955631 97.0316855324
211.2436115843 96.9856202949
210.8843537415 96.9383775335
210.5263157895 96.8915788771
210.1694915254 96.8470034711
209.8138747885 96.8059947125
209.4594594595 96.7690627958
209.1062394604 96.7357810383
208.7542087542 96.7050207127
208.4033613445 96.6753684702
208.0536912752 96.6455798411
207.7051926298 96.6149672522
207.3578595318 96.5836516460
207.0116861436 96.5526967042
206.6666666667 96.5240825419
206.3227953411 96.5005125286
205.9800664452 96.4850286907
205.6384742952 96.4804690967
205.2980132450 96.4888496416
204.9586776860 96.5108043703
204.6204620462 96.5453170682
204.2833607908 96.5898762998
203.9473684211 96.6410615093
203.6124794745 96.6953372905
203.2786885246 96.7497625344
202.9459901800 96.8023662916
202.6143790850 96.8521563655
202.2838499184 96.8988460119
201.9543973941 96.9424991866
201.6260162602 96.9832556687
201.2987012987 97.0212004681
200.9724473258 97.0563423277
200.6472491909 97.0886549209
200.3231017771 97.1181374411
200.0000000000 97.1448296272
199.6779388084 97.1688226141
199.3569131833 97.1902296980
199.0369181380 97.2091333503
198.7179487179 97.2254871138
198.4000000000 97.2390123649
198.0830670927 97.2491369579
197.7671451356 97.2550361940
197.4522292994 97.2557793548
197.1383147854 97.2505398063
196.8253968254 97.2387638071
196.5134706815 97.2202157453
196.2025316456 97.1949327184
195.8925750395 97.1631141477
195.5835962145 97.1250448287
195.2755905512 97.0810672172
194.9685534591 97.0316094642
194.6624803768 96.9772241389
194.3573667712 96.9186591879
194.0532081377 96.8568940824
193.7500000000 96.7931457075
193.4477379095 96.7288611792
193.1464174455 96.6656696443
192.8460342146 96.6053063417
192.5465838509 96.5494787490
192.2480620155 96.4996812749
191.9504643963 96.4570383524
191.6537867079 96.4221753421
191.3580246914 96.3951839902
191.0631741140 96.3757211140
190.7692307692 96.3631086404
190.4761904762 96.3564484189
190.1840490798 96.3546280744
189.8928024502 96.3562921674
189.6024464832 96.3598222305
189.3129770992 96.3634161043
189.0243902439 96.3652783996
188.7366818874 96.3639120972
188.4498480243 96.3583967508
188.1638846737 96.3485355525
187.8787878788 96.3347723705
187.5945537065 96.3179260397
187.3111782477 96.2988215050
187.0286576169 96.2780260238
186.7469879518 96.2557847270
186.4661654135 96.2321713804
186.1861861862 96.2073285172
185.9070464768 96.1816476276
185.6287425150 96.1558048168
185.3512705531 96.1306493670
185.0746268657 96.1070585013
184.7988077496 96.0857763000
184.5238095238 96.0672785837
184.2496285290 96.0516056194
183.9762611276 96.0382027787
183.7037037037 96.0257808500
183.4319526627 96.0123245744
183.1610044313 95.9952826960
182.8908554572 95.9719616253
182.6215022091 95.9400532012
182.3529411765 95.8981625501
182.0851688693 95.8461901897
181.8181818182 95.7854252299
181.5519765739 95.7183149215
181.2865497076 95.6479125083
181.0218978102 95.5771541080
180.7580174927 95.5081553816
180.4949053857 95.4417156034
180.2325581395 95.3771910658
179.9709724238 95.3128331342
179.7101449275 95.2464906222
179.4500723589 95.1764669714
179.1907514451 95.1022045964
178.9321789322 95.0244959495
178.6743515850 94.9451885385
178.4172661871 94.8665052923
178.1609195402 94.7903375677
177.9053084648 94.7178168866
177.6504297994 94.6493086273
177.3962804006 94.5847148605
177.1428571429 94.5238108888
176.8901569187 94.4663295338
176.6381766382 94.4117451419
176.3869132290 94.3589790044
176.1363636364 94.3062954321
175.8865248227 94.2515884990
175.6373937677 94.1929817696
175.3889674682 94.1294457081
175.1412429379 94.0611600620
174.8942172073 93.9894355848
174.6478873239 93.9162556429
174.4022503516 93.8436180798
174.1573033708 93.7729001166
173.9130434783 93.7044813234
173.6694677871 93.6377233889
173.4265734266 93.5712462634
173.1843575419 93.5033770370
172.9428172943 93.4326192282
172.7019498607 93.3579822221
172.4617524339 93.2791823429
172.2222222222 93.1967290031
171.9833564494 93.1119438668
171.7451523546 93.0269613219
171.5076071923 92.9446126136
171.2707182320 92.8681376307
171.0344827586 92.8006613863
170.7988980716 92.7445949593
170.5639614856 92.7012076881
170.3296703297 92.6705390826
170.0960219479 92.6517442136
169.8630136986 92.6436854841
169.6306429549 92.6455067197
169.3989071038 92.6568924058
169.1678035471 92.6779290982
168.9373297003 92.7086276253
168.7074829932 92.7484432806
168.4782608696 92.7960432685
168.2496607870 92.8494235435
168.0216802168 92.9062704412
167.7943166441 92.9643504612
167.5675675676 93.0217858819
167.3414304993 93.0771827817
167.1159029650 93.1296834902
166.8909825034 93.1789726427
166.6666666667 93.2252640918
166.4429530201 93.2692116040
166.2198391421 93.3116960463
165.9973226238 93.3535466981
165.7754010695 93.3952642970
165.5540720961 93.4368375195
165.3333333333 93.4777484336
165.1131824234 93.5171227091
164.8936170213 93.5540014460
164.6746347942 93.5876804738
164.4562334218 93.6180026396
164.2384105960 93.6456082684
164.0211640212 93.6720777065
163.8044914135 93.6999253431
163.5883905013 93.7323952829
163.3728590250 93.7730555017
163.1578947368 93.8251965490
162.9434954008 93.8912448696
162.7296587927 93.9722953543
162.5163826999 94.0679351644
162.3036649215 94.1763498738
162.0915032680 94.2947039793
161.8798955614 94.4195970810
161.6688396349 94.5474924205
161.4583333333 94.6749471034
161.2483745124 94.7987192912
161.0389610390 94.9158197996
160.8300907912 95.0236750918
160.6217616580 95.1203486780
160.4139715395 95.2047660320
160.2067183463 95.2768460164
160.0000000000 95.3374442203
159.7938144330 95.3881439453
159.5881595882 95.4309624376
159.3830334190 95.4680807045
159.1784338896 95.5016520098
158.9743589744 95.5336678417
158.7708066581 95.5659271962
158.5677749361 95.6000670637
158.3652618135 95.6375868067
158.1632653061 95.6798879011
157.9617834395 95.7281821489
157.7608142494 95.7832592193
157.5603557814 95.8451928146
157.3604060914 95.9131039718
157.1609632446 95.9851751363
156.9620253165 96.0588980143
156.7635903919 96.1314631957
156.5656565657 96.2001267973
156.3682219420 96.2624450449
156.1712846348 96.3163855450
155.9748427673 96.3603167808
155.7788944724 96.3930059236
155.5834378921 96.4136285793
155.3884711779 96.4218795915
155.1939924906 96.4180600742
155.0000000000 96.4031635738
154.8064918851 96.3788539166
154.6134663342 96.3473487267
154.4209215442 96.3112417748
154.2288557214 96.2732913378
154.0372670807 96.2362294823
153.8461538462 96.2025857717
153.6555142503 96.1745595914
153.4653465347 96.1538920033
153.2756489493 96.1418480434
153.0864197531 96.1393092861
152.8976572133 96.1468900363
152.7093596059 96.1649928007
152.5215252153 96.1937139975
152.3341523342 96.2325905579
152.1472392638 96.2804074688
151.9607843137 96.3351629397
151.7747858017 96.3943333478
151.5892420538 96.4553320443
151.4041514042 96.5160375962
151.2195121951 96.5751945424
151.0353227771 96.6325256616
150.8515815085 96.6885763499
150.6682867558 96.7443057611
150.4854368932 96.8006233340
150.3030303030 96.8580438564
150.1210653753 96.9165543323
149.9395405079 96.9757125795
149.7584541063 97.0348986766
149.5778045838 97.0935106804
149.3975903614 97.1510911542
149.2178098676 97.2073192714
149.0384615385 97.2619906718
148.8595438175 97.3149853278
148.6810551559 97.3662428994
148.5029940120 97.4157613744
148.3253588517 97.4635067763
148.1481481481 97.5093352936
147.9713603819 97.5528681020
147.7949940405 97.5934468074
147.6190476190 97.6301609481
147.4435196195 97.6619572547
147.2684085511 97.6877888406
147.0937129300 97.7067557681
146.9194312796 97.7182588930
146.7455621302 97.7221203634
146.5721040189 97.7186523765
146.3990554900 97.7087225637
146.2264150943 97.6937348383
146.0541813899 97.6755332316
145.8823529412 97.6562262987
145.7109283196 97.6379315342
145.5399061033 97.6225002200
145.3692848769 97.6112583540
145.1990632319 97.6048738733
145.0292397661 97.6033129868
144.8598130841 97.6059163641
144.6907817970 97.6115252767
144.5221445221 97.6186091415
144.3538998836 97.6254234290
144.1860465116 97.6301992443
144.0185830430 97.6313798608
143.8515081206 97.6278571528
143.6848203940 97.6191696771
143.5185185185 97.6055741893
143.3526011561 97.5880190179
143.1870669746 97.5679797285
143.0219146482 97.5472451017
142.8571428571 97.5276658570
142.6927502877 97.5109109329
142.5287356322 97.4982667980
142.3650975890 97.4905753238
142.2018348624 97.4882336095
142.0389461627 97.4912928434
141.8764302059 97.4995336573
141.7142857143 97.5124406405
141.5525114155 97.5291454694
141.3911060433 97.5483897684
141.2300683371 97.5685438315
141.0693970421 97.5877761546
140.9090909091 97.6043162730
140.7491486947 97.6167671570
140.5895691610 97.6243731714
140.4303510759 97.6271700533
140.2714932127 97.6259985908
140.1129943503 97.6223777718
139.9548532731 97.6182998988
139.7970687711 97.6159965463
139.6396396396 97.6176547478
139.4825646794 97.6251587507
139.3258426966 97.6398023603
139.1694725028 97.6621289080
139.0134529148 97.6918323434
138.8577827548 97.7278731737
138.7024608501 97.7686623235
138.5474860335 97.8123121127
138.3928571429 97.8568508463
138.2385730212 97.9003950741
138.0846325167 97.9412688198
137.9310344828 97.9780785701
137.7777777778 98.0097736924
137.6248612653 98.0356699581
137.4722838137 98.0554604954
137.3200442968 98.0692104610
137.1681415929 98.0773259106
137.0165745856 98.0804904789
136.8653421634 98.0796227805
136.7144432194 98.0758207845
136.5638766520 98.0702869471
136.4136413641 98.0642123396
136.2637362637 98.0586410410
136.1141602634 98.0543056096
135.9649122807 98.0515145616
135.8159912377 98.0501617256
135.6673960613 98.0498020195
135.5191256831 98.0498448399
135.3711790393 98.0496482206
135.2235550709 98.0485885839
135.0762527233 98.0460327467
134.9292709467 98.0413158992
134.7826086957 98.0337701705
134.6362649294 98.0227725999
134.4902386117 98.0078285420
134.3445287107 97.9885887873
134.1991341991 97.9648283999
134.0540540541 97.9364379089
133.9092872570 97.9034205347
133.7648327940 97.8659690551
133.6206896552 97.8245331016
133.4768568353 97.7798386843
133.3333333333 97.7328149238
133.1901181525 97.6844407384
133.0472103004 97.6355401719
132.9046087889 97.5866317732
132.7623126338 97.5378577251
132.6203208556 97.4890343095
132.4786324786 97.4397824270
132.3372465315 97.3897318816
132.1961620469 97.3387164595
132.0553780618 97.2869468777
131.9148936170 97.2351103367
131.7747077577 97.1842942681
131.6348195329 97.1358141767
131.4952279958 97.0909231987
131.3559322034 97.0505502793
131.2169312169 97.0151594382
131.0782241015 96.9847139481
130.9398099261 96.9587551451
130.8016877637 96.9365451217
130.6638566913 96.9172000408
130.5263157895 96.8998240241
130.3890641430 96.8835698177
130.2521008403 96.8677128430
130.1154249738 96.8516419890
129.9790356394 96.8348085650
129.8429319372 96.8166459352
129.7071129707 96.7965243076
129.5715778474 96.7737603022
129.4363256785 96.7477237059
129.3013555787 96.7179836010
129.1666666667 96.6844905957
129.0322580645 96.6477043403
128.8981288981 96.6086755944
128.7642782970 96.5689759118
128.6307053942 96.5305136893
128.4974093264 96.4951589734
128.3643892340 96.4643354102
128.2316442606 96.4386337073
128.0991735537 96.4176242873
127.9669762642 96.3999148202
127.8350515464 96.3834347503
127.7033985582 96.3658579414
127.5720164609 96.3451098366
127.4409044193 96.3199106636
127.3100616016 96.2902070791
127.1794871795 96.2574642553
127.0491803279 96.2245854050
126.9191402252 96.1954816061
126.7893660532 96.1742925369
126.6598569969 96.1644633451
126.5306122449 96.1679030162
126.4016309888 96.1844485973
126.2729124236 96.2118236742
126.1444557477 96.2460662311
126.0162601626 96.2823406405
125.8883248731 96.3158733162
125.7606490872 96.3428049178
125.6332320162 96.3607502741
125.5060728745 96.3690219162
125.3791708797 96.3684664575
125.2525252525 96.3610124486
125.1261352170 96.3489889341
125.0000000000 96.3344453591
124.8741188318 96.3186546238
124.7484909457 96.3019476202
124.6231155779 96.2839179750
124.4979919679 96.2638156797
124.3731193581 96.2409701771
124.2484969940 96.2151223099
124.1241241241 96.1865369362
124.0000000000 96.1559651019
123.8761238761 96.1244747677
123.7524950100 96.0932540427
123.6291126620 96.0634839043
123.5059760956 96.0363213593
123.3830845771 96.0129234453
123.2604373757 95.9944449868
123.1380337637 95.9819427758
123.0158730159 95.9761918158
122.8939544103 95.9774728199
122.7722772277 95.9854681917
122.6508407517 95.9993107495
122.5296442688 96.0178209954
122.4086870681 96.0399020681
122.2879684418 96.0649124241
122.1674876847 96.0929077363
122.0472440945 96.1246758669
121.9272369715 96.1614666232
121.8074656189 96.2045482631
121.6879293425 96.2546900413
121.5686274510 96.3117356571
121.4495592556 96.3744775176
121.3307240705 96.4408094584
121.2121212121 96.5081433629
121.0937500000 96.5738476852
120.9756097561 96.6356356609
120.8576998051 96.6917525738
120.7400194742 96.7410684740
120.6225680934 96.7829970069
120.5053449951 96.8174117761
120.3883495146 96.8445500106
120.2715809893 96.8648688600
120.1550387597 96.8789029677
120.0387221684 96.8870611540
119.9226305609 96.8895155869
119.8067632850 96.8860942209
119.6911196911 96.8763834042
119.5756991321 96.8598987020
119.4605009634 96.8363802240
119.3455245428 96.8060753308
119.2307692308 96.7699584861
119.1162343900 96.7298204305
119.0019193858 96.6882230959
118.8878235858 96.6482469143
118.7739463602 96.6130838408
118.6602870813 96.5855011557
118.5468451243 96.5673326300
118.4336198663 96.5590514725
118.3206106870 96.5596800542
118.2078169685 96.5670416614
118.0952380952 96.5783228229
117.9828734539 96.5908139791
117.8707224335 96.6025763590
117.7587844255 96.6127855412
117.6470588235 96.6217295490
117.5355450237 96.6304466962
117.4242424242 96.6401460549
117.3131504257 96.6516018065
117.2022684310 96.6647212796
117.0915958451 96.6783418079
116.9811320755 96.6903840325
116.8708765316 96.6982260723
116.7608286252 96.6991972370
116.6509877705 96.6909943239
116.5413533835 96.6718891391
116.4319248826 96.6407851554
116.3227016886 96.5971072700
116.2136832240 96.5407180301
116.1048689139 96.4718536471
115.9962581852 96.3911086872
115.8878504673 96.2993835040
115.7796451914 96.1977803955
115.6716417910 96.0873671987
115.5638397018 95.9689747590
115.4562383613 95.8430074709
115.3488372093 95.7093885399
115.2416356877 95.5676460575
115.1346332405 95.4170773780
115.0278293135 95.2569870622
114.9212233550 95.0869612748
114.8148148148 94.9071874113
114.7086031452 94.7187994477
114.6025878004 94.5242258332
114.4967682364 94.3273992903
114.3911439114 94.1336092079
114.2857142857 93.9489588637
114.1804788214 93.7794044979
114.0754369825 93.6296503022
113.9705882353 93.5022296490
113.8659320478 93.3971559843
113.7614678899 93.3122113623
113.6571952337 93.2437611896
113.5531135531 93.1877788762
113.4492223239 93.1409033991
113.3455210238 93.1014020256
113.2420091324 93.0698436011
113.1386861314 93.0493136616
113.0355515041 93.0449312733
112.9326047359 93.0626860426
112.8298453139 93.1078925548
112.7272727273 93.1836975895
112.6248864668 93.2901073547
112.5226860254 93.4238441688
112.4206708976 93.5789630633
112.3188405797 93.7479968876
112.2171945701 93.9232677688
112.1157323689 94.0979563670
112.0144534779 94.2666701047
111.9133574007 94.4255355676
111.8124436429 94.5719515322
111.7117117117 94.7042826983
111.6111611161 94.8216354124
111.5107913669 94.9237461861
111.4106019766 95.0108793657
111.3105924596 95.0837612587
111.2107623318 95.1434449655
111.1111111111 95.1911670164
111.0116383169 95.2282238574
110.9123434705 95.2559086391
110.8132260947 95.2754923714
110.7142857143 95.2883319028
110.6155218555 95.2959205584
110.5169340463 95.2999332610
110.4185218166 95.3021903311
110.3202846975 95.3045368199
110.2222222222 95.3085940616
110.1243339254 95.3154651270
110.0266193434 95.3254575517
109.9290780142 95.3379295388
109.8317094774 95.3514170797
109.7345132743 95.3639202982
109.6374889478 95.3733216202
109.5406360424 95.3777389160
109.4439541041 95.3758159314
109.3474426808 95.3668311104
109.2511013216 95.3506781163
109.1549295775 95.3277168309
109.0589270009 95.2986014135
108.9630931459 95.2641735874
108.8674275680 95.2255468285
108.7719298246 95.1843416859
108.6765994741 95.1428945919
108.5814360771 95.1043453152
108.4864391951 95.0724159169
108.3916083916 95.0508970884
108.2969432314 95.0429943166
108.2024432810 95.0507163843
108.1081081081 95.0745483867
108.0139372822 95.1135000406
107.9199303742 95.1654443844
107.8260869565 95.2276062824
107.7324066030 95.2970323503
107.6388888889 95.3708754069
107.5455333912 95.4465486198
107.4523396880 95.5217330787
107.3593073593 95.5943168565
107.2664359862 95.6623942945
107.1737251513 95.7243310338
107.0811744387 95.7788883436
106.9887834340 95.8253808692
106.8965517241 95.8638325764
106.8044788975 95.8950026832
106.7125645439 95.9203479862
106.6208082545 95.9417312858
106.5292096220 95.9610623934
106.4377682403 95.9798600294
106.3464837050 95.9989559684
106.2553556127 96.0183872414
106.1643835616 96.0375811350
106.0735671514 96.0556459322
105.9829059829 96.0717218972
105.8923996584 96.0851609494
105.8020477816 96.0955633149
105.7118499574 96.1025936125
105.6218057922 96.1057219822
105.5319148936 96.1040088198
105.4421768707 96.0960482987
105.3525913339 96.0801533761
105.2631578947 96.0546629537
105.1738761662 96.0182331750
105.0847457627 95.9700242180
104.9957662997 95.9097914748
104.9069373942 95.8378638415
104.8182586644 95.7551343665
104.7297297297 95.6631389987
104.6413502110 95.5642434938
104.5531197302 95.4619402318
104.4650379107 95.3610605382
104.3771043771 95.2677213232
104.2893187553 95.1888109119
104.2016806723 95.1310353359
104.1141897565 95.0998177942
104.0268456376 95.0982890797
103.9396479464 95.1268283844
103.8525963149 95.1831031744
103.7656903766 95.2626658578
103.6789297659 95.3597926571
103.5923141186 95.4683922138
103.5058430718 95.5827136886
103.4195162636 95.6977639729
103.3333333333 95.8094401886
103.2472939217 95.9145109700
103.1613976705 96.0104924089
103.0756442228 96.0955890943
102.9900332226 96.1685916470
102.9045643154 96.2288355337
102.8192371476 96.2761447582
102.7340513670 96.3107895588
102.6490066225 96.3334168385
102.5641025641 96.3450267662
102.4793388430 96.3469405716
102.3947151115 96.3408162220
102.3102310231 96.3286156684
102.2258862325 96.3125153439
102.1416803954 96.2947790074
102.0576131687 96.2775614738
101.9736842105 96.2627647627
101.8898931800 96.2518653693
101.8062397373 96.2457809842
101.7227235439 96.2447970112
101.6393442623 96.2486101196
101.5561015561 96.2564746730
101.4729950900 96.2673631182
101.3900245298 96.2801122900
101.3071895425 96.2934274708
101.2244897959 96.3058606362
101.1419249592 96.3157754498
101.0594947025 96.3214522831
100.9771986971 96.3212524296
100.8950366151 96.3138764407
100.8130081301 96.2986091868
100.7311129163 96.2754342173
100.6493506494 96.2450197565
100.5677210057 96.2085169041
100.4862236629 96.1671721548
100.4048582996 96.1219490878
100.3236245955 96.0732381690
100.2425222312 96.0207722841
100.1615508885 95.9637877095
100.0807102502 95.9012820235
100.0000000000 95.8322943599
99.9194198227 95.7561950812
99.8389694042 95.6729616568
99.7586484312 95.5834909361
99.6784565916 95.4899884114
99.5983935743 95.3962586282
99.5184590690 95.3078797909
99.4386527666 95.2319102632
99.3589743590 95.1761559693
99.2794235388 95.1479204952
99.2000000000 95.1525450643
99.1207034373 95.1922539885
99.0415335463 95.2656211675
98.9624900239 95.3679673922
98.8835725678 95.4923572749
98.8047808765 95.6309864061
98.7261146497 95.7764085985
98.6475735879 95.9223654783
98.5691573927 96.0641232556
98.4908657665 96.1984581617
98.4126984127 96.3233961936
98.3346550357 96.4379551200
98.2567353407 96.5418805648
98.1789390340 96.6353858736
98.1012658228 96.7189194423
98.0237154150 96.7929041173
97.9462875197 96.8575137935
97.8689818469 96.9125494508
97.7917981073 96.9574828095
97.7147360126 96.9915922570
97.6377952756 97.0141905619
97.5609756098 97.0248304624
97.4842767296 97.0234863108
97.4076983504 97.0106110604
97.3312401884 96.9871695973
97.2549019608 96.9546273289
97.1786833856 96.9149281757
97.1025841817 96.8704246040
97.0266040689 96.8238256450
96.9507427678 96.7780197408
96.8750000000 96.7358597365
96.7993754879 96.6998883465
96.7238689548 96.6720014465
96.6484801247 96.6531737623
96.5732087227 96.6432933457
96.4980544747 96.6411814421
96.4230171073 96.6448070462
96.3480963481 96.6516200419
96.2732919255 96.6589151426
96.1986035687 96.6641350629
96.1240310078 96.6651354851
96.0495739737 96.6604037887
95.9752321981 96.6492722789
95.9010054138 96.6320488103
95.8268933539 96.6100212339
95.7528957529 96.5853040557
95.6790123457 96.5604849417
95.6052428682 96.5381605268
95.5315870570 96.5204584800
95.4580446497 96.5087102455
95.3846153846 96.5032992331
95.3112990008 96.5036743377
95.2380952381 96.5085119821
95.1650038373 96.5158613413
95.0920245399 96.5233914269
95.0191570881 96.5286465267
94.9464012251 96.5293659696
94.8737566947 96.5238184543
94.8012232416 96.5110777868
94.7288006112 96.4911905926
94.6564885496 96.4652904450
94.5842868040 96.4355301545
94.5121951220 96.4049826205
94.4402132521 96.3772994621
94.3683409437 96.3561980370
94.2965779468 96.3447432294
94.2249240122 96.3446070465
94.1533788914 96.3556163180
94.0819423369 96.3757787597
94.0106141016 96.4019446784
93.9393939394 96.4308214789
93.8682816048 96.4600222602
93.7972768533 96.4887220034
93.7263794407 96.5178327712
93.6555891239 96.5496055040
93.5849056604 96.5869307039
93.5143288084 96.6324889159
93.4438583271 96.6880874588
93.3734939759 96.7543267667
93.3032355154 96.8305515246
93.2330827068 96.9150257692
93.1630353118 97.0051824881
93.0930930931 97.0979466731
93.0232558140 97.1900239953
92.9535232384 97.2782444607
92.8838951311 97.3598322838
92.8143712575 97.4326605803
92.7449513837 97.4953914787
92.6756352765 97.5474919770
92.6064227035 97.5892067130
92.5373134328 97.6214342317
92.4683072334 97.6456125090
92.3994038748 97.6635614503
92.3306031273 97.6773355419
92.2619047619 97.6890207185
92.1933085502 97.7005391208
92.1248142645 97.7134427301
92.0564216778 97.7287181813
91.9881305638 97.7467156557
91.9199406968 97.7671643247
91.8518518519 97.7892571867
91.7838638046 97.8118456224
91.7159763314 97.8336219188
91.6481892092 97.8533378576
91.5805022157 97.8699474636
91.5129151292 97.8827090473
91.4454277286 97.8911953435
91.3780397937 97.8952371947
91.3107511046 97.8947857465
91.2435614422 97.8897769547
91.1764705882 97.8800548432
91.1094783248 97.8653926409
91.0425844347 97.8455896120
90.9757887014 97.8206076634
90.9090909091 97.7906570874
90.8424908425 97.7562270061
90.7759882870 97.7180447215
90.7095830285 97.6770058298
90.6432748538 97.6340522785
90.5770635500 97.5901244089
90.5109489051 97.5461081701
90.4449307075 97.5028347067
90.3790087464 97.4610845145
90.3131828114 97.4216201251
90.2474526929 97.3851730192
90.1818181818 97.3524251532
90.1162790698 97.3239723841
90.0508351489 97.3002622388
89.9854862119 97.2816588949
89.9202320522 97.2685130718
89.8550724638 97.2612853432
89.7900072411 97.2606098865
89.7250361795 97.2672564447
89.6601590745 97.2820254074
89.5953757225 97.3055537420
89.5306859206 97.3380358249
89.4660894661 97.3789629391
89.4015861572 97.4269363129
89.3371757925 97.4797599683
89.2728581713 97.5346917884
89.2086330935 97.5888582211
89.1445003595 97.6396501444
89.0804597701 97.6849643790
89.0165111271 97.7233720483
88.9526542324 97.7541257205
88.8888888889 97.7771258681
88.8252148997 97.7927940111
88.7616320687 97.8019712808
88.6981402003 97.8057571470
88.6347390994 97.8053224082
88.5714285714 97.8017825404
88.5082084226 97.7960270153
88.4450784593 97.7885907154
88.3820384890 97.7796158628
88.3190883191 97.7688483215
88.2562277580 97.7557303603
88.1934566145 97.7395043171
88.1307746979 97.7193707922
88.0681818182 97.6946813363
88.0056777857 97.6651814978
87.9432624113 97.6312067592
87.8809355067 97.5939137352
87.8186968839 97.5553192362
87.7565463553 97.5181905190
87.6944837341 97.4857040782
87.6325088339 97.4608658574
87.5706214689 97.4459478262
87.5088214538 97.4419954314
87.4471086037 97.4486427393
87.3854827343 97.4642758094
87.3239436620 97.4864439538
87.2624912034 97.5123636595
87.2011251758 97.5393915928
87.1398453970 97.5653828696
87.0786516854 97.5888852207
87.0175438596 97.6092167470
86.9565217391 97.6263937166
86.8955851437 97.6409907568
86.8347338936 97.6539019814
86.7739678097 97.6661122935
86.7132867133 97.6784661592
86.6526904263 97.6915224499
86.5921787709 97.7054811829
86.5317515701 97.7201793667
86.4714086471 97.7351604202
86.4111498258 97.7497451466
86.3509749304 97.7631723898
86.2908837857 97.7747215611
86.2308762170 97.7839015214
86.1709520500 97.7905385652
86.1111111111 97.7948245135
86.0513532269 97.7972323257
85.9916782247 97.7984381730
85.9320859321 97.7991745429
85.8725761773 97.8001745996
85.8131487889 97.8021173507
85.7538035961 97.8056026260
85.6945404285 97.8110659095
85.6353591160 97.8187369304
85.5762594893 97.8286279108
85.5172413793 97.8405560642
85.4583046175 97.8541765626
85.3994490358 97.8690667568
85.3406744666 97.8847155453
85.2819807428 97.9005826803
85.2233676976 97.9160840093
85.1648351648 97.9306353558
85.1063829787 97.9436782820
85.0480109739 97.9547456729
84.9897189856 97.9634679490
84.9315068493 97.9695794450
84.8733744011 97.9729292011
84.8153214774 97.9734367128
84.7573479152 97.9711216148
84.6994535519 97.9661145840
84.6416382253 97.9587232969
84.5839017735 97.9494792264
84.5262440354 97.9390741202
84.4686648501 97.9283457541
84.4111640572 97.9181976597
84.3537414966 97.9095388111
84.2963970088 97.9032638328
84.2391304348 97.9001782251
84.1819416158 97.9008616189
84.1248303935 97.9055148159
84.0677966102 97.9138284327
84.0108401084 97.9249716471
83.9539607312 97.9377489898
83.8971583221 97.9507736019
83.8404327248 97.9627615969
83.7837837838 97.9727428283
83.7272113437 97.9802593555
83.6707152497 97.9854279731
83.6142953473 97.9889468810
83.5579514825 97.9919172931
83.5016835017 97.9956071284
83.4454912517 98.0011339614
83.3893745797 98.0091710198
83.3333333333 98.0197768126
83.2773673606 98.0323826135
83.2214765101 98.0459496799
83.1656606304 98.0592117173
83.1099195710 98.0709108563
83.0542531815 98.0799542246
82.9986613119 98.0854739652
82.9431438127 98.0868254364
82.8877005348 98.0835326444
82.8323313293 98.0752735374
82.7770360481 98.0618703950
82.7218145430 98.0433833398
82.6666666667 98.0201737752
82.6115922718 97.9929071034
82.5565912117 97.9624916822
82.5016633400 97.9299194103
82.4468085106 97.8960996429
82.3920265781 97.8617792519
82.3373173971 97.8274735674
82.2826808228 97.7935319158
82.2281167109 97.7602086220
82.1736249172 97.7277664851
82.1192052980 97.6965749979
82.0648577101 97.6672001369
82.0105820106 97.6404523056
81.9563780568 97.6173588695
81.9022457067 97.5990375702
81.8481848185 97.5865116718
81.7941952507 97.5804717320
81.7402768622 97.5811906266
81.6864295125 97.5884358048
81.6326530612 97.6015379909
81.5789473684 97.6194737534
81.5253122945 97.6410332111
81.4717477004 97.6650152125
81.4182534471 97.6904260656
81.3648293963 97.7166552482
81.3114754098 97.7435176324
81.2581913499 97.7711870041
81.2049770792 97.8000009948
81.1518324607 97.8302002704
81.0987573578 97.8617519558
81.0457516340 97.8942609188
80.9928151535 97.9270161896
80.9399477807 97.9591349513
80.8871493803 97.9896931376
80.8344198175 98.0178419362
80.7817589577 98.0428945991
80.7291666667 98.0643707626
80.6766428107 98.0820151667
80.6241872562 98.0958525714
80.5717998700 98.1062226122
80.5194805195 98.1137879230
80.4672290720 98.1194785852
80.4150453956 98.1244044604
80.3629293584 98.1296588189
80.3108808290 98.1361691939
80.2588996764 98.1445126189
80.2069857697 98.1548800683
80.1551389787 98.1671098404
80.1033591731 98.1807317988
80.0516462234 98.1951099411
80.0000000000 98.2095211954
79.9484203740 98.2232465716
79.8969072165 98.2356522537
79.8454603992 98.2462017621
79.7940797941 98.2545108996
79.7427652733 98.2603703257
79.6915167095 98.2637685678
79.6403339756 98.2649531677
79.5892169448 98.2644382028
79.5381654907 98.2629854908
79.4871794872 98.2614934754
79.4362588085 98.2608415106
79.3854033291 98.2617386917
79.3346129239 98.2645594730
79.2838874680 98.2692426431
79.2332268371 98.2753085087
79.1826309068 98.2819301663
79.1320995533 98.2881365681
79.0816326531 98.2929808490
79.0312300829 98.2956770095
78.9808917197 98.2956581000
78.9306174411 98.2925454874
78.8804071247 98.2860638400
78.8302606484 98.2760247873
78.7801778907 98.2622936758
78.7301587302 98.2448610183
78.6802030457 98.2238804618
78.6303107166 98.1997409062
78.5804816223 98.1730130146
78.5307156428 98.1444987708
78.4810126582 98.1151610979
78.4313725490 98.0861410524
78.3817951960 98.0587152171
78.3322804801 98.0341885089
78.2828282828 98.0137373251
78.2334384858 97.9982185775
78.1841109710 97.9879715254
78.1348456207 97.9827479371
78.0856423174 97.9817775214
78.0365009440 97.9839328500
77.9874213836 97.9880108007
77.9384035198 97.9929299977
77.8894472362 97.9978593194
77.8405524168 98.0022765127
77.7917189460 98.0058665479
77.7429467085 98.0084523428
77.6942355890 98.0098793166
77.6455854728 98.0100094367
77.5969962453 98.0087040657
77.5484677924 98.0059016508
77.5000000000 98.0015851735
77.4515927545 97.9957171336
77.4032459426 97.9881505295
77.3549594510 97.9785773078
77.3067331671 97.9665312706
77.2585669782 97.9515463496
77.2104607721 97.9333544673
77.1624144368 97.9121423977
77.1144278607 97.8886763851
77.0665009323 97.8643853619
77.0186335404 97.8411770181
76.9708255742 97.8211820694
76.9230769231 97.8063850828
76.8753874768 97.7983472078
76.8277571252 97.7980816098
76.7801857585 97.8059786972
76.7326732673 97.8218853219
76.6852195424 97.8450894925
76.6378244747 97.8743420132
76.5904879555 97.9078995544
76.5432098765 97.9436613217
76.4959901295 97.9794089930
76.4488286067 98.0131298222
76.4017252002 98.0432613960
76.3546798030 98.0688670123
76.3076923077 98.0896840288
76.2607626076 98.1060815280
76.2138905962 98.1188806649
76.1670761671 98.1291787301
76.1203192142 98.1381248834
76.0736196319 98.1466936080
76.0269773145 98.1555356490
75.9803921569 98.1649164518
75.9338640539 98.1747290478
75.8873929009 98.1846144416
75.8409785933 98.1941063351
75.7946210269 98.2027495094
75.7483200977 98.2102254559
75.7020757021 98.2164223480
75.6558877364 98.2214713713
75.6097560976 98.2257157661
75.5636806825 98.2296783796
75.5176613886 98.2339110369
75.4716981132 98.2388916798
75.4257907543 98.2448867746
75.3799392097 98.2518522113
75.3341433779 98.2594748629
75.2884031573 98.2672328322
75.2427184466 98.2744964098
75.1970891449 98.2806190567
75.1515151515 98.2850064977
75.1059963658 98.2871631452
75.0605326877 98.2867221218
75.0151240169 98.2834465816
74.9697702539 98.2772648050
74.9244712991 98.2682600502
74.8792270531 98.2566489606
74.8340374170 98.2427645445
74.7889022919 98.2270052101
74.7438215793 98.2098004077
74.6987951807 98.1915866244
74.6538229982 98.1727904278
74.6089049338 98.1538617200
74.5640408900 98.1352910224
74.5192307692 98.1176383964
74.4744744745 98.1016089454
74.4297719088 98.0880483735
74.3851229754 98.0779281663
74.3405275779 98.0722909185
74.2959856201 98.0720392669
74.2514970060 98.0777518180
74.2070616397 98.0894958848
74.1626794258 98.1067751410
74.1183502690 98.1286091903
74.0740740741 98.1537817993
74.0298507463 98.1810995855
73.9856801909 98.2095325767
73.9415623137 98.2382643102
73.8974970203 98.2666309343
73.8534842168 98.2939947028
73.8095238095 98.3197031516
73.7656157049 98.3430467264
73.7217598098 98.3633279227
73.6779560309 98.3799309368
73.6342042755 98.3924225604
73.5905044510 98.4006415873
73.5468564650 98.4047079301
73.5032602253 98.4050604181
73.4597156398 98.4023478045
73.4162226169 98.3973775817
73.3727810651 98.3909639422
73.3293908930 98.3838271466
73.2860520095 98.3765040136
73.2427643237 98.3693100063
73.1995277450 98.3623899056
73.1563421829 98.3558389478
73.1132075472 98.3498442654
73.0701237478 98.3447805068
73.0270906949 98.3412841769
72.9841082990 98.3401039702
72.9411764706 98.3419321944
72.8982951205 98.3471634336
72.8554641598 98.3556955349
72.8126834997 98.3668773192
72.7699530516 98.3795896864
72.7272727273 98.3924599249
72.6846424385 98.4040720052
72.6420620972 98.4132221840
72.5995316159 98.4190288754
72.5570509070 98.4210555135
72.5146198830 98.4193264430
72.4722384570 98.4143428534
72.4299065421 98.4070267178
72.3876240514 98.3986467605
72.3453908985 98.3906667846
72.3032069971 98.3844735080
72.2610722611 98.3811145991
72.2189866045 98.3810921898
72.1769499418 98.3842561880
72.1349621873 98.3899281458
72.0930232558 98.3970930826
72.0511330622 98.4046712140
72.0092915215 98.4116984422
71.9674985490 98.4174773932
71.9257540603 98.4216408482
71.8840579710 98.4241612899
71.8424101970 98.4253247519
71.8008106543 98.4256193745
71.7592592593 98.4255936636
71.7177559283 98.4256760786
71.6763005780 98.4260885961
71.6348931254 98.4267783739
71.5935334873 98.4274864214
71.5522215811 98.4278419932
71.5109573241 98.4274338830
71.4697406340 98.4259194497
71.4285714286 98.4230974416
71.3874496258 98.4189033821
71.3463751438 98.4134594854
71.3053479011 98.4070275789
71.2643678161 98.3999862582
71.2234348076 98.3927768320
71.1825487945 98.3858127423
71.1417096959 98.3795083775
71.1009174312 98.3742845222
71.0601719198 98.3706948772
71.0194730813 98.3695068072
70.9788208357 98.3717412661
70.9382151030 98.3785497454
70.8976558033 98.3910542725
70.8571428571 98.4100880398
70.8166761850 98.4359249832
70.7762557078 98.4681886622
70.7358813463 98.5057879557
70.6955530217 98.5471321461
70.6552706553 98.5903434897
70.6150341686 98.6335468359
70.5748434832 98.6751104976
70.5346985210 98.7137726650
70.4945992041 98.7486976263
70.4545454545 98.7794873099
70.4145371948 98.8061009571
70.3745743473 98.8287845491
70.3346568349 98.8479745001
70.2947845805 98.8641812469
70.2549575071 98.8779701731
70.2151755379 98.8898807207
70.1754385965 98.9004197487
70.1357466063 98.9100414216
70.0960994912 98.9191351870
70.0564971751 98.9280364552
70.0169395822 98.9370018547
69.9774266366 98.9462641285
69.9379582628 98.9560016119
69.8985343856 98.9663566402
69.8591549296 98.9773733923
69.8198198198 98.9890095275
69.7805289814 99.0010786999
69.7412823397 99.0132995477
69.7020798201 99.0253503030
69.6629213483 99.0368997108
69.6238068501 99.0476888784
69.5847362514 99.0575444848
69.5457094784 99.0663801587
69.5067264574 99.0741785805
69.4677871148 99.0809543291
69.4288913774 99.0867418687
69.3900391718 99.0915573523
69.3512304251 99.0954178240
69.3124650643 99.0982842367
69.2737430168 99.1000865416
69.2350642099 99.1006914654
69.1964285714 99.0999084436
69.1578360290 99.0975075824
69.1192865106 99.0932764602
69.0807799443 99.0870515873
69.0423162584 99.0786941265
69.0038953812 99.0681337429
68.9655172414 99.0553318800
68.9271817676 99.0402934790
68.8888888889 99.0230735349
68.8506385341 99.0038274180
68.8124306326 98.9828555701
68.7742651137 98.9606102141
68.7361419069 98.9377533336
68.6980609418 98.9151013852
68.6600221484 98.8935381578
68.6220254566 98.8739397603
68.5840707965 98.8570293164
68.5461580984 98.8432881009
68.5082872928 98.8329282480
68.4704583103 98.8258601518
68.4326710817 98.8217341967
68.3949255378 98.8199775104
68.3572216097 98.8198234128
68.3195592287 98.8203734840
68.2819383260 98.8206782411
68.2443588332 98.8198128465
68.2068206821 98.8170169934
68.1693238043 98.8117654824
68.1318681319 98.8039168889
68.0944535969 98.7937410948
68.0570801317 98.7819862231
68.0197476687 98.7698435420
67.9824561404 98.7588491144
67.9452054795 98.7507158495
67.9079956188 98.7470547374
67.8708264915 98.7491085988
67.8336980306 98.7575448201
67.7966101695 98.7723361486
67.7595628415 98.7928363077
67.7225559803 98.8179007575
67.6855895197 98.8460992132
67.6486633933 98.8759743954
67.6117775354 98.9061836532
67.5749318801 98.9356681203
67.5381263617 98.9636760199
67.5013609145 98.9897277119
67.4646354733 99.0136190460
67.4279499728 99.0353267378
67.3913043478 99.0549649048
67.3546985334 99.0727277486
67.3181324647 99.0888575726
67.2816060770 99.1035929471
67.2451193059 99.1171424663
67.2086720867 99.1296644597
67.1722643554 99.1412797975
67.1358960476 99.1520452216
67.0995670996 99.1619719266
67.0632774473 99.1710514284
67.0270270270 99.1792812441
66.9908157753 99.1866911793
66.9546436285 99.1933246516
66.9185105235 99.1992319242
66.8824163970 99.2044383983
66.8463611860 99.2089174083
66.8103448276 99.2125965753
66.7743672590 99.2153311423
66.7384284177 99.2169815085
66.7025282410 99.2173869243
66.6666666667 99.2164440642
66.6308436325 99.2141466747
66.5950590763 99.2105799769
66.5593129361 99.2059344102
66.5236051502 99.2004801594
66.4879356568 99.1945550430
66.4523043944 99.1884855321
66.4167113016 99.1826064176
66.3811563169 99.1772217192
66.3456393793 99.1725842252
66.3101604278 99.1689156258
66.2747194014 99.1663276938
66.2393162393 99.1648410644
66.2039508809 99.1643058717
66.1686232657 99.1644265265
66.1333333333 99.1647931259
66.0980810235 99.1649468755
66.0628662760 99.1644322295
66.0276890309 99.1628435896
65.9925492283 99.1598652170
65.9574468085 99.1552592066
65.9223817119 99.1489119735
65.8873538789 99.1407821070
65.8523632501 99.1309468843
65.8174097665 99.1196223566
65.7824933687 99.1071382221
65.7476139979 99.0939581812
65.7127715951 99.0806207144
65.6779661017 99.0676804175
65.6431974590 99.0556816064
65.6084656085 99.0451177093
65.5737704918 99.0363853745
65.5391120507 99.0297968442
65.5044902272 99.0255466369
65.4699049630 99.0237704435
65.4353562005 99.0244991333
65.4008438819 99.0276780289
65.3663679494 99.0331005807
65.3319283456 99.0403865912
65.2975250132 99.0489871157
65.2631578947 99.0582561977
65.2288269332 99.0675224450
65.1945320715 99.0762032121
65.1602732528 99.0838590908
65.1260504202 99.0901751421
65.0918635171 99.0949687225
65.0577124869 99.0981436290
65.0235972732 99.0997103252
64.9895178197 99.0997857688
64.9554740702 99.0986414968
64.9214659686 99.0967446431
64.8874934589 99.0947058649
64.8535564854 99.0932409100
64.8196549922 99.0930709365
64.7857889237 99.0947950734
64.7519582245 99.0987757497
64.7181628392 99.1050622865
64.6844027126 99.1133680256
64.6506777894 99.1231548435
64.6169880146 99.1336906060
64.5833333333 99.1442571790
64.5497136908 99.1542113078
64.5161290323 99.1631212959
64.4825793032 99.1707759072
64.4490644491 99.1771326538
64.4155844156 99.1822790182
64.3821391485 99.1863378169
64.3487285937 99.1894199799
64.3153526971 99.1916171491
64.2820114049 99.1929736887
64.2487046632 99.1935404919
64.2154324184 99.1933953984
64.1821946170 99.1926708253
64.1489912054 99.1915604751
64.1158221303 99.1902933952
64.0826873385 99.1891404512
64.0495867769 99.1883880382
64.0165203924 99.1882769191
63.9834881321 99.1890016556
63.9504899433 99.1906564184
63.9175257732 99.1932129986
63.8845955693 99.1965134756
63.8516992791 99.2003504979
63.8188368502 99.2044738384
63.7860082305 99.2086314474
63.7532133676 99.2126378496
63.7204522097 99.2163542509
63.6877247047 99.2197159995
63.6550308008 99.2227477118
63.6223704464 99.2255287673
63.5897435897 99.2281812063
63.5571501794 99.2308346643
63.5245901639 99.2335929108
63.4920634921 99.2365052228
63.4595701126 99.2395937515
63.4271099744 99.2428120040
63.3946830266 99.2461197660
63.3622892182 99.2494560325
63.3299284985 99.2527456304
63.2976008167 99.2559199943
63.2653061224 99.2588825096
63.2330443651 99.2615359693
63.2008154944 99.2637964471
63.1686194600 99.2656139173
63.1364562118 99.2669382642
63.1043256997 99.2677606683
63.0722278739 99.2680517991
63.0401626843 99.2677890970
63.0081300813 99.2669426017
62.9761300152 99.2654889486
62.9441624365 99.2634594120
62.9122272958 99.2609472330
62.8803245436 99.2581362813
62.8484541308 99.2553017161
62.8166160081 99.2527415698
62.7848101266 99.2507488027
62.7530364372 99.2495284846
62.7212948912 99.2491752055
62.6895854398 99.2496657881
62.6579080344 99.2509338723
62.6262626263 99.2528843488
62.5946491671 99.2555112638
62.5630676085 99.2588646947
62.5315179022 99.2630582501
62.5000000000 99.2682069687
62.4685138539 99.2743512645
62.4370594159 99.2814203286
62.4056366381 99.2891895364
62.3742454728 99.2973343563
62.3428858723 99.3054580461
62.3115577889 99.3131951242
62.2802611753 99.3202690721
62.2489959839 99.3265133608
62.2177621676 99.3319082621
62.1865596790 99.3365328204
62.1553884712 99.3405587777
62.1242484970 99.3441664497
62.0931397096 99.3475030856
62.0620620621 99.3506816219
62.0310155078 99.3537173474
62.0000000000 99.3565618400
