0.0100000000 21.2346944302
0.0200000000 51.8890887559
0.0300000000 70.8221902531
0.0400000000 81.1907488068
0.0500000000 87.0923705873
0.0600000000 90.6724972292
0.0700000000 92.9769654346
0.0800000000 94.5362845135
0.0900000000 95.6358060443
0.1000000000 96.4379870317
0.1100000000 97.0401011107
0.1200000000 97.5029939935
0.1300000000 97.8661880080
0.1400000000 98.1562063642
0.1500000000 98.3913606796
0.1600000000 98.5846087324
0.1700000000 98.7453184521
0.1800000000 98.8803899270
0.1900000000 98.9949897376
0.2000000000 99.0930439641
0.2100000000 99.1775767778
0.2200000000 99.2509475125
0.2300000000 99.3150185120
0.2400000000 99.3712759914
0.2500000000 99.4209179763
0.2600000000 99.4649193010
0.2700000000 99.5040796498
0.2800000000 99.5390608092
0.2900000000 99.5704145420
0.3000000000 99.5986046415
0.3100000000 99.6240242973
0.3200000000 99.6470094432
0.3300000000 99.6678493601
0.3400000000 99.6867942371
0.3500000000 99.7040612993
0.3600000000 99.7198384793
0.3700000000 99.7342870083
0.3800000000 99.7475428653
0.3900000000 99.7597174439
0.4000000000 99.7708998383
0.4100000000 99.7811601434
0.4200000000 99.7905524938
0.4300000000 99.7991200503
0.4400000000 99.8068983422
0.4500000000 99.8139180261
0.4600000000 99.8202080487
0.4700000000 99.8257992993
0.4800000000 99.8307276911
0.4900000000 99.8350400783
0.5000000000 99.8388002065
0.5100000000 99.8420943696
0.5200000000 99.8450339149
0.5300000000 99.8477530099
0.5400000000 99.8503990471
0.5500000000 99.8531156344
0.5600000000 99.8560240810
0.5700000000 99.8592061621
0.5800000000 99.8626944490
0.5900000000 99.8664727219
0.6000000000 99.8704828051
0.6100000000 99.8746378186
0.6200000000 99.8788395592
0.6300000000 99.8829924543
0.6400000000 99.8870158982
0.6500000000 99.8908482888
0.6600000000 99.8944484884
0.6700000000 99.8977927575
0.6800000000 99.9008706352
0.6900000000 99.9036820071
0.7000000000 99.9062317267
0.7100000000 99.9085289561
0.7200000000 99.9105836623
0.7300000000 99.9124066019
0.7400000000 99.9140074925
0.7500000000 99.9153952107
0.7600000000 99.9165771213
0.7700000000 99.9175589904
0.7800000000 99.9183453979
0.7900000000 99.9189382663
0.8000000000 99.9193384001
0.8100000000 99.9195451172
0.8200000000 99.9195550242
0.8300000000 99.9193636170
0.8400000000 99.9189634529
0.8500000000 99.9183455120
0.8600000000 99.9174978967
0.8700000000 99.9164066319
0.8800000000 99.9150537078
0.8900000000 99.9134187679
0.9000000000 99.9114774304
0.9100000000 99.9092020776
0.9200000000 99.9065613846
0.9300000000 99.9035191929
0.9400000000 99.9000382981
0.9500000000 99.8960780769
0.9600000000 99.8916008532
0.9700000000 99.8865724289
0.9800000000 99.8809693209
0.9900000000 99.8747870640
1.0000000000 99.8680480467
1.0100000000 99.8608086544
1.0200000000 99.8531657661
1.0300000000 99.8452525832
1.0400000000 99.8372256032
1.0500000000 99.8292450971
1.0600000000 99.8214471385
1.0700000000 99.8139192565
1.0800000000 99.8066831265
1.0900000000 99.7996856747
1.1000000000 99.7928074310
1.1100000000 99.7858798819
1.1200000000 99.7787100328
1.1300000000 99.7710997363
1.1400000000 99.7628552456
1.1500000000 99.7537853980
1.1600000000 99.7437024336
1.1700000000 99.7324310573
1.1800000000 99.7198296493
1.1900000000 99.7058214358
1.2000000000 99.6904268219
1.2100000000 99.6737890697
1.2200000000 99.6561899052
1.2300000000 99.6380452030
1.2400000000 99.6198617187
1.2500000000 99.6021534500
1.2600000000 99.5853153610
1.2700000000 99.5695023864
1.2800000000 99.5545545678
1.2900000000 99.5400240858
1.3000000000 99.5252952222
1.3100000000 99.5097557413
1.3200000000 99.4929694567
1.3300000000 99.4748011629
1.3400000000 99.4554707993
1.3500000000 99.4355237611
1.3600000000 99.4157075808
1.3700000000 99.3967796804
1.3800000000 99.3792934770
1.3900000000 99.3634486834
1.4000000000 99.3490721400
1.4100000000 99.3357517432
1.4200000000 99.3230465947
1.4300000000 99.3106829194
1.4400000000 99.2986286422
1.4500000000 99.2870270705
1.4600000000 99.2760157422
1.4700000000 99.2655255147
1.4800000000 99.2551707258
1.4900000000 99.2442841374
1.5000000000 99.2320978378
1.5100000000 99.2179880686
1.5200000000 99.2016994217
1.5300000000 99.1834806329
1.5400000000 99.1640883125
1.5500000000 99.1446350413
1.5600000000 99.1263018033
1.5700000000 99.1099729236
1.5800000000 99.0959270692
1.5900000000 99.0836980218
1.6000000000 99.0721877394
1.6100000000 99.0599635085
1.6200000000 99.0456357042
1.6300000000 99.0281895808
1.6400000000 99.0072013718
1.6500000000 98.9829250930
1.6600000000 98.9562515782
1.6700000000 98.9285678717
1.6800000000 98.9015335242
1.6900000000 98.8768165774
1.7000000000 98.8558190700
1.7100000000 98.8394393717
1.7200000000 98.8279103626
1.7300000000 98.8207614424
1.7400000000 98.8169167086
1.7500000000 98.8149225013
1.7600000000 98.8132266667
1.7700000000 98.8104247181
1.7800000000 98.8054164488
1.7900000000 98.7974842471
1.8000000000 98.7863340061
1.8100000000 98.7721335148
1.8200000000 98.7555215716
1.8300000000 98.7375370943
1.8400000000 98.7194288120
1.8500000000 98.7023710151
1.8600000000 98.6871902125
1.8700000000 98.6742125460
1.8800000000 98.6633085624
1.8900000000 98.6541033968
1.9000000000 98.6462596221
1.9100000000 98.6396839461
1.9200000000 98.6345658273
1.9300000000 98.6312399473
1.9400000000 98.6299548474
1.9500000000 98.6306859467
1.9600000000 98.6330786957
1.9700000000 98.6365256722
1.9800000000 98.6402988263
1.9900000000 98.6436897809
2.0000000000 98.6461192337
2.0100000000 98.6472477446
2.0200000000 98.6470968611
2.0300000000 98.6461385797
2.0400000000 98.6452816219
2.0500000000 98.6457172768
2.0600000000 98.6486457149
2.0700000000 98.6549829949
2.0800000000 98.6651624341
2.0900000000 98.6790700822
2.1000000000 98.6960950707
2.1100000000 98.7152329776
2.1200000000 98.7352266106
2.1300000000 98.7547457403
2.1400000000 98.7725730533
2.1500000000 98.7877745832
2.1600000000 98.7997881027
2.1700000000 98.8084425843
2.1800000000 98.8139220220
2.1900000000 98.8167297292
2.2000000000 98.8176519048
2.2100000000 98.8176914073
2.2200000000 98.8179244883
2.2300000000 98.8192920965
2.2400000000 98.8223728359
2.2500000000 98.8272468228
2.2600000000 98.8335236113
2.2700000000 98.8405532321
2.2800000000 98.8477334712
2.2900000000 98.8548214289
2.3000000000 98.8621014843
2.3100000000 98.8703505778
2.3200000000 98.8805892188
2.3300000000 98.8936878501
2.3400000000 98.9099831671
2.3500000000 98.9290680249
2.3600000000 98.9498234712
2.3700000000 98.9706731616
2.3800000000 98.9899082863
2.3900000000 99.0059849557
2.4000000000 99.0176926991
2.4100000000 99.0242203157
2.4200000000 99.0251449439
2.4300000000 99.0203961411
2.4400000000 99.0102216142
2.4500000000 98.9951539212
2.4600000000 98.9759826662
2.4700000000 98.9536850796
2.4800000000 98.9293245111
2.4900000000 98.9039023932
2.5000000000 98.8781923686
2.5100000000 98.8525982754
2.5200000000 98.8270550572
2.5300000000 98.8010036315
2.5400000000 98.7734708025
2.5500000000 98.7432231936
2.5600000000 98.7089792070
2.5700000000 98.6696194401
2.5800000000 98.6243564728
2.5900000000 98.5728121732
2.6000000000 98.5150397281
2.6100000000 98.4515098652
2.6200000000 98.3831585034
2.6300000000 98.3115197660
2.6400000000 98.2389478565
2.6500000000 98.1687992640
2.6600000000 98.1054433352
2.6700000000 98.0539491155
2.6800000000 98.0194150485
2.6900000000 98.0060338750
2.7000000000 98.0161407971
2.7100000000 98.0495885888
2.7200000000 98.1036977531
2.7300000000 98.1738172812
2.7400000000 98.2542905171
2.7500000000 98.3394782927
2.7600000000 98.4245400350
2.7700000000 98.5058611321
2.7800000000 98.5811387007
2.7900000000 98.6492609005
2.8000000000 98.7100600741
2.8100000000 98.7640283492
2.8200000000 98.8120326718
2.8300000000 98.8550404893
2.8400000000 98.8939130141
2.8500000000 98.9292689800
2.8600000000 98.9614393560
2.8700000000 98.9904927692
2.8800000000 99.0163255455
2.8900000000 99.0387705109
2.9000000000 99.0577258725
2.9100000000 99.0732433203
2.9200000000 99.0855658251
2.9300000000 99.0950972380
2.9400000000 99.1023163831
2.9500000000 99.1076829302
2.9600000000 99.1115837712
2.9700000000 99.1143397558
2.9800000000 99.1162523480
2.9900000000 99.1176670290
3.0000000000 99.1189739279
3.0100000000 99.1205704996
3.0200000000 99.1227885640
3.0300000000 99.1258485560
3.0400000000 99.1298554916
3.0500000000 99.1348215832
3.0600000000 99.1406893277
3.0700000000 99.1473271109
3.0800000000 99.1545204312
3.0900000000 99.1619824683
3.1000000000 99.1693909734
3.1100000000 99.1764324408
3.1200000000 99.1828384177
3.1300000000 99.1883731390
3.1400000000 99.1928132099
3.1500000000 99.1959059291
3.1600000000 99.1973534510
3.1700000000 99.1968033806
3.1800000000 99.1938749068
3.1900000000 99.1881742975
3.2000000000 99.1793062361
3.2100000000 99.1668955370
3.2200000000 99.1506002340
3.2300000000 99.1301543097
3.2400000000 99.1054098212
3.2500000000 99.0763727110
3.2600000000 99.0432296783
3.2700000000 99.0063374887
3.2800000000 98.9661820066
3.2900000000 98.9232998523
3.3000000000 98.8781806773
3.3100000000 98.8311695757
3.3200000000 98.7824160280
3.3300000000 98.7318908029
3.3400000000 98.6794949184
3.3500000000 98.6252208660
3.3600000000 98.5693233864
3.3700000000 98.5124018346
3.3800000000 98.4553755209
3.3900000000 98.3993593761
3.4000000000 98.3455152874
3.4100000000 98.2949471779
3.4200000000 98.2486942946
3.4300000000 98.2078048431
3.4400000000 98.1734507193
3.4500000000 98.1470199603
3.4600000000 98.1301263428
3.4700000000 98.1244945881
3.4800000000 98.1317023349
3.4900000000 98.1528161755
3.5000000000 98.1880252467
3.5100000000 98.2363787962
3.5200000000 98.2957805681
3.5300000000 98.3632527913
3.5400000000 98.4353909661
3.5500000000 98.5088611082
3.5600000000 98.5807901367
3.5700000000 98.6489655528
3.5800000000 98.7118677457
3.5900000000 98.7685666219
3.6000000000 98.8185887467
3.6100000000 98.8617944929
3.6200000000 98.8983022475
3.6300000000 98.9284496679
3.6400000000 98.9527637386
3.6500000000 98.9719361413
3.6600000000 98.9867671622
3.6700000000 98.9980712542
3.6800000000 99.0065785467
3.6900000000 99.0128195276
3.7000000000 99.0170574862
3.7100000000 99.0192811246
3.7200000000 99.0192455325
3.7300000000 99.0165503661
3.7400000000 99.0107350471
3.7500000000 99.0013557267
3.7600000000 98.9880540855
3.7700000000 98.9705888474
3.7800000000 98.9488476576
3.7900000000 98.9228247617
3.8000000000 98.8926022112
3.8100000000 98.8583402673
3.8200000000 98.8203074079
3.8300000000 98.7789144630
3.8400000000 98.7347607074
3.8500000000 98.6886266784
3.8600000000 98.6414561199
3.8700000000 98.5943257527
3.8800000000 98.5484013430
3.8900000000 98.5048854912
3.9000000000 98.4649232143
3.9100000000 98.4294666282
3.9200000000 98.3991631597
3.9300000000 98.3742984928
3.9400000000 98.3548227032
3.9500000000 98.3404373177
3.9600000000 98.3306167490
3.9700000000 98.3245847341
3.9800000000 98.3212604888
3.9900000000 98.3192889282
4.0000000000 98.3171902070
4.0100000000 98.3135914592
4.0200000000 98.3074401602
4.0300000000 98.2980905216
4.0400000000 98.2852636322
4.0500000000 98.2688897916
4.0600000000 98.2489197773
4.0700000000 98.2251599054
4.0800000000 98.1971760267
4.0900000000 98.1642761228
4.1000000000 98.1255751920
4.1100000000 98.0801486086
4.1200000000 98.0272253600
4.1300000000 97.9664232409
4.1400000000 97.8979603253
4.1500000000 97.8228403338
4.1600000000 97.7429611932
4.1700000000 97.6611282489
4.1800000000 97.5809398261
4.1900000000 97.5064835593
4.2000000000 97.4418147902
4.2100000000 97.3902354774
4.2200000000 97.3535452971
4.2300000000 97.3315512087
4.2400000000 97.3220634445
4.2500000000 97.3214300564
4.2600000000 97.3253922597
4.2700000000 97.3299295823
4.2800000000 97.3318569072
4.2900000000 97.3290830278
4.3000000000 97.3206063507
4.3100000000 97.3063493875
4.3200000000 97.2869304861
4.3300000000 97.2634190488
4.3400000000 97.2371158599
4.3500000000 97.2093313000
4.3600000000 97.1812034155
4.3700000000 97.1535517758
4.3800000000 97.1267943410
4.3900000000 97.1009275050
4.4000000000 97.0755714536
4.4100000000 97.0500665066
4.4200000000 97.0236209672
4.4300000000 96.9954617475
4.4400000000 96.9649725414
4.4500000000 96.9317896056
4.4600000000 96.8958637263
4.4700000000 96.8575254486
4.4800000000 96.8175322307
4.4900000000 96.7770895211
4.5000000000 96.7377153917
4.5100000000 96.7009865545
4.5200000000 96.6682124575
4.5300000000 96.6401797130
4.5400000000 96.6170962982
4.5500000000 96.5987360369
4.5600000000 96.5847544579
4.5700000000 96.5749783818
4.5800000000 96.5695282894
4.5900000000 96.5686617724
4.6000000000 96.5724030777
4.6100000000 96.5801868164
4.6200000000 96.5906950845
4.6300000000 96.6020129070
4.6400000000 96.6120611503
4.6500000000 96.6190844990
4.6600000000 96.6220148376
4.6700000000 96.6205337038
4.6800000000 96.6148739834
4.6900000000 96.6055075905
4.7000000000 96.5929079654
4.7100000000 96.5775382759
4.7200000000 96.5599803786
4.7300000000 96.5411262720
4.7400000000 96.5223117777
4.7500000000 96.5053444865
4.7600000000 96.4923933013
4.7700000000 96.4857484750
4.7800000000 96.4874891301
4.7900000000 96.4990984550
4.8000000000 96.5211095342
4.8100000000 96.5528676159
4.8200000000 96.5924804340
4.8300000000 96.6370266814
4.8400000000 96.6829506433
4.8500000000 96.7265899229
4.8600000000 96.7646630424
4.8700000000 96.7945826161
4.8800000000 96.8145992148
4.8900000000 96.8237780533
4.9000000000 96.8219156238
4.9100000000 96.8094681805
4.9200000000 96.7875452379
4.9300000000 96.7579323082
4.9400000000 96.7230419814
4.9500000000 96.6857302956
4.9600000000 96.6489556906
4.9700000000 96.6153875097
4.9800000000 96.5870874873
4.9900000000 96.5652954467
5.0000000000 96.5503319068
5.0100000000 96.5415674935
5.0200000000 96.5374880870
5.0300000000 96.5359151294
5.0400000000 96.5343530781
5.0500000000 96.5304751773
5.0600000000 96.5225705503
5.0700000000 96.5098509168
5.0800000000 96.4925034058
5.0900000000 96.4714229458
5.1000000000 96.4477348679
5.1100000000 96.4222319664
5.1200000000 96.3949645252
5.1300000000 96.3651481096
5.1400000000 96.3314394824
5.1500000000 96.2925145543
5.1600000000 96.2477237726
5.1700000000 96.1976411505
5.1800000000 96.1443753312
5.1900000000 96.0915758510
5.2000000000 96.0440936162
5.2100000000 96.0073215635
5.2200000000 95.9862660312
5.2300000000 95.9844848736
5.2400000000 96.0031911139
5.2500000000 96.0407856485
5.2600000000 96.0930255106
5.2700000000 96.1538167844
5.2800000000 96.2164178365
5.2900000000 96.2746674639
5.3000000000 96.3239891120
5.3100000000 96.3619641444
5.3200000000 96.3884709599
5.3300000000 96.4054204570
5.3400000000 96.4161640448
5.3500000000 96.4247117428
5.3600000000 96.4348953043
5.3700000000 96.4497174539
5.3800000000 96.4710224098
5.3900000000 96.4995405218
5.4000000000 96.5351604114
5.4100000000 96.5772539371
5.4200000000 96.6248477347
5.4300000000 96.6766760828
5.4400000000 96.7311830945
5.4500000000 96.7866337264
5.4600000000 96.8413821803
5.4700000000 96.8941916961
5.4800000000 96.9444430424
5.4900000000 96.9921284573
5.5000000000 97.0375669676
5.5100000000 97.0810680498
5.5200000000 97.1226294511
5.5300000000 97.1618618393
5.5400000000 97.1980898115
5.5500000000 97.2305698979
5.5600000000 97.2586758833
5.5700000000 97.2819974416
5.5800000000 97.3003257623
5.5900000000 97.3135720565
5.6000000000 97.3216887496
5.6100000000 97.3246184227
5.6200000000 97.3223073454
5.6300000000 97.3147652241
5.6400000000 97.3021676331
5.6500000000 97.2849820760
5.6600000000 97.2640577966
5.6700000000 97.2406074915
5.6800000000 97.2159722354
5.6900000000 97.1912402136
5.7000000000 97.1668659064
5.7100000000 97.1425028460
5.7200000000 97.1171694222
5.7300000000 97.0896565217
5.7400000000 97.0589802667
5.7500000000 97.0246655607
5.7600000000 96.9868357784
5.7700000000 96.9461444473
5.7800000000 96.9036338897
5.7900000000 96.8605635253
5.8000000000 96.8181592046
5.8100000000 96.7772678759
5.8200000000 96.7380509342
5.8300000000 96.6998694296
5.8400000000 96.6615324683
5.8500000000 96.6218433726
5.8600000000 96.5802342005
5.8700000000 96.5372003666
5.8800000000 96.4943314762
5.8900000000 96.4538581613
5.9000000000 96.4178943366
5.9100000000 96.3876506879
5.9200000000 96.3629960282
5.9300000000 96.3425090565
5.9400000000 96.3239692285
5.9500000000 96.3050445537
5.9600000000 96.2839162561
5.9700000000 96.2597343190
5.9800000000 96.2328941010
5.9900000000 96.2051236216
6.0000000000 96.1793985280
6.0100000000 96.1596047794
6.0200000000 96.1499734987
6.0300000000 96.1543109580
6.0400000000 96.1752310465
6.0500000000 96.2135378780
6.0600000000 96.2680254404
6.0700000000 96.3357930779
6.0800000000 96.4129741303
6.0900000000 96.4955746927
6.1000000000 96.5800687427
6.1100000000 96.6635897771
6.1200000000 96.7437879331
6.1300000000 96.8185513715
6.1400000000 96.8858482898
6.1500000000 96.9437481902
6.1600000000 96.9905756406
6.1700000000 97.0251185374
6.1800000000 97.0468046056
6.1900000000 97.0558610896
6.2000000000 97.0534413764
6.2100000000 97.0416712617
6.2200000000 97.0235214896
6.2300000000 97.0024393105
6.2400000000 96.9817292701
6.2500000000 96.9638527023
6.2600000000 96.9499119867
6.2700000000 96.9395355002
6.2800000000 96.9312491677
6.2900000000 96.9231280103
6.3000000000 96.9134195250
6.3100000000 96.9009472721
6.3200000000 96.8851818261
6.3300000000 96.8660551538
6.3400000000 96.8436561612
6.3500000000 96.8178817388
6.3600000000 96.7882199897
6.3700000000 96.7537029657
6.3800000000 96.7130901018
6.3900000000 96.6652034096
6.4000000000 96.6092674287
6.4100000000 96.5451367333
6.4200000000 96.4733109572
6.4300000000 96.3948151248
6.4400000000 96.3110407585
6.4500000000 96.2236886005
6.4600000000 96.1348469282
6.4700000000 96.0471384333
6.4800000000 95.9637543992
6.4900000000 95.8882985829
6.5000000000 95.8243798516
6.5100000000 95.7750164814
6.5200000000 95.7420765420
6.5300000000 95.7258982249
6.5400000000 95.7252618667
6.5500000000 95.7377183829
6.5600000000 95.7601664605
6.5700000000 95.7894938703
6.5800000000 95.8231432571
6.5900000000 95.8593907718
6.6000000000 95.8972987114
6.6100000000 95.9363479035
6.6200000000 95.9759564824
6.6300000000 96.0150488183
6.6400000000 96.0519010410
6.6500000000 96.0842628791
6.6600000000 96.1096977705
6.6700000000 96.1260550162
6.6800000000 96.1319068958
6.6900000000 96.1268833876
6.7000000000 96.1118229589
6.7100000000 96.0887143115
6.7200000000 96.0604778469
6.7300000000 96.0305653244
6.7400000000 96.0024914630
6.7500000000 95.9792513627
6.7600000000 95.9627872344
6.7700000000 95.9535769856
6.7800000000 95.9506005933
6.7900000000 95.9517442580
6.8000000000 95.9545608597
6.8100000000 95.9571329786
6.8200000000 95.9587491908
6.8300000000 95.9600962393
6.8400000000 95.9629851165
6.8500000000 95.9696423550
6.8600000000 95.9818832282
6.8700000000 96.0003552181
6.8800000000 96.0241184336
6.8900000000 96.0506730673
6.9000000000 96.0764072036
6.9100000000 96.0972735179
6.9200000000 96.1094543839
6.9300000000 96.1098270993
6.9400000000 96.0961764515
6.9500000000 96.0672009081
6.9600000000 96.0224694197
6.9700000000 95.9623325567
6.9800000000 95.8878013321
6.9900000000 95.8003671456
7.0000000000 95.7017177900
7.0100000000 95.5934406135
7.0200000000 95.4767864439
7.0300000000 95.3526640528
7.0400000000 95.2218745943
7.0500000000 95.0855754490
7.0600000000 94.9458818955
7.0700000000 94.8063432594
7.0800000000 94.6721186046
7.0900000000 94.5496454578
7.1000000000 94.4457872585
7.1100000000 94.3666060401
7.1200000000 94.3161068085
7.1300000000 94.2953881283
7.1400000000 94.3024158222
7.1500000000 94.3325496880
7.1600000000 94.3795325106
7.1700000000 94.4366328449
7.1800000000 94.4976013089
7.1900000000 94.5571935801
7.2000000000 94.6112709932
7.2100000000 94.6565949889
7.2200000000 94.6905312743
7.2300000000 94.7108381676
7.2400000000 94.7156274290
7.2500000000 94.7034945770
7.2600000000 94.6737195437
7.2700000000 94.6265221007
7.2800000000 94.5632636225
7.2900000000 94.4865151924
7.3000000000 94.3998762259
7.3100000000 94.3075017982
7.3200000000 94.2133931019
7.3300000000 94.1206417959
7.3400000000 94.0309172610
7.3500000000 93.9444441499
7.3600000000 93.8605256632
7.3700000000 93.7784330909
7.3800000000 93.6983329468
7.3900000000 93.6218481644
7.4000000000 93.5520095399
7.4100000000 93.4926949576
7.4200000000 93.4477348382
7.4300000000 93.4200957631
7.4400000000 93.4113617976
7.4500000000 93.4215513962
7.4600000000 93.4492190339
7.4700000000 93.4917063945
7.4800000000 93.5454741253
7.4900000000 93.6064884289
7.5000000000 93.6706771974
7.5100000000 93.7344427053
7.5200000000 93.7952282417
7.5300000000 93.8519441105
7.5400000000 93.9051802056
7.5500000000 93.9570477679
7.5600000000 94.0107857604
7.5700000000 94.0701491437
7.5800000000 94.1386669713
7.5900000000 94.2188182858
7.6000000000 94.3113038634
7.6100000000 94.4146310392
7.6200000000 94.5253053917
7.6300000000 94.6385569006
7.6400000000 94.7493614336
7.6500000000 94.8533549554
7.6600000000 94.9473735027
7.6700000000 95.0295428408
7.6800000000 95.0990819319
7.6900000000 95.1559422974
7.7000000000 95.2005431477
7.7100000000 95.2336168329
7.7200000000 95.2562196099
7.7300000000 95.2697756164
7.7400000000 95.2760932036
7.7500000000 95.2772812023
7.7600000000 95.2755950618
7.7700000000 95.2733507063
7.7800000000 95.2728774872
7.7900000000 95.2765416969
7.8000000000 95.2867180525
7.8100000000 95.3057052668
7.8200000000 95.3355952510
7.8300000000 95.3781613410
7.8400000000 95.4348153564
7.8500000000 95.5064885222
7.8600000000 95.5934277554
7.8700000000 95.6948825237
7.8800000000 95.8088581895
7.8900000000 95.9321377827
7.9000000000 96.0606220659
7.9100000000 96.1898391614
7.9200000000 96.3154478005
7.9300000000 96.4336050695
7.9400000000 96.5411474298
7.9500000000 96.6356574750
7.9600000000 96.7154226225
7.9700000000 96.7793708745
7.9800000000 96.8270377854
7.9900000000 96.8584890777
8.0000000000 96.8742909059
8.0100000000 96.8754285653
8.0200000000 96.8631868767
8.0300000000 96.8390447233
8.0400000000 96.8045734954
8.0500000000 96.7613896059
8.0600000000 96.7111563940
8.0700000000 96.6556302658
8.0800000000 96.5967021018
8.0900000000 96.5364284968
8.1000000000 96.4770311911
8.1100000000 96.4208565420
8.1200000000 96.3702380082
8.1300000000 96.3272422535
8.1400000000 96.2933328766
8.1500000000 96.2690784519
8.1600000000 96.2540209014
8.1700000000 96.2468138107
8.1800000000 96.2456119935
8.1900000000 96.2486118295
8.2000000000 96.2545121550
8.2100000000 96.2627823454
8.2200000000 96.2735865751
8.2300000000 96.2874949060
8.2400000000 96.3050420015
8.2500000000 96.3263887717
8.2600000000 96.3511933911
8.2700000000 96.3787834815
8.2800000000 96.4084390276
8.2900000000 96.4396400838
8.3000000000 96.4721558280
8.3100000000 96.5059750830
8.3200000000 96.5411489692
8.3300000000 96.5776257519
8.3400000000 96.6151145858
8.3500000000 96.6529869405
8.3600000000 96.6902022474
8.3700000000 96.7253629600
8.3800000000 96.7568445254
8.3900000000 96.7830129523
8.4000000000 96.8024455432
8.4100000000 96.8140887375
8.4200000000 96.8172944642
8.4300000000 96.8117986568
8.4400000000 96.7976100328
8.4500000000 96.7749257432
8.4600000000 96.7440460268
8.4700000000 96.7053682210
8.4800000000 96.6594005882
8.4900000000 96.6067473113
8.5000000000 96.5480645837
8.5100000000 96.4839594566
8.5200000000 96.4148802437
8.5300000000 96.3410932427
8.5400000000 96.2626941799
8.5500000000 96.1796799255
8.5600000000 96.0919686854
8.5700000000 95.9994288700
8.5800000000 95.9018596323
8.5900000000 95.7990659323
8.6000000000 95.6910133939
8.6100000000 95.5780759053
8.6200000000 95.4612723545
8.6300000000 95.3423898618
8.6400000000 95.2239662546
8.6500000000 95.1091682922
8.6600000000 95.0015220546
8.6700000000 94.9045969765
8.6800000000 94.8215413376
8.6900000000 94.7545759132
8.7000000000 94.7045951150
8.7100000000 94.6709901349
8.7200000000 94.6517767755
8.7300000000 94.6439186559
8.7400000000 94.6437363858
8.7500000000 94.6473131758
8.7600000000 94.6508655317
8.7700000000 94.6510426654
8.7800000000 94.6450990284
8.7900000000 94.6309118364
8.8000000000 94.6069358095
8.8100000000 94.5722173901
8.8200000000 94.5265628009
8.8300000000 94.4707991684
8.8400000000 94.4069582940
8.8500000000 94.3382506980
8.8600000000 94.2686937871
8.8700000000 94.2025005331
8.8800000000 94.1433772309
8.8900000000 94.0940138354
8.9000000000 94.0557953273
8.9100000000 94.0287598657
8.9200000000 94.0117250180
8.9300000000 94.0024360134
8.9400000000 93.9978216427
8.9500000000 93.9943002346
8.9600000000 93.9881818006
8.9700000000 93.9761569717
8.9800000000 93.9557397044
8.9900000000 93.9255626095
9.0000000000 93.8853675558
9.0100000000 93.8357752969
9.0200000000 93.7778742961
9.0300000000 93.7128997711
9.0400000000 93.6420539501
9.0500000000 93.5665761553
9.0600000000 93.4879990657
9.0700000000 93.4084491072
9.0800000000 93.3307476926
9.0900000000 93.2582763356
9.1000000000 93.1945572239
9.1100000000 93.1428242586
9.1200000000 93.1057597517
9.1300000000 93.0855001126
9.1400000000 93.0838790994
9.1500000000 93.1027318668
9.1600000000 93.1439209460
9.1700000000 93.2090164124
9.1800000000 93.2986169388
9.1900000000 93.4116024379
9.2000000000 93.5446390391
9.2100000000 93.6922852791
9.2200000000 93.8476350169
9.2300000000 94.0033894531
9.2400000000 94.1529247404
9.2500000000 94.2910803613
9.2600000000 94.4144572040
9.2700000000 94.5212231756
9.2800000000 94.6106122740
9.2900000000 94.6823093567
9.3000000000 94.7360479991
9.3100000000 94.7715248047
9.3200000000 94.7885884457
9.3300000000 94.7875399553
9.3400000000 94.7694541118
9.3500000000 94.7364606057
9.3600000000 94.6919017657
9.3700000000 94.6403265134
9.3800000000 94.5871081028
9.3900000000 94.5376770085
9.4000000000 94.4964839793
9.4100000000 94.4661337368
9.4200000000 94.4470279457
9.4300000000 94.4377310136
9.4400000000 94.4358150889
9.4500000000 94.4388791083
9.4600000000 94.4453807560
9.4700000000 94.4552207211
9.4800000000 94.4699932109
9.4900000000 94.4928436892
9.5000000000 94.5278925269
9.5100000000 94.5792044441
9.5200000000 94.6495709650
9.5300000000 94.7395173390
9.5400000000 94.8468194798
9.5500000000 94.9668220800
9.5600000000 95.0933976990
9.5700000000 95.2202107232
9.5800000000 95.3418445006
9.5900000000 95.4545083318
9.6000000000 95.5561907827
9.6100000000 95.6463600418
9.6200000000 95.7253850391
9.6300000000 95.7939283334
9.6400000000 95.8524491658
9.6500000000 95.9009621593
9.6600000000 95.9390205808
9.6700000000 95.9658507050
9.6800000000 95.9806013704
9.6900000000 95.9826104715
9.7000000000 95.9716626241
9.7100000000 95.9481474022
9.7200000000 95.9130644851
9.7300000000 95.8678794630
9.7400000000 95.8142146102
9.7500000000 95.7536137964
9.7600000000 95.6873876580
9.7700000000 95.6167412087
9.7800000000 95.5430882075
9.7900000000 95.4685172796
9.8000000000 95.3961249632
9.8100000000 95.3301032396
9.8200000000 95.2753684140
9.8300000000 95.2367309042
9.8400000000 95.2178109344
9.8500000000 95.2200430497
9.8600000000 95.2421403202
9.8700000000 95.2802985286
9.8800000000 95.3289660989
9.8900000000 95.3819682790
9.9000000000 95.4335544174
9.9100000000 95.4791917680
9.9200000000 95.5159978424
9.9300000000 95.5429046688
9.9400000000 95.5605997772
9.9500000000 95.5712531261
9.9600000000 95.5779687502
9.9700000000 95.5840822291
9.9800000000 95.5924163388
9.9900000000 95.6048333377
10.0000000000 95.6221914794
10.0100000000 95.6447487242
10.0200000000 95.6726172155
10.0300000000 95.7061067860
10.0400000000 95.7456290725
10.0500000000 95.7913172458
10.0600000000 95.8425454846
10.0700000000 95.8976757769
10.0800000000 95.9541554381
10.0900000000 96.0090299029
10.1000000000 96.0596069711
10.1100000000 96.1040276557
10.1200000000 96.1415622878
10.1300000000 96.1725080401
10.1400000000 96.1978459459
10.1500000000 96.2187327189
10.1600000000 96.2360656113
10.1700000000 96.2502664928
10.1800000000 96.2613622644
10.1900000000 96.2692597955
10.2000000000 96.2741051911
10.2100000000 96.2764631417
10.2200000000 96.2773262647
10.2300000000 96.2778933187
10.2400000000 96.2792613627
10.2500000000 96.2821525605
10.2600000000 96.2867237192
10.2700000000 96.2924846658
10.2800000000 96.2982850460
10.2900000000 96.3024217714
10.3000000000 96.3027556713
10.3100000000 96.2969614893
10.3200000000 96.2827611334
10.3300000000 96.2582467001
10.3400000000 96.2221434559
10.3500000000 96.1740458326
10.3600000000 96.1145786089
10.3700000000 96.0454411857
10.3800000000 95.9693030957
10.3900000000 95.8895453975
10.4000000000 95.8097905707
10.4100000000 95.7333233413
10.4200000000 95.6625298185
10.4300000000 95.5985472494
10.4400000000 95.5412477249
10.4500000000 95.4895660308
10.4600000000 95.4419973561
10.4700000000 95.3971699376
10.4800000000 95.3542825037
10.4900000000 95.3133471922
10.5000000000 95.2752127480
10.5100000000 95.2413074056
10.5200000000 95.2131794834
10.5300000000 95.1919967163
10.5400000000 95.1780720066
10.5500000000 95.1706447410
10.5600000000 95.1678836174
10.5700000000 95.1671362463
10.5800000000 95.1653036086
10.5900000000 95.1592058327
10.6000000000 95.1459396231
10.6100000000 95.1231734608
10.6200000000 95.0894236862
10.6300000000 95.0443450848
10.6400000000 94.9889922324
10.6500000000 94.9259633788
10.6600000000 94.8593748865
10.6700000000 94.7945038043
10.6800000000 94.7371923663
10.6900000000 94.6930610329
10.7000000000 94.6667064255
10.7100000000 94.6610976643
10.7200000000 94.6772389043
10.7300000000 94.7142276745
10.7400000000 94.7695482660
10.7500000000 94.8395159795
10.7600000000 94.9197916908
10.7700000000 95.0058782072
10.7800000000 95.0935732493
10.7900000000 95.1793799984
10.8000000000 95.2607192616
10.8100000000 95.3359859172
10.8200000000 95.4043974096
10.8300000000 95.4657930471
10.8400000000 95.5203804014
10.8500000000 95.5685312687
10.8600000000 95.6105472117
10.8700000000 95.6464611286
10.8800000000 95.6759262911
10.8900000000 95.6982592580
10.9000000000 95.7126351417
10.9100000000 95.7183190969
10.9200000000 95.7148762412
10.9300000000 95.7023219695
10.9400000000 95.6812024365
10.9500000000 95.6526066872
10.9600000000 95.6180787673
10.9700000000 95.5793783887
10.9800000000 95.5382429481
10.9900000000 95.4962161397
11.0000000000 95.4546438076
11.0100000000 95.4148109830
11.0200000000 95.3780669124
11.0300000000 95.3457993053
11.0400000000 95.3192805754
11.0500000000 95.2994966892
11.0600000000 95.2870274281
11.0700000000 95.2821593907
11.0800000000 95.2850480918
11.0900000000 95.2958983177
11.1000000000 95.3150213688
11.1100000000 95.3428168371
11.1200000000 95.3797009240
11.1300000000 95.4260821507
11.1400000000 95.4823186021
11.1500000000 95.5486858390
11.1600000000 95.6252411681
11.1700000000 95.7116545017
11.1800000000 95.8069729697
11.1900000000 95.9094664022
11.2000000000 96.0167142387
11.2100000000 96.1258565391
11.2200000000 96.2340083424
11.2300000000 96.3386274647
11.2400000000 96.4378440984
11.2500000000 96.5305830025
11.2600000000 96.6165562777
11.2700000000 96.6960947019
11.2800000000 96.7698337420
11.2900000000 96.8384098330
11.3000000000 96.9022065053
11.3100000000 96.9612916786
11.3200000000 97.0154979834
11.3300000000 97.0645844820
11.3400000000 97.1084101106
11.3500000000 97.1470069259
11.3600000000 97.1806022151
11.3700000000 97.2095559416
11.3800000000 97.2343527865
11.3900000000 97.2555794963
11.4000000000 97.2739989919
11.4100000000 97.2905602978
11.4200000000 97.3063895564
11.4300000000 97.3227113815
11.4400000000 97.3406317837
11.4500000000 97.3609415852
11.4600000000 97.3839232061
11.4700000000 97.4092808187
11.4800000000 97.4362095489
11.4900000000 97.4635814046
11.5000000000 97.4901738862
11.5100000000 97.5148996211
11.5200000000 97.5369486596
11.5300000000 97.5557781954
11.5400000000 97.5710381225
11.5500000000 97.5824579080
11.5600000000 97.5897669782
11.5700000000 97.5927212800
11.5800000000 97.5911741300
11.5900000000 97.5852125496
11.6000000000 97.5751962661
11.6100000000 97.5617246960
11.6200000000 97.5455236661
11.6300000000 97.5272746527
11.6400000000 97.5074497965
11.6500000000 97.4862487327
11.6600000000 97.4635953633
11.6700000000 97.4392669490
11.6800000000 97.4130293155
11.6900000000 97.3847454225
11.7000000000 97.3543890605
11.7100000000 97.3220580941
11.7200000000 97.2878952172
11.7300000000 97.2520517225
11.7400000000 97.2146992323
11.7500000000 97.1760051715
11.7600000000 97.1361646940
11.7700000000 97.0954002305
11.7800000000 97.0539688968
11.7900000000 97.0122459913
11.8000000000 96.9708403559
11.8100000000 96.9307681645
11.8200000000 96.8935446353
11.8300000000 96.8611378591
11.8400000000 96.8356828165
11.8500000000 96.8190487040
11.8600000000 96.8124543562
11.8700000000 96.8162301551
11.8800000000 96.8298770491
11.8900000000 96.8522581050
11.9000000000 96.8819293780
11.9100000000 96.9173621952
11.9200000000 96.9570360812
11.9300000000 96.9993944653
11.9400000000 97.0427416693
11.9500000000 97.0852269201
11.9600000000 97.1249342078
11.9700000000 97.1600765661
11.9800000000 97.1892922014
11.9900000000 97.2118726467
12.0000000000 97.2279036968
12.0100000000 97.2382711717
12.0200000000 97.2445057254
12.0300000000 97.2485173939
12.0400000000 97.2522776541
12.0500000000 97.2574694644
12.0600000000 97.2652404789
12.0700000000 97.2759948179
12.0800000000 97.2894012280
12.0900000000 97.3045197525
12.1000000000 97.3200307998
12.1100000000 97.3345210144
12.1200000000 97.3467443378
12.1300000000 97.3557834549
12.1400000000 97.3611341937
12.1500000000 97.3626444484
12.1600000000 97.3604146164
12.1700000000 97.3545829729
12.1800000000 97.3452250499
12.1900000000 97.3322602437
12.2000000000 97.3154655264
12.2100000000 97.2945947699
12.2200000000 97.2694990832
12.2300000000 97.2402740187
12.2400000000 97.2073118002
12.2500000000 97.1712910673
12.2600000000 97.1330453373
12.2700000000 97.0933710267
12.2800000000 97.0529084232
12.2900000000 97.0121344473
12.3000000000 96.9715773096
12.3100000000 96.9320629836
12.3200000000 96.8949277420
12.3300000000 96.8619793814
12.3400000000 96.8351324522
12.3500000000 96.8158862036
12.3600000000 96.8047538495
12.3700000000 96.8009888049
12.3800000000 96.8026908186
12.3900000000 96.8072846496
12.4000000000 96.8121664135
12.4100000000 96.8153342850
12.4200000000 96.8158005904
12.4300000000 96.8137357468
12.4400000000 96.8103674662
12.4500000000 96.8077006069
12.4600000000 96.8080780003
12.4700000000 96.8137151736
12.4800000000 96.8263029016
12.4900000000 96.8467440931
12.5000000000 96.8750431729
12.5100000000 96.9103581644
12.5200000000 96.9512179746
12.5300000000 96.9957760131
12.5400000000 97.0421420683
12.5500000000 97.0885997008
12.5600000000 97.1337264970
12.5700000000 97.1764381343
12.5800000000 97.2158608407
12.5900000000 97.2512787167
12.6000000000 97.2820612389
12.6100000000 97.3076931628
12.6200000000 97.3278919518
12.6300000000 97.3427307428
12.6400000000 97.3526990139
12.6500000000 97.3587376203
12.6600000000 97.3621048025
12.6700000000 97.3642011018
12.6800000000 97.3663617155
12.6900000000 97.3697017100
12.7000000000 97.3751345134
12.7100000000 97.3834520728
12.7200000000 97.3954216593
12.7300000000 97.4117489752
12.7400000000 97.4328973169
12.7500000000 97.4588759338
12.7600000000 97.4891022388
12.7700000000 97.5224501018
12.7800000000 97.5574209546
12.7900000000 97.5923671379
12.8000000000 97.6257065247
12.8100000000 97.6560260402
12.8200000000 97.6821650852
12.8300000000 97.7031754945
12.8400000000 97.7183243912
12.8500000000 97.7270924485
12.8600000000 97.7291668378
12.8700000000 97.7245003865
12.8800000000 97.7133132051
12.8900000000 97.6961692771
12.9000000000 97.6739738835
12.9100000000 97.6479967461
12.9200000000 97.6197989966
12.9300000000 97.5911238484
12.9400000000 97.5636758920
12.9500000000 97.5389122543
12.9600000000 97.5178631679
12.9700000000 97.5010973362
12.9800000000 97.4888025770
12.9900000000 97.4809304137
13.0000000000 97.4773245274
13.0100000000 97.4777389011
13.0200000000 97.4818066833
13.0300000000 97.4890118756
13.0400000000 97.4986862220
13.0500000000 97.5101677381
13.0600000000 97.5229517514
13.0700000000 97.5368771894
13.0800000000 97.5521984804
13.0900000000 97.5695295549
13.1000000000 97.5896335104
13.1100000000 97.6131548888
13.1200000000 97.6404110166
13.1300000000 97.6712158274
13.1400000000 97.7049041436
13.1500000000 97.7403786281
13.1600000000 97.7762758280
13.1700000000 97.8111440481
13.1800000000 97.8436466549
13.1900000000 97.8727011902
13.2000000000 97.8976020677
13.2100000000 97.9180580193
13.2200000000 97.9341736777
13.2300000000 97.9464360986
13.2400000000 97.9556399503
13.2500000000 97.9628127997
13.2600000000 97.9690566574
13.2700000000 97.9753975295
13.2800000000 97.9826186532
13.2900000000 97.9911203036
13.3000000000 98.0009192957
13.3100000000 98.0116816206
13.3200000000 98.0228609143
13.3300000000 98.0338350923
13.3400000000 98.0440479581
13.3500000000 98.0531402660
13.3600000000 98.0610675015
13.3700000000 98.0680854935
13.3800000000 98.0747175646
13.3900000000 98.0815672498
13.4000000000 98.0891755566
13.4100000000 98.0978892827
13.4200000000 98.1078173237
13.4300000000 98.1188457315
13.4400000000 98.1306682296
13.4500000000 98.1429005406
13.4600000000 98.1551499130
13.4700000000 98.1670710491
13.4800000000 98.1784145915
13.4900000000 98.1889856938
13.5000000000 98.1986404756
13.5100000000 98.2072440076
13.5200000000 98.2146703091
13.5300000000 98.2208116948
13.5400000000 98.2255743374
13.5500000000 98.2288552062
13.5600000000 98.2305419757
13.5700000000 98.2304374232
13.5800000000 98.2282961295
13.5900000000 98.2238468203
13.6000000000 98.2169002553
13.6100000000 98.2074489992
13.6200000000 98.1957634585
13.6300000000 98.1823950185
13.6400000000 98.1680232358
13.6500000000 98.1532676874
13.6600000000 98.1384603830
13.6700000000 98.1235382944
13.6800000000 98.1080963770
13.6900000000 98.0915260008
13.7000000000 98.0732363023
13.7100000000 98.0528631480
13.7200000000 98.0303804794
13.7300000000 98.0061409558
13.7400000000 97.9808314289
13.7500000000 97.9553422508
13.7600000000 97.9305884915
13.7700000000 97.9073387982
13.7800000000 97.8860769696
13.7900000000 97.8669659615
13.8000000000 97.8498603152
13.8100000000 97.8344082411
13.8200000000 97.8201640321
13.8300000000 97.8067162700
13.8400000000 97.7938024332
13.8500000000 97.7813674656
13.8600000000 97.7695750871
13.8700000000 97.7587573443
13.8800000000 97.7493684066
13.8900000000 97.7418997746
13.9000000000 97.7367380173
13.9100000000 97.7340588365
13.9200000000 97.7337155291
13.9300000000 97.7351974017
13.9400000000 97.7376834442
13.9500000000 97.7402020036
13.9600000000 97.7418069273
13.9700000000 97.7417605102
13.9800000000 97.7396561806
13.9900000000 97.7354605663
14.0000000000 97.7294496338
14.0100000000 97.7220863859
14.0200000000 97.7138388047
14.0300000000 97.7050059456
14.0400000000 97.6956144141
14.0500000000 97.6854488598
14.0600000000 97.6741844810
14.0700000000 97.6615701914
14.0800000000 97.6475938419
14.0900000000 97.6324997552
14.1000000000 97.6166901691
14.1100000000 97.6005325517
14.1200000000 97.5841802022
14.1300000000 97.5674729154
14.1400000000 97.5499721129
14.1500000000 97.5310939348
14.1600000000 97.5103792378
14.1700000000 97.4877470376
14.1800000000 97.4636092600
14.1900000000 97.4388897915
14.2000000000 97.4148148842
14.2100000000 97.3926095905
14.2200000000 97.3731864934
14.2300000000 97.3569825626
14.2400000000 97.3439741483
14.2500000000 97.3338337416
14.2600000000 97.3261753046
14.2700000000 97.3208272078
14.2800000000 97.3179867880
14.2900000000 97.3181566229
14.3000000000 97.3219790338
14.3100000000 97.3298615875
14.3200000000 97.3417209833
14.3300000000 97.3568149484
14.3400000000 97.3738077428
14.3500000000 97.3910171453
14.3600000000 97.4067005819
14.3700000000 97.4193888244
14.3800000000 97.4281165255
14.3900000000 97.4325759711
14.4000000000 97.4331144956
14.4100000000 97.4306418496
14.4200000000 97.4264130049
14.4300000000 97.4217539588
14.4400000000 97.4177555202
14.4500000000 97.4150283136
14.4600000000 97.4136234938
14.4700000000 97.4130513081
14.4800000000 97.4125331420
14.4900000000 97.4112614940
14.5000000000 97.4086738004
14.5100000000 97.4046095074
14.5200000000 97.3993148829
14.5300000000 97.3932738552
14.5400000000 97.3870405503
14.5500000000 97.3810103642
14.5600000000 97.3753433379
14.5700000000 97.3699511494
14.5800000000 97.3645695484
14.5900000000 97.3588466434
14.6000000000 97.3524422298
14.6100000000 97.3450780487
14.6200000000 97.3366430998
14.6300000000 97.3271856099
14.6400000000 97.3169496832
14.6500000000 97.3062574269
14.6600000000 97.2954296803
14.6700000000 97.2846259105
14.6800000000 97.2737621919
14.6900000000 97.2624589857
14.7000000000 97.2500680966
14.7100000000 97.2357707457
14.7200000000 97.2186709073
14.7300000000 97.1980055067
14.7400000000 97.1732902111
14.7500000000 97.1445870346
14.7600000000 97.1126384999
14.7700000000 97.0789721532
14.7800000000 97.0458048169
14.7900000000 97.0158268246
14.8000000000 96.9918404159
14.8100000000 96.9763363919
14.8200000000 96.9711246692
14.8300000000 96.9769641146
14.8400000000 96.9934536141
14.8500000000 97.0191238889
14.8600000000 97.0517710634
14.8700000000 97.0888746665
14.8800000000 97.1280732055
14.8900000000 97.1674922599
14.9000000000 97.2058900915
14.9100000000 97.2425864020
14.9200000000 97.2772264714
14.9300000000 97.3095545958
14.9400000000 97.3392242502
14.9500000000 97.3658000578
14.9600000000 97.3888425458
14.9700000000 97.4080512747
14.9800000000 97.4233138450
14.9900000000 97.4347235852
15.0000000000 97.4424943474
15.0100000000 97.4469143896
15.0200000000 97.4483409840
15.0300000000 97.4472153904
15.0400000000 97.4441041336
15.0500000000 97.4397158590
15.0600000000 97.4348814118
15.0700000000 97.4305294913
15.0800000000 97.4276203391
15.0900000000 97.4271157917
15.1000000000 97.4298768468
15.1100000000 97.4366018430
15.1200000000 97.4476915538
15.1300000000 97.4631794601
15.1400000000 97.4826656380
15.1500000000 97.5053262617
15.1600000000 97.5300540248
15.1700000000 97.5556093261
15.1800000000 97.5808275181
15.1900000000 97.6047713793
15.2000000000 97.6268603680
15.2100000000 97.6468857385
15.2200000000 97.6649634135
15.2300000000 97.6814591605
15.2400000000 97.6968446457
15.2500000000 97.7115718706
15.2600000000 97.7259416341
15.2700000000 97.7400479201
15.2800000000 97.7537541333
15.2900000000 97.7667741518
15.3000000000 97.7787395922
15.3100000000 97.7892888531
15.3200000000 97.7980630132
15.3300000000 97.8047375353
15.3400000000 97.8090012858
15.3500000000 97.8105777161
15.3600000000 97.8092618517
15.3700000000 97.8049464703
15.3800000000 97.7977120099
15.3900000000 97.7879336622
15.4000000000 97.7764318523
15.4100000000 97.7644879887
15.4200000000 97.7537382194
15.4300000000 97.7459085245
15.4400000000 97.7424184177
15.4500000000 97.7440654042
15.4600000000 97.7507630667
15.4700000000 97.7616046446
15.4800000000 97.7750283026
15.4900000000 97.7892134493
15.5000000000 97.8024630456
15.5100000000 97.8135003096
15.5200000000 97.8216411400
15.5300000000 97.8267971935
15.5400000000 97.8293273288
15.5500000000 97.8298541657
15.5600000000 97.8290939372
15.5700000000 97.8277052652
15.5800000000 97.8262283098
15.5900000000 97.8251097106
15.6000000000 97.8247120762
15.6100000000 97.8253893873
15.6200000000 97.8274496978
15.6300000000 97.8311348774
15.6400000000 97.8364906152
15.6500000000 97.8433157331
15.6600000000 97.8511753060
15.6700000000 97.8594293936
15.6800000000 97.8674030351
15.6900000000 97.8745486826
15.7000000000 97.8805608887
15.7100000000 97.8854620098
15.7200000000 97.8895783756
15.7300000000 97.8934197868
15.7400000000 97.8975661220
15.7500000000 97.9025971382
15.7600000000 97.9090147856
15.7700000000 97.9172917600
15.7800000000 97.9278976631
15.7900000000 97.9413172443
15.8000000000 97.9580132090
15.8100000000 97.9783507884
15.8200000000 98.0024717804
15.8300000000 98.0302480663
15.8400000000 98.0612616025
15.8500000000 98.0948055142
15.8600000000 98.1300013034
15.8700000000 98.1658566132
15.8800000000 98.2013574384
15.8900000000 98.2355338751
15.9000000000 98.2675820740
15.9100000000 98.2969268460
15.9200000000 98.3233356530
15.9300000000 98.3469235935
15.9400000000 98.3681298553
15.9500000000 98.3876387271
15.9600000000 98.4062268335
15.9700000000 98.4246410190
15.9800000000 98.4434808919
15.9900000000 98.4631190959
16.0000000000 98.4836474228
16.0100000000 98.5048962211
16.0200000000 98.5264588991
16.0300000000 98.5478056230
16.0400000000 98.5683673026
16.0500000000 98.5876236635
16.0600000000 98.6051952900
16.0700000000 98.6208446416
16.0800000000 98.6345234322
16.0900000000 98.6463462355
16.1000000000 98.6565812758
16.1100000000 98.6656005986
16.1200000000 98.6738424411
16.1300000000 98.6817602190
16.1400000000 98.6897501129
16.1500000000 98.6980991889
16.1600000000 98.7069561357
16.1700000000 98.7162845843
16.1800000000 98.7259001935
16.1900000000 98.7354863920
16.2000000000 98.7446496962
16.2100000000 98.7530088882
16.2200000000 98.7602186751
16.2300000000 98.7660835059
16.2400000000 98.7705536447
16.2500000000 98.7737329775
16.2600000000 98.7758461057
16.2700000000 98.7771882544
16.2800000000 98.7780745684
16.2900000000 98.7788056580
16.3000000000 98.7796390196
16.3100000000 98.7807652621
16.3200000000 98.7822735854
16.3300000000 98.7842074745
16.3400000000 98.7865808552
16.3500000000 98.7893960905
16.3600000000 98.7927234655
16.3700000000 98.7966288330
16.3800000000 98.8011791102
16.3900000000 98.8063738290
16.4000000000 98.8121156263
16.4100000000 98.8182027989
16.4200000000 98.8243692010
16.4300000000 98.8303001232
16.4400000000 98.8356896692
16.4500000000 98.8402349953
16.4600000000 98.8437339677
16.4700000000 98.8460631688
16.4800000000 98.8472597293
16.4900000000 98.8474932711
16.5000000000 98.8470737802
16.5100000000 98.8463885297
16.5200000000 98.8458629945
16.5300000000 98.8459314382
16.5400000000 98.8469505298
16.5500000000 98.8491987658
16.5600000000 98.8528461417
16.5700000000 98.8579537502
16.5800000000 98.8644841306
16.5900000000 98.8723472277
16.6000000000 98.8813652320
16.6100000000 98.8913127979
16.6200000000 98.9019277454
16.6300000000 98.9129055679
16.6400000000 98.9239390437
16.6500000000 98.9347306380
16.6600000000 98.9450270845
16.6700000000 98.9546321125
16.6800000000 98.9634065024
16.6900000000 98.9712632730
16.7000000000 98.9781734379
16.7100000000 98.9841435370
16.7200000000 98.9892272515
16.7300000000 98.9935256496
16.7400000000 98.9971640150
16.7500000000 99.0002928514
16.7600000000 99.0030756412
16.7700000000 99.0056190753
16.7800000000 99.0079427598
16.7900000000 99.0099663431
16.8000000000 99.0115260806
16.8100000000 99.0123975479
16.8200000000 99.0123539353
16.8300000000 99.0112251290
16.8400000000 99.0089219446
16.8500000000 99.0054782714
16.8600000000 99.0010517758
16.8700000000 98.9959435431
16.8800000000 98.9905333931
16.8900000000 98.9852336326
16.9000000000 98.9804711183
16.9100000000 98.9765930423
16.9200000000 98.9738534721
16.9300000000 98.9724130611
16.9400000000 98.9723439229
16.9500000000 98.9736646598
16.9600000000 98.9763579905
16.9700000000 98.9804185410
16.9800000000 98.9857882490
16.9900000000 98.9923440195
17.0000000000 98.9998550383
17.0100000000 99.0079821657
17.0200000000 99.0163116364
17.0300000000 99.0244085591
17.0400000000 99.0318824185
17.0500000000 99.0384235337
17.0600000000 99.0438220523
17.0700000000 99.0479747832
17.0800000000 99.0508923865
17.0900000000 99.0526281752
17.1000000000 99.0533141240
17.1100000000 99.0530838039
17.1200000000 99.0520834163
17.1300000000 99.0504659909
17.1400000000 99.0484033704
17.1500000000 99.0460864209
17.1600000000 99.0437251557
17.1700000000 99.0414890785
17.1800000000 99.0395250035
17.1900000000 99.0378839452
17.2000000000 99.0365510271
17.2100000000 99.0354381110
17.2200000000 99.0344077749
17.2300000000 99.0333568221
17.2400000000 99.0322171940
17.2500000000 99.0310347683
17.2600000000 99.0299467919
17.2700000000 99.0291584253
17.2800000000 99.0288893566
17.2900000000 99.0292767480
17.3000000000 99.0303497299
17.3100000000 99.0320041512
17.3200000000 99.0340435858
17.3300000000 99.0362329624
17.3400000000 99.0383655176
17.3500000000 99.0402815428
17.3600000000 99.0418993496
17.3700000000 99.0432037203
17.3800000000 99.0442467402
17.3900000000 99.0451175769
17.4000000000 99.0459549375
17.4100000000 99.0469110255
17.4200000000 99.0481212883
17.4300000000 99.0496913637
17.4400000000 99.0516547372
17.4500000000 99.0540022408
17.4600000000 99.0566632382
17.4700000000 99.0595055235
17.4800000000 99.0623650797
17.4900000000 99.0650642532
17.5000000000 99.0674302700
17.5100000000 99.0693256325
17.5200000000 99.0706796155
17.5300000000 99.0714703411
17.5400000000 99.0717556154
17.5500000000 99.0716127227
17.5600000000 99.0711563672
17.5700000000 99.0704960869
17.5800000000 99.0697355154
17.5900000000 99.0689665629
17.6000000000 99.0683241840
17.6100000000 99.0679566693
17.6200000000 99.0680501697
17.6300000000 99.0687555871
17.6400000000 99.0702063816
17.6500000000 99.0724013598
17.6600000000 99.0752768311
17.6700000000 99.0786694852
17.6800000000 99.0823891622
17.6900000000 99.0862564480
17.7000000000 99.0901709468
17.7100000000 99.0940878989
17.7200000000 99.0980616002
17.7300000000 99.1021538597
17.7400000000 99.1064768705
17.7500000000 99.1111005890
17.7600000000 99.1160587297
17.7700000000 99.1213225868
17.7800000000 99.1267951431
17.7900000000 99.1323596178
17.8000000000 99.1378422599
17.8100000000 99.1430867711
17.8200000000 99.1479424228
17.8300000000 99.1522574832
17.8400000000 99.1559047718
17.8500000000 99.1587561128
17.8600000000 99.1607144478
17.8700000000 99.1617008020
17.8800000000 99.1616360900
17.8900000000 99.1604843967
17.9000000000 99.1582221888
17.9100000000 99.1549068559
17.9200000000 99.1506528483
17.9300000000 99.1456945179
17.9400000000 99.1403057177
17.9500000000 99.1347999403
17.9600000000 99.1294423211
17.9700000000 99.1244427050
17.9800000000 99.1199421496
17.9900000000 99.1160187262
18.0000000000 99.1127565333
18.0100000000 99.1102462456
18.0200000000 99.1085977619
18.0300000000 99.1079221210
18.0400000000 99.1082870482
18.0500000000 99.1096977161
18.0600000000 99.1120581881
18.0700000000 99.1152210260
18.0800000000 99.1189614329
18.0900000000 99.1230718456
18.1000000000 99.1273624121
18.1100000000 99.1316990984
18.1200000000 99.1360049231
18.1300000000 99.1402409060
18.1400000000 99.1443559656
18.1500000000 99.1482670982
18.1600000000 99.1518842039
18.1700000000 99.1551038827
18.1800000000 99.1578601901
18.1900000000 99.1601314855
18.2000000000 99.1619156718
18.2100000000 99.1632554244
18.2200000000 99.1641558394
18.2300000000 99.1646348146
18.2400000000 99.1646654697
18.2500000000 99.1642205287
18.2600000000 99.1632593508
18.2700000000 99.1617853434
18.2800000000 99.1598719653
18.2900000000 99.1576763307
18.3000000000 99.1554205241
18.3100000000 99.1534180276
18.3200000000 99.1519847083
18.3300000000 99.1514381458
18.3400000000 99.1520405507
18.3500000000 99.1539466178
18.3600000000 99.1572027361
18.3700000000 99.1616944835
18.3800000000 99.1671775297
18.3900000000 99.1733149715
18.4000000000 99.1797222259
18.4100000000 99.1860502174
18.4200000000 99.1920189355
18.4300000000 99.1974371526
18.4400000000 99.2022101698
18.4500000000 99.2063337536
18.4600000000 99.2098366848
18.4700000000 99.2128195397
18.4800000000 99.2154034817
18.4900000000 99.2177043656
18.5000000000 99.2198519966
18.5100000000 99.2219059362
18.5200000000 99.2238548536
18.5300000000 99.2256156215
18.5400000000 99.2270195875
18.5500000000 99.2278705618
18.5600000000 99.2279838307
18.5700000000 99.2272380723
18.5800000000 99.2255704243
18.5900000000 99.2230348118
18.6000000000 99.2197447337
18.6100000000 99.2158666863
18.6200000000 99.2116206935
18.6300000000 99.2072280588
18.6400000000 99.2029116093
18.6500000000 99.1988429535
18.6600000000 99.1951490788
18.6700000000 99.1918523166
18.6800000000 99.1889290327
18.6900000000 99.1862895180
18.7000000000 99.1838364739
18.7100000000 99.1814649053
18.7200000000 99.1790823859
18.7300000000 99.1766546981
18.7400000000 99.1741864441
18.7500000000 99.1717610855
18.7600000000 99.1695349934
18.7700000000 99.1677442961
18.7800000000 99.1666799807
18.7900000000 99.1666152888
18.8000000000 99.1677731262
18.8100000000 99.1702463520
18.8200000000 99.1739633271
18.8300000000 99.1787066105
18.8400000000 99.1841311491
18.8500000000 99.1898756450
18.8600000000 99.1955829223
18.8700000000 99.2009731566
18.8800000000 99.2058707875
18.8900000000 99.2101530974
18.9000000000 99.2137700081
18.9100000000 99.2166916024
18.9200000000 99.2189146468
18.9300000000 99.2204691321
18.9400000000 99.2213853244
18.9500000000 99.2217333767
18.9600000000 99.2216306919
18.9700000000 99.2211951101
18.9800000000 99.2205654830
18.9900000000 99.2198742014
19.0000000000 99.2192547147
19.0100000000 99.2188273209
19.0200000000 99.2187328401
19.0300000000 99.2190929796
19.0400000000 99.2200232974
19.0500000000 99.2216198338
19.0600000000 99.2239525604
19.0700000000 99.2270513216
19.0800000000 99.2309398974
19.0900000000 99.2356086694
19.1000000000 99.2410013826
19.1100000000 99.2470014974
19.1200000000 99.2534114156
19.1300000000 99.2599515887
19.1400000000 99.2663070091
19.1500000000 99.2721337395
19.1600000000 99.2771391241
19.1700000000 99.2810627819
19.1800000000 99.2837304495
19.1900000000 99.2850480715
19.2000000000 99.2849883940
19.2100000000 99.2836387138
19.2200000000 99.2812017639
19.2300000000 99.2779962087
19.2400000000 99.2744510679
19.2500000000 99.2710116763
19.2600000000 99.2681196025
19.2700000000 99.2660902281
19.2800000000 99.2651186479
19.2900000000 99.2652582274
19.3000000000 99.2664804331
19.3100000000 99.2686813899
19.3200000000 99.2717561654
19.3300000000 99.2755852638
19.3400000000 99.2800895018
19.3500000000 99.2851891752
19.3600000000 99.2908386590
19.3700000000 99.2969583096
19.3800000000 99.3034751892
19.3900000000 99.3102682428
19.4000000000 99.3171955781
19.4100000000 99.3240935931
19.4200000000 99.3308117385
19.4300000000 99.3372257714
19.4400000000 99.3432036936
19.4500000000 99.3486884752
19.4600000000 99.3536362930
19.4700000000 99.3580444828
19.4800000000 99.3619721130
19.4900000000 99.3654720045
19.5000000000 99.3686455415
19.5100000000 99.3715809840
19.5200000000 99.3743811365
19.5300000000 99.3771085387
19.5400000000 99.3798052529
19.5500000000 99.3824245081
19.5600000000 99.3848981744
19.5700000000 99.3870955986
19.5800000000 99.3888710250
19.5900000000 99.3901190312
19.6000000000 99.3907950680
19.6100000000 99.3909098680
19.6200000000 99.3905777053
19.6300000000 99.3899690244
19.6400000000 99.3892970981
19.6500000000 99.3887769223
19.6600000000 99.3885625644
19.6700000000 99.3887537559
19.6800000000 99.3893398792
19.6900000000 99.3902475455
19.7000000000 99.3913127211
19.7100000000 99.3923489341
19.7200000000 99.3931616946
19.7300000000 99.3935823985
19.7400000000 99.3935182111
19.7500000000 99.3929448955
19.7600000000 99.3919080222
19.7700000000 99.3905578079
19.7800000000 99.3890596277
19.7900000000 99.3876216146
19.8000000000 99.3864462818
19.8100000000 99.3857025640
19.8200000000 99.3855113780
19.8300000000 99.3859455147
19.8400000000 99.3870009340
19.8500000000 99.3886595581
19.8600000000 99.3908403486
19.8700000000 99.3934404525
19.8800000000 99.3963564540
19.8900000000 99.3994564733
19.9000000000 99.4026284726
19.9100000000 99.4057669104
19.9200000000 99.4088360775
19.9300000000 99.4118000153
19.9400000000 99.4146720466
19.9500000000 99.4174591085
19.9600000000 99.4201541087
19.9700000000 99.4227220082
19.9800000000 99.4251275193
19.9900000000 99.4273211266
20.0000000000 99.4292321854
