0.0100000000 14.1696513044
0.0200000000 39.7847946402
0.0300000000 59.8054969580
0.0400000000 72.5901479891
0.0500000000 80.5603894464
0.0600000000 85.6689448566
0.0700000000 89.0735878896
0.0800000000 91.4306790446
0.0900000000 93.1187237246
0.1000000000 94.3634658435
0.1100000000 95.3045354796
0.1200000000 96.0313467543
0.1300000000 96.6029951358
0.1400000000 97.0596579985
0.1500000000 97.4293450609
0.1600000000 97.7320195149
0.1700000000 97.9821866059
0.1800000000 98.1905630908
0.1900000000 98.3651810319
0.2000000000 98.5121344254
0.2100000000 98.6360948228
0.2200000000 98.7406733395
0.2300000000 98.8286777209
0.2400000000 98.9022970881
0.2500000000 98.9632366259
0.2600000000 99.0128157066
0.2700000000 99.0520410864
0.2800000000 99.0816605129
0.2900000000 99.1022028527
0.3000000000 99.1140048788
0.3100000000 99.1172274424
0.3200000000 99.1118593168
0.3300000000 99.0977108361
0.3400000000 99.0744002608
0.3500000000 99.0413390317
0.3600000000 98.9977215251
0.3700000000 98.9425253728
0.3800000000 98.8745247900
0.3900000000 98.7923191201
0.4000000000 98.6943840872
0.4100000000 98.5791579680
0.4200000000 98.4451821660
0.4300000000 98.2913149829
0.4400000000 98.1170349925
0.4500000000 97.9228303057
0.4600000000 97.7106338952
0.4700000000 97.4842127208
0.4800000000 97.2493744162
0.4900000000 97.0138443142
0.5000000000 96.7867332278
0.5100000000 96.5776310286
0.5200000000 96.3954625177
0.5300000000 96.2472850180
0.5400000000 96.1372183423
0.5500000000 96.0657728352
0.5600000000 96.0298885533
0.5700000000 96.0238789143
0.5800000000 96.0411181504
0.5900000000 96.0759478293
0.6000000000 96.1251302372
0.6100000000 96.1883369571
0.6200000000 96.2675179005
0.6300000000 96.3654123152
0.6400000000 96.4838057613
0.6500000000 96.6222462077
0.6600000000 96.7776832807
0.6700000000 96.9450335898
0.6800000000 97.1182742167
0.6900000000 97.2915467775
0.7000000000 97.4599298908
0.7100000000 97.6197833354
0.7200000000 97.7687487791
0.7300000000 97.9055545097
0.7400000000 98.0297488944
0.7500000000 98.1414456558
0.7600000000 98.2411134877
0.7700000000 98.3294216357
0.7800000000 98.4071300326
0.7900000000 98.4750180444
0.8000000000 98.5338334212
0.8100000000 98.5842548890
0.8200000000 98.6268593222
0.8300000000 98.6620949821
0.8400000000 98.6902659470
0.8500000000 98.7115279417
0.8600000000 98.7258949549
0.8700000000 98.7332569954
0.8800000000 98.7333919220
0.8900000000 98.7259783214
0.9000000000 98.7105984598
0.9100000000 98.6867430971
0.9200000000 98.6538164169
0.9300000000 98.6111533122
0.9400000000 98.5580492000
0.9500000000 98.4938197094
0.9600000000 98.4178953582
0.9700000000 98.3299589065
0.9800000000 98.2301342768
0.9900000000 98.1192088432
1.0000000000 97.9988514786
1.0100000000 97.8717556110
1.0200000000 97.7416093864
1.0300000000 97.6128100611
1.0400000000 97.4899219939
1.0500000000 97.3769920634
1.0600000000 97.2769289807
1.0700000000 97.1911391675
1.0800000000 97.1194903815
1.0900000000 97.0605772332
1.1000000000 97.0121977321
1.1100000000 96.9719223522
1.1200000000 96.9375961257
1.1300000000 96.9075882438
1.1400000000 96.8807166004
1.1500000000 96.8559727459
1.1600000000 96.8323037416
1.1700000000 96.8086513489
1.1800000000 96.7842246565
1.1900000000 96.7587727321
1.2000000000 96.7326113280
1.2100000000 96.7063564511
1.2200000000 96.6805531181
1.2300000000 96.6554843221
1.2400000000 96.6313039438
1.2500000000 96.6083832769
1.2600000000 96.5875940800
1.2700000000 96.5703292874
1.2800000000 96.5582953896
1.2900000000 96.5532945492
1.3000000000 96.5571803584
1.3100000000 96.5719611061
1.3200000000 96.5998635849
1.3300000000 96.6431806444
1.3400000000 96.7039273270
1.3500000000 96.7834389544
1.3600000000 96.8820335196
1.3700000000 96.9987733615
1.3800000000 97.1313512865
1.3900000000 97.2761850050
1.4000000000 97.4287842736
1.4100000000 97.5843436927
1.4200000000 97.7383699558
1.4300000000 97.8871568514
1.4400000000 98.0280137208
1.4500000000 98.1592618456
1.4600000000 98.2800815253
1.4700000000 98.3903055462
1.4800000000 98.4902093876
1.4900000000 98.5803388053
1.5000000000 98.6613802300
1.5100000000 98.7340711740
1.5200000000 98.7991421705
1.5300000000 98.8572820775
1.5400000000 98.9091201486
1.5500000000 98.9552165297
1.5600000000 98.9960612493
1.5700000000 99.0320746691
1.5800000000 99.0636134662
1.5900000000 99.0909760547
1.6000000000 99.1144136605
1.6100000000 99.1341431688
1.6200000000 99.1503602309
1.6300000000 99.1632553452
1.6400000000 99.1730290133
1.6500000000 99.1798989302
1.6600000000 99.1841027984
1.6700000000 99.1858836811
1.6800000000 99.1854710254
1.6900000000 99.1830542119
1.7000000000 99.1787658617
1.7100000000 99.1726781931
1.7200000000 99.1648164893
1.7300000000 99.1551828806
1.7400000000 99.1437826445
1.7500000000 99.1306539416
1.7600000000 99.1158711395
1.7700000000 99.0995275948
1.7800000000 99.0816943504
1.7900000000 99.0623857761
1.8000000000 99.0415616239
1.8100000000 99.0191745025
1.8200000000 98.9952278438
1.8300000000 98.9698119446
1.8400000000 98.9430806500
1.8500000000 98.9151897595
1.8600000000 98.8862457905
1.8700000000 98.8563045251
1.8800000000 98.8254177225
1.8900000000 98.7936787796
1.9000000000 98.7612262894
1.9100000000 98.7282048071
1.9200000000 98.6947111368
1.9300000000 98.6607950037
1.9400000000 98.6265065974
1.9500000000 98.5919584164
1.9600000000 98.5573436458
1.9700000000 98.5228986520
1.9800000000 98.4888656198
1.9900000000 98.4555110018
2.0000000000 98.4232153892
2.0100000000 98.3926008595
2.0200000000 98.3646235585
2.0300000000 98.3406188979
2.0400000000 98.3222907439
2.0500000000 98.3116389148
2.0600000000 98.3107817882
2.0700000000 98.3216788182
2.0800000000 98.3457449252
2.0900000000 98.3834761076
2.1000000000 98.4341840062
2.1100000000 98.4959849524
2.1200000000 98.5660615739
2.1300000000 98.6411402205
2.1400000000 98.7180053312
2.1500000000 98.7938996988
2.1600000000 98.8667330906
2.1700000000 98.9351099114
2.1800000000 98.9982359439
2.1900000000 99.0557845677
2.2000000000 99.1077751479
2.2100000000 99.1544768363
2.2200000000 99.1963385702
2.2300000000 99.2339313151
2.2400000000 99.2678834544
2.2500000000 99.2988123812
2.2600000000 99.3272600166
2.2700000000 99.3536439420
2.2800000000 99.3782479982
2.2900000000 99.4012420748
2.3000000000 99.4227281782
2.3100000000 99.4427826402
2.3200000000 99.4614786189
2.3300000000 99.4788829877
2.3400000000 99.4950413548
2.3500000000 99.5099674547
2.3600000000 99.5236355260
2.3700000000 99.5360026377
2.3800000000 99.5470208997
2.3900000000 99.5566568127
2.4000000000 99.5648977553
2.4100000000 99.5717584720
2.4200000000 99.5772689549
2.4300000000 99.5814790163
2.4400000000 99.5844552693
2.4500000000 99.5862865272
2.4600000000 99.5870947434
2.4700000000 99.5870409656
2.4800000000 99.5863261574
2.4900000000 99.5851842339
2.5000000000 99.5838598219
2.5100000000 99.5825871285
2.5200000000 99.5815505413
2.5300000000 99.5808566107
2.5400000000 99.5805025778
2.5500000000 99.5803576461
2.5600000000 99.5801771616
2.5700000000 99.5796272917
2.5800000000 99.5783396835
2.5900000000 99.5759621612
2.6000000000 99.5721970384
2.6100000000 99.5668329704
2.6200000000 99.5597599723
2.6300000000 99.5509845798
2.6400000000 99.5406351262
2.6500000000 99.5289632557
2.6600000000 99.5163117031
2.6700000000 99.5030680110
2.6800000000 99.4895745999
2.6900000000 99.4760394299
2.7000000000 99.4624796723
2.7100000000 99.4487261575
2.7200000000 99.4344913247
2.7300000000 99.4194928637
2.7400000000 99.4035601910
2.7500000000 99.3867114678
2.7600000000 99.3691554903
2.7700000000 99.3512534354
2.7800000000 99.3334569546
2.7900000000 99.3162663449
2.8000000000 99.3002271895
2.8100000000 99.2859507650
2.8200000000 99.2741252699
2.8300000000 99.2655016428
2.8400000000 99.2608363681
2.8500000000 99.2608101116
2.8600000000 99.2659213668
2.8700000000 99.2763634173
2.8800000000 99.2919322595
2.8900000000 99.3119875508
2.9000000000 99.3355171525
2.9100000000 99.3612943449
2.9200000000 99.3880774965
2.9300000000 99.4147823134
2.9400000000 99.4405925897
2.9500000000 99.4649906253
2.9600000000 99.4877150260
2.9700000000 99.5086940437
2.9800000000 99.5279675047
2.9900000000 99.5456107853
3.0000000000 99.5616939879
3.0100000000 99.5762550021
3.0200000000 99.5893040249
3.0300000000 99.6008378600
3.0400000000 99.6108675903
3.0500000000 99.6194306563
3.0600000000 99.6266000228
3.0700000000 99.6324772080
3.0800000000 99.6371916344
3.0900000000 99.6408912394
3.1000000000 99.6437437826
3.1100000000 99.6459415086
3.1200000000 99.6476937851
3.1300000000 99.6492207494
3.1400000000 99.6507190253
3.1500000000 99.6523345521
3.1600000000 99.6541359671
3.1700000000 99.6561177030
3.1800000000 99.6582043232
3.1900000000 99.6602831617
3.2000000000 99.6622128311
3.2100000000 99.6638431950
3.2200000000 99.6650221370
3.2300000000 99.6656138394
3.2400000000 99.6655002631
3.2500000000 99.6645987057
3.2600000000 99.6628635773
3.2700000000 99.6602916195
3.2800000000 99.6569202665
3.2900000000 99.6528212881
3.3000000000 99.6480907926
3.3100000000 99.6428191768
3.3200000000 99.6370780798
3.3300000000 99.6308906836
3.3400000000 99.6242333163
3.3500000000 99.6170442223
3.3600000000 99.6092562184
3.3700000000 99.6008180471
3.3800000000 99.5917077344
3.3900000000 99.5819270232
3.4000000000 99.5714705125
3.4100000000 99.5602882769
3.4200000000 99.5482575251
3.4300000000 99.5351719976
3.4400000000 99.5207530636
3.4500000000 99.5046865783
3.4600000000 99.4866518438
3.4700000000 99.4663644661
3.4800000000 99.4435904733
3.4900000000 99.4181704020
3.5000000000 99.3900166197
3.5100000000 99.3591178876
3.5200000000 99.3255192098
3.5300000000 99.2892938668
3.5400000000 99.2505076835
3.5500000000 99.2091803579
3.5600000000 99.1652689590
3.5700000000 99.1187112374
3.5800000000 99.0695096276
3.5900000000 99.0178673877
3.6000000000 98.9643334684
3.6100000000 98.9098905059
3.6200000000 98.8559462517
3.6300000000 98.8041746675
3.6400000000 98.7562699748
3.6500000000 98.7136610212
3.6600000000 98.6773171268
3.6700000000 98.6476738403
3.6800000000 98.6246271035
3.6900000000 98.6075582814
3.7000000000 98.5953639531
3.7100000000 98.5865641080
3.7200000000 98.5795564132
3.7300000000 98.5729816540
3.7400000000 98.5661064374
3.7500000000 98.5590748572
3.7600000000 98.5529171088
3.7700000000 98.5492758929
3.7800000000 98.5498737988
3.7900000000 98.5559080796
3.8000000000 98.5675656841
3.8100000000 98.5838985483
3.8200000000 98.6030758930
3.8300000000 98.6229005272
3.8400000000 98.6413554104
3.8500000000 98.6570170677
3.8600000000 98.6692507610
3.8700000000 98.6781904872
3.8800000000 98.6845410843
3.8900000000 98.6892698207
3.9000000000 98.6932362067
3.9100000000 98.6968846089
3.9200000000 98.7000962695
3.9300000000 98.7022307437
3.9400000000 98.7023543822
3.9500000000 98.6994859761
3.9600000000 98.6928073778
3.9700000000 98.6817597742
3.9800000000 98.6660858296
3.9900000000 98.6458582076
4.0000000000 98.6215302326
4.0100000000 98.5939989047
4.0200000000 98.5646204438
4.0300000000 98.5350886178
4.0400000000 98.5071775381
4.0500000000 98.4823970395
4.0600000000 98.4616776246
4.0700000000 98.4452128781
4.0800000000 98.4325169367
4.0900000000 98.4226175544
4.1000000000 98.4142834770
4.1100000000 98.4062418313
4.1200000000 98.3973643377
4.1300000000 98.3868561634
4.1400000000 98.3744327384
4.1500000000 98.3604220922
4.1600000000 98.3457384591
4.1700000000 98.3316938451
4.1800000000 98.3197253933
4.1900000000 98.3110768237
4.2000000000 98.3065492127
4.2100000000 98.3063533404
4.2200000000 98.3100559904
4.2300000000 98.3166051714
4.2400000000 98.3244331332
4.2500000000 98.3316577190
4.2600000000 98.3363458915
4.2700000000 98.3368063649
4.2800000000 98.3318092540
4.2900000000 98.3206776603
4.3000000000 98.3032607103
4.3100000000 98.2797877283
4.3200000000 98.2506681561
4.3300000000 98.2162789662
4.3400000000 98.1767997982
4.3500000000 98.1321238858
4.3600000000 98.0819101966
4.3700000000 98.0257836681
4.3800000000 97.9636705778
4.3900000000 97.8961934138
4.4000000000 97.8249886198
4.4100000000 97.7528212540
4.4200000000 97.6833668739
4.4300000000 97.6206602401
4.4400000000 97.5682839727
4.4500000000 97.5285676068
4.4600000000 97.5020221167
4.4700000000 97.4872602111
4.4800000000 97.4813775720
4.4900000000 97.4806933210
4.5000000000 97.4815676193
4.5100000000 97.4810931202
4.5200000000 97.4774666000
4.5300000000 97.4700261108
4.5400000000 97.4590084079
4.5500000000 97.4451639450
4.5600000000 97.4293710063
4.5700000000 97.4123160515
4.5800000000 97.3942678804
4.5900000000 97.3749090089
4.6000000000 97.3532144415
4.6100000000 97.3274557024
4.6200000000 97.2953916742
4.6300000000 97.2546291536
4.6400000000 97.2031194808
4.6500000000 97.1396234187
4.6600000000 97.0640798894
4.6700000000 96.9778348056
4.6800000000 96.8836615906
4.6900000000 96.7855710197
4.7000000000 96.6883501470
4.7100000000 96.5969069023
4.7200000000 96.5155807852
4.7300000000 96.4475999136
4.7400000000 96.3948893232
4.7500000000 96.3581872299
4.7600000000 96.3373753078
4.7700000000 96.3317964087
4.7800000000 96.3404502885
4.7900000000 96.3620891198
4.8000000000 96.3952719355
4.8100000000 96.4384824908
4.8200000000 96.4902555545
4.8300000000 96.5492343853
4.8400000000 96.6140997503
4.8500000000 96.6833529386
4.8600000000 96.7550837315
4.8700000000 96.8268724649
4.8800000000 96.8959402322
4.8900000000 96.9595617116
4.9000000000 97.0155919708
4.9100000000 97.0629282325
4.9200000000 97.1017341871
4.9300000000 97.1333667746
4.9400000000 97.1600437149
4.9500000000 97.1843195991
4.9600000000 97.2085076437
4.9700000000 97.2341994466
4.9800000000 97.2619924471
4.9900000000 97.2914582036
5.0000000000 97.3213159351
5.0100000000 97.3496920462
5.0200000000 97.3744097097
5.0300000000 97.3932510492
5.0400000000 97.4042326714
5.0500000000 97.4058646517
5.0600000000 97.3973878187
5.0700000000 97.3789236091
5.0800000000 97.3515134483
5.0900000000 97.3169736130
5.1000000000 97.2776048340
5.1100000000 97.2357572208
5.1200000000 97.1933884733
5.1300000000 97.1517098724
5.1400000000 97.1110614334
5.1500000000 97.0709731907
5.1600000000 97.0304083361
5.1700000000 96.9880566752
5.1800000000 96.9426423738
5.1900000000 96.8932669572
5.2000000000 96.8397364044
5.2100000000 96.7828569525
5.2200000000 96.7245105546
5.2300000000 96.6674234008
5.2400000000 96.6145839359
5.2500000000 96.5684828545
5.2600000000 96.5304579257
5.2700000000 96.5003901747
5.2800000000 96.4768221150
5.2900000000 96.4573818559
5.3000000000 96.4393081926
5.3100000000 96.4199357386
5.3200000000 96.3970891031
5.3300000000 96.3693634759
5.3400000000 96.3362839662
5.3500000000 96.2983273244
5.3600000000 96.2568116575
5.3700000000 96.2137327017
5.3800000000 96.1715883422
5.3900000000 96.1332084204
5.4000000000 96.1015958868
5.4100000000 96.0796930680
5.4200000000 96.0700450585
5.4300000000 96.0743594666
5.4400000000 96.0931090775
5.4500000000 96.1253563555
5.4600000000 96.1689362032
5.4700000000 96.2209640281
5.4800000000 96.2784603295
5.4900000000 96.3388011277
5.5000000000 96.3999090395
5.5100000000 96.4602051140
5.5200000000 96.5185402114
5.5300000000 96.5742054827
5.5400000000 96.6270586954
5.5500000000 96.6776393097
5.5600000000 96.7271011513
5.5700000000 96.7769611470
5.5800000000 96.8286703902
5.5900000000 96.8831915368
5.6000000000 96.9407208481
5.6100000000 97.0006314360
5.6200000000 97.0616173345
5.6300000000 97.1219758983
5.6400000000 97.1799724284
5.6500000000 97.2341676419
5.6600000000 97.2836411067
5.6700000000 97.3280459509
5.6800000000 97.3674057835
5.6900000000 97.4017891562
5.7000000000 97.4309400366
5.7100000000 97.4541005620
5.7200000000 97.4700612056
5.7300000000 97.4774556608
5.7400000000 97.4751463756
5.7500000000 97.4625865155
5.7600000000 97.4400579290
5.7700000000 97.4087627422
5.7800000000 97.3707235884
5.7900000000 97.3284859784
5.8000000000 97.2846274310
5.8100000000 97.2411647329
5.8200000000 97.1990869387
5.8300000000 97.1582198715
5.8400000000 97.1175102060
5.8500000000 97.0756357145
5.8600000000 97.0316855324
5.8700000000 96.9856202949
5.8800000000 96.9383775335
5.8900000000 96.8915788771
5.9000000000 96.8470034711
5.9100000000 96.8059947125
5.9200000000 96.7690627958
5.9300000000 96.7357810383
5.9400000000 96.7050207127
5.9500000000 96.6753684702
5.9600000000 96.6455798411
5.9700000000 96.6149672522
5.9800000000 96.5836516460
5.9900000000 96.5526967042
6.0000000000 96.5240825419
6.0100000000 96.5005125286
6.0200000000 96.4850286907
6.0300000000 96.4804690967
6.0400000000 96.4888496416
6.0500000000 96.5108043703
6.0600000000 96.5453170682
6.0700000000 96.5898762998
6.0800000000 96.6410615093
6.0900000000 96.6953372905
6.1000000000 96.7497625344
6.1100000000 96.8023662916
6.1200000000 96.8521563655
6.1300000000 96.8988460119
6.1400000000 96.9424991866
6.1500000000 96.9832556687
6.1600000000 97.0212004681
6.1700000000 97.0563423277
6.1800000000 97.0886549209
6.1900000000 97.1181374411
6.2000000000 97.1448296272
6.2100000000 97.1688226141
6.2200000000 97.1902296980
6.2300000000 97.2091333503
6.2400000000 97.2254871138
6.2500000000 97.2390123649
6.2600000000 97.2491369579
6.2700000000 97.2550361940
6.2800000000 97.2557793548
6.2900000000 97.2505398063
6.3000000000 97.2387638071
6.3100000000 97.2202157453
6.3200000000 97.1949327184
6.3300000000 97.1631141477
6.3400000000 97.1250448287
6.3500000000 97.0810672172
6.3600000000 97.0316094642
6.3700000000 96.9772241389
6.3800000000 96.9186591879
6.3900000000 96.8568940824
6.4000000000 96.7931457075
6.4100000000 96.7288611792
6.4200000000 96.6656696443
6.4300000000 96.6053063417
6.4400000000 96.5494787490
6.4500000000 96.4996812749
6.4600000000 96.4570383524
6.4700000000 96.4221753421
6.4800000000 96.3951839902
6.4900000000 96.3757211140
6.5000000000 96.3631086404
6.5100000000 96.3564484189
6.5200000000 96.3546280744
6.5300000000 96.3562921674
6.5400000000 96.3598222305
6.5500000000 96.3634161043
6.5600000000 96.3652783996
6.5700000000 96.3639120972
6.5800000000 96.3583967508
6.5900000000 96.3485355525
6.6000000000 96.3347723705
6.6100000000 96.3179260397
6.6200000000 96.2988215050
6.6300000000 96.2780260238
6.6400000000 96.2557847270
6.6500000000 96.2321713804
6.6600000000 96.2073285172
6.6700000000 96.1816476276
6.6800000000 96.1558048168
6.6900000000 96.1306493670
6.7000000000 96.1070585013
6.7100000000 96.0857763000
6.7200000000 96.0672785837
6.7300000000 96.0516056194
6.7400000000 96.0382027787
6.7500000000 96.0257808500
6.7600000000 96.0123245744
6.7700000000 95.9952826960
6.7800000000 95.9719616253
6.7900000000 95.9400532012
6.8000000000 95.8981625501
6.8100000000 95.8461901897
6.8200000000 95.7854252299
6.8300000000 95.7183149215
6.8400000000 95.6479125083
6.8500000000 95.5771541080
6.8600000000 95.5081553816
6.8700000000 95.4417156034
6.8800000000 95.3771910658
6.8900000000 95.3128331342
6.9000000000 95.2464906222
6.9100000000 95.1764669714
6.9200000000 95.1022045964
6.9300000000 95.0244959495
6.9400000000 94.9451885385
6.9500000000 94.8665052923
6.9600000000 94.7903375677
6.9700000000 94.7178168866
6.9800000000 94.6493086273
6.9900000000 94.5847148605
7.0000000000 94.5238108888
7.0100000000 94.4663295338
7.0200000000 94.4117451419
7.0300000000 94.3589790044
7.0400000000 94.3062954321
7.0500000000 94.2515884990
7.0600000000 94.1929817696
7.0700000000 94.1294457081
7.0800000000 94.0611600620
7.0900000000 93.9894355848
7.1000000000 93.9162556429
7.1100000000 93.8436180798
7.1200000000 93.7729001166
7.1300000000 93.7044813234
7.1400000000 93.6377233889
7.1500000000 93.5712462634
7.1600000000 93.5033770370
7.1700000000 93.4326192282
7.1800000000 93.3579822221
7.1900000000 93.2791823429
7.2000000000 93.1967290031
7.2100000000 93.1119438668
7.2200000000 93.0269613219
7.2300000000 92.9446126136
7.2400000000 92.8681376307
7.2500000000 92.8006613863
7.2600000000 92.7445949593
7.2700000000 92.7012076881
7.2800000000 92.6705390826
7.2900000000 92.6517442136
7.3000000000 92.6436854841
7.3100000000 92.6455067197
7.3200000000 92.6568924058
7.3300000000 92.6779290982
7.3400000000 92.7086276253
7.3500000000 92.7484432806
7.3600000000 92.7960432685
7.3700000000 92.8494235435
7.3800000000 92.9062704412
7.3900000000 92.9643504612
7.4000000000 93.0217858819
7.4100000000 93.0771827817
7.4200000000 93.1296834902
7.4300000000 93.1789726427
7.4400000000 93.2252640918
7.4500000000 93.2692116040
7.4600000000 93.3116960463
7.4700000000 93.3535466981
7.4800000000 93.3952642970
7.4900000000 93.4368375195
7.5000000000 93.4777484336
7.5100000000 93.5171227091
7.5200000000 93.5540014460
7.5300000000 93.5876804738
7.5400000000 93.6180026396
7.5500000000 93.6456082684
7.5600000000 93.6720777065
7.5700000000 93.6999253431
7.5800000000 93.7323952829
7.5900000000 93.7730555017
7.6000000000 93.8251965490
7.6100000000 93.8912448696
7.6200000000 93.9722953543
7.6300000000 94.0679351644
7.6400000000 94.1763498738
7.6500000000 94.2947039793
7.6600000000 94.4195970810
7.6700000000 94.5474924205
7.6800000000 94.6749471034
7.6900000000 94.7987192912
7.7000000000 94.9158197996
7.7100000000 95.0236750918
7.7200000000 95.1203486780
7.7300000000 95.2047660320
7.7400000000 95.2768460164
7.7500000000 95.3374442203
7.7600000000 95.3881439453
7.7700000000 95.4309624376
7.7800000000 95.4680807045
7.7900000000 95.5016520098
7.8000000000 95.5336678417
7.8100000000 95.5659271962
7.8200000000 95.6000670637
7.8300000000 95.6375868067
7.8400000000 95.6798879011
7.8500000000 95.7281821489
7.8600000000 95.7832592193
7.8700000000 95.8451928146
7.8800000000 95.9131039718
7.8900000000 95.9851751363
7.9000000000 96.0588980143
7.9100000000 96.1314631957
7.9200000000 96.2001267973
7.9300000000 96.2624450449
7.9400000000 96.3163855450
7.9500000000 96.3603167808
7.9600000000 96.3930059236
7.9700000000 96.4136285793
7.9800000000 96.4218795915
7.9900000000 96.4180600742
8.0000000000 96.4031635738
8.0100000000 96.3788539166
8.0200000000 96.3473487267
8.0300000000 96.3112417748
8.0400000000 96.2732913378
8.0500000000 96.2362294823
8.0600000000 96.2025857717
8.0700000000 96.1745595914
8.0800000000 96.1538920033
8.0900000000 96.1418480434
8.1000000000 96.1393092861
8.1100000000 96.1468900363
8.1200000000 96.1649928007
8.1300000000 96.1937139975
8.1400000000 96.2325905579
8.1500000000 96.2804074688
8.1600000000 96.3351629397
8.1700000000 96.3943333478
8.1800000000 96.4553320443
8.1900000000 96.5160375962
8.2000000000 96.5751945424
8.2100000000 96.6325256616
8.2200000000 96.6885763499
8.2300000000 96.7443057611
8.2400000000 96.8006233340
8.2500000000 96.8580438564
8.2600000000 96.9165543323
8.2700000000 96.9757125795
8.2800000000 97.0348986766
8.2900000000 97.0935106804
8.3000000000 97.1510911542
8.3100000000 97.2073192714
8.3200000000 97.2619906718
8.3300000000 97.3149853278
8.3400000000 97.3662428994
8.3500000000 97.4157613744
8.3600000000 97.4635067763
8.3700000000 97.5093352936
8.3800000000 97.5528681020
8.3900000000 97.5934468074
8.4000000000 97.6301609481
8.4100000000 97.6619572547
8.4200000000 97.6877888406
8.4300000000 97.7067557681
8.4400000000 97.7182588930
8.4500000000 97.7221203634
8.4600000000 97.7186523765
8.4700000000 97.7087225637
8.4800000000 97.6937348383
8.4900000000 97.6755332316
8.5000000000 97.6562262987
8.5100000000 97.6379315342
8.5200000000 97.6225002200
8.5300000000 97.6112583540
8.5400000000 97.6048738733
8.5500000000 97.6033129868
8.5600000000 97.6059163641
8.5700000000 97.6115252767
8.5800000000 97.6186091415
8.5900000000 97.6254234290
8.6000000000 97.6301992443
8.6100000000 97.6313798608
8.6200000000 97.6278571528
8.6300000000 97.6191696771
8.6400000000 97.6055741893
8.6500000000 97.5880190179
8.6600000000 97.5679797285
8.6700000000 97.5472451017
8.6800000000 97.5276658570
8.6900000000 97.5109109329
8.7000000000 97.4982667980
8.7100000000 97.4905753238
8.7200000000 97.4882336095
8.7300000000 97.4912928434
8.7400000000 97.4995336573
8.7500000000 97.5124406405
8.7600000000 97.5291454694
8.7700000000 97.5483897684
8.7800000000 97.5685438315
8.7900000000 97.5877761546
8.8000000000 97.6043162730
8.8100000000 97.6167671570
8.8200000000 97.6243731714
8.8300000000 97.6271700533
8.8400000000 97.6259985908
8.8500000000 97.6223777718
8.8600000000 97.6182998988
8.8700000000 97.6159965463
8.8800000000 97.6176547478
8.8900000000 97.6251587507
8.9000000000 97.6398023603
8.9100000000 97.6621289080
8.9200000000 97.6918323434
8.9300000000 97.7278731737
8.9400000000 97.7686623235
8.9500000000 97.8123121127
8.9600000000 97.8568508463
8.9700000000 97.9003950741
8.9800000000 97.9412688198
8.9900000000 97.9780785701
9.0000000000 98.0097736924
9.0100000000 98.0356699581
9.0200000000 98.0554604954
9.0300000000 98.0692104610
9.0400000000 98.0773259106
9.0500000000 98.0804904789
9.0600000000 98.0796227805
9.0700000000 98.0758207845
9.0800000000 98.0702869471
9.0900000000 98.0642123396
9.1000000000 98.0586410410
9.1100000000 98.0543056096
9.1200000000 98.0515145616
9.1300000000 98.0501617256
9.1400000000 98.0498020195
9.1500000000 98.0498448399
9.1600000000 98.0496482206
9.1700000000 98.0485885839
9.1800000000 98.0460327467
9.1900000000 98.0413158992
9.2000000000 98.0337701705
9.2100000000 98.0227725999
9.2200000000 98.0078285420
9.2300000000 97.9885887873
9.2400000000 97.9648283999
9.2500000000 97.9364379089
9.2600000000 97.9034205347
9.2700000000 97.8659690551
9.2800000000 97.8245331016
9.2900000000 97.7798386843
9.3000000000 97.7328149238
9.3100000000 97.6844407384
9.3200000000 97.6355401719
9.3300000000 97.5866317732
9.3400000000 97.5378577251
9.3500000000 97.4890343095
9.3600000000 97.4397824270
9.3700000000 97.3897318816
9.3800000000 97.3387164595
9.3900000000 97.2869468777
9.4000000000 97.2351103367
9.4100000000 97.1842942681
9.4200000000 97.1358141767
9.4300000000 97.0909231987
9.4400000000 97.0505502793
9.4500000000 97.0151594382
9.4600000000 96.9847139481
9.4700000000 96.9587551451
9.4800000000 96.9365451217
9.4900000000 96.9172000408
9.5000000000 96.8998240241
9.5100000000 96.8835698177
9.5200000000 96.8677128430
9.5300000000 96.8516419890
9.5400000000 96.8348085650
9.5500000000 96.8166459352
9.5600000000 96.7965243076
9.5700000000 96.7737603022
9.5800000000 96.7477237059
9.5900000000 96.7179836010
9.6000000000 96.6844905957
9.6100000000 96.6477043403
9.6200000000 96.6086755944
9.6300000000 96.5689759118
9.6400000000 96.5305136893
9.6500000000 96.4951589734
9.6600000000 96.4643354102
9.6700000000 96.4386337073
9.6800000000 96.4176242873
9.6900000000 96.3999148202
9.7000000000 96.3834347503
9.7100000000 96.3658579414
9.7200000000 96.3451098366
9.7300000000 96.3199106636
9.7400000000 96.2902070791
9.7500000000 96.2574642553
9.7600000000 96.2245854050
9.7700000000 96.1954816061
9.7800000000 96.1742925369
9.7900000000 96.1644633451
9.8000000000 96.1679030162
9.8100000000 96.1844485973
9.8200000000 96.2118236742
9.8300000000 96.2460662311
9.8400000000 96.2823406405
9.8500000000 96.3158733162
9.8600000000 96.3428049178
9.8700000000 96.3607502741
9.8800000000 96.3690219162
9.8900000000 96.3684664575
9.9000000000 96.3610124486
9.9100000000 96.3489889341
9.9200000000 96.3344453591
9.9300000000 96.3186546238
9.9400000000 96.3019476202
9.9500000000 96.2839179750
9.9600000000 96.2638156797
9.9700000000 96.2409701771
9.9800000000 96.2151223099
9.9900000000 96.1865369362
10.0000000000 96.1559651019
10.0100000000 96.1244747677
10.0200000000 96.0932540427
10.0300000000 96.0634839043
10.0400000000 96.0363213593
10.0500000000 96.0129234453
10.0600000000 95.9944449868
10.0700000000 95.9819427758
10.0800000000 95.9761918158
10.0900000000 95.9774728199
10.1000000000 95.9854681917
10.1100000000 95.9993107495
10.1200000000 96.0178209954
10.1300000000 96.0399020681
10.1400000000 96.0649124241
10.1500000000 96.0929077363
10.1600000000 96.1246758669
10.1700000000 96.1614666232
10.1800000000 96.2045482631
10.1900000000 96.2546900413
10.2000000000 96.3117356571
10.2100000000 96.3744775176
10.2200000000 96.4408094584
10.2300000000 96.5081433629
10.2400000000 96.5738476852
10.2500000000 96.6356356609
10.2600000000 96.6917525738
10.2700000000 96.7410684740
10.2800000000 96.7829970069
10.2900000000 96.8174117761
10.3000000000 96.8445500106
10.3100000000 96.8648688600
10.3200000000 96.8789029677
10.3300000000 96.8870611540
10.3400000000 96.8895155869
10.3500000000 96.8860942209
10.3600000000 96.8763834042
10.3700000000 96.8598987020
10.3800000000 96.8363802240
10.3900000000 96.8060753308
10.4000000000 96.7699584861
10.4100000000 96.7298204305
10.4200000000 96.6882230959
10.4300000000 96.6482469143
10.4400000000 96.6130838408
10.4500000000 96.5855011557
10.4600000000 96.5673326300
10.4700000000 96.5590514725
10.4800000000 96.5596800542
10.4900000000 96.5670416614
10.5000000000 96.5783228229
10.5100000000 96.5908139791
10.5200000000 96.6025763590
10.5300000000 96.6127855412
10.5400000000 96.6217295490
10.5500000000 96.6304466962
10.5600000000 96.6401460549
10.5700000000 96.6516018065
10.5800000000 96.6647212796
10.5900000000 96.6783418079
10.6000000000 96.6903840325
10.6100000000 96.6982260723
10.6200000000 96.6991972370
10.6300000000 96.6909943239
10.6400000000 96.6718891391
10.6500000000 96.6407851554
10.6600000000 96.5971072700
10.6700000000 96.5407180301
10.6800000000 96.4718536471
10.6900000000 96.3911086872
10.7000000000 96.2993835040
10.7100000000 96.1977803955
10.7200000000 96.0873671987
10.7300000000 95.9689747590
10.7400000000 95.8430074709
10.7500000000 95.7093885399
10.7600000000 95.5676460575
10.7700000000 95.4170773780
10.7800000000 95.2569870622
10.7900000000 95.0869612748
10.8000000000 94.9071874113
10.8100000000 94.7187994477
10.8200000000 94.5242258332
10.8300000000 94.3273992903
10.8400000000 94.1336092079
10.8500000000 93.9489588637
10.8600000000 93.7794044979
10.8700000000 93.6296503022
10.8800000000 93.5022296490
10.8900000000 93.3971559843
10.9000000000 93.3122113623
10.9100000000 93.2437611896
10.9200000000 93.1877788762
10.9300000000 93.1409033991
10.9400000000 93.1014020256
10.9500000000 93.0698436011
10.9600000000 93.0493136616
10.9700000000 93.0449312733
10.9800000000 93.0626860426
10.9900000000 93.1078925548
11.0000000000 93.1836975895
11.0100000000 93.2901073547
11.0200000000 93.4238441688
11.0300000000 93.5789630633
11.0400000000 93.7479968876
11.0500000000 93.9232677688
11.0600000000 94.0979563670
11.0700000000 94.2666701047
11.0800000000 94.4255355676
11.0900000000 94.5719515322
11.1000000000 94.7042826983
11.1100000000 94.8216354124
11.1200000000 94.9237461861
11.1300000000 95.0108793657
11.1400000000 95.0837612587
11.1500000000 95.1434449655
11.1600000000 95.1911670164
11.1700000000 95.2282238574
11.1800000000 95.2559086391
11.1900000000 95.2754923714
11.2000000000 95.2883319028
11.2100000000 95.2959205584
11.2200000000 95.2999332610
11.2300000000 95.3021903311
11.2400000000 95.3045368199
11.2500000000 95.3085940616
11.2600000000 95.3154651270
11.2700000000 95.3254575517
11.2800000000 95.3379295388
11.2900000000 95.3514170797
11.3000000000 95.3639202982
11.3100000000 95.3733216202
11.3200000000 95.3777389160
11.3300000000 95.3758159314
11.3400000000 95.3668311104
11.3500000000 95.3506781163
11.3600000000 95.3277168309
11.3700000000 95.2986014135
11.3800000000 95.2641735874
11.3900000000 95.2255468285
11.4000000000 95.1843416859
11.4100000000 95.1428945919
11.4200000000 95.1043453152
11.4300000000 95.0724159169
11.4400000000 95.0508970884
11.4500000000 95.0429943166
11.4600000000 95.0507163843
11.4700000000 95.0745483867
11.4800000000 95.1135000406
11.4900000000 95.1654443844
11.5000000000 95.2276062824
11.5100000000 95.2970323503
11.5200000000 95.3708754069
11.5300000000 95.4465486198
11.5400000000 95.5217330787
11.5500000000 95.5943168565
11.5600000000 95.6623942945
11.5700000000 95.7243310338
11.5800000000 95.7788883436
11.5900000000 95.8253808692
11.6000000000 95.8638325764
11.6100000000 95.8950026832
11.6200000000 95.9203479862
11.6300000000 95.9417312858
11.6400000000 95.9610623934
11.6500000000 95.9798600294
11.6600000000 95.9989559684
11.6700000000 96.0183872414
11.6800000000 96.0375811350
11.6900000000 96.0556459322
11.7000000000 96.0717218972
11.7100000000 96.0851609494
11.7200000000 96.0955633149
11.7300000000 96.1025936125
11.7400000000 96.1057219822
11.7500000000 96.1040088198
11.7600000000 96.0960482987
11.7700000000 96.0801533761
11.7800000000 96.0546629537
11.7900000000 96.0182331750
11.8000000000 95.9700242180
11.8100000000 95.9097914748
11.8200000000 95.8378638415
11.8300000000 95.7551343665
11.8400000000 95.6631389987
11.8500000000 95.5642434938
11.8600000000 95.4619402318
11.8700000000 95.3610605382
11.8800000000 95.2677213232
11.8900000000 95.1888109119
11.9000000000 95.1310353359
11.9100000000 95.0998177942
11.9200000000 95.0982890797
11.9300000000 95.1268283844
11.9400000000 95.1831031744
11.9500000000 95.2626658578
11.9600000000 95.3597926571
11.9700000000 95.4683922138
11.9800000000 95.5827136886
11.9900000000 95.6977639729
12.0000000000 95.8094401886
12.0100000000 95.9145109700
12.0200000000 96.0104924089
12.0300000000 96.0955890943
12.0400000000 96.1685916470
12.0500000000 96.2288355337
12.0600000000 96.2761447582
12.0700000000 96.3107895588
12.0800000000 96.3334168385
12.0900000000 96.3450267662
12.1000000000 96.3469405716
12.1100000000 96.3408162220
12.1200000000 96.3286156684
12.1300000000 96.3125153439
12.1400000000 96.2947790074
12.1500000000 96.2775614738
12.1600000000 96.2627647627
12.1700000000 96.2518653693
12.1800000000 96.2457809842
12.1900000000 96.2447970112
12.2000000000 96.2486101196
12.2100000000 96.2564746730
12.2200000000 96.2673631182
12.2300000000 96.2801122900
12.2400000000 96.2934274708
12.2500000000 96.3058606362
12.2600000000 96.3157754498
12.2700000000 96.3214522831
12.2800000000 96.3212524296
12.2900000000 96.3138764407
12.3000000000 96.2986091868
12.3100000000 96.2754342173
12.3200000000 96.2450197565
12.3300000000 96.2085169041
12.3400000000 96.1671721548
12.3500000000 96.1219490878
12.3600000000 96.0732381690
12.3700000000 96.0207722841
12.3800000000 95.9637877095
12.3900000000 95.9012820235
12.4000000000 95.8322943599
12.4100000000 95.7561950812
12.4200000000 95.6729616568
12.4300000000 95.5834909361
12.4400000000 95.4899884114
12.4500000000 95.3962586282
12.4600000000 95.3078797909
12.4700000000 95.2319102632
12.4800000000 95.1761559693
12.4900000000 95.1479204952
12.5000000000 95.1525450643
12.5100000000 95.1922539885
12.5200000000 95.2656211675
12.5300000000 95.3679673922
12.5400000000 95.4923572749
12.5500000000 95.6309864061
12.5600000000 95.7764085985
12.5700000000 95.9223654783
12.5800000000 96.0641232556
12.5900000000 96.1984581617
12.6000000000 96.3233961936
12.6100000000 96.4379551200
12.6200000000 96.5418805648
12.6300000000 96.6353858736
12.6400000000 96.7189194423
12.6500000000 96.7929041173
12.6600000000 96.8575137935
12.6700000000 96.9125494508
12.6800000000 96.9574828095
12.6900000000 96.9915922570
12.7000000000 97.0141905619
12.7100000000 97.0248304624
12.7200000000 97.0234863108
12.7300000000 97.0106110604
12.7400000000 96.9871695973
12.7500000000 96.9546273289
12.7600000000 96.9149281757
12.7700000000 96.8704246040
12.7800000000 96.8238256450
12.7900000000 96.7780197408
12.8000000000 96.7358597365
12.8100000000 96.6998883465
12.8200000000 96.6720014465
12.8300000000 96.6531737623
12.8400000000 96.6432933457
12.8500000000 96.6411814421
12.8600000000 96.6448070462
12.8700000000 96.6516200419
12.8800000000 96.6589151426
12.8900000000 96.6641350629
12.9000000000 96.6651354851
12.9100000000 96.6604037887
12.9200000000 96.6492722789
12.9300000000 96.6320488103
12.9400000000 96.6100212339
12.9500000000 96.5853040557
12.9600000000 96.5604849417
12.9700000000 96.5381605268
12.9800000000 96.5204584800
12.9900000000 96.5087102455
13.0000000000 96.5032992331
13.0100000000 96.5036743377
13.0200000000 96.5085119821
13.0300000000 96.5158613413
13.0400000000 96.5233914269
13.0500000000 96.5286465267
13.0600000000 96.5293659696
13.0700000000 96.5238184543
13.0800000000 96.5110777868
13.0900000000 96.4911905926
13.1000000000 96.4652904450
13.1100000000 96.4355301545
13.1200000000 96.4049826205
13.1300000000 96.3772994621
13.1400000000 96.3561980370
13.1500000000 96.3447432294
13.1600000000 96.3446070465
13.1700000000 96.3556163180
13.1800000000 96.3757787597
13.1900000000 96.4019446784
13.2000000000 96.4308214789
13.2100000000 96.4600222602
13.2200000000 96.4887220034
13.2300000000 96.5178327712
13.2400000000 96.5496055040
13.2500000000 96.5869307039
13.2600000000 96.6324889159
13.2700000000 96.6880874588
13.2800000000 96.7543267667
13.2900000000 96.8305515246
13.3000000000 96.9150257692
13.3100000000 97.0051824881
13.3200000000 97.0979466731
13.3300000000 97.1900239953
13.3400000000 97.2782444607
13.3500000000 97.3598322838
13.3600000000 97.4326605803
13.3700000000 97.4953914787
13.3800000000 97.5474919770
13.3900000000 97.5892067130
13.4000000000 97.6214342317
13.4100000000 97.6456125090
13.4200000000 97.6635614503
13.4300000000 97.6773355419
13.4400000000 97.6890207185
13.4500000000 97.7005391208
13.4600000000 97.7134427301
13.4700000000 97.7287181813
13.4800000000 97.7467156557
13.4900000000 97.7671643247
13.5000000000 97.7892571867
13.5100000000 97.8118456224
13.5200000000 97.8336219188
13.5300000000 97.8533378576
13.5400000000 97.8699474636
13.5500000000 97.8827090473
13.5600000000 97.8911953435
13.5700000000 97.8952371947
13.5800000000 97.8947857465
13.5900000000 97.8897769547
13.6000000000 97.8800548432
13.6100000000 97.8653926409
13.6200000000 97.8455896120
13.6300000000 97.8206076634
13.6400000000 97.7906570874
13.6500000000 97.7562270061
13.6600000000 97.7180447215
13.6700000000 97.6770058298
13.6800000000 97.6340522785
13.6900000000 97.5901244089
13.7000000000 97.5461081701
13.7100000000 97.5028347067
13.7200000000 97.4610845145
13.7300000000 97.4216201251
13.7400000000 97.3851730192
13.7500000000 97.3524251532
13.7600000000 97.3239723841
13.7700000000 97.3002622388
13.7800000000 97.2816588949
13.7900000000 97.2685130718
13.8000000000 97.2612853432
13.8100000000 97.2606098865
13.8200000000 97.2672564447
13.8300000000 97.2820254074
13.8400000000 97.3055537420
13.8500000000 97.3380358249
13.8600000000 97.3789629391
13.8700000000 97.4269363129
13.8800000000 97.4797599683
13.8900000000 97.5346917884
13.9000000000 97.5888582211
13.9100000000 97.6396501444
13.9200000000 97.6849643790
13.9300000000 97.7233720483
13.9400000000 97.7541257205
13.9500000000 97.7771258681
13.9600000000 97.7927940111
13.9700000000 97.8019712808
13.9800000000 97.8057571470
13.9900000000 97.8053224082
14.0000000000 97.8017825404
14.0100000000 97.7960270153
14.0200000000 97.7885907154
14.0300000000 97.7796158628
14.0400000000 97.7688483215
14.0500000000 97.7557303603
14.0600000000 97.7395043171
14.0700000000 97.7193707922
14.0800000000 97.6946813363
14.0900000000 97.6651814978
14.1000000000 97.6312067592
14.1100000000 97.5939137352
14.1200000000 97.5553192362
14.1300000000 97.5181905190
14.1400000000 97.4857040782
14.1500000000 97.4608658574
14.1600000000 97.4459478262
14.1700000000 97.4419954314
14.1800000000 97.4486427393
14.1900000000 97.4642758094
14.2000000000 97.4864439538
14.2100000000 97.5123636595
14.2200000000 97.5393915928
14.2300000000 97.5653828696
14.2400000000 97.5888852207
14.2500000000 97.6092167470
14.2600000000 97.6263937166
14.2700000000 97.6409907568
14.2800000000 97.6539019814
14.2900000000 97.6661122935
14.3000000000 97.6784661592
14.3100000000 97.6915224499
14.3200000000 97.7054811829
14.3300000000 97.7201793667
14.3400000000 97.7351604202
14.3500000000 97.7497451466
14.3600000000 97.7631723898
14.3700000000 97.7747215611
14.3800000000 97.7839015214
14.3900000000 97.7905385652
14.4000000000 97.7948245135
14.4100000000 97.7972323257
14.4200000000 97.7984381730
14.4300000000 97.7991745429
14.4400000000 97.8001745996
14.4500000000 97.8021173507
14.4600000000 97.8056026260
14.4700000000 97.8110659095
14.4800000000 97.8187369304
14.4900000000 97.8286279108
14.5000000000 97.8405560642
14.5100000000 97.8541765626
14.5200000000 97.8690667568
14.5300000000 97.8847155453
14.5400000000 97.9005826803
14.5500000000 97.9160840093
14.5600000000 97.9306353558
14.5700000000 97.9436782820
14.5800000000 97.9547456729
14.5900000000 97.9634679490
14.6000000000 97.9695794450
14.6100000000 97.9729292011
14.6200000000 97.9734367128
14.6300000000 97.9711216148
14.6400000000 97.9661145840
14.6500000000 97.9587232969
14.6600000000 97.9494792264
14.6700000000 97.9390741202
14.6800000000 97.9283457541
14.6900000000 97.9181976597
14.7000000000 97.9095388111
14.7100000000 97.9032638328
14.7200000000 97.9001782251
14.7300000000 97.9008616189
14.7400000000 97.9055148159
14.7500000000 97.9138284327
14.7600000000 97.9249716471
14.7700000000 97.9377489898
14.7800000000 97.9507736019
14.7900000000 97.9627615969
14.8000000000 97.9727428283
14.8100000000 97.9802593555
14.8200000000 97.9854279731
14.8300000000 97.9889468810
14.8400000000 97.9919172931
14.8500000000 97.9956071284
14.8600000000 98.0011339614
14.8700000000 98.0091710198
14.8800000000 98.0197768126
14.8900000000 98.0323826135
14.9000000000 98.0459496799
14.9100000000 98.0592117173
14.9200000000 98.0709108563
14.9300000000 98.0799542246
14.9400000000 98.0854739652
14.9500000000 98.0868254364
14.9600000000 98.0835326444
14.9700000000 98.0752735374
14.9800000000 98.0618703950
14.9900000000 98.0433833398
15.0000000000 98.0201737752
15.0100000000 97.9929071034
15.0200000000 97.9624916822
15.0300000000 97.9299194103
15.0400000000 97.8960996429
15.0500000000 97.8617792519
15.0600000000 97.8274735674
15.0700000000 97.7935319158
15.0800000000 97.7602086220
15.0900000000 97.7277664851
15.1000000000 97.6965749979
15.1100000000 97.6672001369
15.1200000000 97.6404523056
15.1300000000 97.6173588695
15.1400000000 97.5990375702
15.1500000000 97.5865116718
15.1600000000 97.5804717320
15.1700000000 97.5811906266
15.1800000000 97.5884358048
15.1900000000 97.6015379909
15.2000000000 97.6194737534
15.2100000000 97.6410332111
15.2200000000 97.6650152125
15.2300000000 97.6904260656
15.2400000000 97.7166552482
15.2500000000 97.7435176324
15.2600000000 97.7711870041
15.2700000000 97.8000009948
15.2800000000 97.8302002704
15.2900000000 97.8617519558
15.3000000000 97.8942609188
15.3100000000 97.9270161896
15.3200000000 97.9591349513
15.3300000000 97.9896931376
15.3400000000 98.0178419362
15.3500000000 98.0428945991
15.3600000000 98.0643707626
15.3700000000 98.0820151667
15.3800000000 98.0958525714
15.3900000000 98.1062226122
15.4000000000 98.1137879230
15.4100000000 98.1194785852
15.4200000000 98.1244044604
15.4300000000 98.1296588189
15.4400000000 98.1361691939
15.4500000000 98.1445126189
15.4600000000 98.1548800683
15.4700000000 98.1671098404
15.4800000000 98.1807317988
15.4900000000 98.1951099411
15.5000000000 98.2095211954
15.5100000000 98.2232465716
15.5200000000 98.2356522537
15.5300000000 98.2462017621
15.5400000000 98.2545108996
15.5500000000 98.2603703257
15.5600000000 98.2637685678
15.5700000000 98.2649531677
15.5800000000 98.2644382028
15.5900000000 98.2629854908
15.6000000000 98.2614934754
15.6100000000 98.2608415106
15.6200000000 98.2617386917
15.6300000000 98.2645594730
15.6400000000 98.2692426431
15.6500000000 98.2753085087
15.6600000000 98.2819301663
15.6700000000 98.2881365681
15.6800000000 98.2929808490
15.6900000000 98.2956770095
15.7000000000 98.2956581000
15.7100000000 98.2925454874
15.7200000000 98.2860638400
15.7300000000 98.2760247873
15.7400000000 98.2622936758
15.7500000000 98.2448610183
15.7600000000 98.2238804618
15.7700000000 98.1997409062
15.7800000000 98.1730130146
15.7900000000 98.1444987708
15.8000000000 98.1151610979
15.8100000000 98.0861410524
15.8200000000 98.0587152171
15.8300000000 98.0341885089
15.8400000000 98.0137373251
15.8500000000 97.9982185775
15.8600000000 97.9879715254
15.8700000000 97.9827479371
15.8800000000 97.9817775214
15.8900000000 97.9839328500
15.9000000000 97.9880108007
15.9100000000 97.9929299977
15.9200000000 97.9978593194
15.9300000000 98.0022765127
15.9400000000 98.0058665479
15.9500000000 98.0084523428
15.9600000000 98.0098793166
15.9700000000 98.0100094367
15.9800000000 98.0087040657
15.9900000000 98.0059016508
16.0000000000 98.0015851735
16.0100000000 97.9957171336
16.0200000000 97.9881505295
16.0300000000 97.9785773078
16.0400000000 97.9665312706
16.0500000000 97.9515463496
16.0600000000 97.9333544673
16.0700000000 97.9121423977
16.0800000000 97.8886763851
16.0900000000 97.8643853619
16.1000000000 97.8411770181
16.1100000000 97.8211820694
16.1200000000 97.8063850828
16.1300000000 97.7983472078
16.1400000000 97.7980816098
16.1500000000 97.8059786972
16.1600000000 97.8218853219
16.1700000000 97.8450894925
16.1800000000 97.8743420132
16.1900000000 97.9078995544
16.2000000000 97.9436613217
16.2100000000 97.9794089930
16.2200000000 98.0131298222
16.2300000000 98.0432613960
16.2400000000 98.0688670123
16.2500000000 98.0896840288
16.2600000000 98.1060815280
16.2700000000 98.1188806649
16.2800000000 98.1291787301
16.2900000000 98.1381248834
16.3000000000 98.1466936080
16.3100000000 98.1555356490
16.3200000000 98.1649164518
16.3300000000 98.1747290478
16.3400000000 98.1846144416
16.3500000000 98.1941063351
16.3600000000 98.2027495094
16.3700000000 98.2102254559
16.3800000000 98.2164223480
16.3900000000 98.2214713713
16.4000000000 98.2257157661
16.4100000000 98.2296783796
16.4200000000 98.2339110369
16.4300000000 98.2388916798
16.4400000000 98.2448867746
16.4500000000 98.2518522113
16.4600000000 98.2594748629
16.4700000000 98.2672328322
16.4800000000 98.2744964098
16.4900000000 98.2806190567
16.5000000000 98.2850064977
16.5100000000 98.2871631452
16.5200000000 98.2867221218
16.5300000000 98.2834465816
16.5400000000 98.2772648050
16.5500000000 98.2682600502
16.5600000000 98.2566489606
16.5700000000 98.2427645445
16.5800000000 98.2270052101
16.5900000000 98.2098004077
16.6000000000 98.1915866244
16.6100000000 98.1727904278
16.6200000000 98.1538617200
16.6300000000 98.1352910224
16.6400000000 98.1176383964
16.6500000000 98.1016089454
16.6600000000 98.0880483735
16.6700000000 98.0779281663
16.6800000000 98.0722909185
16.6900000000 98.0720392669
16.7000000000 98.0777518180
16.7100000000 98.0894958848
16.7200000000 98.1067751410
16.7300000000 98.1286091903
16.7400000000 98.1537817993
16.7500000000 98.1810995855
16.7600000000 98.2095325767
16.7700000000 98.2382643102
16.7800000000 98.2666309343
16.7900000000 98.2939947028
16.8000000000 98.3197031516
16.8100000000 98.3430467264
16.8200000000 98.3633279227
16.8300000000 98.3799309368
16.8400000000 98.3924225604
16.8500000000 98.4006415873
16.8600000000 98.4047079301
16.8700000000 98.4050604181
16.8800000000 98.4023478045
16.8900000000 98.3973775817
16.9000000000 98.3909639422
16.9100000000 98.3838271466
16.9200000000 98.3765040136
16.9300000000 98.3693100063
16.9400000000 98.3623899056
16.9500000000 98.3558389478
16.9600000000 98.3498442654
16.9700000000 98.3447805068
16.9800000000 98.3412841769
16.9900000000 98.3401039702
17.0000000000 98.3419321944
17.0100000000 98.3471634336
17.0200000000 98.3556955349
17.0300000000 98.3668773192
17.0400000000 98.3795896864
17.0500000000 98.3924599249
17.0600000000 98.4040720052
17.0700000000 98.4132221840
17.0800000000 98.4190288754
17.0900000000 98.4210555135
17.1000000000 98.4193264430
17.1100000000 98.4143428534
17.1200000000 98.4070267178
17.1300000000 98.3986467605
17.1400000000 98.3906667846
17.1500000000 98.3844735080
17.1600000000 98.3811145991
17.1700000000 98.3810921898
17.1800000000 98.3842561880
17.1900000000 98.3899281458
17.2000000000 98.3970930826
17.2100000000 98.4046712140
17.2200000000 98.4116984422
17.2300000000 98.4174773932
17.2400000000 98.4216408482
17.2500000000 98.4241612899
17.2600000000 98.4253247519
17.2700000000 98.4256193745
17.2800000000 98.4255936636
17.2900000000 98.4256760786
17.3000000000 98.4260885961
17.3100000000 98.4267783739
17.3200000000 98.4274864214
17.3300000000 98.4278419932
17.3400000000 98.4274338830
17.3500000000 98.4259194497
17.3600000000 98.4230974416
17.3700000000 98.4189033821
17.3800000000 98.4134594854
17.3900000000 98.4070275789
17.4000000000 98.3999862582
17.4100000000 98.3927768320
17.4200000000 98.3858127423
17.4300000000 98.3795083775
17.4400000000 98.3742845222
17.4500000000 98.3706948772
17.4600000000 98.3695068072
17.4700000000 98.3717412661
17.4800000000 98.3785497454
17.4900000000 98.3910542725
17.5000000000 98.4100880398
17.5100000000 98.4359249832
17.5200000000 98.4681886622
17.5300000000 98.5057879557
17.5400000000 98.5471321461
17.5500000000 98.5903434897
17.5600000000 98.6335468359
17.5700000000 98.6751104976
17.5800000000 98.7137726650
17.5900000000 98.7486976263
17.6000000000 98.7794873099
17.6100000000 98.8061009571
17.6200000000 98.8287845491
17.6300000000 98.8479745001
17.6400000000 98.8641812469
17.6500000000 98.8779701731
17.6600000000 98.8898807207
17.6700000000 98.9004197487
17.6800000000 98.9100414216
17.6900000000 98.9191351870
17.7000000000 98.9280364552
17.7100000000 98.9370018547
17.7200000000 98.9462641285
17.7300000000 98.9560016119
17.7400000000 98.9663566402
17.7500000000 98.9773733923
17.7600000000 98.9890095275
17.7700000000 99.0010786999
17.7800000000 99.0132995477
17.7900000000 99.0253503030
17.8000000000 99.0368997108
17.8100000000 99.0476888784
17.8200000000 99.0575444848
17.8300000000 99.0663801587
17.8400000000 99.0741785805
17.8500000000 99.0809543291
17.8600000000 99.0867418687
17.8700000000 99.0915573523
17.8800000000 99.0954178240
17.8900000000 99.0982842367
17.9000000000 99.1000865416
17.9100000000 99.1006914654
17.9200000000 99.0999084436
17.9300000000 99.0975075824
17.9400000000 99.0932764602
17.9500000000 99.0870515873
17.9600000000 99.0786941265
17.9700000000 99.0681337429
17.9800000000 99.0553318800
17.9900000000 99.0402934790
18.0000000000 99.0230735349
18.0100000000 99.0038274180
18.0200000000 98.9828555701
18.0300000000 98.9606102141
18.0400000000 98.9377533336
18.0500000000 98.9151013852
18.0600000000 98.8935381578
18.0700000000 98.8739397603
18.0800000000 98.8570293164
18.0900000000 98.8432881009
18.1000000000 98.8329282480
18.1100000000 98.8258601518
18.1200000000 98.8217341967
18.1300000000 98.8199775104
18.1400000000 98.8198234128
18.1500000000 98.8203734840
18.1600000000 98.8206782411
18.1700000000 98.8198128465
18.1800000000 98.8170169934
18.1900000000 98.8117654824
18.2000000000 98.8039168889
18.2100000000 98.7937410948
18.2200000000 98.7819862231
18.2300000000 98.7698435420
18.2400000000 98.7588491144
18.2500000000 98.7507158495
18.2600000000 98.7470547374
18.2700000000 98.7491085988
18.2800000000 98.7575448201
18.2900000000 98.7723361486
18.3000000000 98.7928363077
18.3100000000 98.8179007575
18.3200000000 98.8460992132
18.3300000000 98.8759743954
18.3400000000 98.9061836532
18.3500000000 98.9356681203
18.3600000000 98.9636760199
18.3700000000 98.9897277119
18.3800000000 99.0136190460
18.3900000000 99.0353267378
18.4000000000 99.0549649048
18.4100000000 99.0727277486
18.4200000000 99.0888575726
18.4300000000 99.1035929471
18.4400000000 99.1171424663
18.4500000000 99.1296644597
18.4600000000 99.1412797975
18.4700000000 99.1520452216
18.4800000000 99.1619719266
18.4900000000 99.1710514284
18.5000000000 99.1792812441
18.5100000000 99.1866911793
18.5200000000 99.1933246516
18.5300000000 99.1992319242
18.5400000000 99.2044383983
18.5500000000 99.2089174083
18.5600000000 99.2125965753
18.5700000000 99.2153311423
18.5800000000 99.2169815085
18.5900000000 99.2173869243
18.6000000000 99.2164440642
18.6100000000 99.2141466747
18.6200000000 99.2105799769
18.6300000000 99.2059344102
18.6400000000 99.2004801594
18.6500000000 99.1945550430
18.6600000000 99.1884855321
18.6700000000 99.1826064176
18.6800000000 99.1772217192
18.6900000000 99.1725842252
18.7000000000 99.1689156258
18.7100000000 99.1663276938
18.7200000000 99.1648410644
18.7300000000 99.1643058717
18.7400000000 99.1644265265
18.7500000000 99.1647931259
18.7600000000 99.1649468755
18.7700000000 99.1644322295
18.7800000000 99.1628435896
18.7900000000 99.1598652170
18.8000000000 99.1552592066
18.8100000000 99.1489119735
18.8200000000 99.1407821070
18.8300000000 99.1309468843
18.8400000000 99.1196223566
18.8500000000 99.1071382221
18.8600000000 99.0939581812
18.8700000000 99.0806207144
18.8800000000 99.0676804175
18.8900000000 99.0556816064
18.9000000000 99.0451177093
18.9100000000 99.0363853745
18.9200000000 99.0297968442
18.9300000000 99.0255466369
18.9400000000 99.0237704435
18.9500000000 99.0244991333
18.9600000000 99.0276780289
18.9700000000 99.0331005807
18.9800000000 99.0403865912
18.9900000000 99.0489871157
19.0000000000 99.0582561977
19.0100000000 99.0675224450
19.0200000000 99.0762032121
19.0300000000 99.0838590908
19.0400000000 99.0901751421
19.0500000000 99.0949687225
19.0600000000 99.0981436290
19.0700000000 99.0997103252
19.0800000000 99.0997857688
19.0900000000 99.0986414968
19.1000000000 99.0967446431
19.1100000000 99.0947058649
19.1200000000 99.0932409100
19.1300000000 99.0930709365
19.1400000000 99.0947950734
19.1500000000 99.0987757497
19.1600000000 99.1050622865
19.1700000000 99.1133680256
19.1800000000 99.1231548435
19.1900000000 99.1336906060
19.2000000000 99.1442571790
19.2100000000 99.1542113078
19.2200000000 99.1631212959
19.2300000000 99.1707759072
19.2400000000 99.1771326538
19.2500000000 99.1822790182
19.2600000000 99.1863378169
19.2700000000 99.1894199799
19.2800000000 99.1916171491
19.2900000000 99.1929736887
19.3000000000 99.1935404919
19.3100000000 99.1933953984
19.3200000000 99.1926708253
19.3300000000 99.1915604751
19.3400000000 99.1902933952
19.3500000000 99.1891404512
19.3600000000 99.1883880382
19.3700000000 99.1882769191
19.3800000000 99.1890016556
19.3900000000 99.1906564184
19.4000000000 99.1932129986
19.4100000000 99.1965134756
19.4200000000 99.2003504979
19.4300000000 99.2044738384
19.4400000000 99.2086314474
19.4500000000 99.2126378496
19.4600000000 99.2163542509
19.4700000000 99.2197159995
19.4800000000 99.2227477118
19.4900000000 99.2255287673
19.5000000000 99.2281812063
19.5100000000 99.2308346643
19.5200000000 99.2335929108
19.5300000000 99.2365052228
19.5400000000 99.2395937515
19.5500000000 99.2428120040
19.5600000000 99.2461197660
19.5700000000 99.2494560325
19.5800000000 99.2527456304
19.5900000000 99.2559199943
19.6000000000 99.2588825096
19.6100000000 99.2615359693
19.6200000000 99.2637964471
19.6300000000 99.2656139173
19.6400000000 99.2669382642
19.6500000000 99.2677606683
19.6600000000 99.2680517991
19.6700000000 99.2677890970
19.6800000000 99.2669426017
19.6900000000 99.2654889486
19.7000000000 99.2634594120
19.7100000000 99.2609472330
19.7200000000 99.2581362813
19.7300000000 99.2553017161
19.7400000000 99.2527415698
19.7500000000 99.2507488027
19.7600000000 99.2495284846
19.7700000000 99.2491752055
19.7800000000 99.2496657881
19.7900000000 99.2509338723
19.8000000000 99.2528843488
19.8100000000 99.2555112638
19.8200000000 99.2588646947
19.8300000000 99.2630582501
19.8400000000 99.2682069687
19.8500000000 99.2743512645
19.8600000000 99.2814203286
19.8700000000 99.2891895364
19.8800000000 99.2973343563
19.8900000000 99.3054580461
19.9000000000 99.3131951242
19.9100000000 99.3202690721
19.9200000000 99.3265133608
19.9300000000 99.3319082621
19.9400000000 99.3365328204
19.9500000000 99.3405587777
19.9600000000 99.3441664497
19.9700000000 99.3475030856
19.9800000000 99.3506816219
19.9900000000 99.3537173474
20.0000000000 99.3565618400
