124000.0000000000 0.0000001517
62000.0000000000 0.0000013618
41333.3333333333 0.0000039818
31000.0000000000 0.0000078955
24800.0000000000 0.0000130477
20666.6666666667 0.0000193962
17714.2857142857 0.0000269258
15500.0000000000 0.0000356290
13777.7777777778 0.0000455327
12400.0000000000 0.0000565768
11272.7272727273 0.0000687871
10333.3333333333 0.0000822046
9538.4615384615 0.0000967488
8857.1428571429 0.0001125065
8266.6666666667 0.0001293832
7750.0000000000 0.0001474801
7294.1176470588 0.0001667482
6888.8888888889 0.0001872507
6526.3157894737 0.0002088645
6200.0000000000 0.0002317197
5904.7619047619 0.0002556788
5636.3636363636 0.0002808865
5391.3043478261 0.0003072721
5166.6666666667 0.0003349203
4960.0000000000 0.0003636653
4769.2307692308 0.0003936801
4592.5925925926 0.0004248798
4428.5714285714 0.0004572645
4275.8620689655 0.0004909367
4133.3333333333 0.0005258010
4000.0000000000 0.0005618573
3875.0000000000 0.0005991056
3757.5757575758 0.0006376627
3647.0588235294 0.0006774190
3542.8571428571 0.0007183743
3444.4444444444 0.0007605288
3351.3513513514 0.0008040133
3263.1578947368 0.0008488386
3179.4871794872 0.0008947390
3100.0000000000 0.0009419873
3024.3902439024 0.0009905940
2952.3809523810 0.0010404211
2883.7209302326 0.0010914685
2818.1818181818 0.0011437363
2755.5555555556 0.0011973838
2695.6521739130 0.0012524217
2638.2978723404 0.0013086941
2583.3333333333 0.0013662010
2530.6122448980 0.0014251160
2480.0000000000 0.0014854498
2431.3725490196 0.0015468515
2384.6153846154 0.0016098634
2339.6226415094 0.0016741310
2296.2962962963 0.0017396544
2254.5454545455 0.0018066284
2214.2857142857 0.0018748653
2175.4385964912 0.0019445670
2137.9310344828 0.0020155386
2101.6949152542 0.0020879892
2066.6666666667 0.0021619295
2032.7868852459 0.0022371538
2000.0000000000 0.0023136623
1968.2539682540 0.0023916781
1937.5000000000 0.0024712119
1907.6923076923 0.0025522743
1878.7878787879 0.0026346421
1850.7462686567 0.0027185527
1823.5294117647 0.0028037756
1797.1014492754 0.0028905556
1771.4285714286 0.0029789032
1746.4788732394 0.0030688290
1722.2222222222 0.0031600885
1698.6301369863 0.0032529404
1675.6756756757 0.0033473954
1653.3333333333 0.0034434641
1631.5789473684 0.0035411570
1610.3896103896 0.0036402120
1589.7435897436 0.0037409054
1569.6202531646 0.0038432479
1550.0000000000 0.0039472502
1530.8641975309 0.0040529229
1512.1951219512 0.0041599859
1493.9759036145 0.0042690276
1476.1904761905 0.0043794738
1458.8235294118 0.0044919272
1441.8604651163 0.0046057992
1425.2873563218 0.0047213982
1409.0909090909 0.0048390470
1393.2584269663 0.0049581355
1377.7777777778 0.0050789830
1362.6373626374 0.0052016001
1347.8260869565 0.0053263235
1333.3333333333 0.0054525151
1319.1489361702 0.0055808414
1305.2631578947 0.0057106500
1291.6666666667 0.0058426217
1278.3505154639 0.0059764338
1265.3061224490 0.0061120969
1252.5252525253 0.0062496216
1240.0000000000 0.0063890186
1227.7227722772 0.0065306566
1215.6862745098 0.0066741952
1203.8834951456 0.0068196450
1192.3076923077 0.0069670167
1180.9523809524 0.0071166931
1169.8113207547 0.0072683196
1158.8785046729 0.0074219070
1148.1481481481 0.0075778487
1137.6146788991 0.0077357795
1127.2727272727 0.0078957100
1117.1171171171 0.0080580444
1107.1428571429 0.0082224069
1097.3451327434 0.0083892087
1087.7192982456 0.0085580669
1078.2608695652 0.0087293999
1068.9655172414 0.0089028175
1059.8290598291 0.0090787452
1050.8474576271 0.0092572044
1042.0168067227 0.0094377943
1033.3333333333 0.0096209509
1024.7933884298 0.0098062666
1016.3934426230 0.0099941844
1008.1300813008 0.0101847258
1000.0000000000 0.0103779118
992.0000000000 0.0105733205
984.1269841270 0.0107714092
976.3779527559 0.0109721993
968.7500000000 0.0111757120
961.2403100775 0.0113819684
953.8461538462 0.0115909899
946.5648854962 0.0118027976
939.3939393939 0.0120174128
932.3308270677 0.0122348568
925.3731343284 0.0124546756
918.5185185185 0.0126783158
911.7647058824 0.0129043734
905.1094890511 0.0131333445
898.5507246377 0.0133657399
892.0863309353 0.0136010985
885.7142857143 0.0138394414
879.4326241135 0.0140807900
873.2394366197 0.0143256689
867.1328671329 0.0145736030
861.1111111111 0.0148251241
855.1724137931 0.0150802640
849.3150684932 0.0153380191
843.5374149660 0.0155999639
837.8378378378 0.0158650911
832.2147651007 0.0161339503
826.6666666667 0.0164060415
821.1920529801 0.0166819213
815.7894736842 0.0169616216
810.4575163399 0.0172451741
805.1948051948 0.0175326107
800.0000000000 0.0178239632
794.8717948718 0.0181192635
789.8089171975 0.0184185433
784.8101265823 0.0187218346
779.8742138365 0.0190291690
775.0000000000 0.0193411457
770.1863354037 0.0196572364
765.4320987654 0.0199774728
760.7361963190 0.0203024646
756.0975609756 0.0206316728
751.5151515152 0.0209657143
746.9879518072 0.0213046315
742.5149700599 0.0216478746
738.0952380952 0.0219960711
733.7278106509 0.0223492635
729.4117647059 0.0227074940
725.1461988304 0.0230708052
720.9302325581 0.0234392395
716.7630057803 0.0238128392
712.6436781609 0.0241916467
708.5714285714 0.0245763249
704.5454545455 0.0249663027
700.5649717514 0.0253622502
696.6292134831 0.0257635891
692.7374301676 0.0261709966
688.8888888889 0.0265845255
685.0828729282 0.0270042288
681.3186813187 0.0274295144
677.5956284153 0.0278617221
673.9130434783 0.0283002631
670.2702702703 0.0287451905
666.6666666667 0.0291972165
663.1016042781 0.0296564047
659.5744680851 0.0301221522
656.0846560847 0.0305945121
652.6315789474 0.0310748841
649.2146596859 0.0315626654
645.8333333333 0.0320579196
642.4870466321 0.0325607101
639.1752577320 0.0330717882
635.8974358974 0.0335912279
632.6530612245 0.0341184087
629.4416243655 0.0346540922
626.2626262626 0.0351983526
623.1155778894 0.0357519693
620.0000000000 0.0363143180
616.9154228856 0.0368854730
613.8613861386 0.0374662240
610.8374384236 0.0380573753
607.8431372549 0.0386575760
604.8780487805 0.0392683533
601.9417475728 0.0398898024
599.0338164251 0.0405212848
596.1538461538 0.0411636223
593.3014354067 0.0418169100
590.4761904762 0.0424819872
587.6777251185 0.0431589598
584.9056603774 0.0438479335
582.1596244131 0.0445490138
579.4392523364 0.0452623066
576.7441860465 0.0459894411
574.0740740741 0.0467290134
571.4285714286 0.0474826670
568.8073394495 0.0482497563
566.2100456621 0.0490319492
563.6363636364 0.0498286037
561.0859728507 0.0506398465
558.5585585586 0.0514673773
556.0538116592 0.0523113441
553.5714285714 0.0531711008
551.1111111111 0.0540475820
548.6725663717 0.0549425366
546.2555066079 0.0558545251
543.8596491228 0.0567853106
541.4847161572 0.0577350619
539.1304347826 0.0587047626
536.7965367965 0.0596945917
534.4827586207 0.0607055505
532.1888412017 0.0617378287
529.9145299145 0.0627924447
527.6595744681 0.0638704313
525.4237288136 0.0649719991
523.2067510549 0.0660973587
521.0084033613 0.0672492496
518.8284518828 0.0684262211
516.6666666667 0.0696310442
514.5228215768 0.0708639714
512.3966942149 0.0721261123
510.2880658436 0.0734177298
508.1967213115 0.0747408151
506.1224489796 0.0760965195
504.0650406504 0.0774860084
502.0242914980 0.0789104613
500.0000000000 0.0803710713
497.9919678715 0.0818699273
496.0000000000 0.0834073758
494.0239043825 0.0849855404
492.0634920635 0.0866065726
490.1185770751 0.0882717563
488.1889763780 0.0899832882
486.2745098039 0.0917433930
484.3750000000 0.0935534167
482.4902723735 0.0954165390
480.6201550388 0.0973341544
478.7644787645 0.0993085883
476.9230769231 0.1013440338
475.0957854406 0.1034428925
473.2824427481 0.1056075935
471.4828897338 0.1078415241
469.6969696970 0.1101490472
467.9245283019 0.1125327060
466.1654135338 0.1149978943
464.4194756554 0.1175481858
462.6865671642 0.1201881436
460.9665427509 0.1229233374
459.2592592593 0.1257584507
457.5645756458 0.1286991801
455.8823529412 0.1317532150
454.2124542125 0.1349264101
452.5547445255 0.1382266260
450.9090909091 0.1416618192
449.2753623188 0.1452400414
447.6534296029 0.1489713985
446.0431654676 0.1528661188
444.4444444444 0.1569365253
442.8571428571 0.1611941006
441.2811387900 0.1656524485
439.7163120567 0.1703273277
438.1625441696 0.1752356860
436.6197183099 0.1803946721
435.0877192982 0.1858266702
433.5664335664 0.1915513006
432.0557491289 0.1975965189
430.5555555556 0.2039895958
429.0657439446 0.2107611802
427.5862068966 0.2179473953
426.1168384880 0.2255868380
424.6575342466 0.2337257619
423.2081911263 0.2424119864
421.7687074830 0.2517042430
420.3389830508 0.2616660913
418.9189189189 0.2723722397
417.5084175084 0.2839055572
416.1073825503 0.2963603258
414.7157190635 0.3098476537
413.3333333333 0.3244914680
411.9601328904 0.3404339625
410.5960264901 0.3578390051
409.2409240924 0.3768913236
407.8947368421 0.3977999341
406.5573770492 0.4208037493
405.2287581699 0.4461621978
403.9087947883 0.4741639831
402.5974025974 0.5051089245
401.2944983819 0.5393035644
400.0000000000 0.5770306111
398.7138263666 0.6185103025
397.4358974359 0.6638448903
396.1661341853 0.7129307541
394.9044585987 0.7653585973
393.6507936508 0.8203016807
392.4050632911 0.8764326902
391.1671924290 0.9319191205
389.9371069182 0.9845674998
388.7147335423 1.0321491031
387.5000000000 1.0728842636
386.2928348910 1.1059362536
385.0931677019 1.1317259094
383.9009287926 1.1519154157
382.7160493827 1.1690684897
381.5384615385 1.1861389469
380.3680981595 1.2059756117
379.2048929664 1.2309600005
378.0487804878 1.2627937867
376.8996960486 1.3023912934
375.7575757576 1.3498003186
374.6223564955 1.4041159898
373.4939759036 1.4634003268
372.3723723724 1.5246506018
371.2574850299 1.5839395670
370.1492537313 1.6368171995
369.0476190476 1.6790101639
367.9525222552 1.7072843005
366.8639053254 1.7202076311
365.7817109145 1.7184880470
364.7058823529 1.7047757348
363.6363636364 1.6830275538
362.5730994152 1.6577159273
361.5160349854 1.6331570817
360.4651162791 1.6130682348
359.4202898551 1.6003674016
358.3815028902 1.5971559833
357.3487031700 1.6047828820
356.3218390805 1.6239319320
355.3008595989 1.6546819120
354.2857142857 1.6965145877
353.2763532764 1.7483010180
352.2727272727 1.8082848040
351.2747875354 1.8741304227
350.2824858757 1.9430823641
349.2957746479 2.0122399421
348.3146067416 2.0789129485
347.3389355742 2.1409788621
346.3687150838 2.1971757182
345.4038997214 2.2473264616
344.4444444444 2.2924562783
343.4903047091 2.3347702676
342.5414364641 2.3773958652
341.5977961433 2.4238936629
340.6593406593 2.4776658772
339.7260273973 2.5414175920
338.7978142077 2.6168127906
337.8746594005 2.7043782270
336.9565217391 2.8035890460
336.0433604336 2.9130452068
335.1351351351 3.0305778756
334.2318059299 3.1531780488
333.3333333333 3.2767924112
332.4396782842 3.3961470341
331.5508021390 3.5049200201
330.6666666667 3.5963957064
329.7872340426 3.6645174010
328.9124668435 3.7049580706
328.0423280423 3.7157965284
327.1767810026 3.6976226911
326.3157894737 3.6532205191
325.4593175853 3.5871295691
324.6073298429 3.5052030298
323.7597911227 3.4141120221
322.9166666667 3.3207228110
322.0779220779 3.2313482238
321.2435233161 3.1510848295
320.4134366925 3.0833723374
319.5876288660 3.0298715722
318.7660668380 2.9906272460
317.9487179487 2.9644645487
317.1355498721 2.9494665376
316.3265306122 2.9434048530
315.5216284987 2.9440015059
314.7208121827 2.9489705851
313.9240506329 2.9559855549
313.1313131313 2.9627385905
312.3425692695 2.9672432725
311.5577889447 2.9682962034
310.7769423559 2.9658976010
310.0000000000 2.9613722931
309.2269326683 2.9570920270
308.4577114428 2.9558992218
307.6923076923 2.9604501756
306.9306930693 2.9727355001
306.1728395062 2.9938718605
305.4187192118 3.0241861091
304.6683046683 3.0634111710
303.9215686275 3.1108304582
303.1784841076 3.1652376241
302.4390243902 3.2247663220
301.7031630170 3.2867940922
300.9708737864 3.3481112030
300.2421307506 3.4054428832
299.5169082126 3.4561251860
298.7951807229 3.4986059728
298.0769230769 3.5324606115
297.3621103118 3.5579472741
296.6507177033 3.5754146458
295.9427207637 3.5849981952
295.2380952381 3.5868182251
294.5368171021 3.5815466314
293.8388625592 3.5709511451
293.1442080378 3.5580301467
292.4528301887 3.5466623039
291.7647058824 3.5409206443
291.0798122066 3.5443583383
290.3981264637 3.5594336615
289.7196261682 3.5871311771
289.0442890443 3.6267451204
288.3720930233 3.6758758547
287.7030162413 3.7307060791
287.0370370370 3.7866325724
286.3741339492 3.8391474567
285.7142857143 3.8847421053
285.0574712644 3.9215359754
284.4036697248 3.9494154360
283.7528604119 3.9697513335
283.1050228311 3.9848755665
282.4601366743 3.9975602304
281.8181818182 4.0105932806
281.1791383220 4.0264640107
280.5429864253 4.0471082882
279.9097065463 4.0735998591
279.2792792793 4.1058043254
278.6516853933 4.1420631708
278.0269058296 4.1790897519
277.4049217002 4.2123029312
276.7857142857 4.2367032323
276.1692650334 4.2481157037
275.5555555556 4.2444038546
274.9445676275 4.2261553483
274.3362831858 4.1965207674
273.7306843267 4.1602726630
273.1277533040 4.1224853069
272.5274725275 4.0873374950
271.9298245614 4.0574238883
271.3347921225 4.0337341171
270.7423580786 4.0161253802
270.1525054466 4.0039944380
269.5652173913 3.9967396240
268.9804772234 3.9938012423
268.3982683983 3.9943192903
267.8185745140 3.9967152778
267.2413793103 3.9985393964
266.6666666667 3.9968067206
266.0944206009 3.9887744218
265.5246252677 3.9728978190
264.9572649573 3.9495646780
264.3923240938 3.9213311522
263.8297872340 3.8925407999
263.2696390658 3.8685096960
262.7118644068 3.8545616256
262.1564482030 3.8551737007
261.6033755274 3.8733725177
261.0526315789 3.9103810028
260.5042016807 3.9654630858
259.9580712788 4.0359104476
259.4142259414 4.1171557650
258.8726513570 4.2031144042
258.3333333333 4.2868090425
257.7962577963 4.3613742747
257.2614107884 4.4212990146
256.7287784679 4.4636448330
256.1983471074 4.4887910147
255.6701030928 4.5003908594
255.1440329218 4.5044911643
254.6201232033 4.5081311153
254.0983606557 4.5178457481
253.5787321063 4.5384592955
253.0612244898 4.5723273812
252.5458248473 4.6190717125
252.0325203252 4.6757816591
251.5212981744 4.7375935766
251.0121457490 4.7985454641
250.5050505051 4.8525539838
250.0000000000 4.8943527337
249.4969818913 4.9203471512
248.9959839357 4.9292742048
248.4969939880 4.9225286349
248.0000000000 4.9039177130
247.5049900200 4.8788192900
247.0119521912 4.8529618798
246.5208747515 4.8312767953
246.0317460317 4.8171964910
245.5445544554 4.8125477727
245.0592885375 4.8179085380
244.5759368836 4.8330821109
244.0944881890 4.8574338647
243.6149312377 4.8899544640
243.1372549020 4.9291662763
242.6614481409 4.9730881940
242.1875000000 5.0194615911
241.7153996101 5.0662487683
241.2451361868 5.1122173468
240.7766990291 5.1572824706
240.3100775194 5.2023464547
239.8452611219 5.2486828152
239.3822393822 5.2971875697
238.9210019268 5.3478636818
238.4615384615 5.3997765394
238.0038387716 5.4513242987
237.5478927203 5.5006055713
237.0936902486 5.5456237409
236.6412213740 5.5843295752
236.1904761905 5.6147535433
235.7414448669 5.6354310515
235.2941176471 5.6460939888
234.8484848485 5.6482912393
234.4045368620 5.6455403020
233.9622641509 5.6428050315
233.5216572505 5.6455737472
233.0827067669 5.6589281972
232.6454033771 5.6869785301
232.2097378277 5.7327224853
231.7757009346 5.7981631878
231.3432835821 5.8844578106
230.9124767225 5.9919061269
230.4832713755 6.1198189586
230.0556586271 6.2664346045
229.6296296296 6.4291517064
229.2051756007 6.6051568199
228.7822878229 6.7923899790
228.3609576427 6.9904563427
227.9411764706 7.2011045895
227.5229357798 7.4280126216
227.1062271062 7.6759416508
226.6910420475 7.9495670264
226.2773722628 8.2523347990
225.8652094718 8.5856586230
225.4545454545 8.9485608546
225.0453720508 9.3377220512
224.6376811594 9.7478287688
224.2314647378 10.1720631086
223.8267148014 10.6025986338
223.4234234234 11.0310262617
223.0215827338 11.4487856957
222.6211849192 11.8476190406
222.2222222222 12.2200484136
221.8246869410 12.5597419376
221.4285714286 12.8616752483
221.0338680927 13.1221668030
220.6405693950 13.3388947396
220.2486678508 13.5109244242
219.8581560284 13.6386294171
219.4690265487 13.7233966643
219.0812720848 13.7671599545
218.6948853616 13.7720070997
218.3098591549 13.7400598000
217.9261862917 13.6736942277
217.5438596491 13.5759508571
217.1628721541 13.4508805943
216.7832167832 13.3036628257
216.4048865620 13.1403641859
216.0278745645 12.9673962543
215.6521739130 12.7908575170
215.2777777778 12.6160440628
214.9046793761 12.4472306320
214.5328719723 12.2875925984
214.1623488774 12.1391258685
213.7931034483 12.0024591698
213.4251290878 11.8766865382
213.0584192440 11.7593475205
212.6929674099 11.6466517652
212.3287671233 11.5339412811
211.9658119658 11.4163725944
211.6040955631 11.2897021412
211.2436115843 11.1509539294
210.8843537415 10.9988101055
210.5263157895 10.8336289715
210.1694915254 10.6572863964
209.8138747885 10.4729852577
209.4594594595 10.2850786401
209.1062394604 10.0987569684
208.7542087542 9.9194639740
208.4033613445 9.7522072437
208.0536912752 9.6010651379
207.7051926298 9.4691449877
207.3578595318 9.3589084945
207.0116861436 9.2725886942
206.6666666667 9.2123601484
206.3227953411 9.1801360534
205.9800664452 9.1770517086
205.6384742952 9.2028554282
205.2980132450 9.2553158455
204.9586776860 9.3298176059
204.6204620462 9.4191268930
204.2833607908 9.5134937339
203.9473684211 9.6012070026
203.6124794745 9.6697802090
203.2786885246 9.7077357677
202.9459901800 9.7067247868
202.6143790850 9.6633298009
202.2838499184 9.5798808432
201.9543973941 9.4639269970
201.6260162602 9.3265545968
201.2987012987 9.1801964058
200.9724473258 9.0366269399
200.6472491909 8.9055498983
200.3231017771 8.7939910899
200.0000000000 8.7064009711
199.6779388084 8.6453188387
199.3569131833 8.6122040026
199.0369181380 8.6080275029
198.7179487179 8.6332890263
198.4000000000 8.6875060408
198.0830670927 8.7684400318
197.7671451356 8.8715588623
197.4522292994 8.9900375728
197.1383147854 9.1154778711
196.8253968254 9.2391600619
196.5134706815 9.3535221749
196.2025316456 9.4534225061
195.8925750395 9.5368734741
195.5835962145 9.6050546231
195.2755905512 9.6616219160
194.9685534591 9.7115177569
194.6624803768 9.7595909958
194.3573667712 9.8093929339
194.0532081377 9.8624727183
193.7500000000 9.9182763355
193.4477379095 9.9745257402
193.1464174455 10.0278556839
192.8460342146 10.0744448746
192.5465838509 10.1105172752
192.2480620155 10.1328215443
191.9504643963 10.1391720775
191.6537867079 10.1290831637
191.3580246914 10.1041945397
191.0631741140 10.0682202624
190.7692307692 10.0262761816
190.4761904762 9.9837829202
190.1840490798 9.9454153050
189.8928024502 9.9144489626
189.6024464832 9.8926929896
189.3129770992 9.8808281515
189.0243902439 9.8788617533
188.7366818874 9.8864853133
188.4498480243 9.9033393673
188.1638846737 9.9293257570
187.8787878788 9.9650304505
187.5945537065 10.0121506526
187.3111782477 10.0736658751
187.0286576169 10.1535516720
186.7469879518 10.2560077693
186.4661654135 10.3844546952
186.1861861862 10.5405745591
185.9070464768 10.7236507498
185.6287425150 10.9303055829
185.3512705531 11.1546432379
185.0746268657 11.3888448563
184.7988077496 11.6242322666
184.5238095238 11.8527000141
184.2496285290 12.0681506846
183.9762611276 12.2673447100
183.7037037037 12.4497889280
183.4319526627 12.6166999191
183.1610044313 12.7695649387
182.8908554572 12.9089982767
182.6215022091 13.0344466246
182.3529411765 13.1447986425
182.0851688693 13.2394777826
181.8181818182 13.3193290924
181.5519765739 13.3867023442
181.2865497076 13.4445820927
181.0218978102 13.4952024007
180.7580174927 13.5389211966
180.4949053857 13.5739827567
180.2325581395 13.5973748044
179.9709724238 13.6062313202
179.7101449275 13.5989369915
179.4500723589 13.5752419794
179.1907514451 13.5353809957
178.9321789322 13.4788100961
178.6743515850 13.4033762109
178.4172661871 13.3053539770
178.1609195402 13.1803484389
177.9053084648 13.0246462757
177.6504297994 12.8366250641
177.3962804006 12.6177580538
177.1428571429 12.3730581763
176.8901569187 12.1109299957
176.6381766382 11.8424652558
176.3869132290 11.5802833822
176.1363636364 11.3370544210
175.8865248227 11.1239594764
175.6373937677 10.9494362680
175.3889674682 10.8184408644
175.1412429379 10.7323006848
174.8942172073 10.6890954594
174.6478873239 10.6844298655
174.4022503516 10.7124826987
174.1573033708 10.7671291378
173.9130434783 10.8428987017
173.6694677871 10.9354548299
173.4265734266 11.0414724596
173.1843575419 11.1580451286
172.9428172943 11.2818860753
172.7019498607 11.4086735596
172.4617524339 11.5327587028
172.2222222222 11.6472912418
171.9833564494 11.7448233004
171.7451523546 11.8182018310
171.5076071923 11.8615451445
171.2707182320 11.8710082146
171.0344827586 11.8451327378
170.7988980716 11.7847190997
170.5639614856 11.6923528453
170.3296703297 11.5716919181
170.0960219479 11.4267373353
169.8630136986 11.2611803369
169.6306429549 11.0778716571
169.3989071038 10.8784212740
169.1678035471 10.6631291292
168.9373297003 10.4314075518
168.7074829932 10.1827090379
168.4782608696 9.9176196915
168.2496607870 9.6387455493
168.0216802168 9.3509751184
167.7943166441 9.0610822350
167.5675675676 8.7766934027
167.3414304993 8.5049566381
167.1159029650 8.2512648282
166.8909825034 8.0184037747
166.6666666667 7.8063761401
166.4429530201 7.6128811990
166.2198391421 7.4343047628
165.9973226238 7.2668552201
165.7754010695 7.1075877312
165.5540720961 6.9550751624
165.3333333333 6.8096682544
165.1131824234 6.6733706392
164.8936170213 6.5494018141
164.6746347942 6.4415732395
164.4562334218 6.3536135277
164.2384105960 6.2886161753
164.0211640212 6.2485950299
163.8044914135 6.2342289993
163.5883905013 6.2446934234
163.3728590250 6.2776903817
163.1578947368 6.3296271558
162.9434954008 6.3960764275
162.7296587927 6.4723618360
162.5163826999 6.5542580347
162.3036649215 6.6385215963
162.0915032680 6.7230885742
161.8798955614 6.8068668790
161.6688396349 6.8891623740
161.4583333333 6.9690250706
161.2483745124 7.0446469642
161.0389610390 7.1130282282
160.8300907912 7.1699158288
160.6217616580 7.2101679688
160.4139715395 7.2285982687
160.2067183463 7.2212166787
160.0000000000 7.1865325135
159.7938144330 7.1263507766
159.5881595882 7.0456806552
159.3830334190 6.9517343752
159.1784338896 6.8524516605
158.9743589744 6.7550939941
158.7708066581 6.6653696308
158.5677749361 6.5871880728
158.3652618135 6.5228892856
158.1632653061 6.4736668322
157.9617834395 6.4398251032
157.7608142494 6.4207870406
157.5603557814 6.4149557270
157.3604060914 6.4196793642
157.1609632446 6.4315562461
156.9620253165 6.4469281921
156.7635903919 6.4624139801
156.5656565657 6.4751222557
156.3682219420 6.4825866236
156.1712846348 6.4826062723
155.9748427673 6.4732078483
155.7788944724 6.4528527066
155.5834378921 6.4207621528
155.3884711779 6.3771934886
155.1939924906 6.3235096388
155.0000000000 6.2620025859
154.8064918851 6.1954378451
154.6134663342 6.1265173896
154.4209215442 6.0573853676
154.2288557214 5.9893755163
154.0372670807 5.9230885593
153.8461538462 5.8587434292
153.6555142503 5.7966884612
153.4653465347 5.7377908833
153.2756489493 5.6835823368
153.0864197531 5.6360485681
152.8976572133 5.5972589492
152.7093596059 5.5689644970
152.5215252153 5.5522833337
152.3341523342 5.5475306238
152.1472392638 5.5541653664
151.9607843137 5.5708248692
151.7747858017 5.5954935807
151.5892420538 5.6257670913
151.4041514042 5.6591121335
151.2195121951 5.6930594197
151.0353227771 5.7252718350
150.8515815085 5.7535109309
150.6682867558 5.7755842059
150.4854368932 5.7892731133
150.3030303030 5.7923089513
150.1210653753 5.7824252699
149.9395405079 5.7575965096
149.7584541063 5.7164944329
149.5778045838 5.6589879206
149.3975903614 5.5864501684
149.2178098676 5.5016812546
149.0384615385 5.4084035647
148.8595438175 5.3105942721
148.6810551559 5.2119225605
148.5029940120 5.1154809370
148.3253588517 5.0237405959
148.1481481481 4.9385767833
147.9713603819 4.8612730409
147.7949940405 4.7924536724
147.6190476190 4.7320705843
147.4435196195 4.6794729222
147.2684085511 4.6336284559
147.0937129300 4.5933598295
146.9194312796 4.5576629724
146.7455621302 4.5259826353
146.5721040189 4.4984848903
146.3990554900 4.4762002768
146.2264150943 4.4609478541
146.0541813899 4.4549959970
145.8823529412 4.4605589257
145.7109283196 4.4792444202
145.5399061033 4.5116698647
145.3692848769 4.5573138627
145.1990632319 4.6146252195
145.0292397661 4.6813148459
144.8598130841 4.7547102039
144.6907817970 4.8320104340
144.5221445221 4.9104628612
144.3538998836 4.9874523662
144.1860465116 5.0606629902
144.0185830430 5.1282707484
143.8515081206 5.1891299731
143.6848203940 5.2428117177
143.5185185185 5.2894048561
143.3526011561 5.3291813665
143.1870669746 5.3623032867
143.0219146482 5.3887268936
142.8571428571 5.4083535478
142.6927502877 5.4213814807
142.5287356322 5.4286318490
142.3650975890 5.4316954179
142.2018348624 5.4327554391
142.0389461627 5.4341389028
141.8764302059 5.4377287583
141.7142857143 5.4445156472
141.5525114155 5.4544545592
141.3911060433 5.4666375569
141.2300683371 5.4796567723
141.0693970421 5.4919637401
140.9090909091 5.5020632544
140.7491486947 5.5084350852
140.5895691610 5.5093406854
140.4303510759 5.5026058305
140.2714932127 5.4857076550
140.1129943503 5.4561792832
139.9548532731 5.4122941901
139.7970687711 5.3537168749
139.6396396396 5.2818032214
139.4825646794 5.1993724292
139.3258426966 5.1100554278
139.1694725028 5.0175536796
139.0134529148 4.9250679905
138.8577827548 4.8350401576
138.7024608501 4.7491521958
138.5474860335 4.6684517639
138.3928571429 4.5935437882
138.2385730212 4.5248120398
138.0846325167 4.4626012388
137.9310344828 4.4073468557
137.7777777778 4.3595609109
137.6248612653 4.3197765345
137.4722838137 4.2885063730
137.3200442968 4.2662620207
137.1681415929 4.2536058207
137.0165745856 4.2511148272
136.8653421634 4.2591560739
136.7144432194 4.2775520156
136.5638766520 4.3052663813
136.4136413641 4.3402296598
136.2637362637 4.3794698841
136.1141602634 4.4194919698
135.9649122807 4.4568891954
135.8159912377 4.4889620335
135.6673960613 4.5142303390
135.5191256831 4.5326256619
135.3711790393 4.5453261931
135.2235550709 4.5543067434
135.0762527233 4.5617989924
134.9292709467 4.5698553371
134.7826086957 4.5801408281
134.6362649294 4.5939221944
134.4902386117 4.6121337542
134.3445287107 4.6354377383
134.1991341991 4.6641602103
134.0540540541 4.6981975281
133.9092872570 4.7368697326
133.7648327940 4.7788489593
133.6206896552 4.8222312995
133.4768568353 4.8647397769
133.3333333333 4.9040636798
133.1901181525 4.9382089938
133.0472103004 4.9657829914
132.9046087889 4.9861186311
132.7623126338 4.9992721660
132.6203208556 5.0059865266
132.4786324786 5.0075932314
132.3372465315 5.0058698489
132.1961620469 5.0027440626
132.0553780618 4.9998874337
131.9148936170 4.9982938964
131.7747077577 4.9979905045
131.6348195329 4.9980234361
131.4952279958 4.9966549655
131.3559322034 4.9917724350
131.2169312169 4.9813562602
131.0782241015 4.9640410308
130.9398099261 4.9396054364
130.8016877637 4.9092467636
130.6638566913 4.8755019632
130.5263157895 4.8417797780
130.3890641430 4.8117103976
130.2521008403 4.7885471545
130.1154249738 4.7748111290
129.9790356394 4.7721619374
129.8429319372 4.7813670306
129.7071129707 4.8022336310
129.5715778474 4.8334732834
129.4363256785 4.8725943230
129.3013555787 4.9160120213
129.1666666667 4.9594758283
129.0322580645 4.9987955978
128.8981288981 5.0306045595
128.7642782970 5.0529274174
128.6307053942 5.0653449958
128.4974093264 5.0687755816
128.3643892340 5.0649976331
128.2316442606 5.0560952225
128.0991735537 5.0439713309
127.9669762642 5.0300733862
127.8350515464 5.0152953795
127.7033985582 5.0000584245
127.5720164609 4.9845158719
127.4409044193 4.9687878842
127.3100616016 4.9531262264
127.1794871795 4.9379836449
127.0491803279 4.9239901240
126.9191402252 4.9118726033
126.7893660532 4.9023927300
126.6598569969 4.8963279032
126.5306122449 4.8944645358
126.4016309888 4.8975973793
126.2729124236 4.9064123755
126.1444557477 4.9212776740
126.0162601626 4.9419838161
125.8883248731 4.9674839302
125.7606490872 4.9957667515
125.6332320162 5.0238877541
125.5060728745 5.0482583009
125.3791708797 5.0650625780
125.2525252525 5.0708177173
125.1261352170 5.0629433240
125.0000000000 5.0402555770
124.8741188318 5.0032696004
124.7484909457 4.9542162462
124.6231155779 4.8967667068
124.4979919679 4.8354766163
124.3731193581 4.7750364801
124.2484969940 4.7195210148
124.1241241241 4.6718047176
124.0000000000 4.6332685301
123.8761238761 4.6037923916
123.7524950100 4.5819325203
123.6291126620 4.5651460684
123.5059760956 4.5499419212
123.3830845771 4.5321297218
123.2604373757 4.5071721748
123.1380337637 4.4708093492
123.0158730159 4.4198382906
122.8939544103 4.3528587277
122.7722772277 4.2706474425
122.6508407517 4.1760483777
122.5296442688 4.0733917407
122.4086870681 3.9676879034
122.2879684418 3.8638836406
122.1674876847 3.7663789138
122.0472440945 3.6787873519
121.9272369715 3.6038947077
121.8074656189 3.5436472057
121.6879293425 3.4991822668
121.5686274510 3.4707585536
121.4495592556 3.4577265152
121.3307240705 3.4585098925
121.2121212121 3.4706723104
121.0937500000 3.4911256812
120.9756097561 3.5164384944
120.8576998051 3.5432083045
120.7400194742 3.5684735687
120.6225680934 3.5900328725
120.5053449951 3.6066249624
120.3883495146 3.6179435146
120.2715809893 3.6244224570
120.1550387597 3.6268960225
120.0387221684 3.6262476528
119.9226305609 3.6232408654
119.8067632850 3.6184953860
119.6911196911 3.6126640686
119.5756991321 3.6066243927
119.4605009634 3.6014830711
119.3455245428 3.5984368196
119.2307692308 3.5984539537
119.1162343900 3.6020499976
119.0019193858 3.6091824016
118.8878235858 3.6193683678
118.7739463602 3.6318998698
118.6602870813 3.6460700641
118.5468451243 3.6613214437
118.4336198663 3.6772429626
118.3206106870 3.6934568877
118.2078169685 3.7094294163
118.0952380952 3.7243185756
117.9828734539 3.7369905224
117.8707224335 3.7461875326
117.7587844255 3.7508448342
117.6470588235 3.7504294304
117.5355450237 3.7451806577
117.4242424242 3.7362352499
117.3131504257 3.7255078216
117.2022684310 3.7154145866
117.0915958451 3.7084797865
116.9811320755 3.7069243513
116.8708765316 3.7123138584
116.7608286252 3.7253024159
116.6509877705 3.7455338640
116.5413533835 3.7716530648
116.4319248826 3.8014379449
116.3227016886 3.8320270951
116.2136832240 3.8602206440
116.1048689139 3.8829092307
115.9962581852 3.8975508269
115.8878504673 3.9026515025
115.7796451914 3.8980986543
115.6716417910 3.8852643246
115.5638397018 3.8667513560
115.4562383613 3.8458658152
115.3488372093 3.8259583906
115.2416356877 3.8098044980
115.1346332405 3.7992250734
115.0278293135 3.7949412387
114.9212233550 3.7965920754
114.8148148148 3.8028854950
114.7086031452 3.8117479240
114.6025878004 3.8205497141
114.4967682364 3.8263699446
114.3911439114 3.8262892678
114.2857142857 3.8176610192
114.1804788214 3.7983648586
114.0754369825 3.7669873045
113.9705882353 3.7229730871
113.8659320478 3.6667414341
113.7614678899 3.5997534243
113.6571952337 3.5244650067
113.5531135531 3.4441375016
113.4492223239 3.3624214177
113.3455210238 3.2828887089
113.2420091324 3.2085479225
113.1386861314 3.1415177288
113.0355515041 3.0829184177
112.9326047359 3.0329427572
112.8298453139 2.9910583754
112.7272727273 2.9562695877
112.6248864668 2.9273574857
112.5226860254 2.9030675353
112.4206708976 2.8822212872
112.3188405797 2.8637548443
112.2171945701 2.8467055227
112.1157323689 2.8302388396
112.0144534779 2.8136717643
111.9133574007 2.7965405255
111.8124436429 2.7786799529
111.7117117117 2.7602104294
111.6111611161 2.7414577381
111.5107913669 2.7228163802
111.4106019766 2.7046380023
111.3105924596 2.6871488679
111.2107623318 2.6704752706
111.1111111111 2.6547141420
111.0116383169 2.6400717192
110.9123434705 2.6269355327
110.8132260947 2.6159468178
110.7142857143 2.6079376551
110.6155218555 2.6038146834
110.5169340463 2.6044003519
110.4185218166 2.6102580887
110.3202846975 2.6215621491
110.2222222222 2.6380657315
110.1243339254 2.6591074561
110.0266193434 2.6837130766
109.9290780142 2.7106182984
109.8317094774 2.7383485250
109.7345132743 2.7652871984
109.6374889478 2.7898195880
109.5406360424 2.8105559362
109.4439541041 2.8265206112
109.3474426808 2.8372470073
109.2511013216 2.8427138212
109.1549295775 2.8431183769
109.0589270009 2.8386531889
108.9630931459 2.8294376565
108.8674275680 2.8155827221
108.7719298246 2.7974276801
108.6765994741 2.7757520397
108.5814360771 2.7518170767
108.4864391951 2.7272469343
108.3916083916 2.7036897866
108.2969432314 2.6824565870
108.2024432810 2.6642181806
108.1081081081 2.6488736935
108.0139372822 2.6356616029
107.9199303742 2.6234343195
107.8260869565 2.6110546254
107.7324066030 2.5977325918
107.6388888889 2.5832444480
107.5455333912 2.5679046628
107.4523396880 2.5524253229
107.3593073593 2.5377006951
107.2664359862 2.5246018409
107.1737251513 2.5138164591
107.0811744387 2.5057656486
106.9887834340 2.5006178973
106.8965517241 2.4983111686
106.8044788975 2.4986535571
106.7125645439 2.5013580572
106.6208082545 2.5060697362
106.5292096220 2.5123695474
106.4377682403 2.5197585553
106.3464837050 2.5277481443
106.2553556127 2.5359387605
106.1643835616 2.5441893691
106.0735671514 2.5527088382
105.9829059829 2.5620452500
105.8923996584 2.5729726377
105.8020477816 2.5862982893
105.7118499574 2.6026613203
105.6218057922 2.6224766103
105.5319148936 2.6459379271
105.4421768707 2.6730449516
105.3525913339 2.7036582247
105.2631578947 2.7374358170
105.1738761662 2.7737582849
105.0847457627 2.8116340151
104.9957662997 2.8496599921
104.9069373942 2.8860575274
104.8182586644 2.9187944438
104.7297297297 2.9457499458
104.6413502110 2.9650368408
104.5531197302 2.9752842201
104.4650379107 2.9759372255
104.3771043771 2.9673099571
104.2893187553 2.9504267440
104.2016806723 2.9266379259
104.1141897565 2.8972059132
104.0268456376 2.8630073327
103.9396479464 2.8244314928
103.8525963149 2.7815331225
103.7656903766 2.7343423360
103.6789297659 2.6832177776
103.5923141186 2.6290791473
103.5058430718 2.5734251069
103.4195162636 2.5181253763
103.3333333333 2.4650764461
103.2472939217 2.4158728610
103.1613976705 2.3715921201
103.0756442228 2.3327605028
102.9900332226 2.2994088487
102.9045643154 2.2712806840
102.8192371476 2.2480305256
102.7340513670 2.2294076940
102.6490066225 2.2153062991
102.5641025641 2.2057252052
102.4793388430 2.2006413968
102.3947151115 2.1999195405
102.3102310231 2.2032294097
102.2258862325 2.2100782634
102.1416803954 2.2198312129
102.0576131687 2.2317852871
101.9736842105 2.2451531101
101.8898931800 2.2591000672
101.8062397373 2.2727278666
101.7227235439 2.2851115579
101.6393442623 2.2953943271
101.5561015561 2.3029444423
101.4729950900 2.3075499817
101.3900245298 2.3095235291
101.3071895425 2.3096834552
101.2244897959 2.3092069248
101.1419249592 2.3093702052
101.0594947025 2.3112957901
100.9771986971 2.3157853388
100.8950366151 2.3232141886
100.8130081301 2.3335670950
100.7311129163 2.3465327197
100.6493506494 2.3616236930
100.5677210057 2.3782513702
100.4862236629 2.3958008228
100.4048582996 2.4136142457
100.3236245955 2.4310034688
100.2425222312 2.4471997969
100.1615508885 2.4613871257
100.0807102502 2.4727015754
100.0000000000 2.4802685765
99.9194198227 2.4832273677
99.8389694042 2.4807847571
99.7586484312 2.4722774526
99.6784565916 2.4572641814
99.5983935743 2.4356396646
99.5184590690 2.4077920194
99.4386527666 2.3746905728
99.3589743590 2.3378866619
99.2794235388 2.2993332418
99.2000000000 2.2611433992
99.1207034373 2.2252399048
99.0415335463 2.1931323614
98.9624900239 2.1657387864
98.8835725678 2.1433635153
98.8047808765 2.1257140721
98.7261146497 2.1120086759
98.6475735879 2.1010979732
98.5691573927 2.0916434552
98.4908657665 2.0822626023
98.4126984127 2.0716660061
98.3346550357 2.0587005941
98.2567353407 2.0423713754
98.1789390340 2.0218030426
98.1012658228 1.9962572140
98.0237154150 1.9652102135
97.9462875197 1.9285223433
97.8689818469 1.8865702216
97.7917981073 1.8403507780
97.7147360126 1.7913830729
97.6377952756 1.7415050765
97.5609756098 1.6925460553
97.4842767296 1.6460602746
97.4076983504 1.6031710365
97.3312401884 1.5645181127
97.2549019608 1.5303935287
97.1786833856 1.5008702811
97.1025841817 1.4759676962
97.0266040689 1.4557170498
96.9507427678 1.4401660149
96.8750000000 1.4293390122
96.7993754879 1.4231531756
96.7238689548 1.4213958097
96.6484801247 1.4236842094
96.5732087227 1.4295316772
96.4980544747 1.4383785145
96.4230171073 1.4496586137
96.3480963481 1.4628352127
96.2732919255 1.4774366945
96.1986035687 1.4930524790
96.1240310078 1.5093066448
96.0495739737 1.5258136738
95.9752321981 1.5421118346
95.9010054138 1.5576452574
95.8268933539 1.5717992522
95.7528957529 1.5839890298
95.6790123457 1.5938020165
95.6052428682 1.6010203906
95.5315870570 1.6056081373
95.4580446497 1.6075465562
95.3846153846 1.6067137906
95.3112990008 1.6027548467
95.2380952381 1.5951654478
95.1650038373 1.5834208852
95.0920245399 1.5672040564
95.0191570881 1.5466036363
94.9464012251 1.5221927210
94.8737566947 1.4949691497
94.8012232416 1.4661290808
94.7288006112 1.4368568192
94.6564885496 1.4081127027
94.5842868040 1.3805908864
94.5121951220 1.3547129083
94.4402132521 1.3307436501
94.3683409437 1.3088446967
94.2965779468 1.2891372480
94.2249240122 1.2716790642
94.1533788914 1.2564504032
94.0819423369 1.2433536002
94.0106141016 1.2322081278
93.9393939394 1.2227228410
93.8682816048 1.2145046817
93.7972768533 1.2070217035
93.7263794407 1.1996300323
93.6555891239 1.1916376076
93.5849056604 1.1824462172
93.5143288084 1.1716896473
93.4438583271 1.1593542421
93.3734939759 1.1457713996
93.3032355154 1.1315640773
93.2330827068 1.1174777037
93.1630353118 1.1042376884
93.0930930931 1.0924151993
93.0232558140 1.0823290885
92.9535232384 1.0740908604
92.8838951311 1.0676221824
92.8143712575 1.0627329065
92.7449513837 1.0591763540
92.6756352765 1.0567049086
92.6064227035 1.0550840249
92.5373134328 1.0541388659
92.4683072334 1.0537545648
92.3994038748 1.0538345202
92.3306031273 1.0542631633
92.2619047619 1.0548498884
92.1933085502 1.0553147779
92.1248142645 1.0553396988
92.0564216778 1.0546102512
91.9881305638 1.0528906530
91.9199406968 1.0500146281
91.8518518519 1.0459090889
91.7838638046 1.0405428652
91.7159763314 1.0339456623
91.6481892092 1.0262365368
91.5805022157 1.0176196079
91.5129151292 1.0084362879
91.4454277286 0.9991235193
91.3780397937 0.9901764842
91.3107511046 0.9821110668
91.2435614422 0.9754213297
91.1764705882 0.9704988644
91.1094783248 0.9676038085
91.0425844347 0.9668499829
90.9757887014 0.9682090069
90.9090909091 0.9715667213
90.8424908425 0.9767989052
90.7759882870 0.9838045483
90.7095830285 0.9925439894
90.6432748538 1.0029725239
90.5770635500 1.0149975787
90.5109489051 1.0284167322
90.4449307075 1.0428936950
90.3790087464 1.0579390302
90.3131828114 1.0729528013
90.2474526929 1.0872815990
90.1818181818 1.1003328897
90.1162790698 1.1116705089
90.0508351489 1.1211008620
89.9854862119 1.1286830161
89.9202320522 1.1346481015
89.8550724638 1.1392994014
89.7900072411 1.1429073268
89.7250361795 1.1456806327
89.6601590745 1.1477374954
89.5953757225 1.1491436101
89.5306859206 1.1499600318
89.4660894661 1.1502431647
89.4015861572 1.1500543679
89.3371757925 1.1494551655
89.2728581713 1.1485024402
89.2086330935 1.1472628746
89.1445003595 1.1458274582
89.0804597701 1.1443308837
89.0165111271 1.1429855177
88.9526542324 1.1420623519
88.8888888889 1.1418670187
88.8252148997 1.1427108396
88.7616320687 1.1448865702
88.6981402003 1.1486004168
88.6347390994 1.1539619858
88.5714285714 1.1609063104
88.5082084226 1.1691836340
88.4450784593 1.1783200986
88.3820384890 1.1876561128
88.3190883191 1.1964383114
88.2562277580 1.2038630696
88.1934566145 1.2091881761
88.1307746979 1.2117668546
88.0681818182 1.2110964886
88.0056777857 1.2068675879
87.9432624113 1.1989838134
87.8809355067 1.1875823062
87.8186968839 1.1730299078
87.7565463553 1.1558559132
87.6944837341 1.1366747400
87.6325088339 1.1161032151
87.5706214689 1.0947067414
87.5088214538 1.0729646947
87.4471086037 1.0512896872
87.3854827343 1.0300321224
87.3239436620 1.0094699429
87.2624912034 0.9898131265
87.2011251758 0.9711983202
87.1398453970 0.9537230752
87.0786516854 0.9374654425
87.0175438596 0.9225185872
86.9565217391 0.9090305814
86.8955851437 0.8971748007
86.8347338936 0.8871300855
86.7739678097 0.8790259119
86.7132867133 0.8729171933
86.6526904263 0.8687440253
86.5921787709 0.8663512081
86.5317515701 0.8654779405
86.4714086471 0.8657975099
86.4111498258 0.8669471665
86.3509749304 0.8685531079
86.2908837857 0.8702705720
86.2308762170 0.8717989970
86.1709520500 0.8729223003
86.1111111111 0.8734940912
86.0513532269 0.8734579863
85.9916782247 0.8727725072
85.9320859321 0.8714312501
85.8725761773 0.8694076339
85.8131487889 0.8666951283
85.7538035961 0.8633426207
85.6945404285 0.8595202247
85.6353591160 0.8555248050
85.5762594893 0.8517956379
85.5172413793 0.8488289711
85.4583046175 0.8471326337
85.3994490358 0.8470942927
85.3406744666 0.8489657011
85.2819807428 0.8527911473
85.2233676976 0.8584473538
85.1648351648 0.8656531655
85.1063829787 0.8740047456
85.0480109739 0.8830363338
84.9897189856 0.8922659311
84.9315068493 0.9012410868
84.8733744011 0.9096153161
84.8153214774 0.9171432509
84.7573479152 0.9237165325
84.6994535519 0.9292927881
84.6416382253 0.9338651992
84.5839017735 0.9374166667
84.5262440354 0.9399095626
84.4686648501 0.9412856607
84.4111640572 0.9415325420
84.3537414966 0.9407246833
84.2963970088 0.9390647363
84.2391304348 0.9369198836
84.1819416158 0.9347557937
84.1248303935 0.9330805361
84.0677966102 0.9323163066
84.0108401084 0.9327373890
83.9539607312 0.9344592999
83.8971583221 0.9374588131
83.8404327248 0.9416095612
83.7837837838 0.9467538741
83.7272113437 0.9527130304
83.6707152497 0.9592769160
83.6142953473 0.9661988079
83.5579514825 0.9731746479
83.5016835017 0.9798584007
83.4454912517 0.9858619345
83.3893745797 0.9908221019
83.3333333333 0.9944059234
83.2773673606 0.9963934432
83.2214765101 0.9966780068
83.1656606304 0.9953132502
83.1099195710 0.9924980851
83.0542531815 0.9885305304
82.9986613119 0.9837509828
82.9431438127 0.9784280243
82.8877005348 0.9727113393
82.8323313293 0.9665635515
82.7770360481 0.9598011904
82.7218145430 0.9521097443
82.6666666667 0.9431318536
82.6115922718 0.9325506805
82.5565912117 0.9201789252
82.5016633400 0.9060012279
82.4468085106 0.8901959203
82.3920265781 0.8730992797
82.3373173971 0.8551591308
82.2826808228 0.8368881777
82.2281167109 0.8187907078
82.1736249172 0.8013151332
82.1192052980 0.7848220208
82.0648577101 0.7695571906
82.0105820106 0.7556405193
81.9563780568 0.7431234713
81.9022457067 0.7320152269
81.8481848185 0.7223354643
81.7941952507 0.7141515157
81.7402768622 0.7075838576
81.6864295125 0.7027531873
81.6326530612 0.6997325541
81.5789473684 0.6985099278
81.5253122945 0.6989453268
81.4717477004 0.7007917279
81.4182534471 0.7037214340
81.3648293963 0.7073632225
81.3114754098 0.7113556240
81.2581913499 0.7153843523
81.2049770792 0.7192198369
81.1518324607 0.7227602132
81.0987573578 0.7260103037
81.0457516340 0.7291247257
80.9928151535 0.7323494572
80.9399477807 0.7360060360
80.8871493803 0.7404649661
80.8344198175 0.7460653831
80.7817589577 0.7531041695
80.7291666667 0.7617874588
80.6766428107 0.7721712783
80.6241872562 0.7841504295
80.5717998700 0.7974474196
80.5194805195 0.8115638080
80.4672290720 0.8258444140
80.4150453956 0.8394609512
80.3629293584 0.8515139148
80.3108808290 0.8611560793
80.2588996764 0.8677484928
80.2069857697 0.8710330962
80.1551389787 0.8711874865
80.1033591731 0.8687939108
80.0516462234 0.8646734434
80.0000000000 0.8597087759
79.9484203740 0.8546445162
79.8969072165 0.8499838941
79.8454603992 0.8459986828
79.7940797941 0.8427283152
79.7427652733 0.8400387075
79.6915167095 0.8377030873
79.6403339756 0.8354723108
79.5892169448 0.8331182871
79.5381654907 0.8305156513
79.4871794872 0.8276421172
79.4362588085 0.8245624933
79.3854033291 0.8213799288
79.3346129239 0.8181760429
79.2838874680 0.8149617186
79.2332268371 0.8117041665
79.1826309068 0.8083267702
79.1320995533 0.8047745785
79.0816326531 0.8010581772
79.0312300829 0.7972429664
78.9808917197 0.7934219455
78.9306174411 0.7897103254
78.8804071247 0.7861632537
78.8302606484 0.7827646096
78.7801778907 0.7794212542
78.7301587302 0.7759572576
78.6802030457 0.7721356292
78.6303107166 0.7677131875
78.5804816223 0.7624680858
78.5307156428 0.7562991836
78.4810126582 0.7492375242
78.4313725490 0.7414744759
78.3817951960 0.7332904784
78.3322804801 0.7250000683
78.2828282828 0.7168966283
78.2334384858 0.7091968552
78.1841109710 0.7020570858
78.1348456207 0.6955785958
78.0856423174 0.6898240436
78.0365009440 0.6848395577
77.9874213836 0.6806212784
77.9384035198 0.6771430194
77.8894472362 0.6743116108
77.8405524168 0.6720335952
77.7917189460 0.6701817573
77.7429467085 0.6686396949
77.6942355890 0.6672906887
77.6455854728 0.6660456647
77.5969962453 0.6648041245
77.5484677924 0.6634932990
77.5000000000 0.6620738410
77.4515927545 0.6605511462
77.4032459426 0.6589642811
77.3549594510 0.6573804809
77.3067331671 0.6558334573
77.2585669782 0.6543457694
77.2104607721 0.6528837935
77.1624144368 0.6513969335
77.1144278607 0.6498738811
77.0665009323 0.6483258387
77.0186335404 0.6468373426
76.9708255742 0.6455495751
76.9230769231 0.6446210207
76.8753874768 0.6442444608
76.8277571252 0.6445905330
76.7801857585 0.6457906686
76.7326732673 0.6479312916
76.6852195424 0.6510253536
76.6378244747 0.6550234512
76.5904879555 0.6598249989
76.5432098765 0.6653064681
76.4959901295 0.6713610673
76.4488286067 0.6779158321
76.4017252002 0.6849601180
76.3546798030 0.6925116576
76.3076923077 0.7006279973
76.2607626076 0.7093098919
76.2138905962 0.7184954859
76.1670761671 0.7280146412
76.1203192142 0.7376058010
76.0736196319 0.7469556877
76.0269773145 0.7557105875
75.9803921569 0.7635560695
75.9338640539 0.7702056172
75.8873929009 0.7754006329
75.8409785933 0.7789161499
75.7946210269 0.7805494201
75.7483200977 0.7801370561
75.7020757021 0.7775722497
75.6558877364 0.7728335333
75.6097560976 0.7660480879
75.5636806825 0.7574865893
75.5176613886 0.7475523673
75.4716981132 0.7367131189
75.4257907543 0.7254207857
75.3799392097 0.7140482547
75.3341433779 0.7028544941
75.2884031573 0.6919955968
75.2427184466 0.6815243422
75.1970891449 0.6714128532
75.1515151515 0.6615753775
75.1059963658 0.6519085307
75.0605326877 0.6423375239
75.0151240169 0.6328394463
74.9697702539 0.6234898413
74.9244712991 0.6144630968
74.8792270531 0.6059921937
74.8340374170 0.5983514847
74.7889022919 0.5917986777
74.7438215793 0.5865863563
74.6987951807 0.5829153232
74.6538229982 0.5809285337
74.6089049338 0.5807050239
74.5640408900 0.5822421815
74.5192307692 0.5854204875
74.4744744745 0.5899973842
74.4297719088 0.5956011761
74.3851229754 0.6017716958
74.3405275779 0.6079893938
74.2959856201 0.6137220237
74.2514970060 0.6184772630
74.2070616397 0.6218671535
74.1626794258 0.6236434326
74.1183502690 0.6237154246
74.0740740741 0.6221445914
74.0298507463 0.6191097904
73.9856801909 0.6148078408
73.9415623137 0.6094477572
73.8974970203 0.6032155445
73.8534842168 0.5962741503
73.8095238095 0.5888223180
73.7656157049 0.5811065314
73.7217598098 0.5734094101
73.6779560309 0.5660675619
73.6342042755 0.5594008657
73.5905044510 0.5536768960
73.5468564650 0.5491166039
73.5032602253 0.5458289752
73.4597156398 0.5438580145
73.4162226169 0.5431884488
73.3727810651 0.5437633368
73.3293908930 0.5455017639
73.2860520095 0.5482750401
73.2427643237 0.5519541249
73.1995277450 0.5563561558
73.1563421829 0.5612740736
73.1132075472 0.5665122877
73.0701237478 0.5718629105
73.0270906949 0.5771593386
72.9841082990 0.5822763555
72.9411764706 0.5870884998
72.8982951205 0.5914939173
72.8554641598 0.5953786070
72.8126834997 0.5986462334
72.7699530516 0.6012480298
72.7272727273 0.6031888941
72.6846424385 0.6045574365
72.6420620972 0.6054723656
72.5995316159 0.6060825845
72.5570509070 0.6065493150
72.5146198830 0.6070101734
72.4722384570 0.6075791045
72.4299065421 0.6083283087
72.3876240514 0.6092761095
72.3453908985 0.6103988155
72.3032069971 0.6116245895
72.2610722611 0.6128694020
72.2189866045 0.6140670871
72.1769499418 0.6151754150
72.1349621873 0.6162002572
72.0930232558 0.6171896938
72.0511330622 0.6182281030
72.0092915215 0.6193879845
71.9674985490 0.6207118103
71.9257540603 0.6221817332
71.8840579710 0.6236710610
71.8424101970 0.6249923408
71.8008106543 0.6258608787
71.7592592593 0.6259550005
71.7177559283 0.6249280248
71.6763005780 0.6224505626
71.6348931254 0.6182104862
71.5935334873 0.6119432390
71.5522215811 0.6035169502
71.5109573241 0.5929571728
71.4697406340 0.5805205090
71.4285714286 0.5666895353
71.3874496258 0.5521129300
71.3463751438 0.5374720900
71.3053479011 0.5233958307
71.2643678161 0.5103562275
71.2234348076 0.4986372827
71.1825487945 0.4883769169
71.1417096959 0.4795724608
71.1009174312 0.4721659285
71.0601719198 0.4660622293
71.0194730813 0.4611658918
70.9788208357 0.4573565187
70.9382151030 0.4544764397
70.8976558033 0.4523367726
70.8571428571 0.4506927421
70.8166761850 0.4492804834
70.7762557078 0.4478539697
70.7358813463 0.4462220647
70.6955530217 0.4443103717
70.6552706553 0.4421122062
70.6150341686 0.4397196850
70.5748434832 0.4372251515
70.5346985210 0.4347273635
70.4945992041 0.4323005730
70.4545454545 0.4299758750
70.4145371948 0.4277906359
70.3745743473 0.4257575149
70.3346568349 0.4239078094
70.2947845805 0.4222480632
70.2549575071 0.4207848332
70.2151755379 0.4195246883
70.1754385965 0.4184742097
70.1357466063 0.4176835385
70.0960994912 0.4172153779
70.0564971751 0.4171637108
70.0169395822 0.4176289558
69.9774266366 0.4186930345
69.9379582628 0.4203881186
69.8985343856 0.4226652813
69.8591549296 0.4254192667
69.8198198198 0.4284821063
69.7805289814 0.4316542281
69.7412823397 0.4347231478
69.7020798201 0.4374947249
69.6629213483 0.4398245060
69.6238068501 0.4415552029
69.5847362514 0.4426043850
69.5457094784 0.4428956902
69.5067264574 0.4424341229
69.4677871148 0.4412748912
69.4288913774 0.4395486870
69.3900391718 0.4374242080
69.3512304251 0.4351019962
69.3124650643 0.4328019592
69.2737430168 0.4307067566
69.2350642099 0.4289931868
69.1964285714 0.4277628082
69.1578360290 0.4270480159
69.1192865106 0.4267928995
69.0807799443 0.4268719404
69.0423162584 0.4271087804
69.0038953812 0.4273266649
68.9655172414 0.4273610972
68.9271817676 0.4271041738
68.8888888889 0.4264857407
68.8506385341 0.4255051781
68.8124306326 0.4242189190
68.7742651137 0.4227342738
68.7361419069 0.4211778455
68.6980609418 0.4196701843
68.6600221484 0.4182939941
68.6220254566 0.4170940199
68.5840707965 0.4160642105
68.5461580984 0.4151730342
68.5082872928 0.4143761459
68.4704583103 0.4136418438
68.4326710817 0.4129255999
68.3949255378 0.4121955450
68.3572216097 0.4114133539
68.3195592287 0.4105470011
68.2819383260 0.4095835615
68.2443588332 0.4085292650
68.2068206821 0.4074031524
68.1693238043 0.4062115052
68.1318681319 0.4049670253
68.0944535969 0.4036311674
68.0570801317 0.4021460568
68.0197476687 0.4004280147
67.9824561404 0.3984381079
67.9452054795 0.3961951298
67.9079956188 0.3937886266
67.8708264915 0.3914048429
67.8336980306 0.3892626484
67.7966101695 0.3875943097
67.7595628415 0.3866004060
67.7225559803 0.3864626069
67.6855895197 0.3872661858
67.6486633933 0.3890771826
67.6117775354 0.3918648590
67.5749318801 0.3955272963
67.5381263617 0.3998783143
67.5013609145 0.4046537663
67.4646354733 0.4095049189
67.4279499728 0.4140371072
67.3913043478 0.4178419927
67.3546985334 0.4205622681
67.3181324647 0.4219435636
67.2816060770 0.4218800357
67.2451193059 0.4204341903
67.2086720867 0.4177919166
67.1722643554 0.4142498947
67.1358960476 0.4101184803
67.0995670996 0.4057347994
67.0632774473 0.4013912635
67.0270270270 0.3973875336
66.9908157753 0.3939523306
66.9546436285 0.3912953567
66.9185105235 0.3895941585
66.8824163970 0.3889613631
66.8463611860 0.3894771226
66.8103448276 0.3911498013
66.7743672590 0.3939484712
66.7384284177 0.3977897386
66.7025282410 0.4025507230
66.6666666667 0.4080624446
66.6308436325 0.4140901026
66.5950590763 0.4203657223
66.5593129361 0.4265815512
66.5236051502 0.4324358815
66.4879356568 0.4376330507
66.4523043944 0.4419621790
66.4167113016 0.4452973248
66.3811563169 0.4476370698
66.3456393793 0.4490982417
66.3101604278 0.4499228004
66.2747194014 0.4503860803
66.2393162393 0.4508100668
66.2039508809 0.4514581509
66.1686232657 0.4525283768
66.1333333333 0.4541400723
66.0980810235 0.4563270382
66.0628662760 0.4590835238
66.0276890309 0.4623641318
65.9925492283 0.4660837267
65.9574468085 0.4701503939
65.9223817119 0.4744588197
65.8873538789 0.4788968814
65.8523632501 0.4833588721
65.8174097665 0.4877455161
65.7824933687 0.4919706072
65.7476139979 0.4959610358
65.7127715951 0.4996435586
65.6779661017 0.5029713207
65.6431974590 0.5058841046
65.6084656085 0.5083746761
65.5737704918 0.5104557031
65.5391120507 0.5121664501
65.5044902272 0.5135595501
65.4699049630 0.5146677821
65.4353562005 0.5154907140
65.4008438819 0.5159746398
65.3663679494 0.5160324252
65.3319283456 0.5155834070
65.2975250132 0.5145734094
65.2631578947 0.5130215237
65.2288269332 0.5110069587
65.1945320715 0.5086558567
65.1602732528 0.5061013290
65.1260504202 0.5034901706
65.0918635171 0.5009092900
65.0577124869 0.4984190112
65.0235972732 0.4960194999
64.9895178197 0.4936975109
64.9554740702 0.4914129380
64.9214659686 0.4891524248
64.8874934589 0.4869025838
64.8535564854 0.4847104654
64.8196549922 0.4826837327
64.7857889237 0.4809706483
64.7519582245 0.4797669149
64.7181628392 0.4792484516
64.6844027126 0.4795915291
64.6506777894 0.4808851153
64.6169880146 0.4831643528
64.5833333333 0.4863564428
64.5497136908 0.4903006497
64.5161290323 0.4947616314
64.4825793032 0.4994630777
64.4490644491 0.5041079205
64.4155844156 0.5084526680
64.3821391485 0.5123075148
64.3487285937 0.5155838166
64.3153526971 0.5182875392
64.2820114049 0.5205397953
64.2487046632 0.5225093574
64.2154324184 0.5244331222
64.1821946170 0.5265077439
64.1489912054 0.5288895360
64.1158221303 0.5316604152
64.0826873385 0.5347869627
64.0495867769 0.5381813211
64.0165203924 0.5416942748
63.9834881321 0.5451763358
63.9504899433 0.5484845503
63.9175257732 0.5515165520
63.8845955693 0.5542242738
63.8516992791 0.5566140708
63.8188368502 0.5587468469
63.7860082305 0.5606767986
63.7532133676 0.5624923464
63.7204522097 0.5642411166
63.6877247047 0.5659503341
63.6550308008 0.5676404411
63.6223704464 0.5693182448
63.5897435897 0.5710042460
63.5571501794 0.5727326702
63.5245901639 0.5745583510
63.4920634921 0.5765636277
63.4595701126 0.5788378486
63.4271099744 0.5814773829
63.3946830266 0.5845376142
63.3622892182 0.5880259760
63.3299284985 0.5919018436
63.2976008167 0.5960695584
63.2653061224 0.6004195446
63.2330443651 0.6048695295
63.2008154944 0.6093921162
63.1686194600 0.6140561842
63.1364562118 0.6189857895
63.1043256997 0.6243740509
63.0722278739 0.6304143901
63.0401626843 0.6373280754
63.0081300813 0.6452815193
62.9761300152 0.6543999358
62.9441624365 0.6647465492
62.9122272958 0.6763086782
62.8803245436 0.6889700204
62.8484541308 0.7025105350
62.8166160081 0.7166063523
62.7848101266 0.7307882579
62.7530364372 0.7444829939
62.7212948912 0.7570683846
62.6895854398 0.7679146420
62.6579080344 0.7764602238
62.6262626263 0.7822877896
62.5946491671 0.7851657589
62.5630676085 0.7850277874
62.5315179022 0.7820146664
62.5000000000 0.7764264234
62.4685138539 0.7686951959
62.4370594159 0.7593580800
62.4056366381 0.7489951682
62.3742454728 0.7381533846
62.3428858723 0.7273186238
62.3115577889 0.7168598626
62.2802611753 0.7070008537
62.2489959839 0.6978474665
62.2177621676 0.6894012022
62.1865596790 0.6815448760
62.1553884712 0.6741330226
62.1242484970 0.6669638636
62.0931397096 0.6598700496
62.0620620621 0.6527257789
62.0310155078 0.6454749446
62.0000000000 0.6381103414
