124000.0000000000 0.0000000024
62000.0000000000 0.0000000329
41333.3333333333 0.0000001433
31000.0000000000 0.0000003762
24800.0000000000 0.0000007446
20666.6666666667 0.0000012680
17714.2857142857 0.0000019388
15500.0000000000 0.0000027319
13777.7777777778 0.0000036796
12400.0000000000 0.0000047615
11272.7272727273 0.0000059419
10333.3333333333 0.0000072796
9538.4615384615 0.0000087442
8857.1428571429 0.0000103344
8266.6666666667 0.0000120011
7750.0000000000 0.0000138358
7294.1176470588 0.0000157937
6888.8888888889 0.0000178149
6526.3157894737 0.0000200140
6200.0000000000 0.0000223353
5904.7619047619 0.0000247783
5636.3636363636 0.0000272687
5391.3043478261 0.0000299512
5166.6666666667 0.0000327550
4960.0000000000 0.0000356801
4769.2307692308 0.0000386374
4592.5925925926 0.0000418011
4428.5714285714 0.0000450859
4275.8620689655 0.0000484916
4133.3333333333 0.0000519147
4000.0000000000 0.0000555587
3875.0000000000 0.0000593236
3757.5757575758 0.0000632094
3647.0588235294 0.0000672159
3542.8571428571 0.0000713433
3444.4444444444 0.0000754662
3351.3513513514 0.0000798315
3263.1578947368 0.0000843176
3179.4871794872 0.0000889245
3100.0000000000 0.0000936521
3024.3902439024 0.0000985005
2952.3809523810 0.0001034695
2883.7209302326 0.0001085593
2818.1818181818 0.0001137698
2755.5555555556 0.0001191010
2695.6521739130 0.0001245529
2638.2978723404 0.0001301254
2583.3333333333 0.0001358187
2530.6122448980 0.0001416326
2480.0000000000 0.0001475672
2431.3725490196 0.0001536225
2384.6153846154 0.0001597985
2339.6226415094 0.0001660951
2296.2962962963 0.0001725124
2254.5454545455 0.0001790503
2214.2857142857 0.0001857089
2175.4385964912 0.0001924881
2137.9310344828 0.0001993880
2101.6949152542 0.0002066165
2066.6666666667 0.0002137612
2032.7868852459 0.0002210267
2000.0000000000 0.0002284127
1968.2539682540 0.0002359195
1937.5000000000 0.0002437725
1907.6923076923 0.0002515241
1878.7878787879 0.0002593963
1850.7462686567 0.0002676256
1823.5294117647 0.0002757427
1797.1014492754 0.0002839803
1771.4285714286 0.0002925858
1746.4788732394 0.0003010683
1722.2222222222 0.0003096715
1698.6301369863 0.0003186531
1675.6756756757 0.0003275011
1653.3333333333 0.0003367347
1631.5789473684 0.0003458275
1610.3896103896 0.0003553130
1589.7435897436 0.0003646507
1569.6202531646 0.0003743881
1550.0000000000 0.0003842534
1530.8641975309 0.0003939600
1512.1951219512 0.0004040772
1493.9759036145 0.0004143221
1476.1904761905 0.0004243977
1458.8235294118 0.0004348946
1441.8604651163 0.0004455191
1425.2873563218 0.0004562715
1409.0909090909 0.0004668403
1393.2584269663 0.0004778446
1377.7777777778 0.0004889766
1362.6373626374 0.0005002363
1347.8260869565 0.0005116238
1333.3333333333 0.0005231390
1319.1489361702 0.0005347819
1305.2631578947 0.0005465526
1291.6666666667 0.0005584510
1278.3505154639 0.0005704771
1265.3061224490 0.0005826310
1252.5252525253 0.0005949127
1240.0000000000 0.0006073220
1227.7227722772 0.0006202166
1215.6862745098 0.0006328849
1203.8834951456 0.0006456810
1192.3076923077 0.0006586049
1180.9523809524 0.0006720281
1169.8113207547 0.0006852110
1158.8785046729 0.0006985215
1148.1481481481 0.0007123422
1137.6146788991 0.0007259118
1127.2727272727 0.0007399985
1117.1171171171 0.0007538271
1107.1428571429 0.0007681800
1097.3451327434 0.0007822676
1087.7192982456 0.0007968866
1078.2608695652 0.0008116404
1068.9655172414 0.0008261183
1059.8290598291 0.0008411382
1050.8474576271 0.0008562930
1042.0168067227 0.0008715826
1033.3333333333 0.0008870070
1024.7933884298 0.0009025663
1016.3934426230 0.0009178283
1008.1300813008 0.0009336536
1000.0000000000 0.0009496138
992.0000000000 0.0009661516
984.1269841270 0.0009823850
976.3779527559 0.0009987532
968.7500000000 0.0010152562
961.2403100775 0.0010318940
953.8461538462 0.0010491273
946.5648854962 0.0010660383
939.3939393939 0.0010830842
932.3308270677 0.0011007361
925.3731343284 0.0011180551
918.5185185185 0.0011359873
911.7647058824 0.0011535795
905.1094890511 0.0011717920
898.5507246377 0.0011896574
892.0863309353 0.0012081502
885.7142857143 0.0012267849
879.4326241135 0.0012455615
873.2394366197 0.0012639768
867.1328671329 0.0012830337
861.1111111111 0.0013022325
855.1724137931 0.0013215732
849.3150684932 0.0013410558
843.5374149660 0.0013606804
837.8378378378 0.0013809713
832.2147651007 0.0014008832
826.6666666667 0.0014209371
821.1920529801 0.0014411328
815.7894736842 0.0014620092
810.4575163399 0.0014824923
805.1948051948 0.0015036631
800.0000000000 0.0015244336
794.8717948718 0.0015458989
789.8089171975 0.0015669567
784.8101265823 0.0015887165
779.8742138365 0.0016106252
775.0000000000 0.0016326830
770.1863354037 0.0016548898
765.4320987654 0.0016766714
760.7361963190 0.0016991726
756.0975609756 0.0017224042
751.5151515152 0.0017452070
746.9879518072 0.0017681588
742.5149700599 0.0017912596
738.0952380952 0.0018145094
733.7278106509 0.0018385073
729.4117647059 0.0018620586
725.1461988304 0.0018863652
720.9302325581 0.0019102181
716.7630057803 0.0019348332
712.6436781609 0.0019596045
708.5714285714 0.0019839115
704.5454545455 0.0020089914
700.5649717514 0.0020342274
696.6292134831 0.0020596195
692.7374301676 0.0020851677
688.8888888889 0.0021108720
685.0828729282 0.0021373740
681.3186813187 0.0021633941
677.5956284153 0.0021895702
673.9130434783 0.0022165547
670.2702702703 0.0022430465
666.6666666667 0.0022703539
663.1016042781 0.0022978244
659.5744680851 0.0023247916
656.0846560847 0.0023525850
652.6315789474 0.0023805415
649.2146596859 0.0024086612
645.8333333333 0.0024369442
642.4870466321 0.0024653903
639.1752577320 0.0024939995
635.8974358974 0.0025234633
632.6530612245 0.0025524025
629.4416243655 0.0025822033
626.2626262626 0.0026114724
623.1155778894 0.0026416103
620.0000000000 0.0026719184
616.9154228856 0.0027016841
613.8613861386 0.0027323292
610.8374384236 0.0027631446
607.8431372549 0.0027948535
604.8780487805 0.0028260130
601.9417475728 0.0028573427
599.0338164251 0.0028888427
596.1538461538 0.0029212505
593.3014354067 0.0029538356
590.4761904762 0.0029858536
587.6777251185 0.0030187899
584.9056603774 0.0030519036
582.1596244131 0.0030851946
579.4392523364 0.0031186630
576.7441860465 0.0031523088
574.0740740741 0.0031861319
571.4285714286 0.0032209019
568.8073394495 0.0032550833
566.2100456621 0.0032902185
563.6363636364 0.0033255383
561.0859728507 0.0033610425
558.5585585586 0.0033967311
556.0538116592 0.0034326042
553.5714285714 0.0034686618
551.1111111111 0.0035049038
548.6725663717 0.0035421316
546.2555066079 0.0035787460
543.8596491228 0.0036163534
541.4847161572 0.0036541523
539.1304347826 0.0036921427
536.7965367965 0.0037303247
534.4827586207 0.0037686982
532.1888412017 0.0038072633
529.9145299145 0.0038460199
527.6595744681 0.0038858013
525.4237288136 0.0039257813
523.2067510549 0.0039651196
521.0084033613 0.0040054934
518.8284518828 0.0040469133
516.6666666667 0.0040876879
514.5228215768 0.0041286611
512.3966942149 0.0041706911
510.2880658436 0.0042120651
508.1967213115 0.0042545029
506.1224489796 0.0042971465
504.0650406504 0.0043399958
502.0242914980 0.0043830508
500.0000000000 0.0044271910
497.9919678715 0.0044706610
496.0000000000 0.0045152232
494.0239043825 0.0045599982
492.0634920635 0.0046049861
490.1185770751 0.0046501867
488.1889763780 0.0046965008
486.2745098039 0.0047421306
484.3750000000 0.0047888810
482.4902723735 0.0048358513
480.6201550388 0.0048830415
478.7644787645 0.0049313700
476.9230769231 0.0049790036
475.0957854406 0.0050277825
473.2824427481 0.0050767885
471.4828897338 0.0051260214
469.6969696970 0.0051754813
467.9245283019 0.0052251681
466.1654135338 0.0052760253
464.4194756554 0.0053271165
462.6865671642 0.0053784418
460.9665427509 0.0054300011
459.2592592593 0.0054827520
457.5645756458 0.0055357440
455.8823529412 0.0055889772
454.2124542125 0.0056424516
452.5547445255 0.0056961671
450.9090909091 0.0057510990
449.2753623188 0.0058062791
447.6534296029 0.0058617075
446.0431654676 0.0059183699
444.4444444444 0.0059742983
442.8571428571 0.0060314679
441.2811387900 0.0060898893
439.7163120567 0.0061475731
438.1625441696 0.0062065158
436.6197183099 0.0062667280
435.0877192982 0.0063261991
433.5664335664 0.0063869468
432.0557491289 0.0064479641
430.5555555556 0.0065102721
429.0657439446 0.0065718319
427.5862068966 0.0066357180
426.1168384880 0.0066988559
424.6575342466 0.0067633058
423.2081911263 0.0068290785
421.7687074830 0.0068951419
420.3389830508 0.0069614962
418.9189189189 0.0070291909
417.5084175084 0.0070971834
416.1073825503 0.0071654738
414.7157190635 0.0072361827
413.3333333333 0.0073061398
411.9601328904 0.0073785367
410.5960264901 0.0074501817
409.2409240924 0.0075242878
407.8947368421 0.0075987201
406.5573770492 0.0076745602
405.2287581699 0.0077518188
403.9087947883 0.0078294177
402.5974025974 0.0079084493
401.2944983819 0.0079889242
400.0000000000 0.0080708530
398.7138263666 0.0081542463
397.4358974359 0.0082391147
396.1661341853 0.0083265790
394.9044585987 0.0084155468
393.6507936508 0.0085060287
392.4050632911 0.0085980354
391.1671924290 0.0086938259
389.9371069182 0.0087911766
388.7147335423 0.0088912294
387.5000000000 0.0089951404
386.2928348910 0.0091018032
385.0931677019 0.0092112389
383.9009287926 0.0093257598
382.7160493827 0.0094454083
381.5384615385 0.0095690745
380.3680981595 0.0096979463
379.2048929664 0.0098332259
378.0487804878 0.0099738032
376.8996960486 0.0101220542
375.7575757576 0.0102757021
374.6223564955 0.0104347896
373.4939759036 0.0105981817
372.3723723724 0.0107659103
371.2574850299 0.0109344542
370.1492537313 0.0111014374
369.0476190476 0.0112632642
367.9525222552 0.0114198813
366.8639053254 0.0115700371
365.7817109145 0.0117124656
364.7058823529 0.0118495038
363.6363636364 0.0119847261
362.5730994152 0.0121205368
361.5160349854 0.0122605847
360.4651162791 0.0124097811
359.4202898551 0.0125706472
358.3815028902 0.0127457325
357.3487031700 0.0129351539
356.3218390805 0.0131414963
355.3008595989 0.0133611852
354.2857142857 0.0135943267
353.2763532764 0.0138348039
352.2727272727 0.0140776773
351.2747875354 0.0143154469
350.2824858757 0.0145392731
349.2957746479 0.0147452517
348.3146067416 0.0149269118
347.3389355742 0.0150891043
346.3687150838 0.0152329287
345.4038997214 0.0153684092
344.4444444444 0.0155044070
343.4903047091 0.0156486025
342.5414364641 0.0158087611
341.5977961433 0.0159901588
340.6593406593 0.0161942564
339.7260273973 0.0164238228
338.7978142077 0.0166751666
337.8746594005 0.0169471564
336.9565217391 0.0172334271
336.0433604336 0.0175314683
335.1351351351 0.0178348051
334.2318059299 0.0181395229
333.3333333333 0.0184403459
332.4396782842 0.0187292963
331.5508021390 0.0189983114
330.6666666667 0.0192379140
329.7872340426 0.0194398609
328.9124668435 0.0195984974
328.0423280423 0.0197161531
327.1767810026 0.0197965299
326.3157894737 0.0198460669
325.4593175853 0.0198753263
324.6073298429 0.0198949841
323.7597911227 0.0199144716
322.9166666667 0.0199419577
322.0779220779 0.0199856967
321.2435233161 0.0200485534
320.4134366925 0.0201320488
319.5876288660 0.0202377181
318.7660668380 0.0203615935
317.9487179487 0.0204996650
317.1355498721 0.0206506525
316.3265306122 0.0208118719
315.5216284987 0.0209833976
314.7208121827 0.0211667009
313.9240506329 0.0213646676
313.1313131313 0.0215816161
312.3425692695 0.0218204995
311.5577889447 0.0220828881
310.7769423559 0.0223703664
310.0000000000 0.0226816967
309.2269326683 0.0230156269
308.4577114428 0.0233666151
307.6923076923 0.0237290630
306.9306930693 0.0240958831
306.1728395062 0.0244599173
305.4187192118 0.0248153764
304.6683046683 0.0251564142
303.9215686275 0.0254872535
303.1784841076 0.0258107094
302.4390243902 0.0261383464
301.7031630170 0.0264789280
300.9708737864 0.0268427633
300.2421307506 0.0272387960
299.5169082126 0.0276716518
298.7951807229 0.0281459984
298.0769230769 0.0286606472
297.3621103118 0.0292173516
296.6507177033 0.0298119520
295.9427207637 0.0304432171
295.2380952381 0.0311113899
294.5368171021 0.0318196983
293.8388625592 0.0325743900
293.1442080378 0.0333877664
292.4528301887 0.0342752472
291.7647058824 0.0352493797
291.0798122066 0.0363258431
290.3981264637 0.0375098623
289.7196261682 0.0388036696
289.0442890443 0.0402034288
288.3720930233 0.0416900211
287.7030162413 0.0432365082
287.0370370370 0.0448034517
286.3741339492 0.0463495155
285.7142857143 0.0478299097
285.0574712644 0.0492086872
284.4036697248 0.0504712077
283.7528604119 0.0516228339
283.1050228311 0.0526953678
282.4601366743 0.0537349046
281.8181818182 0.0547926380
281.1791383220 0.0559077250
280.5429864253 0.0570993151
279.9097065463 0.0583553358
279.2792792793 0.0596321419
278.6516853933 0.0608604716
278.0269058296 0.0619514861
277.4049217002 0.0628187271
276.7857142857 0.0634035417
276.1692650334 0.0636849397
275.5555555556 0.0636927686
274.9445676275 0.0635002914
274.3362831858 0.0632054541
273.7306843267 0.0629135014
273.1277533040 0.0627209653
272.5274725275 0.0627091104
271.9298245614 0.0629372925
271.3347921225 0.0634475653
270.7423580786 0.0642644835
270.1525054466 0.0654014115
269.5652173913 0.0668555112
268.9804772234 0.0686026681
268.3982683983 0.0706054475
267.8185745140 0.0727916392
267.2413793103 0.0750637552
266.6666666667 0.0772905380
266.0944206009 0.0793231173
265.5246252677 0.0810097167
264.9572649573 0.0822254595
264.3923240938 0.0829008888
263.8297872340 0.0830358705
263.2696390658 0.0827020004
262.7118644068 0.0820199713
262.1564482030 0.0811282712
261.6033755274 0.0801615486
261.0526315789 0.0792236470
260.5042016807 0.0783956959
259.9580712788 0.0777291020
259.4142259414 0.0772587700
258.8726513570 0.0770147977
258.3333333333 0.0770224217
257.7962577963 0.0773053697
257.2614107884 0.0778943767
256.7287784679 0.0788187011
256.1983471074 0.0801061054
255.6701030928 0.0817897065
255.1440329218 0.0838977001
254.6201232033 0.0864533059
254.0983606557 0.0894764415
253.5787321063 0.0929698362
253.0612244898 0.0969205934
252.5458248473 0.1012809199
252.0325203252 0.1059712725
251.5212981744 0.1108521424
251.0121457490 0.1157374737
250.5050505051 0.1203977317
250.0000000000 0.1245893269
249.4969818913 0.1280949216
248.9959839357 0.1307659604
248.4969939880 0.1325656971
248.0000000000 0.1335561422
247.5049900200 0.1338724607
247.0119521912 0.1336739868
246.5208747515 0.1331017664
246.0317460317 0.1322641115
245.5445544554 0.1312380556
245.0592885375 0.1300923076
244.5759368836 0.1289104825
244.0944881890 0.1278002321
243.6149312377 0.1268916765
243.1372549020 0.1263177663
242.6614481409 0.1261944073
242.1875000000 0.1266112155
241.7153996101 0.1276257985
241.2451361868 0.1292470665
240.7766990291 0.1314456898
240.3100775194 0.1341427856
239.8452611219 0.1372186027
239.3822393822 0.1405103219
238.9210019268 0.1438428755
238.4615384615 0.1470527565
238.0038387716 0.1500323542
237.5478927203 0.1527507858
237.0936902486 0.1552657101
236.6412213740 0.1577093331
236.1904761905 0.1602426946
235.7414448669 0.1630094363
235.2941176471 0.1661039538
234.8484848485 0.1695410655
234.4045368620 0.1732515369
233.9622641509 0.1770944304
233.5216572505 0.1808752305
233.0827067669 0.1843961296
232.6454033771 0.1875049731
232.2097378277 0.1901428464
231.7757009346 0.1923562668
231.3432835821 0.1942905740
230.9124767225 0.1961282286
230.4832713755 0.1980245244
230.0556586271 0.2000559187
229.6296296296 0.2021716150
229.2051756007 0.2041924051
228.7822878229 0.2058286553
228.3609576427 0.2067541047
227.9411764706 0.2066842984
227.5229357798 0.2054635713
227.1062271062 0.2031105807
226.6910420475 0.1998180072
226.2773722628 0.1958942063
225.8652094718 0.1917022612
225.4545454545 0.1875905479
225.0453720508 0.1838477923
224.6376811594 0.1806946649
224.2314647378 0.1782870078
223.8267148014 0.1767249840
223.4234234234 0.1760741124
223.0215827338 0.1763708291
222.6211849192 0.1776497736
222.2222222222 0.1799299607
221.8246869410 0.1832403174
221.4285714286 0.1876098700
221.0338680927 0.1930657558
220.6405693950 0.1996351864
220.2486678508 0.2073255559
219.8581560284 0.2161262688
219.4690265487 0.2259826641
219.0812720848 0.2367896845
218.6948853616 0.2483714962
218.3098591549 0.2604869892
217.9261862917 0.2728112555
217.5438596491 0.2849611194
217.1628721541 0.2965067936
216.7832167832 0.3070037700
216.4048865620 0.3160370834
216.0278745645 0.3232861812
215.6521739130 0.3285681286
215.2777777778 0.3318751876
214.9046793761 0.3333416989
214.5328719723 0.3331964482
214.1623488774 0.3316860236
213.7931034483 0.3290341579
213.4251290878 0.3254395214
213.0584192440 0.3211144950
212.6929674099 0.3163202458
212.3287671233 0.3113774756
211.9658119658 0.3066360314
211.6040955631 0.3024338292
211.2436115843 0.2990553108
210.8843537415 0.2966998111
210.5263157895 0.2954849065
210.1694915254 0.2954331853
209.8138747885 0.2964776718
209.4594594595 0.2984589956
209.1062394604 0.3011413815
208.7542087542 0.3042183482
208.4033613445 0.3073541219
208.0536912752 0.3102254428
207.7051926298 0.3125700714
207.3578595318 0.3142357536
207.0116861436 0.3152148885
206.6666666667 0.3156605221
206.3227953411 0.3158538002
205.9800664452 0.3161541224
205.6384742952 0.3169275270
205.2980132450 0.3184785926
204.9586776860 0.3210178993
204.6204620462 0.3246227802
204.2833607908 0.3292533398
203.9473684211 0.3347579600
203.6124794745 0.3409196557
203.2786885246 0.3475093216
202.9459901800 0.3543437674
202.6143790850 0.3613507307
202.2838499184 0.3685869859
201.9543973941 0.3761939242
201.6260162602 0.3843462288
201.2987012987 0.3931545638
200.9724473258 0.4025782660
200.6472491909 0.4123916478
200.3231017771 0.4221543958
200.0000000000 0.4312710942
199.6779388084 0.4390970545
199.3569131833 0.4450843339
199.0369181380 0.4489180529
198.7179487179 0.4506254962
198.4000000000 0.4505721703
198.0830670927 0.4493765875
197.7671451356 0.4477868307
197.4522292994 0.4465492411
197.1383147854 0.4463221445
196.8253968254 0.4476418000
196.5134706815 0.4509101732
196.2025316456 0.4564203765
195.8925750395 0.4643801700
195.5835962145 0.4749401801
195.2755905512 0.4882023329
194.9685534591 0.5042373295
194.6624803768 0.5230978147
194.3573667712 0.5448182387
194.0532081377 0.5694259315
193.7500000000 0.5969477796
193.4477379095 0.6274034790
193.1464174455 0.6608032471
192.8460342146 0.6971073114
192.5465838509 0.7361942184
192.2480620155 0.7778313077
191.9504643963 0.8216428736
191.6537867079 0.8671098457
191.3580246914 0.9135740254
191.0631741140 0.9602649144
190.7692307692 1.0063333439
190.4761904762 1.0509280387
190.1840490798 1.0932926796
189.8928024502 1.1328949341
189.6024464832 1.1695107840
189.3129770992 1.2032845014
189.0243902439 1.2346598858
188.7366818874 1.2642750478
188.4498480243 1.2927703339
188.1638846737 1.3206178681
187.8787878788 1.3479705166
187.5945537065 1.3745805606
187.3111782477 1.3997908342
187.0286576169 1.4226353110
186.7469879518 1.4420315004
186.4661654135 1.4570562215
186.1861861862 1.4672438464
185.9070464768 1.4728137100
185.6287425150 1.4746978737
185.3512705531 1.4743626946
185.0746268657 1.4734515123
184.7988077496 1.4733729597
184.5238095238 1.4750006926
184.2496285290 1.4785463221
183.9762611276 1.4836286218
183.7037037037 1.4895132348
183.4319526627 1.4954452502
183.1610044313 1.5010031420
182.8908554572 1.5063273256
182.6215022091 1.5121684637
182.3529411765 1.5196929073
182.0851688693 1.5301293694
181.8181818182 1.5444124375
181.5519765739 1.5629125359
181.2865497076 1.5853876042
181.0218978102 1.6111209400
180.7580174927 1.6391945762
180.4949053857 1.6688209189
180.2325581395 1.6995582021
179.9709724238 1.7313334283
179.7101449275 1.7642362884
179.4500723589 1.7981772946
179.1907514451 1.8325466520
178.9321789322 1.8660229829
178.6743515850 1.8966461506
178.4172661871 1.9221385093
178.1609195402 1.9403951030
177.9053084648 1.9499973870
177.6504297994 1.9505431958
177.3962804006 1.9426860376
177.1428571429 1.9278432558
176.8901569187 1.9077763358
176.6381766382 1.8841503523
176.3869132290 1.8582775517
176.1363636364 1.8310712864
175.8865248227 1.8031989617
175.6373937677 1.7753235658
175.3889674682 1.7483238386
175.1412429379 1.7233787625
174.8942172073 1.7019021070
174.6478873239 1.6853880977
174.4022503516 1.6752011898
174.1573033708 1.6724244248
173.9130434783 1.6777505179
173.6694677871 1.6914558959
173.4265734266 1.7134391839
173.1843575419 1.7432781048
172.9428172943 1.7803047108
172.7019498607 1.8236717299
172.4617524339 1.8723458541
172.2222222222 1.9250275322
171.9833564494 1.9800387142
171.7451523546 2.0352299201
171.5076071923 2.0880242074
171.2707182320 2.1356296348
171.0344827586 2.1753636742
170.7988980716 2.2050534593
170.5639614856 2.2233808016
170.3296703297 2.2301542583
170.0960219479 2.2264307858
169.8630136986 2.2144345638
169.6306429549 2.1972401280
169.3989071038 2.1782768004
169.1678035471 2.1607494217
168.9373297003 2.1471155341
168.7074829932 2.1387580125
168.4782608696 2.1358972883
168.2496607870 2.1377971667
168.0216802168 2.1431419199
167.7943166441 2.1505225769
167.5675675676 2.1588992794
167.3414304993 2.1677951032
167.1159029650 2.1772795530
166.8909825034 2.1876946976
166.6666666667 2.1993489678
166.4429530201 2.2122643210
166.2198391421 2.2261164111
165.9973226238 2.2402858447
165.7754010695 2.2540035582
165.5540720961 2.2664844137
165.3333333333 2.2770539222
165.1131824234 2.2852782872
164.8936170213 2.2910725116
164.6746347942 2.2947763775
164.4562334218 2.2970883997
164.2384105960 2.2988665825
164.0211640212 2.3008329067
163.8044914135 2.3032702108
163.5883905013 2.3058679161
163.3728590250 2.3077565896
163.1578947368 2.3077664029
162.9434954008 2.3048212941
162.7296587927 2.2982975407
162.5163826999 2.2881893582
162.3036649215 2.2750334094
162.0915032680 2.2596284400
161.8798955614 2.2427367610
161.6688396349 2.2248969896
161.4583333333 2.2064508297
161.2483745124 2.1877187291
161.0389610390 2.1691982636
160.8300907912 2.1516337095
160.6217616580 2.1359263250
160.4139715395 2.1229831058
160.2067183463 2.1136085405
160.0000000000 2.1085111019
159.7938144330 2.1083889166
159.5881595882 2.1139818196
159.3830334190 2.1259889618
159.1784338896 2.1449249763
158.9743589744 2.1709278329
158.7708066581 2.2036272122
158.5677749361 2.2421351374
158.3652618135 2.2851487779
158.1632653061 2.3311733696
157.9617834395 2.3787589109
157.7608142494 2.4266972113
157.5603557814 2.4741101169
157.3604060914 2.5204023215
157.1609632446 2.5651714729
156.9620253165 2.6081552659
156.7635903919 2.6492422137
156.5656565657 2.6884905037
156.3682219420 2.7261337314
156.1712846348 2.7625335184
155.9748427673 2.7981480041
155.7788944724 2.8335055738
155.5834378921 2.8691571739
155.3884711779 2.9055564652
155.1939924906 2.9429075297
155.0000000000 2.9810147396
154.8064918851 3.0192389842
154.6134663342 3.0565793189
154.4209215442 3.0918589234
154.2288557214 3.1239354378
154.0372670807 3.1519117501
153.8461538462 3.1753395740
153.6555142503 3.1944055857
153.4653465347 3.2099557210
153.2756489493 3.2233190096
153.0864197531 3.2359801957
152.8976572133 3.2491989666
152.7093596059 3.2637691271
152.5215252153 3.2799325112
152.3341523342 3.2974409185
152.1472392638 3.3155782338
151.9607843137 3.3331125283
151.7747858017 3.3482504083
151.5892420538 3.3586932190
151.4041514042 3.3619280300
151.2195121951 3.3556248412
151.0353227771 3.3380849094
150.8515815085 3.3085113826
150.6682867558 3.2671843008
150.4854368932 3.2154771963
150.3030303030 3.1557952327
150.1210653753 3.0914075524
149.9395405079 3.0260927043
149.7584541063 2.9636716798
149.5778045838 2.9075501330
149.3975903614 2.8603125238
149.2178098676 2.8235744393
149.0384615385 2.7979741459
148.8595438175 2.7833204960
148.6810551559 2.7787901292
148.5029940120 2.7830951608
148.3253588517 2.7946199378
148.1481481481 2.8115283564
147.9713603819 2.8319474033
147.7949940405 2.8542239879
147.6190476190 2.8771991237
147.4435196195 2.9004181108
147.2684085511 2.9241895526
147.0937129300 2.9494475626
146.9194312796 2.9775117748
146.7455621302 3.0097388753
146.5721040189 3.0471611539
146.3990554900 3.0901577408
146.2264150943 3.1382554627
146.0541813899 3.1901165865
145.8823529412 3.2437474810
145.7109283196 3.2969049722
145.5399061033 3.3475643743
145.3692848769 3.3943278799
145.1990632319 3.4366386865
145.0292397661 3.4748099008
144.8598130841 3.5098909059
144.6907817970 3.5433647843
144.5221445221 3.5767573828
144.3538998836 3.6111911151
144.1860465116 3.6470528570
144.0185830430 3.6839126425
143.8515081206 3.7207253452
143.6848203940 3.7562311990
143.5185185185 3.7893770760
143.3526011561 3.8196453359
143.1870669746 3.8472563546
143.0219146482 3.8732276220
142.8571428571 3.8992802617
142.6927502877 3.9275945609
142.5287356322 3.9604500572
142.3650975890 3.9998234705
142.2018348624 4.0470019319
142.0389461627 4.1023012486
141.8764302059 4.1649734180
141.7142857143 4.2333239551
141.5525114155 4.3050751748
141.3911060433 4.3778060761
141.2300683371 4.4493651686
141.0693970421 4.5180433274
140.9090909091 4.5824876194
140.7491486947 4.6414136604
140.5895691610 4.6932695478
140.4303510759 4.7360916123
140.2714932127 4.7676704545
140.1129943503 4.7860280331
139.9548532731 4.7900384439
139.7970687711 4.7799665617
139.6396396396 4.7576057247
139.4825646794 4.7259885322
139.3258426966 4.6886687903
139.1694725028 4.6489173088
139.0134529148 4.6090835138
138.8577827548 4.5703413747
138.7024608501 4.5327806241
138.5474860335 4.4957710950
138.3928571429 4.4585142524
138.2385730212 4.4206971892
138.0846325167 4.3830934558
137.9310344828 4.3479323445
137.7777777778 4.3188309779
137.6248612653 4.3003102622
137.4722838137 4.2970310407
137.3200442968 4.3130123516
137.1681415929 4.3509923307
137.0165745856 4.4120106446
136.8653421634 4.4951409048
136.7144432194 4.5974179958
136.5638766520 4.7139269934
136.4136413641 4.8381528161
136.2637362637 4.9625512493
136.1141602634 5.0793512269
135.9649122807 5.1814977611
135.8159912377 5.2636184669
135.6673960613 5.3228824284
135.5191256831 5.3596041531
135.3711790393 5.3772796591
135.2235550709 5.3818914640
135.0762527233 5.3806537075
134.9292709467 5.3805044709
134.7826086957 5.3869299025
134.6362649294 5.4033938631
134.4902386117 5.4314406396
134.3445287107 5.4712523967
134.1991341991 5.5222782161
134.0540540541 5.5836199045
133.9092872570 5.6540871286
133.7648327940 5.7320112964
133.6206896552 5.8150427595
133.4768568353 5.9001176535
133.3333333333 5.9837089580
133.1901181525 6.0621733638
133.0472103004 6.1321376550
132.9046087889 6.1908468630
132.7623126338 6.2365169542
132.6203208556 6.2687042252
132.4786324786 6.2885728972
132.3372465315 6.2988357973
132.1961620469 6.3032779471
132.0553780618 6.3059724931
131.9148936170 6.3105151651
131.7747077577 6.3196005764
131.6348195329 6.3350819971
131.4952279958 6.3583680531
131.3559322034 6.3908221560
131.2169312169 6.4340086051
131.0782241015 6.4896869530
130.9398099261 6.5597173520
130.8016877637 6.6458772132
130.6638566913 6.7495934270
130.5263157895 6.8715720963
130.3890641430 7.0114891945
130.2521008403 7.1679560045
130.1154249738 7.3388519851
129.9790356394 7.5217954264
129.8429319372 7.7143901237
129.7071129707 7.9139640627
129.5715778474 8.1168932450
129.4363256785 8.3179374170
129.3013555787 8.5101817342
129.1666666667 8.6857875192
129.0322580645 8.8374007569
128.8981288981 8.9596089253
128.7642782970 9.0499039636
128.6307053942 9.1089268764
128.4974093264 9.1400108463
128.3643892340 9.1483168983
128.2316442606 9.1396696860
128.0991735537 9.1193107312
127.9669762642 9.0907822798
127.8350515464 9.0552561716
127.7033985582 9.0116486955
127.5720164609 8.9574949548
127.4409044193 8.8902801999
127.3100616016 8.8086296395
127.1794871795 8.7129627907
127.0491803279 8.6054169444
126.9191402252 8.4893831920
126.7893660532 8.3689481372
126.6598569969 8.2485482963
126.5306122449 8.1327733803
126.4016309888 8.0261927787
126.2729124236 7.9330738914
126.1444557477 7.8569500535
126.0162601626 7.8001242485
125.8883248731 7.7632168268
125.7606490872 7.7448736959
125.6332320162 7.7418037310
125.5060728745 7.7491799800
125.3791708797 7.7613954840
125.2525252525 7.7730378428
125.1261352170 7.7798417432
125.0000000000 7.7794064491
124.8741188318 7.7714911698
124.7484909457 7.7578387574
124.6231155779 7.7415867532
124.4979919679 7.7263935251
124.3731193581 7.7154352712
124.2484969940 7.7104675077
124.1241241241 7.7112400239
124.0000000000 7.7154670215
123.8761238761 7.7194139401
123.7524950100 7.7187917905
123.6291126620 7.7095994855
123.5059760956 7.6885759257
123.3830845771 7.6532431350
123.2604373757 7.6018720234
123.1380337637 7.5335658186
123.0158730159 7.4486443606
122.8939544103 7.3490560279
122.7722772277 7.2384302048
122.6508407517 7.1216341473
122.5296442688 7.0038321336
122.4086870681 6.8895660414
122.2879684418 6.7821719681
122.1674876847 6.6838041731
122.0472440945 6.5959527230
121.9272369715 6.5201362744
121.8074656189 6.4583994096
121.6879293425 6.4133738243
121.5686274510 6.3878403505
121.4495592556 6.3839571739
121.3307240705 6.4024447822
121.2121212121 6.4419925129
121.0937500000 6.4990719224
120.9756097561 6.5682183708
120.8576998051 6.6427170119
120.7400194742 6.7155718433
120.6225680934 6.7806298998
120.5053449951 6.8335733515
120.3883495146 6.8725571764
120.2715809893 6.8981866343
120.1550387597 6.9128857484
120.0387221684 6.9198796369
119.9226305609 6.9223014109
119.8067632850 6.9226920967
119.6911196911 6.9229932982
119.5756991321 6.9247478685
119.4605009634 6.9291391354
119.3455245428 6.9367280386
119.2307692308 6.9470268600
119.1162343900 6.9583422434
119.0019193858 6.9680354537
118.8878235858 6.9732040582
118.7739463602 6.9714067606
118.6602870813 6.9611739339
118.5468451243 6.9422024531
118.4336198663 6.9152694044
118.3206106870 6.8819457235
118.2078169685 6.8441255659
118.0952380952 6.8035026988
117.9828734539 6.7611630900
117.8707224335 6.7175246365
117.7587844255 6.6726646797
117.6470588235 6.6268363634
117.5355450237 6.5809130500
117.4242424242 6.5364728322
117.3131504257 6.4955405509
117.2022684310 6.4601588913
117.0915958451 6.4320192872
116.9811320755 6.4122759096
116.8708765316 6.4014540167
116.7608286252 6.3993130430
116.6509877705 6.4045791422
116.5413533835 6.4147115497
116.4319248826 6.4258410294
116.3227016886 6.4331166940
116.2136832240 6.4314402692
116.1048689139 6.4165192977
115.9962581852 6.3859773291
115.8878504673 6.3401591906
115.7796451914 6.2822809240
115.6716417910 6.2178234509
115.5638397018 6.1533244931
115.4562383613 6.0949679302
115.3488372093 6.0474106348
115.2416356877 6.0131587238
115.1346332405 5.9925197021
115.0278293135 5.9840008934
114.9212233550 5.9848271511
114.8148148148 5.9913112694
114.7086031452 5.9990515393
114.6025878004 6.0031686493
114.4967682364 5.9987660610
114.3911439114 5.9817639439
114.2857142857 5.9498075778
114.1804788214 5.9029116310
114.0754369825 5.8435412407
113.9705882353 5.7761646429
113.8659320478 5.7065583937
113.7614678899 5.6410593515
113.6571952337 5.5859156042
113.5531135531 5.5466753319
113.4492223239 5.5276319864
113.3455210238 5.5313787043
113.2420091324 5.5585468888
113.1386861314 5.6078365077
113.0355515041 5.6763057817
112.9326047359 5.7598578226
112.8298453139 5.8537825347
112.7272727273 5.9531817916
112.6248864668 6.0531577710
112.5226860254 6.1488129745
112.4206708976 6.2351763852
112.3188405797 6.3072102541
112.2171945701 6.3601330651
112.1157323689 6.3900385399
112.0144534779 6.3947375562
111.9133574007 6.3743982844
111.8124436429 6.3317323996
111.7117117117 6.2714710607
111.6111611161 6.1993977304
111.5107913669 6.1212549992
111.4106019766 6.0419418101
111.3105924596 5.9651995508
111.2107623318 5.8937847047
111.1111111111 5.8300207839
111.0116383169 5.7763473845
110.9123434705 5.7355415795
110.8132260947 5.7104432931
110.7142857143 5.7032669767
110.6155218555 5.7148946071
110.5169340463 5.7443716253
110.4185218166 5.7888941672
110.3202846975 5.8441758673
110.2222222222 5.9050553683
110.1243339254 5.9661475100
110.0266193434 6.0223471538
109.9290780142 6.0692204409
109.8317094774 6.1033597378
109.7345132743 6.1227343358
109.6374889478 6.1270275123
109.5406360424 6.1177065890
109.4439541041 6.0977481790
109.3474426808 6.0709532364
109.2511013216 6.0410556880
109.1549295775 6.0109308407
109.0589270009 5.9821811521
108.9630931459 5.9551405835
108.8674275680 5.9292285730
108.7719298246 5.9034325893
108.6765994741 5.8766769982
108.5814360771 5.8480302345
108.4864391951 5.8167199621
108.3916083916 5.7821303400
108.2969432314 5.7438172895
108.2024432810 5.7015312144
108.1081081081 5.6551462343
108.0139372822 5.6045055606
107.9199303742 5.5492615245
107.8260869565 5.4888915763
107.7324066030 5.4229546672
107.6388888889 5.3513984823
107.5455333912 5.2748495041
107.4523396880 5.1946366016
107.3593073593 5.1126868931
107.2664359862 5.0312133392
107.1737251513 4.9523966543
107.0811744387 4.8780352688
106.9887834340 4.8093195660
106.8965517241 4.7467373335
106.8044788975 4.6901545211
106.7125645439 4.6391003992
106.6208082545 4.5931657778
106.5292096220 4.5523646269
106.4377682403 4.5173523883
106.3464837050 4.4893968327
106.2553556127 4.4701020369
106.1643835616 4.4609549719
106.0735671514 4.4628720990
105.9829059829 4.4758238129
105.8923996584 4.4987512537
105.8020477816 4.5298077582
105.7118499574 4.5668262390
105.6218057922 4.6079009453
105.5319148936 4.6517982121
105.4421768707 4.6980254563
105.3525913339 4.7465626685
105.2631578947 4.7974310987
105.1738761662 4.8502963581
105.0847457627 4.9042800842
104.9957662997 4.9579874182
104.9069373942 5.0096589240
104.8182586644 5.0574689081
104.7297297297 5.0999660147
104.6413502110 5.1365887043
104.5531197302 5.1680683138
104.4650379107 5.1964641701
104.3771043771 5.2246978163
104.2893187553 5.2555762303
104.2016806723 5.2906612287
104.1141897565 5.3294399663
104.0268456376 5.3690977241
103.9396479464 5.4051194128
103.8525963149 5.4324781270
103.7656903766 5.4470536263
103.6789297659 5.4467028759
103.5923141186 5.4316949667
103.5058430718 5.4043465328
103.4195162636 5.3681431043
103.3333333333 5.3267652414
103.2472939217 5.2833251937
103.1613976705 5.2400015418
103.0756442228 5.1979817209
102.9900332226 5.1576869662
102.9045643154 5.1191380009
102.8192371476 5.0823977953
102.7340513670 5.0479147561
102.6490066225 5.0166066392
102.5641025641 4.9897361146
102.4793388430 4.9685911254
102.3947151115 4.9542008693
102.3102310231 4.9470768784
102.2258862325 4.9470308393
102.1416803954 4.9530782777
102.0576131687 4.9634987901
101.9736842105 4.9760141684
101.8898931800 4.9879904835
101.8062397373 4.9965114297
101.7227235439 4.9983879297
101.6393442623 4.9902551670
101.5561015561 4.9689953677
101.4729950900 4.9324079585
101.3900245298 4.8799220907
101.3071895425 4.8129300340
101.2244897959 4.7345626415
101.1419249592 4.6489395262
101.0594947025 4.5602154446
100.9771986971 4.4718032702
100.8950366151 4.3860385880
100.8130081301 4.3043120096
100.7311129163 4.2275115643
100.6493506494 4.1564563219
100.5677210057 4.0920431786
100.4862236629 4.0350854464
100.4048582996 3.9859557367
100.3236245955 3.9443223342
100.2425222312 3.9090582423
100.1615508885 3.8785076234
100.0807102502 3.8509097547
100.0000000000 3.8248874198
99.9194198227 3.7998491528
99.8389694042 3.7761170479
99.7586484312 3.7547491538
99.6784565916 3.7371107907
99.5983935743 3.7243316674
99.5184590690 3.7169391922
99.4386527666 3.7147236050
99.3589743590 3.7169191613
99.2794235388 3.7226127813
99.2000000000 3.7311506665
99.1207034373 3.7425421808
99.0415335463 3.7576057297
98.9624900239 3.7779169412
98.8835725678 3.8055169267
98.8047808765 3.8423716632
98.7261146497 3.8898504921
98.6475735879 3.9482342693
98.5691573927 4.0164818202
98.4908657665 4.0922473243
98.4126984127 4.1720566823
98.3346550357 4.2515494896
98.2567353407 4.3257422786
98.1789390340 4.3893757583
98.1012658228 4.4374180368
98.0237154150 4.4658025551
97.9462875197 4.4722264182
97.8689818469 4.4568633084
97.7917981073 4.4225858863
97.7147360126 4.3746105464
97.6377952756 4.3196262164
97.5609756098 4.2646370230
97.4842767296 4.2158786266
97.4076983504 4.1780157396
97.3312401884 4.1536636363
97.2549019608 4.1432492415
97.1786833856 4.1450123187
97.1025841817 4.1552857641
97.0266040689 4.1689657448
96.9507427678 4.1803246596
96.8750000000 4.1840174546
96.7993754879 4.1761398980
96.7238689548 4.1549731977
96.6484801247 4.1212578014
96.5732087227 4.0777836118
96.4980544747 4.0285560154
96.4230171073 3.9779006527
96.3480963481 3.9297706812
96.2732919255 3.8874519042
96.1986035687 3.8534821217
96.1240310078 3.8296411307
96.0495739737 3.8168146843
95.9752321981 3.8148894351
95.9010054138 3.8227182990
95.8268933539 3.8383560928
95.7528957529 3.8594592840
95.6790123457 3.8838228980
95.6052428682 3.9097096021
95.5315870570 3.9359404385
95.4580446497 3.9616707792
95.3846153846 3.9860637402
95.3112990008 4.0080266584
95.2380952381 4.0262145249
95.1650038373 4.0392794812
95.0920245399 4.0463247133
95.0191570881 4.0472792032
94.9464012251 4.0430408616
94.8737566947 4.0352764945
94.8012232416 4.0259697705
94.7288006112 4.0169152062
94.6564885496 4.0093582133
94.5842868040 4.0039451510
94.5121951220 4.0009259297
94.4402132521 4.0005037086
94.3683409437 4.0031392416
94.2965779468 4.0096031291
94.2249240122 4.0208646714
94.1533788914 4.0378251712
94.0819423369 4.0611061354
94.0106141016 4.0909576463
93.9393939394 4.1272317346
93.8682816048 4.1694510943
93.7972768533 4.2168440848
93.7263794407 4.2684403275
93.6555891239 4.3231448885
93.5849056604 4.3798637921
93.5143288084 4.4376204449
93.4438583271 4.4956457494
93.3734939759 4.5533649061
93.3032355154 4.6104012579
93.2330827068 4.6664345247
93.1630353118 4.7210765271
93.0930930931 4.7737599950
93.0232558140 4.8238242157
92.9535232384 4.8706901414
92.8838951311 4.9141120778
92.8143712575 4.9542754234
92.7449513837 4.9917750744
92.6756352765 5.0273933626
92.6064227035 5.0618439939
92.5373134328 5.0954475018
92.4683072334 5.1279347234
92.3994038748 5.1583525818
92.3306031273 5.1851660838
92.2619047619 5.2066204132
92.1933085502 5.2212009697
92.1248142645 5.2280811797
92.0564216778 5.2273883575
91.9881305638 5.2201639472
91.9199406968 5.2081153434
91.8518518519 5.1932686085
91.7838638046 5.1776405030
91.7159763314 5.1630540417
91.6481892092 5.1510210230
91.5805022157 5.1426190299
91.5129151292 5.1383676806
91.4454277286 5.1381392305
91.3780397937 5.1411559808
91.3107511046 5.1462868939
91.2435614422 5.1524712074
91.1764705882 5.1591391380
91.1094783248 5.1664605027
91.0425844347 5.1753035206
90.9757887014 5.1868895289
90.9090909091 5.2023767237
90.8424908425 5.2224554747
90.7759882870 5.2470472164
90.7095830285 5.2752643043
90.6432748538 5.3056010037
90.5770635500 5.3362944293
90.5109489051 5.3657114317
90.4449307075 5.3925700287
90.3790087464 5.4158608691
90.3131828114 5.4345512585
90.2474526929 5.4472538015
90.1818181818 5.4520806836
90.1162790698 5.4468312837
90.0508351489 5.4293923280
89.9854862119 5.3981784983
89.9202320522 5.3524108867
89.8550724638 5.2922080376
89.7900072411 5.2184887324
89.7250361795 5.1328728436
89.6601590745 5.0375084272
89.5953757225 4.9349239943
89.5306859206 4.8278560886
89.4660894661 4.7190639240
89.4015861572 4.6111927418
89.3371757925 4.5066644129
89.2728581713 4.4076232525
89.2086330935 4.3158891046
89.1445003595 4.2329636782
89.0804597701 4.1600009758
89.0165111271 4.0977915597
88.9526542324 4.0467203267
88.8888888889 4.0067250869
88.8252148997 3.9772836345
88.7616320687 3.9574524884
88.6981402003 3.9460032346
88.6347390994 3.9415696487
88.5714285714 3.9428232273
88.5082084226 3.9486308791
88.4450784593 3.9581714137
88.3820384890 3.9709509550
88.3190883191 3.9867032508
88.2562277580 4.0052160222
88.1934566145 4.0261109377
88.1307746979 4.0486599808
88.0681818182 4.0716613482
88.0056777857 4.0934575359
87.9432624113 4.1120632927
87.8809355067 4.1254445914
87.8186968839 4.1319075825
87.7565463553 4.1304928933
87.6944837341 4.1212802126
87.6325088339 4.1054060098
87.5706214689 4.0848252247
87.5088214538 4.0617539054
87.4471086037 4.0380430858
87.3854827343 4.0146445896
87.3239436620 3.9914388114
87.2624912034 3.9674280234
87.2011251758 3.9412331570
87.1398453970 3.9117009235
87.0786516854 3.8783614723
87.0175438596 3.8416893915
86.9565217391 3.8030778899
86.8955851437 3.7646354354
86.8347338936 3.7288302167
86.7739678097 3.6981585201
86.7132867133 3.6747478320
86.6526904263 3.6600974365
86.5921787709 3.6548461040
86.5317515701 3.6587053314
86.4714086471 3.6705363469
86.4111498258 3.6886466941
86.3509749304 3.7111312141
86.2908837857 3.7363457555
86.2308762170 3.7631305588
86.1709520500 3.7908253593
86.1111111111 3.8190149626
86.0513532269 3.8471989558
85.9916782247 3.8745414612
85.9320859321 3.8998898056
85.8725761773 3.9219440424
85.8131487889 3.9395018223
85.7538035961 3.9517175081
85.6945404285 3.9582248507
85.6353591160 3.9591470398
85.5762594893 3.9549323832
85.5172413793 3.9460477210
85.4583046175 3.9325898768
85.3994490358 3.9140941669
85.3406744666 3.8895835662
85.2819807428 3.8579410758
85.2233676976 3.8184940770
85.1648351648 3.7715084638
85.1063829787 3.7184642187
85.0480109739 3.6619523866
84.9897189856 3.6051684149
84.9315068493 3.5512448695
84.8733744011 3.5026568199
84.8153214774 3.4607936409
84.7573479152 3.4259287725
84.6994535519 3.3974091857
84.6416382253 3.3740666739
84.5839017735 3.3546187875
84.5262440354 3.3379803438
84.4686648501 3.3233966133
84.4111640572 3.3104502990
84.3537414966 3.2990244031
84.2963970088 3.2892500468
84.2391304348 3.2814587532
84.1819416158 3.2760512922
84.1248303935 3.2734097868
84.0677966102 3.2737506709
84.0108401084 3.2770701198
83.9539607312 3.2830894462
83.8971583221 3.2913230427
83.8404327248 3.3011270871
83.7837837838 3.3118024008
83.7272113437 3.3227171734
83.6707152497 3.3334053762
83.6142953473 3.3436113381
83.5579514825 3.3532951122
83.5016835017 3.3625837999
83.4454912517 3.3716981719
83.3893745797 3.3808594053
83.3333333333 3.3902644767
83.2773673606 3.4000762477
83.2214765101 3.4104283038
83.1656606304 3.4214938851
83.1099195710 3.4334563545
83.0542531815 3.4464351711
82.9986613119 3.4603376593
82.9431438127 3.4747499846
82.8877005348 3.4888081922
82.8323313293 3.5011578573
82.7770360481 3.5100368875
82.7218145430 3.5134765121
82.6666666667 3.5096454563
82.6115922718 3.4972740671
82.5565912117 3.4759916804
82.5016633400 3.4465486654
82.4468085106 3.4106945843
82.3920265781 3.3708632943
82.3373173971 3.3297162826
82.2826808228 3.2896910659
82.2281167109 3.2527593585
82.1736249172 3.2203125152
82.1192052980 3.1931512896
82.0648577101 3.1715312999
82.0105820106 3.1552750337
81.9563780568 3.1439205985
81.9022457067 3.1368869829
81.8481848185 3.1336454390
81.7941952507 3.1338462205
81.7402768622 3.1373144550
81.6864295125 3.1439549133
81.6326530612 3.1536512889
81.5789473684 3.1661702216
81.5253122945 3.1811864570
81.4717477004 3.1983890348
81.4182534471 3.2176180161
81.3648293963 3.2389305281
81.3114754098 3.2624896845
81.2581913499 3.2883369096
81.2049770792 3.3160831491
81.1518324607 3.3447266270
81.0987573578 3.3726984519
81.0457516340 3.3980750434
80.9928151535 3.4189316950
80.9399477807 3.4336551321
80.8871493803 3.4411143490
80.8344198175 3.4406902980
80.7817589577 3.4322000769
80.7291666667 3.4157660016
80.6766428107 3.3916848744
80.6241872562 3.3603275180
80.5717998700 3.3221143181
80.5194805195 3.2775825973
80.4672290720 3.2274751954
80.4150453956 3.1729223994
80.3629293584 3.1155079746
80.3108808290 3.0572382984
80.2588996764 3.0003974237
80.2069857697 2.9473067111
80.1551389787 2.9000393823
80.1033591731 2.8602401528
80.0516462234 2.8289690901
80.0000000000 2.8066436621
79.9484203740 2.7930858125
79.8969072165 2.7875710021
79.8454603992 2.7889414223
79.7940797941 2.7957102566
79.7427652733 2.8062031835
79.6915167095 2.8186845488
79.6403339756 2.8315459371
79.5892169448 2.8434789319
79.5381654907 2.8536843219
79.4871794872 2.8618937810
79.4362588085 2.8682664440
79.3854033291 2.8730764565
79.3346129239 2.8764153673
79.2838874680 2.8779562893
79.2332268371 2.8769735594
79.1826309068 2.8725559730
79.1320995533 2.8639254139
79.0816326531 2.8506886073
79.0312300829 2.8329486476
78.9808917197 2.8112810554
78.9306174411 2.7866892415
78.8804071247 2.7604441048
78.8302606484 2.7339858546
78.7801778907 2.7087773162
78.7301587302 2.6861610765
78.6802030457 2.6672629454
78.6303107166 2.6529211361
78.5804816223 2.6437265160
78.5307156428 2.6399996356
78.4810126582 2.6418423725
78.4313725490 2.6490254548
78.3817951960 2.6609398923
78.3322804801 2.6764478064
78.2828282828 2.6938823625
78.2334384858 2.7111382965
78.1841109710 2.7259324203
78.1348456207 2.7361328271
78.0856423174 2.7401091894
78.0365009440 2.7369559327
77.9874213836 2.7265676982
77.9384035198 2.7095725328
77.8894472362 2.6871112892
77.8405524168 2.6606113606
77.7917189460 2.6315538074
77.7429467085 2.6013351622
77.6942355890 2.5711331276
77.6455854728 2.5418085245
77.5969962453 2.5138332224
77.5484677924 2.4873199993
77.5000000000 2.4620635340
77.4515927545 2.4377277507
77.4032459426 2.4139966389
77.3549594510 2.3906773288
77.3067331671 2.3676953767
77.2585669782 2.3450628564
77.2104607721 2.3228734016
77.1624144368 2.3013189660
77.1144278607 2.2807393429
77.0665009323 2.2616610492
77.0186335404 2.2447763163
76.9708255742 2.2308562589
76.9230769231 2.2205977672
76.8753874768 2.2144914021
76.8277571252 2.2127435147
76.7801857585 2.2152257208
76.7326732673 2.2215506356
76.6852195424 2.2310824228
76.6378244747 2.2429585775
76.5904879555 2.2561228515
76.5432098765 2.2693856476
76.4959901295 2.2815557189
76.4488286067 2.2916103135
76.4017252002 2.2988600096
76.3546798030 2.3029710542
76.3076923077 2.3039219835
76.2607626076 2.3018558084
76.2138905962 2.2968988088
76.1670761671 2.2891164626
76.1203192142 2.2785684507
76.0736196319 2.2654743469
76.0269773145 2.2503194193
75.9803921569 2.2338892092
75.9338640539 2.2171271647
75.8873929009 2.2009415035
75.8409785933 2.1860940468
75.7946210269 2.1730883147
75.7483200977 2.1622348816
75.7020757021 2.1536615259
75.6558877364 2.1473847763
75.6097560976 2.1433428836
75.5636806825 2.1413286706
75.5176613886 2.1409444966
75.4716981132 2.1415515574
75.4257907543 2.1422637252
75.3799392097 2.1420530648
75.3341433779 2.1399170592
75.2884031573 2.1349679268
75.2427184466 2.1265389687
75.1970891449 2.1142241739
75.1515151515 2.0978901629
75.1059963658 2.0777165714
75.0605326877 2.0542032902
75.0151240169 2.0281330600
74.9697702539 2.0005283817
74.9244712991 1.9726081505
74.8792270531 1.9456929842
74.8340374170 1.9211095720
74.7889022919 1.9000826914
74.7438215793 1.8836545785
74.6987951807 1.8726094027
74.6538229982 1.8674826110
74.6089049338 1.8684797992
74.5640408900 1.8754241776
74.5192307692 1.8876590821
74.4744744745 1.9039907724
74.4297719088 1.9227113330
74.3851229754 1.9417127796
74.3405275779 1.9587373875
74.2959856201 1.9716559016
74.2514970060 1.9788136093
74.2070616397 1.9792288692
74.1626794258 1.9726846254
74.1183502690 1.9596162869
74.0740740741 1.9409376889
74.0298507463 1.9177984724
73.9856801909 1.8913403357
73.9415623137 1.8626062289
73.8974970203 1.8324945016
73.8534842168 1.8018330496
73.8095238095 1.7714537964
73.7656157049 1.7422848430
73.7217598098 1.7152932414
73.6779560309 1.6913983141
73.6342042755 1.6713437970
73.5905044510 1.6555518245
73.5468564650 1.6440746822
73.5032602253 1.6366567667
73.4597156398 1.6328262375
73.4162226169 1.6320453264
73.3727810651 1.6338439116
73.3293908930 1.6377793711
73.2860520095 1.6434426842
73.2427643237 1.6502843952
73.1995277450 1.6576086282
73.1563421829 1.6645321673
73.1132075472 1.6701062091
73.0701237478 1.6733975338
73.0270906949 1.6736279774
72.9841082990 1.6701919107
72.9411764706 1.6626330134
72.8982951205 1.6506269048
72.8554641598 1.6339696779
72.8126834997 1.6126659517
72.7699530516 1.5870645204
72.7272727273 1.5579893904
72.6846424385 1.5267078221
72.6420620972 1.4947808316
72.5995316159 1.4638535689
72.5570509070 1.4353965558
72.5146198830 1.4105920551
72.4722384570 1.3902667291
72.4299065421 1.3749244764
72.3876240514 1.3647679926
72.3453908985 1.3597208839
72.3032069971 1.3594266443
72.2610722611 1.3632717428
72.2189866045 1.3704209692
72.1769499418 1.3798945650
72.1349621873 1.3906633494
72.0930232558 1.4017676550
72.0511330622 1.4124837977
72.0092915215 1.4223363868
71.9674985490 1.4311403056
71.9257540603 1.4388705126
71.8840579710 1.4455375249
71.8424101970 1.4510566546
71.8008106543 1.4551823255
71.7592592593 1.4575433502
71.7177559283 1.4576901508
71.6763005780 1.4551897356
71.6348931254 1.4496792194
71.5935334873 1.4409315022
71.5522215811 1.4290109296
71.5109573241 1.4143222761
71.4697406340 1.3976662421
71.4285714286 1.3801456970
71.3874496258 1.3629334981
71.3463751438 1.3470508096
71.3053479011 1.3331860315
71.2643678161 1.3216029054
71.2234348076 1.3122769492
71.1825487945 1.3050147052
71.1417096959 1.2996459630
71.1009174312 1.2960902293
71.0601719198 1.2943570685
71.0194730813 1.2944739662
70.9788208357 1.2963897529
70.9382151030 1.2999139803
70.8976558033 1.3047226587
70.8571428571 1.3103338239
70.8166761850 1.3161677614
70.7762557078 1.3215771039
70.7358813463 1.3259375017
70.6955530217 1.3286899998
70.6552706553 1.3293834874
70.6150341686 1.3276808824
70.5748434832 1.3234382121
70.5346985210 1.3167415782
70.4945992041 1.3080173774
70.4545454545 1.2980154355
70.4145371948 1.2877617379
70.3745743473 1.2783585560
70.3346568349 1.2707834469
70.2947845805 1.2656993690
70.2549575071 1.2633494776
70.2151755379 1.2635678071
70.1754385965 1.2658514354
70.1357466063 1.2695370863
70.0960994912 1.2739722364
70.0564971751 1.2786132196
70.0169395822 1.2831235261
69.9774266366 1.2873252942
69.9379582628 1.2911629069
69.8985343856 1.2946112979
69.8591549296 1.2975901258
69.8198198198 1.2998899651
69.7805289814 1.3012026626
69.7412823397 1.3011394626
69.7020798201 1.2992921866
69.6629213483 1.2953007331
69.6238068501 1.2888715550
69.5847362514 1.2798578490
69.5457094784 1.2683031646
69.5067264574 1.2544606573
69.4677871148 1.2387940469
69.4288913774 1.2219106760
69.3900391718 1.2044880512
69.3512304251 1.1872061318
69.3124650643 1.1707287588
69.2737430168 1.1556538665
69.2350642099 1.1425006289
69.1964285714 1.1316530029
69.1578360290 1.1233154649
69.1192865106 1.1174624209
69.0807799443 1.1138311508
69.0423162584 1.1119086624
69.0038953812 1.1110246240
68.9655172414 1.1104259406
68.9271817676 1.1093577672
68.8888888889 1.1071821723
68.8506385341 1.1034221379
68.8124306326 1.0977931987
68.7742651137 1.0902790656
68.7361419069 1.0810949450
68.6980609418 1.0707197745
68.6600221484 1.0598157786
68.6220254566 1.0491853255
68.5840707965 1.0396521035
68.5461580984 1.0319730612
68.5082872928 1.0267498478
68.4704583103 1.0243965292
68.4326710817 1.0251261498
68.3949255378 1.0289878132
68.3572216097 1.0358536036
68.3195592287 1.0454813069
68.2819383260 1.0575269349
68.2443588332 1.0715068625
68.2068206821 1.0868230696
68.1693238043 1.1027758039
68.1318681319 1.1185635927
68.0944535969 1.1334221032
68.0570801317 1.1466493764
68.0197476687 1.1577447574
67.9824561404 1.1664216468
67.9452054795 1.1726519975
67.9079956188 1.1766478078
67.8708264915 1.1787920886
67.8336980306 1.1795824131
67.7966101695 1.1795362944
67.7595628415 1.1791342825
67.7225559803 1.1787691602
67.6855895197 1.1787330156
67.6486633933 1.1791661390
67.6117775354 1.1800756593
67.5749318801 1.1813288247
67.5381263617 1.1826717246
67.5013609145 1.1838308171
67.4646354733 1.1845574548
67.4279499728 1.1846916531
67.3913043478 1.1842133150
67.3546985334 1.1832043415
67.3181324647 1.1817978653
67.2816060770 1.1800890046
67.2451193059 1.1780389113
67.2086720867 1.1753912597
67.1722643554 1.1717035620
67.1358960476 1.1663913396
67.0995670996 1.1589197040
67.0632774473 1.1488930752
67.0270270270 1.1361645651
66.9908157753 1.1208882127
66.9546436285 1.1034624310
66.9185105235 1.0845054978
66.8824163970 1.0646828949
66.8463611860 1.0446754478
66.8103448276 1.0250568812
66.7743672590 1.0063126659
66.7384284177 0.9888524647
66.7025282410 0.9730420341
66.6666666667 0.9591899688
66.6308436325 0.9475408644
66.5950590763 0.9382425313
66.5593129361 0.9313196009
66.5236051502 0.9266341117
66.4879356568 0.9238915172
66.4523043944 0.9226728109
66.4167113016 0.9224733199
66.3811563169 0.9227871813
66.3456393793 0.9231399702
66.3101604278 0.9231800066
66.2747194014 0.9226721615
66.2393162393 0.9214590307
66.2039508809 0.9194546039
66.1686232657 0.9165661123
66.1333333333 0.9127005234
66.0980810235 0.9078233514
66.0628662760 0.9020111585
66.0276890309 0.8955042844
65.9925492283 0.8886943190
65.9574468085 0.8820656558
65.9223817119 0.8761105434
65.8873538789 0.8712109418
65.8523632501 0.8676577932
65.8174097665 0.8655981000
65.7824933687 0.8650607440
65.7476139979 0.8660219070
65.7127715951 0.8684049363
65.6779661017 0.8721263149
65.6431974590 0.8771022563
65.6084656085 0.8832421408
65.5737704918 0.8904155669
65.5391120507 0.8983797726
65.5044902272 0.9067530750
65.4699049630 0.9149618674
65.4353562005 0.9223260835
65.4008438819 0.9281117530
65.3663679494 0.9317223077
65.3319283456 0.9328110191
65.2975250132 0.9313607832
65.2631578947 0.9277180459
65.2288269332 0.9225012741
65.1945320715 0.9164628466
65.1602732528 0.9104034534
65.1260504202 0.9049998109
65.0918635171 0.9007311910
65.0577124869 0.8978322078
65.0235972732 0.8962321935
64.9895178197 0.8956141645
64.9554740702 0.8954873840
64.9214659686 0.8953067796
64.8874934589 0.8945993732
64.8535564854 0.8930777428
64.8196549922 0.8906738335
64.7857889237 0.8874795193
64.7519582245 0.8837537504
64.7181628392 0.8798095207
64.6844027126 0.8760207326
64.6506777894 0.8727822529
64.6169880146 0.8704497203
64.5833333333 0.8693393766
64.5497136908 0.8696207071
64.5161290323 0.8713293997
64.4825793032 0.8742999377
64.4490644491 0.8782053981
64.4155844156 0.8825839857
64.3821391485 0.8869059342
64.3487285937 0.8906942785
64.3153526971 0.8935316659
64.2820114049 0.8951545568
64.2487046632 0.8954266234
64.2154324184 0.8943457611
64.1821946170 0.8920377009
64.1489912054 0.8887159618
64.1158221303 0.8846349530
64.0826873385 0.8800496613
64.0495867769 0.8751684294
64.0165203924 0.8701055470
63.9834881321 0.8649688249
63.9504899433 0.8598392881
63.9175257732 0.8548590650
63.8845955693 0.8502044916
63.8516992791 0.8460591072
63.8188368502 0.8425933223
63.7860082305 0.8398965287
63.7532133676 0.8379904185
63.7204522097 0.8368355790
63.6877247047 0.8363245323
63.6550308008 0.8363291519
63.6223704464 0.8366870186
63.5897435897 0.8372217622
63.5571501794 0.8377634589
63.5245901639 0.8381486488
63.4920634921 0.8382748711
63.4595701126 0.8380939984
63.4271099744 0.8375987305
63.3946830266 0.8367749258
63.3622892182 0.8355810946
63.3299284985 0.8338731608
63.2976008167 0.8314451904
63.2653061224 0.8280497127
63.2330443651 0.8234523198
63.2008154944 0.8175275398
63.1686194600 0.8102797004
63.1364562118 0.8018982082
63.1043256997 0.7927376179
63.0722278739 0.7832495801
63.0401626843 0.7739488628
63.0081300813 0.7652760282
62.9761300152 0.7575489612
62.9441624365 0.7509279673
62.9122272958 0.7453945382
62.8803245436 0.7408266204
62.8484541308 0.7370397077
62.8166160081 0.7338833223
62.7848101266 0.7312825785
62.7530364372 0.7292384114
62.7212948912 0.7278277918
62.6895854398 0.7271624240
62.6579080344 0.7273057695
62.6262626263 0.7282175185
62.5946491671 0.7297048385
62.5630676085 0.7314289527
62.5315179022 0.7329186816
62.5000000000 0.7336811203
62.4685138539 0.7333264805
62.4370594159 0.7316793950
62.4056366381 0.7288628194
62.3742454728 0.7253127761
62.3428858723 0.7216888717
62.3115577889 0.7187566512
62.2802611753 0.7172206979
62.2489959839 0.7176197943
62.2177621676 0.7202775043
62.1865596790 0.7252666343
62.1553884712 0.7324714230
62.1242484970 0.7416430394
62.0931397096 0.7524762330
62.0620620621 0.7646093579
62.0310155078 0.7776383705
62.0000000000 0.7910819346
