0.0100000000 0.0000001517
0.0200000000 0.0000013618
0.0300000000 0.0000039818
0.0400000000 0.0000078955
0.0500000000 0.0000130477
0.0600000000 0.0000193962
0.0700000000 0.0000269258
0.0800000000 0.0000356290
0.0900000000 0.0000455327
0.1000000000 0.0000565768
0.1100000000 0.0000687871
0.1200000000 0.0000822046
0.1300000000 0.0000967488
0.1400000000 0.0001125065
0.1500000000 0.0001293832
0.1600000000 0.0001474801
0.1700000000 0.0001667482
0.1800000000 0.0001872507
0.1900000000 0.0002088645
0.2000000000 0.0002317197
0.2100000000 0.0002556788
0.2200000000 0.0002808865
0.2300000000 0.0003072721
0.2400000000 0.0003349203
0.2500000000 0.0003636653
0.2600000000 0.0003936801
0.2700000000 0.0004248798
0.2800000000 0.0004572645
0.2900000000 0.0004909367
0.3000000000 0.0005258010
0.3100000000 0.0005618573
0.3200000000 0.0005991056
0.3300000000 0.0006376627
0.3400000000 0.0006774190
0.3500000000 0.0007183743
0.3600000000 0.0007605288
0.3700000000 0.0008040133
0.3800000000 0.0008488386
0.3900000000 0.0008947390
0.4000000000 0.0009419873
0.4100000000 0.0009905940
0.4200000000 0.0010404211
0.4300000000 0.0010914685
0.4400000000 0.0011437363
0.4500000000 0.0011973838
0.4600000000 0.0012524217
0.4700000000 0.0013086941
0.4800000000 0.0013662010
0.4900000000 0.0014251160
0.5000000000 0.0014854498
0.5100000000 0.0015468515
0.5200000000 0.0016098634
0.5300000000 0.0016741310
0.5400000000 0.0017396544
0.5500000000 0.0018066284
0.5600000000 0.0018748653
0.5700000000 0.0019445670
0.5800000000 0.0020155386
0.5900000000 0.0020879892
0.6000000000 0.0021619295
0.6100000000 0.0022371538
0.6200000000 0.0023136623
0.6300000000 0.0023916781
0.6400000000 0.0024712119
0.6500000000 0.0025522743
0.6600000000 0.0026346421
0.6700000000 0.0027185527
0.6800000000 0.0028037756
0.6900000000 0.0028905556
0.7000000000 0.0029789032
0.7100000000 0.0030688290
0.7200000000 0.0031600885
0.7300000000 0.0032529404
0.7400000000 0.0033473954
0.7500000000 0.0034434641
0.7600000000 0.0035411570
0.7700000000 0.0036402120
0.7800000000 0.0037409054
0.7900000000 0.0038432479
0.8000000000 0.0039472502
0.8100000000 0.0040529229
0.8200000000 0.0041599859
0.8300000000 0.0042690276
0.8400000000 0.0043794738
0.8500000000 0.0044919272
0.8600000000 0.0046057992
0.8700000000 0.0047213982
0.8800000000 0.0048390470
0.8900000000 0.0049581355
0.9000000000 0.0050789830
0.9100000000 0.0052016001
0.9200000000 0.0053263235
0.9300000000 0.0054525151
0.9400000000 0.0055808414
0.9500000000 0.0057106500
0.9600000000 0.0058426217
0.9700000000 0.0059764338
0.9800000000 0.0061120969
0.9900000000 0.0062496216
1.0000000000 0.0063890186
1.0100000000 0.0065306566
1.0200000000 0.0066741952
1.0300000000 0.0068196450
1.0400000000 0.0069670167
1.0500000000 0.0071166931
1.0600000000 0.0072683196
1.0700000000 0.0074219070
1.0800000000 0.0075778487
1.0900000000 0.0077357795
1.1000000000 0.0078957100
1.1100000000 0.0080580444
1.1200000000 0.0082224069
1.1300000000 0.0083892087
1.1400000000 0.0085580669
1.1500000000 0.0087293999
1.1600000000 0.0089028175
1.1700000000 0.0090787452
1.1800000000 0.0092572044
1.1900000000 0.0094377943
1.2000000000 0.0096209509
1.2100000000 0.0098062666
1.2200000000 0.0099941844
1.2300000000 0.0101847258
1.2400000000 0.0103779118
1.2500000000 0.0105733205
1.2600000000 0.0107714092
1.2700000000 0.0109721993
1.2800000000 0.0111757120
1.2900000000 0.0113819684
1.3000000000 0.0115909899
1.3100000000 0.0118027976
1.3200000000 0.0120174128
1.3300000000 0.0122348568
1.3400000000 0.0124546756
1.3500000000 0.0126783158
1.3600000000 0.0129043734
1.3700000000 0.0131333445
1.3800000000 0.0133657399
1.3900000000 0.0136010985
1.4000000000 0.0138394414
1.4100000000 0.0140807900
1.4200000000 0.0143256689
1.4300000000 0.0145736030
1.4400000000 0.0148251241
1.4500000000 0.0150802640
1.4600000000 0.0153380191
1.4700000000 0.0155999639
1.4800000000 0.0158650911
1.4900000000 0.0161339503
1.5000000000 0.0164060415
1.5100000000 0.0166819213
1.5200000000 0.0169616216
1.5300000000 0.0172451741
1.5400000000 0.0175326107
1.5500000000 0.0178239632
1.5600000000 0.0181192635
1.5700000000 0.0184185433
1.5800000000 0.0187218346
1.5900000000 0.0190291690
1.6000000000 0.0193411457
1.6100000000 0.0196572364
1.6200000000 0.0199774728
1.6300000000 0.0203024646
1.6400000000 0.0206316728
1.6500000000 0.0209657143
1.6600000000 0.0213046315
1.6700000000 0.0216478746
1.6800000000 0.0219960711
1.6900000000 0.0223492635
1.7000000000 0.0227074940
1.7100000000 0.0230708052
1.7200000000 0.0234392395
1.7300000000 0.0238128392
1.7400000000 0.0241916467
1.7500000000 0.0245763249
1.7600000000 0.0249663027
1.7700000000 0.0253622502
1.7800000000 0.0257635891
1.7900000000 0.0261709966
1.8000000000 0.0265845255
1.8100000000 0.0270042288
1.8200000000 0.0274295144
1.8300000000 0.0278617221
1.8400000000 0.0283002631
1.8500000000 0.0287451905
1.8600000000 0.0291972165
1.8700000000 0.0296564047
1.8800000000 0.0301221522
1.8900000000 0.0305945121
1.9000000000 0.0310748841
1.9100000000 0.0315626654
1.9200000000 0.0320579196
1.9300000000 0.0325607101
1.9400000000 0.0330717882
1.9500000000 0.0335912279
1.9600000000 0.0341184087
1.9700000000 0.0346540922
1.9800000000 0.0351983526
1.9900000000 0.0357519693
2.0000000000 0.0363143180
2.0100000000 0.0368854730
2.0200000000 0.0374662240
2.0300000000 0.0380573753
2.0400000000 0.0386575760
2.0500000000 0.0392683533
2.0600000000 0.0398898024
2.0700000000 0.0405212848
2.0800000000 0.0411636223
2.0900000000 0.0418169100
2.1000000000 0.0424819872
2.1100000000 0.0431589598
2.1200000000 0.0438479335
2.1300000000 0.0445490138
2.1400000000 0.0452623066
2.1500000000 0.0459894411
2.1600000000 0.0467290134
2.1700000000 0.0474826670
2.1800000000 0.0482497563
2.1900000000 0.0490319492
2.2000000000 0.0498286037
2.2100000000 0.0506398465
2.2200000000 0.0514673773
2.2300000000 0.0523113441
2.2400000000 0.0531711008
2.2500000000 0.0540475820
2.2600000000 0.0549425366
2.2700000000 0.0558545251
2.2800000000 0.0567853106
2.2900000000 0.0577350619
2.3000000000 0.0587047626
2.3100000000 0.0596945917
2.3200000000 0.0607055505
2.3300000000 0.0617378287
2.3400000000 0.0627924447
2.3500000000 0.0638704313
2.3600000000 0.0649719991
2.3700000000 0.0660973587
2.3800000000 0.0672492496
2.3900000000 0.0684262211
2.4000000000 0.0696310442
2.4100000000 0.0708639714
2.4200000000 0.0721261123
2.4300000000 0.0734177298
2.4400000000 0.0747408151
2.4500000000 0.0760965195
2.4600000000 0.0774860084
2.4700000000 0.0789104613
2.4800000000 0.0803710713
2.4900000000 0.0818699273
2.5000000000 0.0834073758
2.5100000000 0.0849855404
2.5200000000 0.0866065726
2.5300000000 0.0882717563
2.5400000000 0.0899832882
2.5500000000 0.0917433930
2.5600000000 0.0935534167
2.5700000000 0.0954165390
2.5800000000 0.0973341544
2.5900000000 0.0993085883
2.6000000000 0.1013440338
2.6100000000 0.1034428925
2.6200000000 0.1056075935
2.6300000000 0.1078415241
2.6400000000 0.1101490472
2.6500000000 0.1125327060
2.6600000000 0.1149978943
2.6700000000 0.1175481858
2.6800000000 0.1201881436
2.6900000000 0.1229233374
2.7000000000 0.1257584507
2.7100000000 0.1286991801
2.7200000000 0.1317532150
2.7300000000 0.1349264101
2.7400000000 0.1382266260
2.7500000000 0.1416618192
2.7600000000 0.1452400414
2.7700000000 0.1489713985
2.7800000000 0.1528661188
2.7900000000 0.1569365253
2.8000000000 0.1611941006
2.8100000000 0.1656524485
2.8200000000 0.1703273277
2.8300000000 0.1752356860
2.8400000000 0.1803946721
2.8500000000 0.1858266702
2.8600000000 0.1915513006
2.8700000000 0.1975965189
2.8800000000 0.2039895958
2.8900000000 0.2107611802
2.9000000000 0.2179473953
2.9100000000 0.2255868380
2.9200000000 0.2337257619
2.9300000000 0.2424119864
2.9400000000 0.2517042430
2.9500000000 0.2616660913
2.9600000000 0.2723722397
2.9700000000 0.2839055572
2.9800000000 0.2963603258
2.9900000000 0.3098476537
3.0000000000 0.3244914680
3.0100000000 0.3404339625
3.0200000000 0.3578390051
3.0300000000 0.3768913236
3.0400000000 0.3977999341
3.0500000000 0.4208037493
3.0600000000 0.4461621978
3.0700000000 0.4741639831
3.0800000000 0.5051089245
3.0900000000 0.5393035644
3.1000000000 0.5770306111
3.1100000000 0.6185103025
3.1200000000 0.6638448903
3.1300000000 0.7129307541
3.1400000000 0.7653585973
3.1500000000 0.8203016807
3.1600000000 0.8764326902
3.1700000000 0.9319191205
3.1800000000 0.9845674998
3.1900000000 1.0321491031
3.2000000000 1.0728842636
3.2100000000 1.1059362536
3.2200000000 1.1317259094
3.2300000000 1.1519154157
3.2400000000 1.1690684897
3.2500000000 1.1861389469
3.2600000000 1.2059756117
3.2700000000 1.2309600005
3.2800000000 1.2627937867
3.2900000000 1.3023912934
3.3000000000 1.3498003186
3.3100000000 1.4041159898
3.3200000000 1.4634003268
3.3300000000 1.5246506018
3.3400000000 1.5839395670
3.3500000000 1.6368171995
3.3600000000 1.6790101639
3.3700000000 1.7072843005
3.3800000000 1.7202076311
3.3900000000 1.7184880470
3.4000000000 1.7047757348
3.4100000000 1.6830275538
3.4200000000 1.6577159273
3.4300000000 1.6331570817
3.4400000000 1.6130682348
3.4500000000 1.6003674016
3.4600000000 1.5971559833
3.4700000000 1.6047828820
3.4800000000 1.6239319320
3.4900000000 1.6546819120
3.5000000000 1.6965145877
3.5100000000 1.7483010180
3.5200000000 1.8082848040
3.5300000000 1.8741304227
3.5400000000 1.9430823641
3.5500000000 2.0122399421
3.5600000000 2.0789129485
3.5700000000 2.1409788621
3.5800000000 2.1971757182
3.5900000000 2.2473264616
3.6000000000 2.2924562783
3.6100000000 2.3347702676
3.6200000000 2.3773958652
3.6300000000 2.4238936629
3.6400000000 2.4776658772
3.6500000000 2.5414175920
3.6600000000 2.6168127906
3.6700000000 2.7043782270
3.6800000000 2.8035890460
3.6900000000 2.9130452068
3.7000000000 3.0305778756
3.7100000000 3.1531780488
3.7200000000 3.2767924112
3.7300000000 3.3961470341
3.7400000000 3.5049200201
3.7500000000 3.5963957064
3.7600000000 3.6645174010
3.7700000000 3.7049580706
3.7800000000 3.7157965284
3.7900000000 3.6976226911
3.8000000000 3.6532205191
3.8100000000 3.5871295691
3.8200000000 3.5052030298
3.8300000000 3.4141120221
3.8400000000 3.3207228110
3.8500000000 3.2313482238
3.8600000000 3.1510848295
3.8700000000 3.0833723374
3.8800000000 3.0298715722
3.8900000000 2.9906272460
3.9000000000 2.9644645487
3.9100000000 2.9494665376
3.9200000000 2.9434048530
3.9300000000 2.9440015059
3.9400000000 2.9489705851
3.9500000000 2.9559855549
3.9600000000 2.9627385905
3.9700000000 2.9672432725
3.9800000000 2.9682962034
3.9900000000 2.9658976010
4.0000000000 2.9613722931
4.0100000000 2.9570920270
4.0200000000 2.9558992218
4.0300000000 2.9604501756
4.0400000000 2.9727355001
4.0500000000 2.9938718605
4.0600000000 3.0241861091
4.0700000000 3.0634111710
4.0800000000 3.1108304582
4.0900000000 3.1652376241
4.1000000000 3.2247663220
4.1100000000 3.2867940922
4.1200000000 3.3481112030
4.1300000000 3.4054428832
4.1400000000 3.4561251860
4.1500000000 3.4986059728
4.1600000000 3.5324606115
4.1700000000 3.5579472741
4.1800000000 3.5754146458
4.1900000000 3.5849981952
4.2000000000 3.5868182251
4.2100000000 3.5815466314
4.2200000000 3.5709511451
4.2300000000 3.5580301467
4.2400000000 3.5466623039
4.2500000000 3.5409206443
4.2600000000 3.5443583383
4.2700000000 3.5594336615
4.2800000000 3.5871311771
4.2900000000 3.6267451204
4.3000000000 3.6758758547
4.3100000000 3.7307060791
4.3200000000 3.7866325724
4.3300000000 3.8391474567
4.3400000000 3.8847421053
4.3500000000 3.9215359754
4.3600000000 3.9494154360
4.3700000000 3.9697513335
4.3800000000 3.9848755665
4.3900000000 3.9975602304
4.4000000000 4.0105932806
4.4100000000 4.0264640107
4.4200000000 4.0471082882
4.4300000000 4.0735998591
4.4400000000 4.1058043254
4.4500000000 4.1420631708
4.4600000000 4.1790897519
4.4700000000 4.2123029312
4.4800000000 4.2367032323
4.4900000000 4.2481157037
4.5000000000 4.2444038546
4.5100000000 4.2261553483
4.5200000000 4.1965207674
4.5300000000 4.1602726630
4.5400000000 4.1224853069
4.5500000000 4.0873374950
4.5600000000 4.0574238883
4.5700000000 4.0337341171
4.5800000000 4.0161253802
4.5900000000 4.0039944380
4.6000000000 3.9967396240
4.6100000000 3.9938012423
4.6200000000 3.9943192903
4.6300000000 3.9967152778
4.6400000000 3.9985393964
4.6500000000 3.9968067206
4.6600000000 3.9887744218
4.6700000000 3.9728978190
4.6800000000 3.9495646780
4.6900000000 3.9213311522
4.7000000000 3.8925407999
4.7100000000 3.8685096960
4.7200000000 3.8545616256
4.7300000000 3.8551737007
4.7400000000 3.8733725177
4.7500000000 3.9103810028
4.7600000000 3.9654630858
4.7700000000 4.0359104476
4.7800000000 4.1171557650
4.7900000000 4.2031144042
4.8000000000 4.2868090425
4.8100000000 4.3613742747
4.8200000000 4.4212990146
4.8300000000 4.4636448330
4.8400000000 4.4887910147
4.8500000000 4.5003908594
4.8600000000 4.5044911643
4.8700000000 4.5081311153
4.8800000000 4.5178457481
4.8900000000 4.5384592955
4.9000000000 4.5723273812
4.9100000000 4.6190717125
4.9200000000 4.6757816591
4.9300000000 4.7375935766
4.9400000000 4.7985454641
4.9500000000 4.8525539838
4.9600000000 4.8943527337
4.9700000000 4.9203471512
4.9800000000 4.9292742048
4.9900000000 4.9225286349
5.0000000000 4.9039177130
5.0100000000 4.8788192900
5.0200000000 4.8529618798
5.0300000000 4.8312767953
5.0400000000 4.8171964910
5.0500000000 4.8125477727
5.0600000000 4.8179085380
5.0700000000 4.8330821109
5.0800000000 4.8574338647
5.0900000000 4.8899544640
5.1000000000 4.9291662763
5.1100000000 4.9730881940
5.1200000000 5.0194615911
5.1300000000 5.0662487683
5.1400000000 5.1122173468
5.1500000000 5.1572824706
5.1600000000 5.2023464547
5.1700000000 5.2486828152
5.1800000000 5.2971875697
5.1900000000 5.3478636818
5.2000000000 5.3997765394
5.2100000000 5.4513242987
5.2200000000 5.5006055713
5.2300000000 5.5456237409
5.2400000000 5.5843295752
5.2500000000 5.6147535433
5.2600000000 5.6354310515
5.2700000000 5.6460939888
5.2800000000 5.6482912393
5.2900000000 5.6455403020
5.3000000000 5.6428050315
5.3100000000 5.6455737472
5.3200000000 5.6589281972
5.3300000000 5.6869785301
5.3400000000 5.7327224853
5.3500000000 5.7981631878
5.3600000000 5.8844578106
5.3700000000 5.9919061269
5.3800000000 6.1198189586
5.3900000000 6.2664346045
5.4000000000 6.4291517064
5.4100000000 6.6051568199
5.4200000000 6.7923899790
5.4300000000 6.9904563427
5.4400000000 7.2011045895
5.4500000000 7.4280126216
5.4600000000 7.6759416508
5.4700000000 7.9495670264
5.4800000000 8.2523347990
5.4900000000 8.5856586230
5.5000000000 8.9485608546
5.5100000000 9.3377220512
5.5200000000 9.7478287688
5.5300000000 10.1720631086
5.5400000000 10.6025986338
5.5500000000 11.0310262617
5.5600000000 11.4487856957
5.5700000000 11.8476190406
5.5800000000 12.2200484136
5.5900000000 12.5597419376
5.6000000000 12.8616752483
5.6100000000 13.1221668030
5.6200000000 13.3388947396
5.6300000000 13.5109244242
5.6400000000 13.6386294171
5.6500000000 13.7233966643
5.6600000000 13.7671599545
5.6700000000 13.7720070997
5.6800000000 13.7400598000
5.6900000000 13.6736942277
5.7000000000 13.5759508571
5.7100000000 13.4508805943
5.7200000000 13.3036628257
5.7300000000 13.1403641859
5.7400000000 12.9673962543
5.7500000000 12.7908575170
5.7600000000 12.6160440628
5.7700000000 12.4472306320
5.7800000000 12.2875925984
5.7900000000 12.1391258685
5.8000000000 12.0024591698
5.8100000000 11.8766865382
5.8200000000 11.7593475205
5.8300000000 11.6466517652
5.8400000000 11.5339412811
5.8500000000 11.4163725944
5.8600000000 11.2897021412
5.8700000000 11.1509539294
5.8800000000 10.9988101055
5.8900000000 10.8336289715
5.9000000000 10.6572863964
5.9100000000 10.4729852577
5.9200000000 10.2850786401
5.9300000000 10.0987569684
5.9400000000 9.9194639740
5.9500000000 9.7522072437
5.9600000000 9.6010651379
5.9700000000 9.4691449877
5.9800000000 9.3589084945
5.9900000000 9.2725886942
6.0000000000 9.2123601484
6.0100000000 9.1801360534
6.0200000000 9.1770517086
6.0300000000 9.2028554282
6.0400000000 9.2553158455
6.0500000000 9.3298176059
6.0600000000 9.4191268930
6.0700000000 9.5134937339
6.0800000000 9.6012070026
6.0900000000 9.6697802090
6.1000000000 9.7077357677
6.1100000000 9.7067247868
6.1200000000 9.6633298009
6.1300000000 9.5798808432
6.1400000000 9.4639269970
6.1500000000 9.3265545968
6.1600000000 9.1801964058
6.1700000000 9.0366269399
6.1800000000 8.9055498983
6.1900000000 8.7939910899
6.2000000000 8.7064009711
6.2100000000 8.6453188387
6.2200000000 8.6122040026
6.2300000000 8.6080275029
6.2400000000 8.6332890263
6.2500000000 8.6875060408
6.2600000000 8.7684400318
6.2700000000 8.8715588623
6.2800000000 8.9900375728
6.2900000000 9.1154778711
6.3000000000 9.2391600619
6.3100000000 9.3535221749
6.3200000000 9.4534225061
6.3300000000 9.5368734741
6.3400000000 9.6050546231
6.3500000000 9.6616219160
6.3600000000 9.7115177569
6.3700000000 9.7595909958
6.3800000000 9.8093929339
6.3900000000 9.8624727183
6.4000000000 9.9182763355
6.4100000000 9.9745257402
6.4200000000 10.0278556839
6.4300000000 10.0744448746
6.4400000000 10.1105172752
6.4500000000 10.1328215443
6.4600000000 10.1391720775
6.4700000000 10.1290831637
6.4800000000 10.1041945397
6.4900000000 10.0682202624
6.5000000000 10.0262761816
6.5100000000 9.9837829202
6.5200000000 9.9454153050
6.5300000000 9.9144489626
6.5400000000 9.8926929896
6.5500000000 9.8808281515
6.5600000000 9.8788617533
6.5700000000 9.8864853133
6.5800000000 9.9033393673
6.5900000000 9.9293257570
6.6000000000 9.9650304505
6.6100000000 10.0121506526
6.6200000000 10.0736658751
6.6300000000 10.1535516720
6.6400000000 10.2560077693
6.6500000000 10.3844546952
6.6600000000 10.5405745591
6.6700000000 10.7236507498
6.6800000000 10.9303055829
6.6900000000 11.1546432379
6.7000000000 11.3888448563
6.7100000000 11.6242322666
6.7200000000 11.8527000141
6.7300000000 12.0681506846
6.7400000000 12.2673447100
6.7500000000 12.4497889280
6.7600000000 12.6166999191
6.7700000000 12.7695649387
6.7800000000 12.9089982767
6.7900000000 13.0344466246
6.8000000000 13.1447986425
6.8100000000 13.2394777826
6.8200000000 13.3193290924
6.8300000000 13.3867023442
6.8400000000 13.4445820927
6.8500000000 13.4952024007
6.8600000000 13.5389211966
6.8700000000 13.5739827567
6.8800000000 13.5973748044
6.8900000000 13.6062313202
6.9000000000 13.5989369915
6.9100000000 13.5752419794
6.9200000000 13.5353809957
6.9300000000 13.4788100961
6.9400000000 13.4033762109
6.9500000000 13.3053539770
6.9600000000 13.1803484389
6.9700000000 13.0246462757
6.9800000000 12.8366250641
6.9900000000 12.6177580538
7.0000000000 12.3730581763
7.0100000000 12.1109299957
7.0200000000 11.8424652558
7.0300000000 11.5802833822
7.0400000000 11.3370544210
7.0500000000 11.1239594764
7.0600000000 10.9494362680
7.0700000000 10.8184408644
7.0800000000 10.7323006848
7.0900000000 10.6890954594
7.1000000000 10.6844298655
7.1100000000 10.7124826987
7.1200000000 10.7671291378
7.1300000000 10.8428987017
7.1400000000 10.9354548299
7.1500000000 11.0414724596
7.1600000000 11.1580451286
7.1700000000 11.2818860753
7.1800000000 11.4086735596
7.1900000000 11.5327587028
7.2000000000 11.6472912418
7.2100000000 11.7448233004
7.2200000000 11.8182018310
7.2300000000 11.8615451445
7.2400000000 11.8710082146
7.2500000000 11.8451327378
7.2600000000 11.7847190997
7.2700000000 11.6923528453
7.2800000000 11.5716919181
7.2900000000 11.4267373353
7.3000000000 11.2611803369
7.3100000000 11.0778716571
7.3200000000 10.8784212740
7.3300000000 10.6631291292
7.3400000000 10.4314075518
7.3500000000 10.1827090379
7.3600000000 9.9176196915
7.3700000000 9.6387455493
7.3800000000 9.3509751184
7.3900000000 9.0610822350
7.4000000000 8.7766934027
7.4100000000 8.5049566381
7.4200000000 8.2512648282
7.4300000000 8.0184037747
7.4400000000 7.8063761401
7.4500000000 7.6128811990
7.4600000000 7.4343047628
7.4700000000 7.2668552201
7.4800000000 7.1075877312
7.4900000000 6.9550751624
7.5000000000 6.8096682544
7.5100000000 6.6733706392
7.5200000000 6.5494018141
7.5300000000 6.4415732395
7.5400000000 6.3536135277
7.5500000000 6.2886161753
7.5600000000 6.2485950299
7.5700000000 6.2342289993
7.5800000000 6.2446934234
7.5900000000 6.2776903817
7.6000000000 6.3296271558
7.6100000000 6.3960764275
7.6200000000 6.4723618360
7.6300000000 6.5542580347
7.6400000000 6.6385215963
7.6500000000 6.7230885742
7.6600000000 6.8068668790
7.6700000000 6.8891623740
7.6800000000 6.9690250706
7.6900000000 7.0446469642
7.7000000000 7.1130282282
7.7100000000 7.1699158288
7.7200000000 7.2101679688
7.7300000000 7.2285982687
7.7400000000 7.2212166787
7.7500000000 7.1865325135
7.7600000000 7.1263507766
7.7700000000 7.0456806552
7.7800000000 6.9517343752
7.7900000000 6.8524516605
7.8000000000 6.7550939941
7.8100000000 6.6653696308
7.8200000000 6.5871880728
7.8300000000 6.5228892856
7.8400000000 6.4736668322
7.8500000000 6.4398251032
7.8600000000 6.4207870406
7.8700000000 6.4149557270
7.8800000000 6.4196793642
7.8900000000 6.4315562461
7.9000000000 6.4469281921
7.9100000000 6.4624139801
7.9200000000 6.4751222557
7.9300000000 6.4825866236
7.9400000000 6.4826062723
7.9500000000 6.4732078483
7.9600000000 6.4528527066
7.9700000000 6.4207621528
7.9800000000 6.3771934886
7.9900000000 6.3235096388
8.0000000000 6.2620025859
8.0100000000 6.1954378451
8.0200000000 6.1265173896
8.0300000000 6.0573853676
8.0400000000 5.9893755163
8.0500000000 5.9230885593
8.0600000000 5.8587434292
8.0700000000 5.7966884612
8.0800000000 5.7377908833
8.0900000000 5.6835823368
8.1000000000 5.6360485681
8.1100000000 5.5972589492
8.1200000000 5.5689644970
8.1300000000 5.5522833337
8.1400000000 5.5475306238
8.1500000000 5.5541653664
8.1600000000 5.5708248692
8.1700000000 5.5954935807
8.1800000000 5.6257670913
8.1900000000 5.6591121335
8.2000000000 5.6930594197
8.2100000000 5.7252718350
8.2200000000 5.7535109309
8.2300000000 5.7755842059
8.2400000000 5.7892731133
8.2500000000 5.7923089513
8.2600000000 5.7824252699
8.2700000000 5.7575965096
8.2800000000 5.7164944329
8.2900000000 5.6589879206
8.3000000000 5.5864501684
8.3100000000 5.5016812546
8.3200000000 5.4084035647
8.3300000000 5.3105942721
8.3400000000 5.2119225605
8.3500000000 5.1154809370
8.3600000000 5.0237405959
8.3700000000 4.9385767833
8.3800000000 4.8612730409
8.3900000000 4.7924536724
8.4000000000 4.7320705843
8.4100000000 4.6794729222
8.4200000000 4.6336284559
8.4300000000 4.5933598295
8.4400000000 4.5576629724
8.4500000000 4.5259826353
8.4600000000 4.4984848903
8.4700000000 4.4762002768
8.4800000000 4.4609478541
8.4900000000 4.4549959970
8.5000000000 4.4605589257
8.5100000000 4.4792444202
8.5200000000 4.5116698647
8.5300000000 4.5573138627
8.5400000000 4.6146252195
8.5500000000 4.6813148459
8.5600000000 4.7547102039
8.5700000000 4.8320104340
8.5800000000 4.9104628612
8.5900000000 4.9874523662
8.6000000000 5.0606629902
8.6100000000 5.1282707484
8.6200000000 5.1891299731
8.6300000000 5.2428117177
8.6400000000 5.2894048561
8.6500000000 5.3291813665
8.6600000000 5.3623032867
8.6700000000 5.3887268936
8.6800000000 5.4083535478
8.6900000000 5.4213814807
8.7000000000 5.4286318490
8.7100000000 5.4316954179
8.7200000000 5.4327554391
8.7300000000 5.4341389028
8.7400000000 5.4377287583
8.7500000000 5.4445156472
8.7600000000 5.4544545592
8.7700000000 5.4666375569
8.7800000000 5.4796567723
8.7900000000 5.4919637401
8.8000000000 5.5020632544
8.8100000000 5.5084350852
8.8200000000 5.5093406854
8.8300000000 5.5026058305
8.8400000000 5.4857076550
8.8500000000 5.4561792832
8.8600000000 5.4122941901
8.8700000000 5.3537168749
8.8800000000 5.2818032214
8.8900000000 5.1993724292
8.9000000000 5.1100554278
8.9100000000 5.0175536796
8.9200000000 4.9250679905
8.9300000000 4.8350401576
8.9400000000 4.7491521958
8.9500000000 4.6684517639
8.9600000000 4.5935437882
8.9700000000 4.5248120398
8.9800000000 4.4626012388
8.9900000000 4.4073468557
9.0000000000 4.3595609109
9.0100000000 4.3197765345
9.0200000000 4.2885063730
9.0300000000 4.2662620207
9.0400000000 4.2536058207
9.0500000000 4.2511148272
9.0600000000 4.2591560739
9.0700000000 4.2775520156
9.0800000000 4.3052663813
9.0900000000 4.3402296598
9.1000000000 4.3794698841
9.1100000000 4.4194919698
9.1200000000 4.4568891954
9.1300000000 4.4889620335
9.1400000000 4.5142303390
9.1500000000 4.5326256619
9.1600000000 4.5453261931
9.1700000000 4.5543067434
9.1800000000 4.5617989924
9.1900000000 4.5698553371
9.2000000000 4.5801408281
9.2100000000 4.5939221944
9.2200000000 4.6121337542
9.2300000000 4.6354377383
9.2400000000 4.6641602103
9.2500000000 4.6981975281
9.2600000000 4.7368697326
9.2700000000 4.7788489593
9.2800000000 4.8222312995
9.2900000000 4.8647397769
9.3000000000 4.9040636798
9.3100000000 4.9382089938
9.3200000000 4.9657829914
9.3300000000 4.9861186311
9.3400000000 4.9992721660
9.3500000000 5.0059865266
9.3600000000 5.0075932314
9.3700000000 5.0058698489
9.3800000000 5.0027440626
9.3900000000 4.9998874337
9.4000000000 4.9982938964
9.4100000000 4.9979905045
9.4200000000 4.9980234361
9.4300000000 4.9966549655
9.4400000000 4.9917724350
9.4500000000 4.9813562602
9.4600000000 4.9640410308
9.4700000000 4.9396054364
9.4800000000 4.9092467636
9.4900000000 4.8755019632
9.5000000000 4.8417797780
9.5100000000 4.8117103976
9.5200000000 4.7885471545
9.5300000000 4.7748111290
9.5400000000 4.7721619374
9.5500000000 4.7813670306
9.5600000000 4.8022336310
9.5700000000 4.8334732834
9.5800000000 4.8725943230
9.5900000000 4.9160120213
9.6000000000 4.9594758283
9.6100000000 4.9987955978
9.6200000000 5.0306045595
9.6300000000 5.0529274174
9.6400000000 5.0653449958
9.6500000000 5.0687755816
9.6600000000 5.0649976331
9.6700000000 5.0560952225
9.6800000000 5.0439713309
9.6900000000 5.0300733862
9.7000000000 5.0152953795
9.7100000000 5.0000584245
9.7200000000 4.9845158719
9.7300000000 4.9687878842
9.7400000000 4.9531262264
9.7500000000 4.9379836449
9.7600000000 4.9239901240
9.7700000000 4.9118726033
9.7800000000 4.9023927300
9.7900000000 4.8963279032
9.8000000000 4.8944645358
9.8100000000 4.8975973793
9.8200000000 4.9064123755
9.8300000000 4.9212776740
9.8400000000 4.9419838161
9.8500000000 4.9674839302
9.8600000000 4.9957667515
9.8700000000 5.0238877541
9.8800000000 5.0482583009
9.8900000000 5.0650625780
9.9000000000 5.0708177173
9.9100000000 5.0629433240
9.9200000000 5.0402555770
9.9300000000 5.0032696004
9.9400000000 4.9542162462
9.9500000000 4.8967667068
9.9600000000 4.8354766163
9.9700000000 4.7750364801
9.9800000000 4.7195210148
9.9900000000 4.6718047176
10.0000000000 4.6332685301
10.0100000000 4.6037923916
10.0200000000 4.5819325203
10.0300000000 4.5651460684
10.0400000000 4.5499419212
10.0500000000 4.5321297218
10.0600000000 4.5071721748
10.0700000000 4.4708093492
10.0800000000 4.4198382906
10.0900000000 4.3528587277
10.1000000000 4.2706474425
10.1100000000 4.1760483777
10.1200000000 4.0733917407
10.1300000000 3.9676879034
10.1400000000 3.8638836406
10.1500000000 3.7663789138
10.1600000000 3.6787873519
10.1700000000 3.6038947077
10.1800000000 3.5436472057
10.1900000000 3.4991822668
10.2000000000 3.4707585536
10.2100000000 3.4577265152
10.2200000000 3.4585098925
10.2300000000 3.4706723104
10.2400000000 3.4911256812
10.2500000000 3.5164384944
10.2600000000 3.5432083045
10.2700000000 3.5684735687
10.2800000000 3.5900328725
10.2900000000 3.6066249624
10.3000000000 3.6179435146
10.3100000000 3.6244224570
10.3200000000 3.6268960225
10.3300000000 3.6262476528
10.3400000000 3.6232408654
10.3500000000 3.6184953860
10.3600000000 3.6126640686
10.3700000000 3.6066243927
10.3800000000 3.6014830711
10.3900000000 3.5984368196
10.4000000000 3.5984539537
10.4100000000 3.6020499976
10.4200000000 3.6091824016
10.4300000000 3.6193683678
10.4400000000 3.6318998698
10.4500000000 3.6460700641
10.4600000000 3.6613214437
10.4700000000 3.6772429626
10.4800000000 3.6934568877
10.4900000000 3.7094294163
10.5000000000 3.7243185756
10.5100000000 3.7369905224
10.5200000000 3.7461875326
10.5300000000 3.7508448342
10.5400000000 3.7504294304
10.5500000000 3.7451806577
10.5600000000 3.7362352499
10.5700000000 3.7255078216
10.5800000000 3.7154145866
10.5900000000 3.7084797865
10.6000000000 3.7069243513
10.6100000000 3.7123138584
10.6200000000 3.7253024159
10.6300000000 3.7455338640
10.6400000000 3.7716530648
10.6500000000 3.8014379449
10.6600000000 3.8320270951
10.6700000000 3.8602206440
10.6800000000 3.8829092307
10.6900000000 3.8975508269
10.7000000000 3.9026515025
10.7100000000 3.8980986543
10.7200000000 3.8852643246
10.7300000000 3.8667513560
10.7400000000 3.8458658152
10.7500000000 3.8259583906
10.7600000000 3.8098044980
10.7700000000 3.7992250734
10.7800000000 3.7949412387
10.7900000000 3.7965920754
10.8000000000 3.8028854950
10.8100000000 3.8117479240
10.8200000000 3.8205497141
10.8300000000 3.8263699446
10.8400000000 3.8262892678
10.8500000000 3.8176610192
10.8600000000 3.7983648586
10.8700000000 3.7669873045
10.8800000000 3.7229730871
10.8900000000 3.6667414341
10.9000000000 3.5997534243
10.9100000000 3.5244650067
10.9200000000 3.4441375016
10.9300000000 3.3624214177
10.9400000000 3.2828887089
10.9500000000 3.2085479225
10.9600000000 3.1415177288
10.9700000000 3.0829184177
10.9800000000 3.0329427572
10.9900000000 2.9910583754
11.0000000000 2.9562695877
11.0100000000 2.9273574857
11.0200000000 2.9030675353
11.0300000000 2.8822212872
11.0400000000 2.8637548443
11.0500000000 2.8467055227
11.0600000000 2.8302388396
11.0700000000 2.8136717643
11.0800000000 2.7965405255
11.0900000000 2.7786799529
11.1000000000 2.7602104294
11.1100000000 2.7414577381
11.1200000000 2.7228163802
11.1300000000 2.7046380023
11.1400000000 2.6871488679
11.1500000000 2.6704752706
11.1600000000 2.6547141420
11.1700000000 2.6400717192
11.1800000000 2.6269355327
11.1900000000 2.6159468178
11.2000000000 2.6079376551
11.2100000000 2.6038146834
11.2200000000 2.6044003519
11.2300000000 2.6102580887
11.2400000000 2.6215621491
11.2500000000 2.6380657315
11.2600000000 2.6591074561
11.2700000000 2.6837130766
11.2800000000 2.7106182984
11.2900000000 2.7383485250
11.3000000000 2.7652871984
11.3100000000 2.7898195880
11.3200000000 2.8105559362
11.3300000000 2.8265206112
11.3400000000 2.8372470073
11.3500000000 2.8427138212
11.3600000000 2.8431183769
11.3700000000 2.8386531889
11.3800000000 2.8294376565
11.3900000000 2.8155827221
11.4000000000 2.7974276801
11.4100000000 2.7757520397
11.4200000000 2.7518170767
11.4300000000 2.7272469343
11.4400000000 2.7036897866
11.4500000000 2.6824565870
11.4600000000 2.6642181806
11.4700000000 2.6488736935
11.4800000000 2.6356616029
11.4900000000 2.6234343195
11.5000000000 2.6110546254
11.5100000000 2.5977325918
11.5200000000 2.5832444480
11.5300000000 2.5679046628
11.5400000000 2.5524253229
11.5500000000 2.5377006951
11.5600000000 2.5246018409
11.5700000000 2.5138164591
11.5800000000 2.5057656486
11.5900000000 2.5006178973
11.6000000000 2.4983111686
11.6100000000 2.4986535571
11.6200000000 2.5013580572
11.6300000000 2.5060697362
11.6400000000 2.5123695474
11.6500000000 2.5197585553
11.6600000000 2.5277481443
11.6700000000 2.5359387605
11.6800000000 2.5441893691
11.6900000000 2.5527088382
11.7000000000 2.5620452500
11.7100000000 2.5729726377
11.7200000000 2.5862982893
11.7300000000 2.6026613203
11.7400000000 2.6224766103
11.7500000000 2.6459379271
11.7600000000 2.6730449516
11.7700000000 2.7036582247
11.7800000000 2.7374358170
11.7900000000 2.7737582849
11.8000000000 2.8116340151
11.8100000000 2.8496599921
11.8200000000 2.8860575274
11.8300000000 2.9187944438
11.8400000000 2.9457499458
11.8500000000 2.9650368408
11.8600000000 2.9752842201
11.8700000000 2.9759372255
11.8800000000 2.9673099571
11.8900000000 2.9504267440
11.9000000000 2.9266379259
11.9100000000 2.8972059132
11.9200000000 2.8630073327
11.9300000000 2.8244314928
11.9400000000 2.7815331225
11.9500000000 2.7343423360
11.9600000000 2.6832177776
11.9700000000 2.6290791473
11.9800000000 2.5734251069
11.9900000000 2.5181253763
12.0000000000 2.4650764461
12.0100000000 2.4158728610
12.0200000000 2.3715921201
12.0300000000 2.3327605028
12.0400000000 2.2994088487
12.0500000000 2.2712806840
12.0600000000 2.2480305256
12.0700000000 2.2294076940
12.0800000000 2.2153062991
12.0900000000 2.2057252052
12.1000000000 2.2006413968
12.1100000000 2.1999195405
12.1200000000 2.2032294097
12.1300000000 2.2100782634
12.1400000000 2.2198312129
12.1500000000 2.2317852871
12.1600000000 2.2451531101
12.1700000000 2.2591000672
12.1800000000 2.2727278666
12.1900000000 2.2851115579
12.2000000000 2.2953943271
12.2100000000 2.3029444423
12.2200000000 2.3075499817
12.2300000000 2.3095235291
12.2400000000 2.3096834552
12.2500000000 2.3092069248
12.2600000000 2.3093702052
12.2700000000 2.3112957901
12.2800000000 2.3157853388
12.2900000000 2.3232141886
12.3000000000 2.3335670950
12.3100000000 2.3465327197
12.3200000000 2.3616236930
12.3300000000 2.3782513702
12.3400000000 2.3958008228
12.3500000000 2.4136142457
12.3600000000 2.4310034688
12.3700000000 2.4471997969
12.3800000000 2.4613871257
12.3900000000 2.4727015754
12.4000000000 2.4802685765
12.4100000000 2.4832273677
12.4200000000 2.4807847571
12.4300000000 2.4722774526
12.4400000000 2.4572641814
12.4500000000 2.4356396646
12.4600000000 2.4077920194
12.4700000000 2.3746905728
12.4800000000 2.3378866619
12.4900000000 2.2993332418
12.5000000000 2.2611433992
12.5100000000 2.2252399048
12.5200000000 2.1931323614
12.5300000000 2.1657387864
12.5400000000 2.1433635153
12.5500000000 2.1257140721
12.5600000000 2.1120086759
12.5700000000 2.1010979732
12.5800000000 2.0916434552
12.5900000000 2.0822626023
12.6000000000 2.0716660061
12.6100000000 2.0587005941
12.6200000000 2.0423713754
12.6300000000 2.0218030426
12.6400000000 1.9962572140
12.6500000000 1.9652102135
12.6600000000 1.9285223433
12.6700000000 1.8865702216
12.6800000000 1.8403507780
12.6900000000 1.7913830729
12.7000000000 1.7415050765
12.7100000000 1.6925460553
12.7200000000 1.6460602746
12.7300000000 1.6031710365
12.7400000000 1.5645181127
12.7500000000 1.5303935287
12.7600000000 1.5008702811
12.7700000000 1.4759676962
12.7800000000 1.4557170498
12.7900000000 1.4401660149
12.8000000000 1.4293390122
12.8100000000 1.4231531756
12.8200000000 1.4213958097
12.8300000000 1.4236842094
12.8400000000 1.4295316772
12.8500000000 1.4383785145
12.8600000000 1.4496586137
12.8700000000 1.4628352127
12.8800000000 1.4774366945
12.8900000000 1.4930524790
12.9000000000 1.5093066448
12.9100000000 1.5258136738
12.9200000000 1.5421118346
12.9300000000 1.5576452574
12.9400000000 1.5717992522
12.9500000000 1.5839890298
12.9600000000 1.5938020165
12.9700000000 1.6010203906
12.9800000000 1.6056081373
12.9900000000 1.6075465562
13.0000000000 1.6067137906
13.0100000000 1.6027548467
13.0200000000 1.5951654478
13.0300000000 1.5834208852
13.0400000000 1.5672040564
13.0500000000 1.5466036363
13.0600000000 1.5221927210
13.0700000000 1.4949691497
13.0800000000 1.4661290808
13.0900000000 1.4368568192
13.1000000000 1.4081127027
13.1100000000 1.3805908864
13.1200000000 1.3547129083
13.1300000000 1.3307436501
13.1400000000 1.3088446967
13.1500000000 1.2891372480
13.1600000000 1.2716790642
13.1700000000 1.2564504032
13.1800000000 1.2433536002
13.1900000000 1.2322081278
13.2000000000 1.2227228410
13.2100000000 1.2145046817
13.2200000000 1.2070217035
13.2300000000 1.1996300323
13.2400000000 1.1916376076
13.2500000000 1.1824462172
13.2600000000 1.1716896473
13.2700000000 1.1593542421
13.2800000000 1.1457713996
13.2900000000 1.1315640773
13.3000000000 1.1174777037
13.3100000000 1.1042376884
13.3200000000 1.0924151993
13.3300000000 1.0823290885
13.3400000000 1.0740908604
13.3500000000 1.0676221824
13.3600000000 1.0627329065
13.3700000000 1.0591763540
13.3800000000 1.0567049086
13.3900000000 1.0550840249
13.4000000000 1.0541388659
13.4100000000 1.0537545648
13.4200000000 1.0538345202
13.4300000000 1.0542631633
13.4400000000 1.0548498884
13.4500000000 1.0553147779
13.4600000000 1.0553396988
13.4700000000 1.0546102512
13.4800000000 1.0528906530
13.4900000000 1.0500146281
13.5000000000 1.0459090889
13.5100000000 1.0405428652
13.5200000000 1.0339456623
13.5300000000 1.0262365368
13.5400000000 1.0176196079
13.5500000000 1.0084362879
13.5600000000 0.9991235193
13.5700000000 0.9901764842
13.5800000000 0.9821110668
13.5900000000 0.9754213297
13.6000000000 0.9704988644
13.6100000000 0.9676038085
13.6200000000 0.9668499829
13.6300000000 0.9682090069
13.6400000000 0.9715667213
13.6500000000 0.9767989052
13.6600000000 0.9838045483
13.6700000000 0.9925439894
13.6800000000 1.0029725239
13.6900000000 1.0149975787
13.7000000000 1.0284167322
13.7100000000 1.0428936950
13.7200000000 1.0579390302
13.7300000000 1.0729528013
13.7400000000 1.0872815990
13.7500000000 1.1003328897
13.7600000000 1.1116705089
13.7700000000 1.1211008620
13.7800000000 1.1286830161
13.7900000000 1.1346481015
13.8000000000 1.1392994014
13.8100000000 1.1429073268
13.8200000000 1.1456806327
13.8300000000 1.1477374954
13.8400000000 1.1491436101
13.8500000000 1.1499600318
13.8600000000 1.1502431647
13.8700000000 1.1500543679
13.8800000000 1.1494551655
13.8900000000 1.1485024402
13.9000000000 1.1472628746
13.9100000000 1.1458274582
13.9200000000 1.1443308837
13.9300000000 1.1429855177
13.9400000000 1.1420623519
13.9500000000 1.1418670187
13.9600000000 1.1427108396
13.9700000000 1.1448865702
13.9800000000 1.1486004168
13.9900000000 1.1539619858
14.0000000000 1.1609063104
14.0100000000 1.1691836340
14.0200000000 1.1783200986
14.0300000000 1.1876561128
14.0400000000 1.1964383114
14.0500000000 1.2038630696
14.0600000000 1.2091881761
14.0700000000 1.2117668546
14.0800000000 1.2110964886
14.0900000000 1.2068675879
14.1000000000 1.1989838134
14.1100000000 1.1875823062
14.1200000000 1.1730299078
14.1300000000 1.1558559132
14.1400000000 1.1366747400
14.1500000000 1.1161032151
14.1600000000 1.0947067414
14.1700000000 1.0729646947
14.1800000000 1.0512896872
14.1900000000 1.0300321224
14.2000000000 1.0094699429
14.2100000000 0.9898131265
14.2200000000 0.9711983202
14.2300000000 0.9537230752
14.2400000000 0.9374654425
14.2500000000 0.9225185872
14.2600000000 0.9090305814
14.2700000000 0.8971748007
14.2800000000 0.8871300855
14.2900000000 0.8790259119
14.3000000000 0.8729171933
14.3100000000 0.8687440253
14.3200000000 0.8663512081
14.3300000000 0.8654779405
14.3400000000 0.8657975099
14.3500000000 0.8669471665
14.3600000000 0.8685531079
14.3700000000 0.8702705720
14.3800000000 0.8717989970
14.3900000000 0.8729223003
14.4000000000 0.8734940912
14.4100000000 0.8734579863
14.4200000000 0.8727725072
14.4300000000 0.8714312501
14.4400000000 0.8694076339
14.4500000000 0.8666951283
14.4600000000 0.8633426207
14.4700000000 0.8595202247
14.4800000000 0.8555248050
14.4900000000 0.8517956379
14.5000000000 0.8488289711
14.5100000000 0.8471326337
14.5200000000 0.8470942927
14.5300000000 0.8489657011
14.5400000000 0.8527911473
14.5500000000 0.8584473538
14.5600000000 0.8656531655
14.5700000000 0.8740047456
14.5800000000 0.8830363338
14.5900000000 0.8922659311
14.6000000000 0.9012410868
14.6100000000 0.9096153161
14.6200000000 0.9171432509
14.6300000000 0.9237165325
14.6400000000 0.9292927881
14.6500000000 0.9338651992
14.6600000000 0.9374166667
14.6700000000 0.9399095626
14.6800000000 0.9412856607
14.6900000000 0.9415325420
14.7000000000 0.9407246833
14.7100000000 0.9390647363
14.7200000000 0.9369198836
14.7300000000 0.9347557937
14.7400000000 0.9330805361
14.7500000000 0.9323163066
14.7600000000 0.9327373890
14.7700000000 0.9344592999
14.7800000000 0.9374588131
14.7900000000 0.9416095612
14.8000000000 0.9467538741
14.8100000000 0.9527130304
14.8200000000 0.9592769160
14.8300000000 0.9661988079
14.8400000000 0.9731746479
14.8500000000 0.9798584007
14.8600000000 0.9858619345
14.8700000000 0.9908221019
14.8800000000 0.9944059234
14.8900000000 0.9963934432
14.9000000000 0.9966780068
14.9100000000 0.9953132502
14.9200000000 0.9924980851
14.9300000000 0.9885305304
14.9400000000 0.9837509828
14.9500000000 0.9784280243
14.9600000000 0.9727113393
14.9700000000 0.9665635515
14.9800000000 0.9598011904
14.9900000000 0.9521097443
15.0000000000 0.9431318536
15.0100000000 0.9325506805
15.0200000000 0.9201789252
15.0300000000 0.9060012279
15.0400000000 0.8901959203
15.0500000000 0.8730992797
15.0600000000 0.8551591308
15.0700000000 0.8368881777
15.0800000000 0.8187907078
15.0900000000 0.8013151332
15.1000000000 0.7848220208
15.1100000000 0.7695571906
15.1200000000 0.7556405193
15.1300000000 0.7431234713
15.1400000000 0.7320152269
15.1500000000 0.7223354643
15.1600000000 0.7141515157
15.1700000000 0.7075838576
15.1800000000 0.7027531873
15.1900000000 0.6997325541
15.2000000000 0.6985099278
15.2100000000 0.6989453268
15.2200000000 0.7007917279
15.2300000000 0.7037214340
15.2400000000 0.7073632225
15.2500000000 0.7113556240
15.2600000000 0.7153843523
15.2700000000 0.7192198369
15.2800000000 0.7227602132
15.2900000000 0.7260103037
15.3000000000 0.7291247257
15.3100000000 0.7323494572
15.3200000000 0.7360060360
15.3300000000 0.7404649661
15.3400000000 0.7460653831
15.3500000000 0.7531041695
15.3600000000 0.7617874588
15.3700000000 0.7721712783
15.3800000000 0.7841504295
15.3900000000 0.7974474196
15.4000000000 0.8115638080
15.4100000000 0.8258444140
15.4200000000 0.8394609512
15.4300000000 0.8515139148
15.4400000000 0.8611560793
15.4500000000 0.8677484928
15.4600000000 0.8710330962
15.4700000000 0.8711874865
15.4800000000 0.8687939108
15.4900000000 0.8646734434
15.5000000000 0.8597087759
15.5100000000 0.8546445162
15.5200000000 0.8499838941
15.5300000000 0.8459986828
15.5400000000 0.8427283152
15.5500000000 0.8400387075
15.5600000000 0.8377030873
15.5700000000 0.8354723108
15.5800000000 0.8331182871
15.5900000000 0.8305156513
15.6000000000 0.8276421172
15.6100000000 0.8245624933
15.6200000000 0.8213799288
15.6300000000 0.8181760429
15.6400000000 0.8149617186
15.6500000000 0.8117041665
15.6600000000 0.8083267702
15.6700000000 0.8047745785
15.6800000000 0.8010581772
15.6900000000 0.7972429664
15.7000000000 0.7934219455
15.7100000000 0.7897103254
15.7200000000 0.7861632537
15.7300000000 0.7827646096
15.7400000000 0.7794212542
15.7500000000 0.7759572576
15.7600000000 0.7721356292
15.7700000000 0.7677131875
15.7800000000 0.7624680858
15.7900000000 0.7562991836
15.8000000000 0.7492375242
15.8100000000 0.7414744759
15.8200000000 0.7332904784
15.8300000000 0.7250000683
15.8400000000 0.7168966283
15.8500000000 0.7091968552
15.8600000000 0.7020570858
15.8700000000 0.6955785958
15.8800000000 0.6898240436
15.8900000000 0.6848395577
15.9000000000 0.6806212784
15.9100000000 0.6771430194
15.9200000000 0.6743116108
15.9300000000 0.6720335952
15.9400000000 0.6701817573
15.9500000000 0.6686396949
15.9600000000 0.6672906887
15.9700000000 0.6660456647
15.9800000000 0.6648041245
15.9900000000 0.6634932990
16.0000000000 0.6620738410
16.0100000000 0.6605511462
16.0200000000 0.6589642811
16.0300000000 0.6573804809
16.0400000000 0.6558334573
16.0500000000 0.6543457694
16.0600000000 0.6528837935
16.0700000000 0.6513969335
16.0800000000 0.6498738811
16.0900000000 0.6483258387
16.1000000000 0.6468373426
16.1100000000 0.6455495751
16.1200000000 0.6446210207
16.1300000000 0.6442444608
16.1400000000 0.6445905330
16.1500000000 0.6457906686
16.1600000000 0.6479312916
16.1700000000 0.6510253536
16.1800000000 0.6550234512
16.1900000000 0.6598249989
16.2000000000 0.6653064681
16.2100000000 0.6713610673
16.2200000000 0.6779158321
16.2300000000 0.6849601180
16.2400000000 0.6925116576
16.2500000000 0.7006279973
16.2600000000 0.7093098919
16.2700000000 0.7184954859
16.2800000000 0.7280146412
16.2900000000 0.7376058010
16.3000000000 0.7469556877
16.3100000000 0.7557105875
16.3200000000 0.7635560695
16.3300000000 0.7702056172
16.3400000000 0.7754006329
16.3500000000 0.7789161499
16.3600000000 0.7805494201
16.3700000000 0.7801370561
16.3800000000 0.7775722497
16.3900000000 0.7728335333
16.4000000000 0.7660480879
16.4100000000 0.7574865893
16.4200000000 0.7475523673
16.4300000000 0.7367131189
16.4400000000 0.7254207857
16.4500000000 0.7140482547
16.4600000000 0.7028544941
16.4700000000 0.6919955968
16.4800000000 0.6815243422
16.4900000000 0.6714128532
16.5000000000 0.6615753775
16.5100000000 0.6519085307
16.5200000000 0.6423375239
16.5300000000 0.6328394463
16.5400000000 0.6234898413
16.5500000000 0.6144630968
16.5600000000 0.6059921937
16.5700000000 0.5983514847
16.5800000000 0.5917986777
16.5900000000 0.5865863563
16.6000000000 0.5829153232
16.6100000000 0.5809285337
16.6200000000 0.5807050239
16.6300000000 0.5822421815
16.6400000000 0.5854204875
16.6500000000 0.5899973842
16.6600000000 0.5956011761
16.6700000000 0.6017716958
16.6800000000 0.6079893938
16.6900000000 0.6137220237
16.7000000000 0.6184772630
16.7100000000 0.6218671535
16.7200000000 0.6236434326
16.7300000000 0.6237154246
16.7400000000 0.6221445914
16.7500000000 0.6191097904
16.7600000000 0.6148078408
16.7700000000 0.6094477572
16.7800000000 0.6032155445
16.7900000000 0.5962741503
16.8000000000 0.5888223180
16.8100000000 0.5811065314
16.8200000000 0.5734094101
16.8300000000 0.5660675619
16.8400000000 0.5594008657
16.8500000000 0.5536768960
16.8600000000 0.5491166039
16.8700000000 0.5458289752
16.8800000000 0.5438580145
16.8900000000 0.5431884488
16.9000000000 0.5437633368
16.9100000000 0.5455017639
16.9200000000 0.5482750401
16.9300000000 0.5519541249
16.9400000000 0.5563561558
16.9500000000 0.5612740736
16.9600000000 0.5665122877
16.9700000000 0.5718629105
16.9800000000 0.5771593386
16.9900000000 0.5822763555
17.0000000000 0.5870884998
17.0100000000 0.5914939173
17.0200000000 0.5953786070
17.0300000000 0.5986462334
17.0400000000 0.6012480298
17.0500000000 0.6031888941
17.0600000000 0.6045574365
17.0700000000 0.6054723656
17.0800000000 0.6060825845
17.0900000000 0.6065493150
17.1000000000 0.6070101734
17.1100000000 0.6075791045
17.1200000000 0.6083283087
17.1300000000 0.6092761095
17.1400000000 0.6103988155
17.1500000000 0.6116245895
17.1600000000 0.6128694020
17.1700000000 0.6140670871
17.1800000000 0.6151754150
17.1900000000 0.6162002572
17.2000000000 0.6171896938
17.2100000000 0.6182281030
17.2200000000 0.6193879845
17.2300000000 0.6207118103
17.2400000000 0.6221817332
17.2500000000 0.6236710610
17.2600000000 0.6249923408
17.2700000000 0.6258608787
17.2800000000 0.6259550005
17.2900000000 0.6249280248
17.3000000000 0.6224505626
17.3100000000 0.6182104862
17.3200000000 0.6119432390
17.3300000000 0.6035169502
17.3400000000 0.5929571728
17.3500000000 0.5805205090
17.3600000000 0.5666895353
17.3700000000 0.5521129300
17.3800000000 0.5374720900
17.3900000000 0.5233958307
17.4000000000 0.5103562275
17.4100000000 0.4986372827
17.4200000000 0.4883769169
17.4300000000 0.4795724608
17.4400000000 0.4721659285
17.4500000000 0.4660622293
17.4600000000 0.4611658918
17.4700000000 0.4573565187
17.4800000000 0.4544764397
17.4900000000 0.4523367726
17.5000000000 0.4506927421
17.5100000000 0.4492804834
17.5200000000 0.4478539697
17.5300000000 0.4462220647
17.5400000000 0.4443103717
17.5500000000 0.4421122062
17.5600000000 0.4397196850
17.5700000000 0.4372251515
17.5800000000 0.4347273635
17.5900000000 0.4323005730
17.6000000000 0.4299758750
17.6100000000 0.4277906359
17.6200000000 0.4257575149
17.6300000000 0.4239078094
17.6400000000 0.4222480632
17.6500000000 0.4207848332
17.6600000000 0.4195246883
17.6700000000 0.4184742097
17.6800000000 0.4176835385
17.6900000000 0.4172153779
17.7000000000 0.4171637108
17.7100000000 0.4176289558
17.7200000000 0.4186930345
17.7300000000 0.4203881186
17.7400000000 0.4226652813
17.7500000000 0.4254192667
17.7600000000 0.4284821063
17.7700000000 0.4316542281
17.7800000000 0.4347231478
17.7900000000 0.4374947249
17.8000000000 0.4398245060
17.8100000000 0.4415552029
17.8200000000 0.4426043850
17.8300000000 0.4428956902
17.8400000000 0.4424341229
17.8500000000 0.4412748912
17.8600000000 0.4395486870
17.8700000000 0.4374242080
17.8800000000 0.4351019962
17.8900000000 0.4328019592
17.9000000000 0.4307067566
17.9100000000 0.4289931868
17.9200000000 0.4277628082
17.9300000000 0.4270480159
17.9400000000 0.4267928995
17.9500000000 0.4268719404
17.9600000000 0.4271087804
17.9700000000 0.4273266649
17.9800000000 0.4273610972
17.9900000000 0.4271041738
18.0000000000 0.4264857407
18.0100000000 0.4255051781
18.0200000000 0.4242189190
18.0300000000 0.4227342738
18.0400000000 0.4211778455
18.0500000000 0.4196701843
18.0600000000 0.4182939941
18.0700000000 0.4170940199
18.0800000000 0.4160642105
18.0900000000 0.4151730342
18.1000000000 0.4143761459
18.1100000000 0.4136418438
18.1200000000 0.4129255999
18.1300000000 0.4121955450
18.1400000000 0.4114133539
18.1500000000 0.4105470011
18.1600000000 0.4095835615
18.1700000000 0.4085292650
18.1800000000 0.4074031524
18.1900000000 0.4062115052
18.2000000000 0.4049670253
18.2100000000 0.4036311674
18.2200000000 0.4021460568
18.2300000000 0.4004280147
18.2400000000 0.3984381079
18.2500000000 0.3961951298
18.2600000000 0.3937886266
18.2700000000 0.3914048429
18.2800000000 0.3892626484
18.2900000000 0.3875943097
18.3000000000 0.3866004060
18.3100000000 0.3864626069
18.3200000000 0.3872661858
18.3300000000 0.3890771826
18.3400000000 0.3918648590
18.3500000000 0.3955272963
18.3600000000 0.3998783143
18.3700000000 0.4046537663
18.3800000000 0.4095049189
18.3900000000 0.4140371072
18.4000000000 0.4178419927
18.4100000000 0.4205622681
18.4200000000 0.4219435636
18.4300000000 0.4218800357
18.4400000000 0.4204341903
18.4500000000 0.4177919166
18.4600000000 0.4142498947
18.4700000000 0.4101184803
18.4800000000 0.4057347994
18.4900000000 0.4013912635
18.5000000000 0.3973875336
18.5100000000 0.3939523306
18.5200000000 0.3912953567
18.5300000000 0.3895941585
18.5400000000 0.3889613631
18.5500000000 0.3894771226
18.5600000000 0.3911498013
18.5700000000 0.3939484712
18.5800000000 0.3977897386
18.5900000000 0.4025507230
18.6000000000 0.4080624446
18.6100000000 0.4140901026
18.6200000000 0.4203657223
18.6300000000 0.4265815512
18.6400000000 0.4324358815
18.6500000000 0.4376330507
18.6600000000 0.4419621790
18.6700000000 0.4452973248
18.6800000000 0.4476370698
18.6900000000 0.4490982417
18.7000000000 0.4499228004
18.7100000000 0.4503860803
18.7200000000 0.4508100668
18.7300000000 0.4514581509
18.7400000000 0.4525283768
18.7500000000 0.4541400723
18.7600000000 0.4563270382
18.7700000000 0.4590835238
18.7800000000 0.4623641318
18.7900000000 0.4660837267
18.8000000000 0.4701503939
18.8100000000 0.4744588197
18.8200000000 0.4788968814
18.8300000000 0.4833588721
18.8400000000 0.4877455161
18.8500000000 0.4919706072
18.8600000000 0.4959610358
18.8700000000 0.4996435586
18.8800000000 0.5029713207
18.8900000000 0.5058841046
18.9000000000 0.5083746761
18.9100000000 0.5104557031
18.9200000000 0.5121664501
18.9300000000 0.5135595501
18.9400000000 0.5146677821
18.9500000000 0.5154907140
18.9600000000 0.5159746398
18.9700000000 0.5160324252
18.9800000000 0.5155834070
18.9900000000 0.5145734094
19.0000000000 0.5130215237
19.0100000000 0.5110069587
19.0200000000 0.5086558567
19.0300000000 0.5061013290
19.0400000000 0.5034901706
19.0500000000 0.5009092900
19.0600000000 0.4984190112
19.0700000000 0.4960194999
19.0800000000 0.4936975109
19.0900000000 0.4914129380
19.1000000000 0.4891524248
19.1100000000 0.4869025838
19.1200000000 0.4847104654
19.1300000000 0.4826837327
19.1400000000 0.4809706483
19.1500000000 0.4797669149
19.1600000000 0.4792484516
19.1700000000 0.4795915291
19.1800000000 0.4808851153
19.1900000000 0.4831643528
19.2000000000 0.4863564428
19.2100000000 0.4903006497
19.2200000000 0.4947616314
19.2300000000 0.4994630777
19.2400000000 0.5041079205
19.2500000000 0.5084526680
19.2600000000 0.5123075148
19.2700000000 0.5155838166
19.2800000000 0.5182875392
19.2900000000 0.5205397953
19.3000000000 0.5225093574
19.3100000000 0.5244331222
19.3200000000 0.5265077439
19.3300000000 0.5288895360
19.3400000000 0.5316604152
19.3500000000 0.5347869627
19.3600000000 0.5381813211
19.3700000000 0.5416942748
19.3800000000 0.5451763358
19.3900000000 0.5484845503
19.4000000000 0.5515165520
19.4100000000 0.5542242738
19.4200000000 0.5566140708
19.4300000000 0.5587468469
19.4400000000 0.5606767986
19.4500000000 0.5624923464
19.4600000000 0.5642411166
19.4700000000 0.5659503341
19.4800000000 0.5676404411
19.4900000000 0.5693182448
19.5000000000 0.5710042460
19.5100000000 0.5727326702
19.5200000000 0.5745583510
19.5300000000 0.5765636277
19.5400000000 0.5788378486
19.5500000000 0.5814773829
19.5600000000 0.5845376142
19.5700000000 0.5880259760
19.5800000000 0.5919018436
19.5900000000 0.5960695584
19.6000000000 0.6004195446
19.6100000000 0.6048695295
19.6200000000 0.6093921162
19.6300000000 0.6140561842
19.6400000000 0.6189857895
19.6500000000 0.6243740509
19.6600000000 0.6304143901
19.6700000000 0.6373280754
19.6800000000 0.6452815193
19.6900000000 0.6543999358
19.7000000000 0.6647465492
19.7100000000 0.6763086782
19.7200000000 0.6889700204
19.7300000000 0.7025105350
19.7400000000 0.7166063523
19.7500000000 0.7307882579
19.7600000000 0.7444829939
19.7700000000 0.7570683846
19.7800000000 0.7679146420
19.7900000000 0.7764602238
19.8000000000 0.7822877896
19.8100000000 0.7851657589
19.8200000000 0.7850277874
19.8300000000 0.7820146664
19.8400000000 0.7764264234
19.8500000000 0.7686951959
19.8600000000 0.7593580800
19.8700000000 0.7489951682
19.8800000000 0.7381533846
19.8900000000 0.7273186238
19.9000000000 0.7168598626
19.9100000000 0.7070008537
19.9200000000 0.6978474665
19.9300000000 0.6894012022
19.9400000000 0.6815448760
19.9500000000 0.6741330226
19.9600000000 0.6669638636
19.9700000000 0.6598700496
19.9800000000 0.6527257789
19.9900000000 0.6454749446
20.0000000000 0.6381103414
