0.0100000000 0.0000000024
0.0200000000 0.0000000329
0.0300000000 0.0000001433
0.0400000000 0.0000003762
0.0500000000 0.0000007446
0.0600000000 0.0000012680
0.0700000000 0.0000019388
0.0800000000 0.0000027319
0.0900000000 0.0000036796
0.1000000000 0.0000047615
0.1100000000 0.0000059419
0.1200000000 0.0000072796
0.1300000000 0.0000087442
0.1400000000 0.0000103344
0.1500000000 0.0000120011
0.1600000000 0.0000138358
0.1700000000 0.0000157937
0.1800000000 0.0000178149
0.1900000000 0.0000200140
0.2000000000 0.0000223353
0.2100000000 0.0000247783
0.2200000000 0.0000272687
0.2300000000 0.0000299512
0.2400000000 0.0000327550
0.2500000000 0.0000356801
0.2600000000 0.0000386374
0.2700000000 0.0000418011
0.2800000000 0.0000450859
0.2900000000 0.0000484916
0.3000000000 0.0000519147
0.3100000000 0.0000555587
0.3200000000 0.0000593236
0.3300000000 0.0000632094
0.3400000000 0.0000672159
0.3500000000 0.0000713433
0.3600000000 0.0000754662
0.3700000000 0.0000798315
0.3800000000 0.0000843176
0.3900000000 0.0000889245
0.4000000000 0.0000936521
0.4100000000 0.0000985005
0.4200000000 0.0001034695
0.4300000000 0.0001085593
0.4400000000 0.0001137698
0.4500000000 0.0001191010
0.4600000000 0.0001245529
0.4700000000 0.0001301254
0.4800000000 0.0001358187
0.4900000000 0.0001416326
0.5000000000 0.0001475672
0.5100000000 0.0001536225
0.5200000000 0.0001597985
0.5300000000 0.0001660951
0.5400000000 0.0001725124
0.5500000000 0.0001790503
0.5600000000 0.0001857089
0.5700000000 0.0001924881
0.5800000000 0.0001993880
0.5900000000 0.0002066165
0.6000000000 0.0002137612
0.6100000000 0.0002210267
0.6200000000 0.0002284127
0.6300000000 0.0002359195
0.6400000000 0.0002437725
0.6500000000 0.0002515241
0.6600000000 0.0002593963
0.6700000000 0.0002676256
0.6800000000 0.0002757427
0.6900000000 0.0002839803
0.7000000000 0.0002925858
0.7100000000 0.0003010683
0.7200000000 0.0003096715
0.7300000000 0.0003186531
0.7400000000 0.0003275011
0.7500000000 0.0003367347
0.7600000000 0.0003458275
0.7700000000 0.0003553130
0.7800000000 0.0003646507
0.7900000000 0.0003743881
0.8000000000 0.0003842534
0.8100000000 0.0003939600
0.8200000000 0.0004040772
0.8300000000 0.0004143221
0.8400000000 0.0004243977
0.8500000000 0.0004348946
0.8600000000 0.0004455191
0.8700000000 0.0004562715
0.8800000000 0.0004668403
0.8900000000 0.0004778446
0.9000000000 0.0004889766
0.9100000000 0.0005002363
0.9200000000 0.0005116238
0.9300000000 0.0005231390
0.9400000000 0.0005347819
0.9500000000 0.0005465526
0.9600000000 0.0005584510
0.9700000000 0.0005704771
0.9800000000 0.0005826310
0.9900000000 0.0005949127
1.0000000000 0.0006073220
1.0100000000 0.0006202166
1.0200000000 0.0006328849
1.0300000000 0.0006456810
1.0400000000 0.0006586049
1.0500000000 0.0006720281
1.0600000000 0.0006852110
1.0700000000 0.0006985215
1.0800000000 0.0007123422
1.0900000000 0.0007259118
1.1000000000 0.0007399985
1.1100000000 0.0007538271
1.1200000000 0.0007681800
1.1300000000 0.0007822676
1.1400000000 0.0007968866
1.1500000000 0.0008116404
1.1600000000 0.0008261183
1.1700000000 0.0008411382
1.1800000000 0.0008562930
1.1900000000 0.0008715826
1.2000000000 0.0008870070
1.2100000000 0.0009025663
1.2200000000 0.0009178283
1.2300000000 0.0009336536
1.2400000000 0.0009496138
1.2500000000 0.0009661516
1.2600000000 0.0009823850
1.2700000000 0.0009987532
1.2800000000 0.0010152562
1.2900000000 0.0010318940
1.3000000000 0.0010491273
1.3100000000 0.0010660383
1.3200000000 0.0010830842
1.3300000000 0.0011007361
1.3400000000 0.0011180551
1.3500000000 0.0011359873
1.3600000000 0.0011535795
1.3700000000 0.0011717920
1.3800000000 0.0011896574
1.3900000000 0.0012081502
1.4000000000 0.0012267849
1.4100000000 0.0012455615
1.4200000000 0.0012639768
1.4300000000 0.0012830337
1.4400000000 0.0013022325
1.4500000000 0.0013215732
1.4600000000 0.0013410558
1.4700000000 0.0013606804
1.4800000000 0.0013809713
1.4900000000 0.0014008832
1.5000000000 0.0014209371
1.5100000000 0.0014411328
1.5200000000 0.0014620092
1.5300000000 0.0014824923
1.5400000000 0.0015036631
1.5500000000 0.0015244336
1.5600000000 0.0015458989
1.5700000000 0.0015669567
1.5800000000 0.0015887165
1.5900000000 0.0016106252
1.6000000000 0.0016326830
1.6100000000 0.0016548898
1.6200000000 0.0016766714
1.6300000000 0.0016991726
1.6400000000 0.0017224042
1.6500000000 0.0017452070
1.6600000000 0.0017681588
1.6700000000 0.0017912596
1.6800000000 0.0018145094
1.6900000000 0.0018385073
1.7000000000 0.0018620586
1.7100000000 0.0018863652
1.7200000000 0.0019102181
1.7300000000 0.0019348332
1.7400000000 0.0019596045
1.7500000000 0.0019839115
1.7600000000 0.0020089914
1.7700000000 0.0020342274
1.7800000000 0.0020596195
1.7900000000 0.0020851677
1.8000000000 0.0021108720
1.8100000000 0.0021373740
1.8200000000 0.0021633941
1.8300000000 0.0021895702
1.8400000000 0.0022165547
1.8500000000 0.0022430465
1.8600000000 0.0022703539
1.8700000000 0.0022978244
1.8800000000 0.0023247916
1.8900000000 0.0023525850
1.9000000000 0.0023805415
1.9100000000 0.0024086612
1.9200000000 0.0024369442
1.9300000000 0.0024653903
1.9400000000 0.0024939995
1.9500000000 0.0025234633
1.9600000000 0.0025524025
1.9700000000 0.0025822033
1.9800000000 0.0026114724
1.9900000000 0.0026416103
2.0000000000 0.0026719184
2.0100000000 0.0027016841
2.0200000000 0.0027323292
2.0300000000 0.0027631446
2.0400000000 0.0027948535
2.0500000000 0.0028260130
2.0600000000 0.0028573427
2.0700000000 0.0028888427
2.0800000000 0.0029212505
2.0900000000 0.0029538356
2.1000000000 0.0029858536
2.1100000000 0.0030187899
2.1200000000 0.0030519036
2.1300000000 0.0030851946
2.1400000000 0.0031186630
2.1500000000 0.0031523088
2.1600000000 0.0031861319
2.1700000000 0.0032209019
2.1800000000 0.0032550833
2.1900000000 0.0032902185
2.2000000000 0.0033255383
2.2100000000 0.0033610425
2.2200000000 0.0033967311
2.2300000000 0.0034326042
2.2400000000 0.0034686618
2.2500000000 0.0035049038
2.2600000000 0.0035421316
2.2700000000 0.0035787460
2.2800000000 0.0036163534
2.2900000000 0.0036541523
2.3000000000 0.0036921427
2.3100000000 0.0037303247
2.3200000000 0.0037686982
2.3300000000 0.0038072633
2.3400000000 0.0038460199
2.3500000000 0.0038858013
2.3600000000 0.0039257813
2.3700000000 0.0039651196
2.3800000000 0.0040054934
2.3900000000 0.0040469133
2.4000000000 0.0040876879
2.4100000000 0.0041286611
2.4200000000 0.0041706911
2.4300000000 0.0042120651
2.4400000000 0.0042545029
2.4500000000 0.0042971465
2.4600000000 0.0043399958
2.4700000000 0.0043830508
2.4800000000 0.0044271910
2.4900000000 0.0044706610
2.5000000000 0.0045152232
2.5100000000 0.0045599982
2.5200000000 0.0046049861
2.5300000000 0.0046501867
2.5400000000 0.0046965008
2.5500000000 0.0047421306
2.5600000000 0.0047888810
2.5700000000 0.0048358513
2.5800000000 0.0048830415
2.5900000000 0.0049313700
2.6000000000 0.0049790036
2.6100000000 0.0050277825
2.6200000000 0.0050767885
2.6300000000 0.0051260214
2.6400000000 0.0051754813
2.6500000000 0.0052251681
2.6600000000 0.0052760253
2.6700000000 0.0053271165
2.6800000000 0.0053784418
2.6900000000 0.0054300011
2.7000000000 0.0054827520
2.7100000000 0.0055357440
2.7200000000 0.0055889772
2.7300000000 0.0056424516
2.7400000000 0.0056961671
2.7500000000 0.0057510990
2.7600000000 0.0058062791
2.7700000000 0.0058617075
2.7800000000 0.0059183699
2.7900000000 0.0059742983
2.8000000000 0.0060314679
2.8100000000 0.0060898893
2.8200000000 0.0061475731
2.8300000000 0.0062065158
2.8400000000 0.0062667280
2.8500000000 0.0063261991
2.8600000000 0.0063869468
2.8700000000 0.0064479641
2.8800000000 0.0065102721
2.8900000000 0.0065718319
2.9000000000 0.0066357180
2.9100000000 0.0066988559
2.9200000000 0.0067633058
2.9300000000 0.0068290785
2.9400000000 0.0068951419
2.9500000000 0.0069614962
2.9600000000 0.0070291909
2.9700000000 0.0070971834
2.9800000000 0.0071654738
2.9900000000 0.0072361827
3.0000000000 0.0073061398
3.0100000000 0.0073785367
3.0200000000 0.0074501817
3.0300000000 0.0075242878
3.0400000000 0.0075987201
3.0500000000 0.0076745602
3.0600000000 0.0077518188
3.0700000000 0.0078294177
3.0800000000 0.0079084493
3.0900000000 0.0079889242
3.1000000000 0.0080708530
3.1100000000 0.0081542463
3.1200000000 0.0082391147
3.1300000000 0.0083265790
3.1400000000 0.0084155468
3.1500000000 0.0085060287
3.1600000000 0.0085980354
3.1700000000 0.0086938259
3.1800000000 0.0087911766
3.1900000000 0.0088912294
3.2000000000 0.0089951404
3.2100000000 0.0091018032
3.2200000000 0.0092112389
3.2300000000 0.0093257598
3.2400000000 0.0094454083
3.2500000000 0.0095690745
3.2600000000 0.0096979463
3.2700000000 0.0098332259
3.2800000000 0.0099738032
3.2900000000 0.0101220542
3.3000000000 0.0102757021
3.3100000000 0.0104347896
3.3200000000 0.0105981817
3.3300000000 0.0107659103
3.3400000000 0.0109344542
3.3500000000 0.0111014374
3.3600000000 0.0112632642
3.3700000000 0.0114198813
3.3800000000 0.0115700371
3.3900000000 0.0117124656
3.4000000000 0.0118495038
3.4100000000 0.0119847261
3.4200000000 0.0121205368
3.4300000000 0.0122605847
3.4400000000 0.0124097811
3.4500000000 0.0125706472
3.4600000000 0.0127457325
3.4700000000 0.0129351539
3.4800000000 0.0131414963
3.4900000000 0.0133611852
3.5000000000 0.0135943267
3.5100000000 0.0138348039
3.5200000000 0.0140776773
3.5300000000 0.0143154469
3.5400000000 0.0145392731
3.5500000000 0.0147452517
3.5600000000 0.0149269118
3.5700000000 0.0150891043
3.5800000000 0.0152329287
3.5900000000 0.0153684092
3.6000000000 0.0155044070
3.6100000000 0.0156486025
3.6200000000 0.0158087611
3.6300000000 0.0159901588
3.6400000000 0.0161942564
3.6500000000 0.0164238228
3.6600000000 0.0166751666
3.6700000000 0.0169471564
3.6800000000 0.0172334271
3.6900000000 0.0175314683
3.7000000000 0.0178348051
3.7100000000 0.0181395229
3.7200000000 0.0184403459
3.7300000000 0.0187292963
3.7400000000 0.0189983114
3.7500000000 0.0192379140
3.7600000000 0.0194398609
3.7700000000 0.0195984974
3.7800000000 0.0197161531
3.7900000000 0.0197965299
3.8000000000 0.0198460669
3.8100000000 0.0198753263
3.8200000000 0.0198949841
3.8300000000 0.0199144716
3.8400000000 0.0199419577
3.8500000000 0.0199856967
3.8600000000 0.0200485534
3.8700000000 0.0201320488
3.8800000000 0.0202377181
3.8900000000 0.0203615935
3.9000000000 0.0204996650
3.9100000000 0.0206506525
3.9200000000 0.0208118719
3.9300000000 0.0209833976
3.9400000000 0.0211667009
3.9500000000 0.0213646676
3.9600000000 0.0215816161
3.9700000000 0.0218204995
3.9800000000 0.0220828881
3.9900000000 0.0223703664
4.0000000000 0.0226816967
4.0100000000 0.0230156269
4.0200000000 0.0233666151
4.0300000000 0.0237290630
4.0400000000 0.0240958831
4.0500000000 0.0244599173
4.0600000000 0.0248153764
4.0700000000 0.0251564142
4.0800000000 0.0254872535
4.0900000000 0.0258107094
4.1000000000 0.0261383464
4.1100000000 0.0264789280
4.1200000000 0.0268427633
4.1300000000 0.0272387960
4.1400000000 0.0276716518
4.1500000000 0.0281459984
4.1600000000 0.0286606472
4.1700000000 0.0292173516
4.1800000000 0.0298119520
4.1900000000 0.0304432171
4.2000000000 0.0311113899
4.2100000000 0.0318196983
4.2200000000 0.0325743900
4.2300000000 0.0333877664
4.2400000000 0.0342752472
4.2500000000 0.0352493797
4.2600000000 0.0363258431
4.2700000000 0.0375098623
4.2800000000 0.0388036696
4.2900000000 0.0402034288
4.3000000000 0.0416900211
4.3100000000 0.0432365082
4.3200000000 0.0448034517
4.3300000000 0.0463495155
4.3400000000 0.0478299097
4.3500000000 0.0492086872
4.3600000000 0.0504712077
4.3700000000 0.0516228339
4.3800000000 0.0526953678
4.3900000000 0.0537349046
4.4000000000 0.0547926380
4.4100000000 0.0559077250
4.4200000000 0.0570993151
4.4300000000 0.0583553358
4.4400000000 0.0596321419
4.4500000000 0.0608604716
4.4600000000 0.0619514861
4.4700000000 0.0628187271
4.4800000000 0.0634035417
4.4900000000 0.0636849397
4.5000000000 0.0636927686
4.5100000000 0.0635002914
4.5200000000 0.0632054541
4.5300000000 0.0629135014
4.5400000000 0.0627209653
4.5500000000 0.0627091104
4.5600000000 0.0629372925
4.5700000000 0.0634475653
4.5800000000 0.0642644835
4.5900000000 0.0654014115
4.6000000000 0.0668555112
4.6100000000 0.0686026681
4.6200000000 0.0706054475
4.6300000000 0.0727916392
4.6400000000 0.0750637552
4.6500000000 0.0772905380
4.6600000000 0.0793231173
4.6700000000 0.0810097167
4.6800000000 0.0822254595
4.6900000000 0.0829008888
4.7000000000 0.0830358705
4.7100000000 0.0827020004
4.7200000000 0.0820199713
4.7300000000 0.0811282712
4.7400000000 0.0801615486
4.7500000000 0.0792236470
4.7600000000 0.0783956959
4.7700000000 0.0777291020
4.7800000000 0.0772587700
4.7900000000 0.0770147977
4.8000000000 0.0770224217
4.8100000000 0.0773053697
4.8200000000 0.0778943767
4.8300000000 0.0788187011
4.8400000000 0.0801061054
4.8500000000 0.0817897065
4.8600000000 0.0838977001
4.8700000000 0.0864533059
4.8800000000 0.0894764415
4.8900000000 0.0929698362
4.9000000000 0.0969205934
4.9100000000 0.1012809199
4.9200000000 0.1059712725
4.9300000000 0.1108521424
4.9400000000 0.1157374737
4.9500000000 0.1203977317
4.9600000000 0.1245893269
4.9700000000 0.1280949216
4.9800000000 0.1307659604
4.9900000000 0.1325656971
5.0000000000 0.1335561422
5.0100000000 0.1338724607
5.0200000000 0.1336739868
5.0300000000 0.1331017664
5.0400000000 0.1322641115
5.0500000000 0.1312380556
5.0600000000 0.1300923076
5.0700000000 0.1289104825
5.0800000000 0.1278002321
5.0900000000 0.1268916765
5.1000000000 0.1263177663
5.1100000000 0.1261944073
5.1200000000 0.1266112155
5.1300000000 0.1276257985
5.1400000000 0.1292470665
5.1500000000 0.1314456898
5.1600000000 0.1341427856
5.1700000000 0.1372186027
5.1800000000 0.1405103219
5.1900000000 0.1438428755
5.2000000000 0.1470527565
5.2100000000 0.1500323542
5.2200000000 0.1527507858
5.2300000000 0.1552657101
5.2400000000 0.1577093331
5.2500000000 0.1602426946
5.2600000000 0.1630094363
5.2700000000 0.1661039538
5.2800000000 0.1695410655
5.2900000000 0.1732515369
5.3000000000 0.1770944304
5.3100000000 0.1808752305
5.3200000000 0.1843961296
5.3300000000 0.1875049731
5.3400000000 0.1901428464
5.3500000000 0.1923562668
5.3600000000 0.1942905740
5.3700000000 0.1961282286
5.3800000000 0.1980245244
5.3900000000 0.2000559187
5.4000000000 0.2021716150
5.4100000000 0.2041924051
5.4200000000 0.2058286553
5.4300000000 0.2067541047
5.4400000000 0.2066842984
5.4500000000 0.2054635713
5.4600000000 0.2031105807
5.4700000000 0.1998180072
5.4800000000 0.1958942063
5.4900000000 0.1917022612
5.5000000000 0.1875905479
5.5100000000 0.1838477923
5.5200000000 0.1806946649
5.5300000000 0.1782870078
5.5400000000 0.1767249840
5.5500000000 0.1760741124
5.5600000000 0.1763708291
5.5700000000 0.1776497736
5.5800000000 0.1799299607
5.5900000000 0.1832403174
5.6000000000 0.1876098700
5.6100000000 0.1930657558
5.6200000000 0.1996351864
5.6300000000 0.2073255559
5.6400000000 0.2161262688
5.6500000000 0.2259826641
5.6600000000 0.2367896845
5.6700000000 0.2483714962
5.6800000000 0.2604869892
5.6900000000 0.2728112555
5.7000000000 0.2849611194
5.7100000000 0.2965067936
5.7200000000 0.3070037700
5.7300000000 0.3160370834
5.7400000000 0.3232861812
5.7500000000 0.3285681286
5.7600000000 0.3318751876
5.7700000000 0.3333416989
5.7800000000 0.3331964482
5.7900000000 0.3316860236
5.8000000000 0.3290341579
5.8100000000 0.3254395214
5.8200000000 0.3211144950
5.8300000000 0.3163202458
5.8400000000 0.3113774756
5.8500000000 0.3066360314
5.8600000000 0.3024338292
5.8700000000 0.2990553108
5.8800000000 0.2966998111
5.8900000000 0.2954849065
5.9000000000 0.2954331853
5.9100000000 0.2964776718
5.9200000000 0.2984589956
5.9300000000 0.3011413815
5.9400000000 0.3042183482
5.9500000000 0.3073541219
5.9600000000 0.3102254428
5.9700000000 0.3125700714
5.9800000000 0.3142357536
5.9900000000 0.3152148885
6.0000000000 0.3156605221
6.0100000000 0.3158538002
6.0200000000 0.3161541224
6.0300000000 0.3169275270
6.0400000000 0.3184785926
6.0500000000 0.3210178993
6.0600000000 0.3246227802
6.0700000000 0.3292533398
6.0800000000 0.3347579600
6.0900000000 0.3409196557
6.1000000000 0.3475093216
6.1100000000 0.3543437674
6.1200000000 0.3613507307
6.1300000000 0.3685869859
6.1400000000 0.3761939242
6.1500000000 0.3843462288
6.1600000000 0.3931545638
6.1700000000 0.4025782660
6.1800000000 0.4123916478
6.1900000000 0.4221543958
6.2000000000 0.4312710942
6.2100000000 0.4390970545
6.2200000000 0.4450843339
6.2300000000 0.4489180529
6.2400000000 0.4506254962
6.2500000000 0.4505721703
6.2600000000 0.4493765875
6.2700000000 0.4477868307
6.2800000000 0.4465492411
6.2900000000 0.4463221445
6.3000000000 0.4476418000
6.3100000000 0.4509101732
6.3200000000 0.4564203765
6.3300000000 0.4643801700
6.3400000000 0.4749401801
6.3500000000 0.4882023329
6.3600000000 0.5042373295
6.3700000000 0.5230978147
6.3800000000 0.5448182387
6.3900000000 0.5694259315
6.4000000000 0.5969477796
6.4100000000 0.6274034790
6.4200000000 0.6608032471
6.4300000000 0.6971073114
6.4400000000 0.7361942184
6.4500000000 0.7778313077
6.4600000000 0.8216428736
6.4700000000 0.8671098457
6.4800000000 0.9135740254
6.4900000000 0.9602649144
6.5000000000 1.0063333439
6.5100000000 1.0509280387
6.5200000000 1.0932926796
6.5300000000 1.1328949341
6.5400000000 1.1695107840
6.5500000000 1.2032845014
6.5600000000 1.2346598858
6.5700000000 1.2642750478
6.5800000000 1.2927703339
6.5900000000 1.3206178681
6.6000000000 1.3479705166
6.6100000000 1.3745805606
6.6200000000 1.3997908342
6.6300000000 1.4226353110
6.6400000000 1.4420315004
6.6500000000 1.4570562215
6.6600000000 1.4672438464
6.6700000000 1.4728137100
6.6800000000 1.4746978737
6.6900000000 1.4743626946
6.7000000000 1.4734515123
6.7100000000 1.4733729597
6.7200000000 1.4750006926
6.7300000000 1.4785463221
6.7400000000 1.4836286218
6.7500000000 1.4895132348
6.7600000000 1.4954452502
6.7700000000 1.5010031420
6.7800000000 1.5063273256
6.7900000000 1.5121684637
6.8000000000 1.5196929073
6.8100000000 1.5301293694
6.8200000000 1.5444124375
6.8300000000 1.5629125359
6.8400000000 1.5853876042
6.8500000000 1.6111209400
6.8600000000 1.6391945762
6.8700000000 1.6688209189
6.8800000000 1.6995582021
6.8900000000 1.7313334283
6.9000000000 1.7642362884
6.9100000000 1.7981772946
6.9200000000 1.8325466520
6.9300000000 1.8660229829
6.9400000000 1.8966461506
6.9500000000 1.9221385093
6.9600000000 1.9403951030
6.9700000000 1.9499973870
6.9800000000 1.9505431958
6.9900000000 1.9426860376
7.0000000000 1.9278432558
7.0100000000 1.9077763358
7.0200000000 1.8841503523
7.0300000000 1.8582775517
7.0400000000 1.8310712864
7.0500000000 1.8031989617
7.0600000000 1.7753235658
7.0700000000 1.7483238386
7.0800000000 1.7233787625
7.0900000000 1.7019021070
7.1000000000 1.6853880977
7.1100000000 1.6752011898
7.1200000000 1.6724244248
7.1300000000 1.6777505179
7.1400000000 1.6914558959
7.1500000000 1.7134391839
7.1600000000 1.7432781048
7.1700000000 1.7803047108
7.1800000000 1.8236717299
7.1900000000 1.8723458541
7.2000000000 1.9250275322
7.2100000000 1.9800387142
7.2200000000 2.0352299201
7.2300000000 2.0880242074
7.2400000000 2.1356296348
7.2500000000 2.1753636742
7.2600000000 2.2050534593
7.2700000000 2.2233808016
7.2800000000 2.2301542583
7.2900000000 2.2264307858
7.3000000000 2.2144345638
7.3100000000 2.1972401280
7.3200000000 2.1782768004
7.3300000000 2.1607494217
7.3400000000 2.1471155341
7.3500000000 2.1387580125
7.3600000000 2.1358972883
7.3700000000 2.1377971667
7.3800000000 2.1431419199
7.3900000000 2.1505225769
7.4000000000 2.1588992794
7.4100000000 2.1677951032
7.4200000000 2.1772795530
7.4300000000 2.1876946976
7.4400000000 2.1993489678
7.4500000000 2.2122643210
7.4600000000 2.2261164111
7.4700000000 2.2402858447
7.4800000000 2.2540035582
7.4900000000 2.2664844137
7.5000000000 2.2770539222
7.5100000000 2.2852782872
7.5200000000 2.2910725116
7.5300000000 2.2947763775
7.5400000000 2.2970883997
7.5500000000 2.2988665825
7.5600000000 2.3008329067
7.5700000000 2.3032702108
7.5800000000 2.3058679161
7.5900000000 2.3077565896
7.6000000000 2.3077664029
7.6100000000 2.3048212941
7.6200000000 2.2982975407
7.6300000000 2.2881893582
7.6400000000 2.2750334094
7.6500000000 2.2596284400
7.6600000000 2.2427367610
7.6700000000 2.2248969896
7.6800000000 2.2064508297
7.6900000000 2.1877187291
7.7000000000 2.1691982636
7.7100000000 2.1516337095
7.7200000000 2.1359263250
7.7300000000 2.1229831058
7.7400000000 2.1136085405
7.7500000000 2.1085111019
7.7600000000 2.1083889166
7.7700000000 2.1139818196
7.7800000000 2.1259889618
7.7900000000 2.1449249763
7.8000000000 2.1709278329
7.8100000000 2.2036272122
7.8200000000 2.2421351374
7.8300000000 2.2851487779
7.8400000000 2.3311733696
7.8500000000 2.3787589109
7.8600000000 2.4266972113
7.8700000000 2.4741101169
7.8800000000 2.5204023215
7.8900000000 2.5651714729
7.9000000000 2.6081552659
7.9100000000 2.6492422137
7.9200000000 2.6884905037
7.9300000000 2.7261337314
7.9400000000 2.7625335184
7.9500000000 2.7981480041
7.9600000000 2.8335055738
7.9700000000 2.8691571739
7.9800000000 2.9055564652
7.9900000000 2.9429075297
8.0000000000 2.9810147396
8.0100000000 3.0192389842
8.0200000000 3.0565793189
8.0300000000 3.0918589234
8.0400000000 3.1239354378
8.0500000000 3.1519117501
8.0600000000 3.1753395740
8.0700000000 3.1944055857
8.0800000000 3.2099557210
8.0900000000 3.2233190096
8.1000000000 3.2359801957
8.1100000000 3.2491989666
8.1200000000 3.2637691271
8.1300000000 3.2799325112
8.1400000000 3.2974409185
8.1500000000 3.3155782338
8.1600000000 3.3331125283
8.1700000000 3.3482504083
8.1800000000 3.3586932190
8.1900000000 3.3619280300
8.2000000000 3.3556248412
8.2100000000 3.3380849094
8.2200000000 3.3085113826
8.2300000000 3.2671843008
8.2400000000 3.2154771963
8.2500000000 3.1557952327
8.2600000000 3.0914075524
8.2700000000 3.0260927043
8.2800000000 2.9636716798
8.2900000000 2.9075501330
8.3000000000 2.8603125238
8.3100000000 2.8235744393
8.3200000000 2.7979741459
8.3300000000 2.7833204960
8.3400000000 2.7787901292
8.3500000000 2.7830951608
8.3600000000 2.7946199378
8.3700000000 2.8115283564
8.3800000000 2.8319474033
8.3900000000 2.8542239879
8.4000000000 2.8771991237
8.4100000000 2.9004181108
8.4200000000 2.9241895526
8.4300000000 2.9494475626
8.4400000000 2.9775117748
8.4500000000 3.0097388753
8.4600000000 3.0471611539
8.4700000000 3.0901577408
8.4800000000 3.1382554627
8.4900000000 3.1901165865
8.5000000000 3.2437474810
8.5100000000 3.2969049722
8.5200000000 3.3475643743
8.5300000000 3.3943278799
8.5400000000 3.4366386865
8.5500000000 3.4748099008
8.5600000000 3.5098909059
8.5700000000 3.5433647843
8.5800000000 3.5767573828
8.5900000000 3.6111911151
8.6000000000 3.6470528570
8.6100000000 3.6839126425
8.6200000000 3.7207253452
8.6300000000 3.7562311990
8.6400000000 3.7893770760
8.6500000000 3.8196453359
8.6600000000 3.8472563546
8.6700000000 3.8732276220
8.6800000000 3.8992802617
8.6900000000 3.9275945609
8.7000000000 3.9604500572
8.7100000000 3.9998234705
8.7200000000 4.0470019319
8.7300000000 4.1023012486
8.7400000000 4.1649734180
8.7500000000 4.2333239551
8.7600000000 4.3050751748
8.7700000000 4.3778060761
8.7800000000 4.4493651686
8.7900000000 4.5180433274
8.8000000000 4.5824876194
8.8100000000 4.6414136604
8.8200000000 4.6932695478
8.8300000000 4.7360916123
8.8400000000 4.7676704545
8.8500000000 4.7860280331
8.8600000000 4.7900384439
8.8700000000 4.7799665617
8.8800000000 4.7576057247
8.8900000000 4.7259885322
8.9000000000 4.6886687903
8.9100000000 4.6489173088
8.9200000000 4.6090835138
8.9300000000 4.5703413747
8.9400000000 4.5327806241
8.9500000000 4.4957710950
8.9600000000 4.4585142524
8.9700000000 4.4206971892
8.9800000000 4.3830934558
8.9900000000 4.3479323445
9.0000000000 4.3188309779
9.0100000000 4.3003102622
9.0200000000 4.2970310407
9.0300000000 4.3130123516
9.0400000000 4.3509923307
9.0500000000 4.4120106446
9.0600000000 4.4951409048
9.0700000000 4.5974179958
9.0800000000 4.7139269934
9.0900000000 4.8381528161
9.1000000000 4.9625512493
9.1100000000 5.0793512269
9.1200000000 5.1814977611
9.1300000000 5.2636184669
9.1400000000 5.3228824284
9.1500000000 5.3596041531
9.1600000000 5.3772796591
9.1700000000 5.3818914640
9.1800000000 5.3806537075
9.1900000000 5.3805044709
9.2000000000 5.3869299025
9.2100000000 5.4033938631
9.2200000000 5.4314406396
9.2300000000 5.4712523967
9.2400000000 5.5222782161
9.2500000000 5.5836199045
9.2600000000 5.6540871286
9.2700000000 5.7320112964
9.2800000000 5.8150427595
9.2900000000 5.9001176535
9.3000000000 5.9837089580
9.3100000000 6.0621733638
9.3200000000 6.1321376550
9.3300000000 6.1908468630
9.3400000000 6.2365169542
9.3500000000 6.2687042252
9.3600000000 6.2885728972
9.3700000000 6.2988357973
9.3800000000 6.3032779471
9.3900000000 6.3059724931
9.4000000000 6.3105151651
9.4100000000 6.3196005764
9.4200000000 6.3350819971
9.4300000000 6.3583680531
9.4400000000 6.3908221560
9.4500000000 6.4340086051
9.4600000000 6.4896869530
9.4700000000 6.5597173520
9.4800000000 6.6458772132
9.4900000000 6.7495934270
9.5000000000 6.8715720963
9.5100000000 7.0114891945
9.5200000000 7.1679560045
9.5300000000 7.3388519851
9.5400000000 7.5217954264
9.5500000000 7.7143901237
9.5600000000 7.9139640627
9.5700000000 8.1168932450
9.5800000000 8.3179374170
9.5900000000 8.5101817342
9.6000000000 8.6857875192
9.6100000000 8.8374007569
9.6200000000 8.9596089253
9.6300000000 9.0499039636
9.6400000000 9.1089268764
9.6500000000 9.1400108463
9.6600000000 9.1483168983
9.6700000000 9.1396696860
9.6800000000 9.1193107312
9.6900000000 9.0907822798
9.7000000000 9.0552561716
9.7100000000 9.0116486955
9.7200000000 8.9574949548
9.7300000000 8.8902801999
9.7400000000 8.8086296395
9.7500000000 8.7129627907
9.7600000000 8.6054169444
9.7700000000 8.4893831920
9.7800000000 8.3689481372
9.7900000000 8.2485482963
9.8000000000 8.1327733803
9.8100000000 8.0261927787
9.8200000000 7.9330738914
9.8300000000 7.8569500535
9.8400000000 7.8001242485
9.8500000000 7.7632168268
9.8600000000 7.7448736959
9.8700000000 7.7418037310
9.8800000000 7.7491799800
9.8900000000 7.7613954840
9.9000000000 7.7730378428
9.9100000000 7.7798417432
9.9200000000 7.7794064491
9.9300000000 7.7714911698
9.9400000000 7.7578387574
9.9500000000 7.7415867532
9.9600000000 7.7263935251
9.9700000000 7.7154352712
9.9800000000 7.7104675077
9.9900000000 7.7112400239
10.0000000000 7.7154670215
10.0100000000 7.7194139401
10.0200000000 7.7187917905
10.0300000000 7.7095994855
10.0400000000 7.6885759257
10.0500000000 7.6532431350
10.0600000000 7.6018720234
10.0700000000 7.5335658186
10.0800000000 7.4486443606
10.0900000000 7.3490560279
10.1000000000 7.2384302048
10.1100000000 7.1216341473
10.1200000000 7.0038321336
10.1300000000 6.8895660414
10.1400000000 6.7821719681
10.1500000000 6.6838041731
10.1600000000 6.5959527230
10.1700000000 6.5201362744
10.1800000000 6.4583994096
10.1900000000 6.4133738243
10.2000000000 6.3878403505
10.2100000000 6.3839571739
10.2200000000 6.4024447822
10.2300000000 6.4419925129
10.2400000000 6.4990719224
10.2500000000 6.5682183708
10.2600000000 6.6427170119
10.2700000000 6.7155718433
10.2800000000 6.7806298998
10.2900000000 6.8335733515
10.3000000000 6.8725571764
10.3100000000 6.8981866343
10.3200000000 6.9128857484
10.3300000000 6.9198796369
10.3400000000 6.9223014109
10.3500000000 6.9226920967
10.3600000000 6.9229932982
10.3700000000 6.9247478685
10.3800000000 6.9291391354
10.3900000000 6.9367280386
10.4000000000 6.9470268600
10.4100000000 6.9583422434
10.4200000000 6.9680354537
10.4300000000 6.9732040582
10.4400000000 6.9714067606
10.4500000000 6.9611739339
10.4600000000 6.9422024531
10.4700000000 6.9152694044
10.4800000000 6.8819457235
10.4900000000 6.8441255659
10.5000000000 6.8035026988
10.5100000000 6.7611630900
10.5200000000 6.7175246365
10.5300000000 6.6726646797
10.5400000000 6.6268363634
10.5500000000 6.5809130500
10.5600000000 6.5364728322
10.5700000000 6.4955405509
10.5800000000 6.4601588913
10.5900000000 6.4320192872
10.6000000000 6.4122759096
10.6100000000 6.4014540167
10.6200000000 6.3993130430
10.6300000000 6.4045791422
10.6400000000 6.4147115497
10.6500000000 6.4258410294
10.6600000000 6.4331166940
10.6700000000 6.4314402692
10.6800000000 6.4165192977
10.6900000000 6.3859773291
10.7000000000 6.3401591906
10.7100000000 6.2822809240
10.7200000000 6.2178234509
10.7300000000 6.1533244931
10.7400000000 6.0949679302
10.7500000000 6.0474106348
10.7600000000 6.0131587238
10.7700000000 5.9925197021
10.7800000000 5.9840008934
10.7900000000 5.9848271511
10.8000000000 5.9913112694
10.8100000000 5.9990515393
10.8200000000 6.0031686493
10.8300000000 5.9987660610
10.8400000000 5.9817639439
10.8500000000 5.9498075778
10.8600000000 5.9029116310
10.8700000000 5.8435412407
10.8800000000 5.7761646429
10.8900000000 5.7065583937
10.9000000000 5.6410593515
10.9100000000 5.5859156042
10.9200000000 5.5466753319
10.9300000000 5.5276319864
10.9400000000 5.5313787043
10.9500000000 5.5585468888
10.9600000000 5.6078365077
10.9700000000 5.6763057817
10.9800000000 5.7598578226
10.9900000000 5.8537825347
11.0000000000 5.9531817916
11.0100000000 6.0531577710
11.0200000000 6.1488129745
11.0300000000 6.2351763852
11.0400000000 6.3072102541
11.0500000000 6.3601330651
11.0600000000 6.3900385399
11.0700000000 6.3947375562
11.0800000000 6.3743982844
11.0900000000 6.3317323996
11.1000000000 6.2714710607
11.1100000000 6.1993977304
11.1200000000 6.1212549992
11.1300000000 6.0419418101
11.1400000000 5.9651995508
11.1500000000 5.8937847047
11.1600000000 5.8300207839
11.1700000000 5.7763473845
11.1800000000 5.7355415795
11.1900000000 5.7104432931
11.2000000000 5.7032669767
11.2100000000 5.7148946071
11.2200000000 5.7443716253
11.2300000000 5.7888941672
11.2400000000 5.8441758673
11.2500000000 5.9050553683
11.2600000000 5.9661475100
11.2700000000 6.0223471538
11.2800000000 6.0692204409
11.2900000000 6.1033597378
11.3000000000 6.1227343358
11.3100000000 6.1270275123
11.3200000000 6.1177065890
11.3300000000 6.0977481790
11.3400000000 6.0709532364
11.3500000000 6.0410556880
11.3600000000 6.0109308407
11.3700000000 5.9821811521
11.3800000000 5.9551405835
11.3900000000 5.9292285730
11.4000000000 5.9034325893
11.4100000000 5.8766769982
11.4200000000 5.8480302345
11.4300000000 5.8167199621
11.4400000000 5.7821303400
11.4500000000 5.7438172895
11.4600000000 5.7015312144
11.4700000000 5.6551462343
11.4800000000 5.6045055606
11.4900000000 5.5492615245
11.5000000000 5.4888915763
11.5100000000 5.4229546672
11.5200000000 5.3513984823
11.5300000000 5.2748495041
11.5400000000 5.1946366016
11.5500000000 5.1126868931
11.5600000000 5.0312133392
11.5700000000 4.9523966543
11.5800000000 4.8780352688
11.5900000000 4.8093195660
11.6000000000 4.7467373335
11.6100000000 4.6901545211
11.6200000000 4.6391003992
11.6300000000 4.5931657778
11.6400000000 4.5523646269
11.6500000000 4.5173523883
11.6600000000 4.4893968327
11.6700000000 4.4701020369
11.6800000000 4.4609549719
11.6900000000 4.4628720990
11.7000000000 4.4758238129
11.7100000000 4.4987512537
11.7200000000 4.5298077582
11.7300000000 4.5668262390
11.7400000000 4.6079009453
11.7500000000 4.6517982121
11.7600000000 4.6980254563
11.7700000000 4.7465626685
11.7800000000 4.7974310987
11.7900000000 4.8502963581
11.8000000000 4.9042800842
11.8100000000 4.9579874182
11.8200000000 5.0096589240
11.8300000000 5.0574689081
11.8400000000 5.0999660147
11.8500000000 5.1365887043
11.8600000000 5.1680683138
11.8700000000 5.1964641701
11.8800000000 5.2246978163
11.8900000000 5.2555762303
11.9000000000 5.2906612287
11.9100000000 5.3294399663
11.9200000000 5.3690977241
11.9300000000 5.4051194128
11.9400000000 5.4324781270
11.9500000000 5.4470536263
11.9600000000 5.4467028759
11.9700000000 5.4316949667
11.9800000000 5.4043465328
11.9900000000 5.3681431043
12.0000000000 5.3267652414
12.0100000000 5.2833251937
12.0200000000 5.2400015418
12.0300000000 5.1979817209
12.0400000000 5.1576869662
12.0500000000 5.1191380009
12.0600000000 5.0823977953
12.0700000000 5.0479147561
12.0800000000 5.0166066392
12.0900000000 4.9897361146
12.1000000000 4.9685911254
12.1100000000 4.9542008693
12.1200000000 4.9470768784
12.1300000000 4.9470308393
12.1400000000 4.9530782777
12.1500000000 4.9634987901
12.1600000000 4.9760141684
12.1700000000 4.9879904835
12.1800000000 4.9965114297
12.1900000000 4.9983879297
12.2000000000 4.9902551670
12.2100000000 4.9689953677
12.2200000000 4.9324079585
12.2300000000 4.8799220907
12.2400000000 4.8129300340
12.2500000000 4.7345626415
12.2600000000 4.6489395262
12.2700000000 4.5602154446
12.2800000000 4.4718032702
12.2900000000 4.3860385880
12.3000000000 4.3043120096
12.3100000000 4.2275115643
12.3200000000 4.1564563219
12.3300000000 4.0920431786
12.3400000000 4.0350854464
12.3500000000 3.9859557367
12.3600000000 3.9443223342
12.3700000000 3.9090582423
12.3800000000 3.8785076234
12.3900000000 3.8509097547
12.4000000000 3.8248874198
12.4100000000 3.7998491528
12.4200000000 3.7761170479
12.4300000000 3.7547491538
12.4400000000 3.7371107907
12.4500000000 3.7243316674
12.4600000000 3.7169391922
12.4700000000 3.7147236050
12.4800000000 3.7169191613
12.4900000000 3.7226127813
12.5000000000 3.7311506665
12.5100000000 3.7425421808
12.5200000000 3.7576057297
12.5300000000 3.7779169412
12.5400000000 3.8055169267
12.5500000000 3.8423716632
12.5600000000 3.8898504921
12.5700000000 3.9482342693
12.5800000000 4.0164818202
12.5900000000 4.0922473243
12.6000000000 4.1720566823
12.6100000000 4.2515494896
12.6200000000 4.3257422786
12.6300000000 4.3893757583
12.6400000000 4.4374180368
12.6500000000 4.4658025551
12.6600000000 4.4722264182
12.6700000000 4.4568633084
12.6800000000 4.4225858863
12.6900000000 4.3746105464
12.7000000000 4.3196262164
12.7100000000 4.2646370230
12.7200000000 4.2158786266
12.7300000000 4.1780157396
12.7400000000 4.1536636363
12.7500000000 4.1432492415
12.7600000000 4.1450123187
12.7700000000 4.1552857641
12.7800000000 4.1689657448
12.7900000000 4.1803246596
12.8000000000 4.1840174546
12.8100000000 4.1761398980
12.8200000000 4.1549731977
12.8300000000 4.1212578014
12.8400000000 4.0777836118
12.8500000000 4.0285560154
12.8600000000 3.9779006527
12.8700000000 3.9297706812
12.8800000000 3.8874519042
12.8900000000 3.8534821217
12.9000000000 3.8296411307
12.9100000000 3.8168146843
12.9200000000 3.8148894351
12.9300000000 3.8227182990
12.9400000000 3.8383560928
12.9500000000 3.8594592840
12.9600000000 3.8838228980
12.9700000000 3.9097096021
12.9800000000 3.9359404385
12.9900000000 3.9616707792
13.0000000000 3.9860637402
13.0100000000 4.0080266584
13.0200000000 4.0262145249
13.0300000000 4.0392794812
13.0400000000 4.0463247133
13.0500000000 4.0472792032
13.0600000000 4.0430408616
13.0700000000 4.0352764945
13.0800000000 4.0259697705
13.0900000000 4.0169152062
13.1000000000 4.0093582133
13.1100000000 4.0039451510
13.1200000000 4.0009259297
13.1300000000 4.0005037086
13.1400000000 4.0031392416
13.1500000000 4.0096031291
13.1600000000 4.0208646714
13.1700000000 4.0378251712
13.1800000000 4.0611061354
13.1900000000 4.0909576463
13.2000000000 4.1272317346
13.2100000000 4.1694510943
13.2200000000 4.2168440848
13.2300000000 4.2684403275
13.2400000000 4.3231448885
13.2500000000 4.3798637921
13.2600000000 4.4376204449
13.2700000000 4.4956457494
13.2800000000 4.5533649061
13.2900000000 4.6104012579
13.3000000000 4.6664345247
13.3100000000 4.7210765271
13.3200000000 4.7737599950
13.3300000000 4.8238242157
13.3400000000 4.8706901414
13.3500000000 4.9141120778
13.3600000000 4.9542754234
13.3700000000 4.9917750744
13.3800000000 5.0273933626
13.3900000000 5.0618439939
13.4000000000 5.0954475018
13.4100000000 5.1279347234
13.4200000000 5.1583525818
13.4300000000 5.1851660838
13.4400000000 5.2066204132
13.4500000000 5.2212009697
13.4600000000 5.2280811797
13.4700000000 5.2273883575
13.4800000000 5.2201639472
13.4900000000 5.2081153434
13.5000000000 5.1932686085
13.5100000000 5.1776405030
13.5200000000 5.1630540417
13.5300000000 5.1510210230
13.5400000000 5.1426190299
13.5500000000 5.1383676806
13.5600000000 5.1381392305
13.5700000000 5.1411559808
13.5800000000 5.1462868939
13.5900000000 5.1524712074
13.6000000000 5.1591391380
13.6100000000 5.1664605027
13.6200000000 5.1753035206
13.6300000000 5.1868895289
13.6400000000 5.2023767237
13.6500000000 5.2224554747
13.6600000000 5.2470472164
13.6700000000 5.2752643043
13.6800000000 5.3056010037
13.6900000000 5.3362944293
13.7000000000 5.3657114317
13.7100000000 5.3925700287
13.7200000000 5.4158608691
13.7300000000 5.4345512585
13.7400000000 5.4472538015
13.7500000000 5.4520806836
13.7600000000 5.4468312837
13.7700000000 5.4293923280
13.7800000000 5.3981784983
13.7900000000 5.3524108867
13.8000000000 5.2922080376
13.8100000000 5.2184887324
13.8200000000 5.1328728436
13.8300000000 5.0375084272
13.8400000000 4.9349239943
13.8500000000 4.8278560886
13.8600000000 4.7190639240
13.8700000000 4.6111927418
13.8800000000 4.5066644129
13.8900000000 4.4076232525
13.9000000000 4.3158891046
13.9100000000 4.2329636782
13.9200000000 4.1600009758
13.9300000000 4.0977915597
13.9400000000 4.0467203267
13.9500000000 4.0067250869
13.9600000000 3.9772836345
13.9700000000 3.9574524884
13.9800000000 3.9460032346
13.9900000000 3.9415696487
14.0000000000 3.9428232273
14.0100000000 3.9486308791
14.0200000000 3.9581714137
14.0300000000 3.9709509550
14.0400000000 3.9867032508
14.0500000000 4.0052160222
14.0600000000 4.0261109377
14.0700000000 4.0486599808
14.0800000000 4.0716613482
14.0900000000 4.0934575359
14.1000000000 4.1120632927
14.1100000000 4.1254445914
14.1200000000 4.1319075825
14.1300000000 4.1304928933
14.1400000000 4.1212802126
14.1500000000 4.1054060098
14.1600000000 4.0848252247
14.1700000000 4.0617539054
14.1800000000 4.0380430858
14.1900000000 4.0146445896
14.2000000000 3.9914388114
14.2100000000 3.9674280234
14.2200000000 3.9412331570
14.2300000000 3.9117009235
14.2400000000 3.8783614723
14.2500000000 3.8416893915
14.2600000000 3.8030778899
14.2700000000 3.7646354354
14.2800000000 3.7288302167
14.2900000000 3.6981585201
14.3000000000 3.6747478320
14.3100000000 3.6600974365
14.3200000000 3.6548461040
14.3300000000 3.6587053314
14.3400000000 3.6705363469
14.3500000000 3.6886466941
14.3600000000 3.7111312141
14.3700000000 3.7363457555
14.3800000000 3.7631305588
14.3900000000 3.7908253593
14.4000000000 3.8190149626
14.4100000000 3.8471989558
14.4200000000 3.8745414612
14.4300000000 3.8998898056
14.4400000000 3.9219440424
14.4500000000 3.9395018223
14.4600000000 3.9517175081
14.4700000000 3.9582248507
14.4800000000 3.9591470398
14.4900000000 3.9549323832
14.5000000000 3.9460477210
14.5100000000 3.9325898768
14.5200000000 3.9140941669
14.5300000000 3.8895835662
14.5400000000 3.8579410758
14.5500000000 3.8184940770
14.5600000000 3.7715084638
14.5700000000 3.7184642187
14.5800000000 3.6619523866
14.5900000000 3.6051684149
14.6000000000 3.5512448695
14.6100000000 3.5026568199
14.6200000000 3.4607936409
14.6300000000 3.4259287725
14.6400000000 3.3974091857
14.6500000000 3.3740666739
14.6600000000 3.3546187875
14.6700000000 3.3379803438
14.6800000000 3.3233966133
14.6900000000 3.3104502990
14.7000000000 3.2990244031
14.7100000000 3.2892500468
14.7200000000 3.2814587532
14.7300000000 3.2760512922
14.7400000000 3.2734097868
14.7500000000 3.2737506709
14.7600000000 3.2770701198
14.7700000000 3.2830894462
14.7800000000 3.2913230427
14.7900000000 3.3011270871
14.8000000000 3.3118024008
14.8100000000 3.3227171734
14.8200000000 3.3334053762
14.8300000000 3.3436113381
14.8400000000 3.3532951122
14.8500000000 3.3625837999
14.8600000000 3.3716981719
14.8700000000 3.3808594053
14.8800000000 3.3902644767
14.8900000000 3.4000762477
14.9000000000 3.4104283038
14.9100000000 3.4214938851
14.9200000000 3.4334563545
14.9300000000 3.4464351711
14.9400000000 3.4603376593
14.9500000000 3.4747499846
14.9600000000 3.4888081922
14.9700000000 3.5011578573
14.9800000000 3.5100368875
14.9900000000 3.5134765121
15.0000000000 3.5096454563
15.0100000000 3.4972740671
15.0200000000 3.4759916804
15.0300000000 3.4465486654
15.0400000000 3.4106945843
15.0500000000 3.3708632943
15.0600000000 3.3297162826
15.0700000000 3.2896910659
15.0800000000 3.2527593585
15.0900000000 3.2203125152
15.1000000000 3.1931512896
15.1100000000 3.1715312999
15.1200000000 3.1552750337
15.1300000000 3.1439205985
15.1400000000 3.1368869829
15.1500000000 3.1336454390
15.1600000000 3.1338462205
15.1700000000 3.1373144550
15.1800000000 3.1439549133
15.1900000000 3.1536512889
15.2000000000 3.1661702216
15.2100000000 3.1811864570
15.2200000000 3.1983890348
15.2300000000 3.2176180161
15.2400000000 3.2389305281
15.2500000000 3.2624896845
15.2600000000 3.2883369096
15.2700000000 3.3160831491
15.2800000000 3.3447266270
15.2900000000 3.3726984519
15.3000000000 3.3980750434
15.3100000000 3.4189316950
15.3200000000 3.4336551321
15.3300000000 3.4411143490
15.3400000000 3.4406902980
15.3500000000 3.4322000769
15.3600000000 3.4157660016
15.3700000000 3.3916848744
15.3800000000 3.3603275180
15.3900000000 3.3221143181
15.4000000000 3.2775825973
15.4100000000 3.2274751954
15.4200000000 3.1729223994
15.4300000000 3.1155079746
15.4400000000 3.0572382984
15.4500000000 3.0003974237
15.4600000000 2.9473067111
15.4700000000 2.9000393823
15.4800000000 2.8602401528
15.4900000000 2.8289690901
15.5000000000 2.8066436621
15.5100000000 2.7930858125
15.5200000000 2.7875710021
15.5300000000 2.7889414223
15.5400000000 2.7957102566
15.5500000000 2.8062031835
15.5600000000 2.8186845488
15.5700000000 2.8315459371
15.5800000000 2.8434789319
15.5900000000 2.8536843219
15.6000000000 2.8618937810
15.6100000000 2.8682664440
15.6200000000 2.8730764565
15.6300000000 2.8764153673
15.6400000000 2.8779562893
15.6500000000 2.8769735594
15.6600000000 2.8725559730
15.6700000000 2.8639254139
15.6800000000 2.8506886073
15.6900000000 2.8329486476
15.7000000000 2.8112810554
15.7100000000 2.7866892415
15.7200000000 2.7604441048
15.7300000000 2.7339858546
15.7400000000 2.7087773162
15.7500000000 2.6861610765
15.7600000000 2.6672629454
15.7700000000 2.6529211361
15.7800000000 2.6437265160
15.7900000000 2.6399996356
15.8000000000 2.6418423725
15.8100000000 2.6490254548
15.8200000000 2.6609398923
15.8300000000 2.6764478064
15.8400000000 2.6938823625
15.8500000000 2.7111382965
15.8600000000 2.7259324203
15.8700000000 2.7361328271
15.8800000000 2.7401091894
15.8900000000 2.7369559327
15.9000000000 2.7265676982
15.9100000000 2.7095725328
15.9200000000 2.6871112892
15.9300000000 2.6606113606
15.9400000000 2.6315538074
15.9500000000 2.6013351622
15.9600000000 2.5711331276
15.9700000000 2.5418085245
15.9800000000 2.5138332224
15.9900000000 2.4873199993
16.0000000000 2.4620635340
16.0100000000 2.4377277507
16.0200000000 2.4139966389
16.0300000000 2.3906773288
16.0400000000 2.3676953767
16.0500000000 2.3450628564
16.0600000000 2.3228734016
16.0700000000 2.3013189660
16.0800000000 2.2807393429
16.0900000000 2.2616610492
16.1000000000 2.2447763163
16.1100000000 2.2308562589
16.1200000000 2.2205977672
16.1300000000 2.2144914021
16.1400000000 2.2127435147
16.1500000000 2.2152257208
16.1600000000 2.2215506356
16.1700000000 2.2310824228
16.1800000000 2.2429585775
16.1900000000 2.2561228515
16.2000000000 2.2693856476
16.2100000000 2.2815557189
16.2200000000 2.2916103135
16.2300000000 2.2988600096
16.2400000000 2.3029710542
16.2500000000 2.3039219835
16.2600000000 2.3018558084
16.2700000000 2.2968988088
16.2800000000 2.2891164626
16.2900000000 2.2785684507
16.3000000000 2.2654743469
16.3100000000 2.2503194193
16.3200000000 2.2338892092
16.3300000000 2.2171271647
16.3400000000 2.2009415035
16.3500000000 2.1860940468
16.3600000000 2.1730883147
16.3700000000 2.1622348816
16.3800000000 2.1536615259
16.3900000000 2.1473847763
16.4000000000 2.1433428836
16.4100000000 2.1413286706
16.4200000000 2.1409444966
16.4300000000 2.1415515574
16.4400000000 2.1422637252
16.4500000000 2.1420530648
16.4600000000 2.1399170592
16.4700000000 2.1349679268
16.4800000000 2.1265389687
16.4900000000 2.1142241739
16.5000000000 2.0978901629
16.5100000000 2.0777165714
16.5200000000 2.0542032902
16.5300000000 2.0281330600
16.5400000000 2.0005283817
16.5500000000 1.9726081505
16.5600000000 1.9456929842
16.5700000000 1.9211095720
16.5800000000 1.9000826914
16.5900000000 1.8836545785
16.6000000000 1.8726094027
16.6100000000 1.8674826110
16.6200000000 1.8684797992
16.6300000000 1.8754241776
16.6400000000 1.8876590821
16.6500000000 1.9039907724
16.6600000000 1.9227113330
16.6700000000 1.9417127796
16.6800000000 1.9587373875
16.6900000000 1.9716559016
16.7000000000 1.9788136093
16.7100000000 1.9792288692
16.7200000000 1.9726846254
16.7300000000 1.9596162869
16.7400000000 1.9409376889
16.7500000000 1.9177984724
16.7600000000 1.8913403357
16.7700000000 1.8626062289
16.7800000000 1.8324945016
16.7900000000 1.8018330496
16.8000000000 1.7714537964
16.8100000000 1.7422848430
16.8200000000 1.7152932414
16.8300000000 1.6913983141
16.8400000000 1.6713437970
16.8500000000 1.6555518245
16.8600000000 1.6440746822
16.8700000000 1.6366567667
16.8800000000 1.6328262375
16.8900000000 1.6320453264
16.9000000000 1.6338439116
16.9100000000 1.6377793711
16.9200000000 1.6434426842
16.9300000000 1.6502843952
16.9400000000 1.6576086282
16.9500000000 1.6645321673
16.9600000000 1.6701062091
16.9700000000 1.6733975338
16.9800000000 1.6736279774
16.9900000000 1.6701919107
17.0000000000 1.6626330134
17.0100000000 1.6506269048
17.0200000000 1.6339696779
17.0300000000 1.6126659517
17.0400000000 1.5870645204
17.0500000000 1.5579893904
17.0600000000 1.5267078221
17.0700000000 1.4947808316
17.0800000000 1.4638535689
17.0900000000 1.4353965558
17.1000000000 1.4105920551
17.1100000000 1.3902667291
17.1200000000 1.3749244764
17.1300000000 1.3647679926
17.1400000000 1.3597208839
17.1500000000 1.3594266443
17.1600000000 1.3632717428
17.1700000000 1.3704209692
17.1800000000 1.3798945650
17.1900000000 1.3906633494
17.2000000000 1.4017676550
17.2100000000 1.4124837977
17.2200000000 1.4223363868
17.2300000000 1.4311403056
17.2400000000 1.4388705126
17.2500000000 1.4455375249
17.2600000000 1.4510566546
17.2700000000 1.4551823255
17.2800000000 1.4575433502
17.2900000000 1.4576901508
17.3000000000 1.4551897356
17.3100000000 1.4496792194
17.3200000000 1.4409315022
17.3300000000 1.4290109296
17.3400000000 1.4143222761
17.3500000000 1.3976662421
17.3600000000 1.3801456970
17.3700000000 1.3629334981
17.3800000000 1.3470508096
17.3900000000 1.3331860315
17.4000000000 1.3216029054
17.4100000000 1.3122769492
17.4200000000 1.3050147052
17.4300000000 1.2996459630
17.4400000000 1.2960902293
17.4500000000 1.2943570685
17.4600000000 1.2944739662
17.4700000000 1.2963897529
17.4800000000 1.2999139803
17.4900000000 1.3047226587
17.5000000000 1.3103338239
17.5100000000 1.3161677614
17.5200000000 1.3215771039
17.5300000000 1.3259375017
17.5400000000 1.3286899998
17.5500000000 1.3293834874
17.5600000000 1.3276808824
17.5700000000 1.3234382121
17.5800000000 1.3167415782
17.5900000000 1.3080173774
17.6000000000 1.2980154355
17.6100000000 1.2877617379
17.6200000000 1.2783585560
17.6300000000 1.2707834469
17.6400000000 1.2656993690
17.6500000000 1.2633494776
17.6600000000 1.2635678071
17.6700000000 1.2658514354
17.6800000000 1.2695370863
17.6900000000 1.2739722364
17.7000000000 1.2786132196
17.7100000000 1.2831235261
17.7200000000 1.2873252942
17.7300000000 1.2911629069
17.7400000000 1.2946112979
17.7500000000 1.2975901258
17.7600000000 1.2998899651
17.7700000000 1.3012026626
17.7800000000 1.3011394626
17.7900000000 1.2992921866
17.8000000000 1.2953007331
17.8100000000 1.2888715550
17.8200000000 1.2798578490
17.8300000000 1.2683031646
17.8400000000 1.2544606573
17.8500000000 1.2387940469
17.8600000000 1.2219106760
17.8700000000 1.2044880512
17.8800000000 1.1872061318
17.8900000000 1.1707287588
17.9000000000 1.1556538665
17.9100000000 1.1425006289
17.9200000000 1.1316530029
17.9300000000 1.1233154649
17.9400000000 1.1174624209
17.9500000000 1.1138311508
17.9600000000 1.1119086624
17.9700000000 1.1110246240
17.9800000000 1.1104259406
17.9900000000 1.1093577672
18.0000000000 1.1071821723
18.0100000000 1.1034221379
18.0200000000 1.0977931987
18.0300000000 1.0902790656
18.0400000000 1.0810949450
18.0500000000 1.0707197745
18.0600000000 1.0598157786
18.0700000000 1.0491853255
18.0800000000 1.0396521035
18.0900000000 1.0319730612
18.1000000000 1.0267498478
18.1100000000 1.0243965292
18.1200000000 1.0251261498
18.1300000000 1.0289878132
18.1400000000 1.0358536036
18.1500000000 1.0454813069
18.1600000000 1.0575269349
18.1700000000 1.0715068625
18.1800000000 1.0868230696
18.1900000000 1.1027758039
18.2000000000 1.1185635927
18.2100000000 1.1334221032
18.2200000000 1.1466493764
18.2300000000 1.1577447574
18.2400000000 1.1664216468
18.2500000000 1.1726519975
18.2600000000 1.1766478078
18.2700000000 1.1787920886
18.2800000000 1.1795824131
18.2900000000 1.1795362944
18.3000000000 1.1791342825
18.3100000000 1.1787691602
18.3200000000 1.1787330156
18.3300000000 1.1791661390
18.3400000000 1.1800756593
18.3500000000 1.1813288247
18.3600000000 1.1826717246
18.3700000000 1.1838308171
18.3800000000 1.1845574548
18.3900000000 1.1846916531
18.4000000000 1.1842133150
18.4100000000 1.1832043415
18.4200000000 1.1817978653
18.4300000000 1.1800890046
18.4400000000 1.1780389113
18.4500000000 1.1753912597
18.4600000000 1.1717035620
18.4700000000 1.1663913396
18.4800000000 1.1589197040
18.4900000000 1.1488930752
18.5000000000 1.1361645651
18.5100000000 1.1208882127
18.5200000000 1.1034624310
18.5300000000 1.0845054978
18.5400000000 1.0646828949
18.5500000000 1.0446754478
18.5600000000 1.0250568812
18.5700000000 1.0063126659
18.5800000000 0.9888524647
18.5900000000 0.9730420341
18.6000000000 0.9591899688
18.6100000000 0.9475408644
18.6200000000 0.9382425313
18.6300000000 0.9313196009
18.6400000000 0.9266341117
18.6500000000 0.9238915172
18.6600000000 0.9226728109
18.6700000000 0.9224733199
18.6800000000 0.9227871813
18.6900000000 0.9231399702
18.7000000000 0.9231800066
18.7100000000 0.9226721615
18.7200000000 0.9214590307
18.7300000000 0.9194546039
18.7400000000 0.9165661123
18.7500000000 0.9127005234
18.7600000000 0.9078233514
18.7700000000 0.9020111585
18.7800000000 0.8955042844
18.7900000000 0.8886943190
18.8000000000 0.8820656558
18.8100000000 0.8761105434
18.8200000000 0.8712109418
18.8300000000 0.8676577932
18.8400000000 0.8655981000
18.8500000000 0.8650607440
18.8600000000 0.8660219070
18.8700000000 0.8684049363
18.8800000000 0.8721263149
18.8900000000 0.8771022563
18.9000000000 0.8832421408
18.9100000000 0.8904155669
18.9200000000 0.8983797726
18.9300000000 0.9067530750
18.9400000000 0.9149618674
18.9500000000 0.9223260835
18.9600000000 0.9281117530
18.9700000000 0.9317223077
18.9800000000 0.9328110191
18.9900000000 0.9313607832
19.0000000000 0.9277180459
19.0100000000 0.9225012741
19.0200000000 0.9164628466
19.0300000000 0.9104034534
19.0400000000 0.9049998109
19.0500000000 0.9007311910
19.0600000000 0.8978322078
19.0700000000 0.8962321935
19.0800000000 0.8956141645
19.0900000000 0.8954873840
19.1000000000 0.8953067796
19.1100000000 0.8945993732
19.1200000000 0.8930777428
19.1300000000 0.8906738335
19.1400000000 0.8874795193
19.1500000000 0.8837537504
19.1600000000 0.8798095207
19.1700000000 0.8760207326
19.1800000000 0.8727822529
19.1900000000 0.8704497203
19.2000000000 0.8693393766
19.2100000000 0.8696207071
19.2200000000 0.8713293997
19.2300000000 0.8742999377
19.2400000000 0.8782053981
19.2500000000 0.8825839857
19.2600000000 0.8869059342
19.2700000000 0.8906942785
19.2800000000 0.8935316659
19.2900000000 0.8951545568
19.3000000000 0.8954266234
19.3100000000 0.8943457611
19.3200000000 0.8920377009
19.3300000000 0.8887159618
19.3400000000 0.8846349530
19.3500000000 0.8800496613
19.3600000000 0.8751684294
19.3700000000 0.8701055470
19.3800000000 0.8649688249
19.3900000000 0.8598392881
19.4000000000 0.8548590650
19.4100000000 0.8502044916
19.4200000000 0.8460591072
19.4300000000 0.8425933223
19.4400000000 0.8398965287
19.4500000000 0.8379904185
19.4600000000 0.8368355790
19.4700000000 0.8363245323
19.4800000000 0.8363291519
19.4900000000 0.8366870186
19.5000000000 0.8372217622
19.5100000000 0.8377634589
19.5200000000 0.8381486488
19.5300000000 0.8382748711
19.5400000000 0.8380939984
19.5500000000 0.8375987305
19.5600000000 0.8367749258
19.5700000000 0.8355810946
19.5800000000 0.8338731608
19.5900000000 0.8314451904
19.6000000000 0.8280497127
19.6100000000 0.8234523198
19.6200000000 0.8175275398
19.6300000000 0.8102797004
19.6400000000 0.8018982082
19.6500000000 0.7927376179
19.6600000000 0.7832495801
19.6700000000 0.7739488628
19.6800000000 0.7652760282
19.6900000000 0.7575489612
19.7000000000 0.7509279673
19.7100000000 0.7453945382
19.7200000000 0.7408266204
19.7300000000 0.7370397077
19.7400000000 0.7338833223
19.7500000000 0.7312825785
19.7600000000 0.7292384114
19.7700000000 0.7278277918
19.7800000000 0.7271624240
19.7900000000 0.7273057695
19.8000000000 0.7282175185
19.8100000000 0.7297048385
19.8200000000 0.7314289527
19.8300000000 0.7329186816
19.8400000000 0.7336811203
19.8500000000 0.7333264805
19.8600000000 0.7316793950
19.8700000000 0.7288628194
19.8800000000 0.7253127761
19.8900000000 0.7216888717
19.9000000000 0.7187566512
19.9100000000 0.7172206979
19.9200000000 0.7176197943
19.9300000000 0.7202775043
19.9400000000 0.7252666343
19.9500000000 0.7324714230
19.9600000000 0.7416430394
19.9700000000 0.7524762330
19.9800000000 0.7646093579
19.9900000000 0.7776383705
20.0000000000 0.7910819346
