124000.0000000000 73.9241878926
62000.0000000000 41.4736177231
41333.3333333333 23.9465302380
31000.0000000000 15.0415565265
24800.0000000000 10.1733887426
20666.6666666667 7.2876012009
17714.2857142857 5.4561858188
15500.0000000000 4.2283046505
13777.7777777778 3.3678797079
12400.0000000000 2.7428779684
11272.7272727273 2.2752194415
10333.3333333333 1.9165055247
9538.4615384615 1.6355153619
8857.1428571429 1.4114111460
8266.6666666667 1.2298707537
7750.0000000000 1.0807960455
7294.1176470588 0.9569061852
6888.8888888889 0.8528471002
6526.3157894737 0.7646119944
6200.0000000000 0.6891550017
5904.7619047619 0.6241278867
5636.3636363636 0.5676970977
5391.3043478261 0.5184143267
5166.6666666667 0.4751234472
4960.0000000000 0.4368926412
4769.2307692308 0.4029642117
4592.5925925926 0.3727169672
4428.5714285714 0.3456378155
4275.8620689655 0.3212999326
4133.3333333333 0.2993459790
4000.0000000000 0.2794749438
3875.0000000000 0.2614318247
3757.5757575758 0.2449994692
3647.0588235294 0.2299920148
3542.8571428571 0.2162496350
3444.4444444444 0.2036342954
3351.3513513514 0.1920262675
3263.1578947368 0.1813213183
3179.4871794872 0.1714283420
3100.0000000000 0.1622674442
3024.3902439024 0.1537683168
2952.3809523810 0.1458688841
2883.7209302326 0.1385141944
2818.1818181818 0.1316554462
2755.5555555556 0.1252491774
2695.6521739130 0.1192565923
2638.2978723404 0.1136429688
2583.3333333333 0.1083771468
2530.6122448980 0.1034311085
2480.0000000000 0.0987796128
2431.3725490196 0.0943998504
2384.6153846154 0.0902711826
2339.6226415094 0.0863748949
2296.2962962963 0.0826939983
2254.5454545455 0.0792130134
2214.2857142857 0.0759178359
2175.4385964912 0.0727955877
2137.9310344828 0.0698344834
2101.6949152542 0.0670237370
2066.6666666667 0.0643534430
2032.7868852459 0.0618145019
2000.0000000000 0.0593985478
1968.2539682540 0.0570978544
1937.5000000000 0.0549053194
1907.6923076923 0.0528143592
1878.7878787879 0.0508188993
1850.7462686567 0.0489133081
1823.5294117647 0.0470923697
1797.1014492754 0.0453512371
1771.4285714286 0.0436854099
1746.4788732394 0.0420906984
1722.2222222222 0.0405632070
1698.6301369863 0.0390993095
1675.6756756757 0.0376956090
1653.3333333333 0.0363489410
1631.5789473684 0.0350563508
1610.3896103896 0.0338150687
1589.7435897436 0.0326225055
1569.6202531646 0.0314762312
1550.0000000000 0.0303739735
1530.8641975309 0.0293135952
1512.1951219512 0.0282930814
1493.9759036145 0.0273105501
1476.1904761905 0.0263642242
1458.8235294118 0.0254524354
1441.8604651163 0.0245736054
1425.2873563218 0.0237262496
1409.0909090909 0.0229089666
1393.2584269663 0.0221204367
1377.7777777778 0.0213594062
1362.6373626374 0.0206246993
1347.8260869565 0.0199151973
1333.3333333333 0.0192298460
1319.1489361702 0.0185676387
1305.2631578947 0.0179276323
1291.6666666667 0.0173089261
1278.3505154639 0.0167106677
1265.3061224490 0.0161320460
1252.5252525253 0.0155722963
1240.0000000000 0.0150306885
1227.7227722772 0.0145065282
1215.6862745098 0.0139991535
1203.8834951456 0.0135079357
1192.3076923077 0.0130322841
1180.9523809524 0.0125716259
1169.8113207547 0.0121254194
1158.8785046729 0.0116931463
1148.1481481481 0.0112743161
1137.6146788991 0.0108684630
1127.2727272727 0.0104751335
1117.1171171171 0.0100938994
1107.1428571429 0.0097243542
1097.3451327434 0.0093661090
1087.7192982456 0.0090187855
1078.2608695652 0.0086820353
1068.9655172414 0.0083555096
1059.8290598291 0.0080388860
1050.8474576271 0.0077318498
1042.0168067227 0.0074341054
1033.3333333333 0.0071453620
1024.7933884298 0.0068653512
1016.3934426230 0.0065938029
1008.1300813008 0.0063304731
1000.0000000000 0.0060751160
992.0000000000 0.0058274986
984.1269841270 0.0055874033
976.3779527559 0.0053546150
968.7500000000 0.0051289244
961.2403100775 0.0049101444
953.8461538462 0.0046980808
946.5648854962 0.0044925519
939.3939393939 0.0042933852
932.3308270677 0.0041004141
925.3731343284 0.0039134810
918.5185185185 0.0037324257
911.7647058824 0.0035571028
905.1094890511 0.0033873701
898.5507246377 0.0032230885
892.0863309353 0.0030641307
885.7142857143 0.0029103642
879.4326241135 0.0027616708
873.2394366197 0.0026179329
867.1328671329 0.0024790385
861.1111111111 0.0023448741
855.1724137931 0.0022153419
849.3150684932 0.0020903352
843.5374149660 0.0019697624
837.8378378378 0.0018535258
832.2147651007 0.0017415402
826.6666666667 0.0016337167
821.1920529801 0.0015299719
815.7894736842 0.0014302277
810.4575163399 0.0013344070
805.1948051948 0.0012424355
800.0000000000 0.0011542423
794.8717948718 0.0010697592
789.8089171975 0.0009889177
784.8101265823 0.0009116590
779.8742138365 0.0008379202
775.0000000000 0.0007676415
770.1863354037 0.0007007690
765.4320987654 0.0006372481
760.7361963190 0.0005770258
756.0975609756 0.0005200530
751.5151515152 0.0004662831
746.9879518072 0.0004156693
742.5149700599 0.0003681675
738.0952380952 0.0003237357
733.7278106509 0.0002823345
729.4117647059 0.0002439244
725.1461988304 0.0002084692
720.9302325581 0.0001759329
716.7630057803 0.0001462819
712.6436781609 0.0001194857
708.5714285714 0.0000955117
704.5454545455 0.0000743324
700.5649717514 0.0000559190
696.6292134831 0.0000402459
692.7374301676 0.0000272882
688.8888888889 0.0000170223
685.0828729282 0.0000094263
681.3186813187 0.0000044790
677.5956284153 0.0000021609
673.9130434783 0.0000024538
670.2702702703 0.0000053404
666.6666666667 0.0000108050
663.1016042781 0.0000188328
659.5744680851 0.0000294100
656.0846560847 0.0000425243
652.6315789474 0.0000581645
649.2146596859 0.0000763210
645.8333333333 0.0000969840
642.4870466321 0.0001201456
639.1752577320 0.0001457989
635.8974358974 0.0001739389
632.6530612245 0.0002045611
629.4416243655 0.0002376604
626.2626262626 0.0002732346
623.1155778894 0.0003112843
620.0000000000 0.0003518065
616.9154228856 0.0003948018
613.8613861386 0.0004402749
610.8374384236 0.0004882249
607.8431372549 0.0005386576
604.8780487805 0.0005915776
601.9417475728 0.0006469903
599.0338164251 0.0007049025
596.1538461538 0.0007653244
593.3014354067 0.0008282614
590.4761904762 0.0008937265
587.6777251185 0.0009617322
584.9056603774 0.0010322849
582.1596244131 0.0011054070
579.4392523364 0.0011811051
576.7441860465 0.0012593999
574.0740740741 0.0013403052
571.4285714286 0.0014238423
568.8073394495 0.0015100278
566.2100456621 0.0015988862
563.6363636364 0.0016904370
561.0859728507 0.0017847011
558.5585585586 0.0018817079
556.0538116592 0.0019814814
553.5714285714 0.0020840470
551.1111111111 0.0021894354
548.6725663717 0.0022976757
546.2555066079 0.0024088015
543.8596491228 0.0025228453
541.4847161572 0.0026398408
539.1304347826 0.0027598233
536.7965367965 0.0028828299
534.4827586207 0.0030089086
532.1888412017 0.0031380915
529.9145299145 0.0032704258
527.6595744681 0.0034059613
525.4237288136 0.0035447352
523.2067510549 0.0036868060
521.0084033613 0.0038322203
518.8284518828 0.0039810358
516.6666666667 0.0041333034
514.5228215768 0.0042890804
512.3966942149 0.0044484383
510.2880658436 0.0046114341
508.1967213115 0.0047781272
506.1224489796 0.0049485972
504.0650406504 0.0051229148
502.0242914980 0.0053011470
500.0000000000 0.0054833826
497.9919678715 0.0056696945
496.0000000000 0.0058601777
494.0239043825 0.0060549114
492.0634920635 0.0062539910
490.1185770751 0.0064575155
488.1889763780 0.0066655882
486.2745098039 0.0068783084
484.3750000000 0.0070957941
482.4902723735 0.0073181606
480.6201550388 0.0075455271
478.7644787645 0.0077780171
476.9230769231 0.0080157595
475.0957854406 0.0082589122
473.2824427481 0.0085075969
471.4828897338 0.0087619916
469.6969696970 0.0090222379
467.9245283019 0.0092885082
466.1654135338 0.0095609829
464.4194756554 0.0098398481
462.6865671642 0.0101252978
460.9665427509 0.0104175335
459.2592592593 0.0107167834
457.5645756458 0.0110232756
455.8823529412 0.0113372475
454.2124542125 0.0116589449
452.5547445255 0.0119886557
450.9090909091 0.0123266579
449.2753623188 0.0126732516
447.6534296029 0.0130287498
446.0431654676 0.0133935121
444.4444444444 0.0137678799
442.8571428571 0.0141522429
441.2811387900 0.0145469964
439.7163120567 0.0149526022
438.1625441696 0.0153694937
436.6197183099 0.0157981729
435.0877192982 0.0162391547
433.5664335664 0.0166930006
432.0557491289 0.0171603171
430.5555555556 0.0176417245
429.0657439446 0.0181379015
427.5862068966 0.0186495777
426.1168384880 0.0191775197
424.6575342466 0.0197225677
423.2081911263 0.0202855613
421.7687074830 0.0208674535
420.3389830508 0.0214692221
418.9189189189 0.0220918790
417.5084175084 0.0227365173
416.1073825503 0.0234042270
414.7157190635 0.0240961521
413.3333333333 0.0248134103
411.9601328904 0.0255570852
410.5960264901 0.0263281661
409.2409240924 0.0271274767
407.8947368421 0.0279555538
406.5573770492 0.0288125031
405.2287581699 0.0296977999
403.9087947883 0.0306099783
402.5974025974 0.0315462994
401.2944983819 0.0325022459
400.0000000000 0.0334709520
398.7138263666 0.0344425140
397.4358974359 0.0354034039
396.1661341853 0.0363359946
394.9044585987 0.0372186362
393.6507936508 0.0380268393
392.4050632911 0.0387358859
391.1671924290 0.0393254246
389.9371069182 0.0397856004
388.7147335423 0.0401232769
387.5000000000 0.0403657267
386.2928348910 0.0405591052
385.0931677019 0.0407611050
383.9009287926 0.0410295043
382.7160493827 0.0414108469
381.5384615385 0.0419329207
380.3680981595 0.0426021080
379.2048929664 0.0434046830
378.0487804878 0.0443098050
376.8996960486 0.0452727918
375.7575757576 0.0462378583
374.6223564955 0.0471409651
373.4939759036 0.0479140806
372.3723723724 0.0484919208
371.2574850299 0.0488223337
370.1492537313 0.0488787590
369.0476190476 0.0486717859
367.9525222552 0.0482543290
366.8639053254 0.0477164400
365.7817109145 0.0471699145
364.7058823529 0.0467277331
363.6363636364 0.0464855686
362.5730994152 0.0465107030
361.5160349854 0.0468391306
360.4651162791 0.0474788138
359.4202898551 0.0484155620
358.3815028902 0.0496194584
357.3487031700 0.0510497450
356.3218390805 0.0526581225
355.3008595989 0.0543905736
354.2857142857 0.0561884133
353.2763532764 0.0579898976
352.2727272727 0.0597332740
351.2747875354 0.0613616820
350.2824858757 0.0628297617
349.2957746479 0.0641103931
348.3146067416 0.0651996900
347.3389355742 0.0661189686
346.3687150838 0.0669134615
345.4038997214 0.0676485263
344.4444444444 0.0684027836
343.4903047091 0.0692575057
342.5414364641 0.0702831178
341.5977961433 0.0715260192
340.6593406593 0.0729996403
339.7260273973 0.0746824767
338.7978142077 0.0765225178
337.8746594005 0.0784456646
336.9565217391 0.0803642867
336.0433604336 0.0821832683
335.1351351351 0.0838013749
334.2318059299 0.0851093732
333.3333333333 0.0859900129
332.4396782842 0.0863251512
331.5508021390 0.0860136117
330.6666666667 0.0849951970
329.7872340426 0.0832716523
328.9124668435 0.0809143657
328.0423280423 0.0780552545
327.1767810026 0.0748664166
326.3157894737 0.0715382300
325.4593175853 0.0682620291
324.6073298429 0.0652162002
323.7597911227 0.0625525162
322.9166666667 0.0603825273
322.0779220779 0.0587669763
321.2435233161 0.0577131669
320.4134366925 0.0571805987
319.5876288660 0.0570935450
318.7660668380 0.0573567584
317.9487179487 0.0578712577
317.1355498721 0.0585460885
316.3265306122 0.0593045172
315.5216284987 0.0600843468
314.7208121827 0.0608352884
313.9240506329 0.0615183739
313.1313131313 0.0621103696
312.3425692695 0.0626116639
311.5577889447 0.0630521162
310.7769423559 0.0634893736
310.0000000000 0.0639971574
309.2269326683 0.0646475231
308.4577114428 0.0654938033
307.6923076923 0.0665599274
306.9306930693 0.0678396127
306.1728395062 0.0693024161
305.4187192118 0.0709034827
304.6683046683 0.0725902447
303.9215686275 0.0743046219
303.1784841076 0.0759809190
302.4390243902 0.0775451621
301.7031630170 0.0789207772
300.9708737864 0.0800417775
300.2421307506 0.0808688501
299.5169082126 0.0813992330
298.7951807229 0.0816639923
298.0769230769 0.0817124998
297.3621103118 0.0815937643
296.6507177033 0.0813465663
295.9427207637 0.0810041017
295.2380952381 0.0806089367
294.5368171021 0.0802265277
293.8388625592 0.0799465642
293.1442080378 0.0798692412
292.4528301887 0.0800833062
291.7647058824 0.0806454596
291.0798122066 0.0815680134
290.3981264637 0.0828151017
289.7196261682 0.0843063544
289.0442890443 0.0859256159
288.3720930233 0.0875355749
287.7030162413 0.0889990370
287.0370370370 0.0902038173
286.3741339492 0.0910848944
285.7142857143 0.0916358191
285.0574712644 0.0919050037
284.4036697248 0.0919787092
283.7528604119 0.0919587100
283.1050228311 0.0919419967
282.4601366743 0.0920077370
281.8181818182 0.0922097876
281.1791383220 0.0925729206
280.5429864253 0.0930899109
279.9097065463 0.0937183651
279.2792792793 0.0943788601
278.6516853933 0.0949594741
278.0269058296 0.0953303623
277.4049217002 0.0953706613
276.7857142857 0.0950026467
276.1692650334 0.0942209226
275.5555555556 0.0931037913
274.9445676275 0.0917985628
274.3362831858 0.0904848349
273.7306843267 0.0893290607
273.1277533040 0.0884479880
272.5274725275 0.0878922547
271.9298245614 0.0876525658
271.3347921225 0.0876818687
270.7423580786 0.0879214369
270.1525054466 0.0883195647
269.5652173913 0.0888350090
268.9804772234 0.0894282357
268.3982683983 0.0900492524
267.8185745140 0.0906336401
267.2413793103 0.0911133614
266.6666666667 0.0914395908
266.0944206009 0.0916084304
265.5246252677 0.0916776722
264.9572649573 0.0917653143
264.3923240938 0.0920287835
263.8297872340 0.0926321551
263.2696390658 0.0937115050
262.7118644068 0.0953493211
262.1564482030 0.0975611270
261.6033755274 0.1002939102
261.0526315789 0.1034325656
260.5042016807 0.1068113308
259.9580712788 0.1102282395
259.4142259414 0.1134644114
258.8726513570 0.1163094743
258.3333333333 0.1185932036
257.7962577963 0.1202200244
257.2614107884 0.1211970911
256.7287784679 0.1216438026
256.1983471074 0.1217741039
255.6701030928 0.1218525175
255.1440329218 0.1221364046
254.6201232033 0.1228227805
254.0983606557 0.1240127661
253.5787321063 0.1256992962
253.0612244898 0.1277755710
252.5458248473 0.1300588097
252.0325203252 0.1323251517
251.5212981744 0.1343480784
251.0121457490 0.1359362205
250.5050505051 0.1369635068
250.0000000000 0.1373898177
249.4969818913 0.1372706142
248.9959839357 0.1367524558
248.4969939880 0.1360520607
248.0000000000 0.1354158571
247.5049900200 0.1350711705
247.0119521912 0.1351837481
246.5208747515 0.1358372778
246.0317460317 0.1370379692
245.5445544554 0.1387381645
245.0592885375 0.1408639792
244.5759368836 0.1433345469
244.0944881890 0.1460684689
243.6149312377 0.1489813347
243.1372549020 0.1519840479
242.6614481409 0.1549894608
242.1875000000 0.1579293657
241.7153996101 0.1607731659
241.2451361868 0.1635372899
240.7766990291 0.1662751211
240.3100775194 0.1690492932
239.8452611219 0.1718990148
239.3822393822 0.1748199589
238.9210019268 0.1777655345
238.4615384615 0.1806654560
238.0038387716 0.1834478759
237.5478927203 0.1860542085
237.0936902486 0.1884441197
236.6412213740 0.1905987063
236.1904761905 0.1925332345
235.7414448669 0.1943194404
235.2941176471 0.1961051628
234.8484848485 0.1981132144
234.4045368620 0.2006113388
233.9622641509 0.2038632433
233.5216572505 0.2080826219
233.0827067669 0.2134081560
232.6454033771 0.2199036923
232.2097378277 0.2275738617
231.7757009346 0.2363805803
231.3432835821 0.2462519469
230.9124767225 0.2570824313
230.4832713755 0.2687343251
230.0556586271 0.2810514353
229.6296296296 0.2938915619
229.2051756007 0.3071716983
228.7822878229 0.3209087280
228.3609576427 0.3352346872
227.9411764706 0.3503730838
227.5229357798 0.3665803925
227.1062271062 0.3840726496
226.6910420475 0.4029599203
226.2773722628 0.4232060346
225.8652094718 0.4446195210
225.4545454545 0.4668715825
225.0453720508 0.4895310048
224.6376811594 0.5121041138
224.2314647378 0.5340718982
223.8267148014 0.5549196907
223.4234234234 0.5741585138
223.0215827338 0.5913485747
222.6211849192 0.6061212283
222.2222222222 0.6181992555
221.8246869410 0.6274038982
221.4285714286 0.6336490452
221.0338680927 0.6369319225
220.6405693950 0.6373278100
220.2486678508 0.6349850372
219.8581560284 0.6301104663
219.4690265487 0.6229406242
219.0812720848 0.6137084241
218.6948853616 0.6026241762
218.3098591549 0.5898809113
217.9261862917 0.5756810793
217.5438596491 0.5602692012
217.1628721541 0.5439520282
216.7832167832 0.5270977962
216.4048865620 0.5101102397
216.0278745645 0.4933862048
215.6521739130 0.4772720684
215.2777777778 0.4620383660
214.9046793761 0.4478748442
214.5328719723 0.4348933021
214.1623488774 0.4231278925
213.7931034483 0.4125269279
213.4251290878 0.4029465910
213.0584192440 0.3941550065
212.6929674099 0.3858517673
212.3287671233 0.3777010231
211.9658119658 0.3693761051
211.6040955631 0.3606074610
211.2436115843 0.3512198480
210.8843537415 0.3411501047
210.5263157895 0.3304411751
210.1694915254 0.3192265223
209.8138747885 0.3077142288
209.4594594595 0.2961733930
209.1062394604 0.2849133900
208.7542087542 0.2742481348
208.4033613445 0.2644559608
208.0536912752 0.2557528743
207.7051926298 0.2482929825
207.3578595318 0.2421897746
207.0116861436 0.2375412281
206.6666666667 0.2344395079
206.3227953411 0.2329590125
205.9800664452 0.2331273001
205.6384742952 0.2348920068
205.2980132450 0.2380900895
204.9586776860 0.2424286399
204.6204620462 0.2474761461
204.2833607908 0.2526729904
203.9473684211 0.2573670983
203.6124794745 0.2608832685
203.2786885246 0.2626228352
202.9459901800 0.2621773452
202.6143790850 0.2594199769
202.2838499184 0.2545394039
201.9543973941 0.2479997901
201.6260162602 0.2404409049
201.2987012987 0.2325554500
200.9724473258 0.2249814364
200.6472491909 0.2182301263
200.3231017771 0.2126591009
200.0000000000 0.2084833978
199.6779388084 0.2058149746
199.3569131833 0.2047083660
199.0369181380 0.2051908317
198.7179487179 0.2072606607
198.4000000000 0.2108583044
198.0830670927 0.2158262442
197.7671451356 0.2218844230
197.4522292994 0.2286366984
197.1383147854 0.2356157421
196.8253968254 0.2423542928
196.5134706815 0.2484652820
196.2025316456 0.2537063309
195.8925750395 0.2580127863
195.5835962145 0.2614904422
195.2755905512 0.2643706984
194.9685534591 0.2669406802
194.6624803768 0.2694664209
194.3573667712 0.2721291182
194.0532081377 0.2749914596
193.7500000000 0.2779978438
193.4477379095 0.2810002325
193.1464174455 0.2837961838
192.8460342146 0.2861648577
192.5465838509 0.2878949268
192.2480620155 0.2888114838
191.9504643963 0.2888066947
191.6537867079 0.2878749468
191.3580246914 0.2861344033
191.0631741140 0.2838198637
190.7692307692 0.2812401346
190.4761904762 0.2787128680
190.1840490798 0.2765048205
189.8928024502 0.2747971702
189.6024464832 0.2736853407
189.3129770992 0.2732014351
189.0243902439 0.2733419825
188.7366818874 0.2740892584
188.4498480243 0.2754272891
188.1638846737 0.2773611155
187.8787878788 0.2799425175
187.5945537065 0.2832947815
187.3111782477 0.2876206871
187.0286576169 0.2931817284
186.7469879518 0.3002479942
186.4661654135 0.3090348995
186.1861861862 0.3196435632
185.9070464768 0.3320203942
185.6287425150 0.3459413514
185.3512705531 0.3610217146
185.0746268657 0.3767552294
184.7988077496 0.3925842592
184.5238095238 0.4079944618
184.2496285290 0.4226092065
183.9762611276 0.4362440062
183.7037037037 0.4488960837
183.4319526627 0.4606711673
183.1610044313 0.4716836423
182.8908554572 0.4819775326
182.6215022091 0.4915072840
182.3529411765 0.5001832826
182.0851688693 0.5079535419
181.8181818182 0.5148729262
181.5519765739 0.5211152381
181.2865497076 0.5269134945
181.0218978102 0.5324566956
180.7580174927 0.5377985326
180.4949053857 0.5428274695
180.2325581395 0.5473209724
179.9709724238 0.5510499324
179.7101449275 0.5538721939
179.4500723589 0.5557568826
179.1907514451 0.5567283083
178.9321789322 0.5567670840
178.6743515850 0.5557295964
178.4172661871 0.5533251363
178.1609195402 0.5491614874
177.9053084648 0.5428332874
177.6504297994 0.5340300487
177.3962804006 0.5226260856
177.1428571429 0.5087390219
176.8901569187 0.4927489368
176.6381766382 0.4752779029
176.3869132290 0.4571331242
176.1363636364 0.4392178873
175.8865248227 0.4224242354
175.6373937677 0.4075307575
175.3889674682 0.3951253577
175.1412429379 0.3855649741
174.8942172073 0.3789725407
174.6478873239 0.3752657480
174.4022503516 0.3742136607
174.1573033708 0.3755096508
173.9130434783 0.3788478119
173.6694677871 0.3839775963
173.4265734266 0.3907210509
173.1843575419 0.3989501374
172.9428172943 0.4085371043
172.7019498607 0.4192999845
172.4617524339 0.4309613907
172.2222222222 0.4431310434
171.9833564494 0.4553217974
171.7451523546 0.4669943852
171.5076071923 0.4776227956
171.2707182320 0.4867608581
171.0344827586 0.4940919788
170.7988980716 0.4994497607
170.5639614856 0.5028131428
170.3296703297 0.5042758488
170.0960219479 0.5040064062
169.8630136986 0.5022032534
169.6306429549 0.4990517633
169.3989071038 0.4946795526
169.1678035471 0.4891216345
168.9373297003 0.4823117799
168.7074829932 0.4741146342
168.4782608696 0.4643916780
168.2496607870 0.4530804398
168.0216802168 0.4402562273
167.7943166441 0.4261592624
167.5675675676 0.4111754037
167.3414304993 0.3957773921
167.1159029650 0.3804422739
166.8909825034 0.3655673506
166.6666666667 0.3514094484
166.4429530201 0.3380612682
166.2198391421 0.3254681662
165.9973226238 0.3134753507
165.7754010695 0.3018887487
165.5540720961 0.2905337175
165.3333333333 0.2792998984
165.1131824234 0.2681664758
164.8936170213 0.2572073258
164.6746347942 0.2465776684
164.4562334218 0.2364870429
164.2384105960 0.2271687944
164.0211640212 0.2188494258
163.8044914135 0.2117229200
163.5883905013 0.2059278428
163.3728590250 0.2015307011
163.1578947368 0.1985158194
162.9434954008 0.1967894046
162.7296587927 0.1961953905
162.5163826999 0.1965472789
162.3036649215 0.1976643943
162.0915032680 0.1994030965
161.8798955614 0.2016715102
161.6688396349 0.2044216089
161.4583333333 0.2076255688
161.2483745124 0.2112416811
161.0389610390 0.2151824283
160.8300907912 0.2192871584
160.6217616580 0.2233090898
160.4139715395 0.2269266372
160.2067183463 0.2297852868
160.0000000000 0.2315668450
159.7938144330 0.2320639619
159.5881595882 0.2312298645
159.3830334190 0.2291838889
159.1784338896 0.2261735860
158.9743589744 0.2225116069
158.7708066581 0.2185152539
158.5677749361 0.2144649076
158.3652618135 0.2105891009
158.1632653061 0.2070691691
157.9617834395 0.2040494349
157.7608142494 0.2016392883
157.5603557814 0.1999040338
157.3604060914 0.1988511620
157.1609632446 0.1984281590
156.9620253165 0.1985338790
156.7635903919 0.1990435187
156.5656565657 0.1998277861
156.3682219420 0.2007614502
156.1712846348 0.2017189027
155.9748427673 0.2025682664
155.7788944724 0.2031742865
155.5834378921 0.2034114844
155.3884711779 0.2031830319
155.1939924906 0.2024378738
155.0000000000 0.2011800576
154.8064918851 0.1994636119
154.6134663342 0.1973756978
154.4209215442 0.1950120956
154.2288557214 0.1924528912
154.0372670807 0.1897487842
153.8461538462 0.1869207226
153.6555142503 0.1839747876
153.4653465347 0.1809235616
153.2756489493 0.1778058993
153.0864197531 0.1746935885
152.8976572133 0.1716868989
152.7093596059 0.1689005922
152.5215252153 0.1664479830
152.3341523342 0.1644274851
152.1472392638 0.1629115832
151.9607843137 0.1619391477
151.7747858017 0.1615128343
151.5892420538 0.1616030933
151.4041514042 0.1621563897
151.2195121951 0.1631047862
151.0353227771 0.1643731349
150.8515815085 0.1658812391
150.6682867558 0.1675430105
150.4854368932 0.1692637125
150.3030303030 0.1709354050
150.1210653753 0.1724321085
149.9395405079 0.1736105945
149.7584541063 0.1743218979
149.5778045838 0.1744334749
149.3975903614 0.1738561558
149.2178098676 0.1725635559
149.0384615385 0.1705939245
148.8595438175 0.1680352246
148.6810551559 0.1650020838
148.5029940120 0.1616164897
148.3253588517 0.1579968909
148.1481481481 0.1542537028
147.9713603819 0.1504864881
147.7949940405 0.1467786276
147.6190476190 0.1431909193
147.4435196195 0.1397563978
147.2684085511 0.1364807771
147.0937129300 0.1333461455
146.9194312796 0.1303198092
146.7455621302 0.1273647844
146.5721040189 0.1244537321
146.3990554900 0.1215839962
146.2264150943 0.1187885425
146.0541813899 0.1161376003
145.8823529412 0.1137301838
145.7109283196 0.1116763888
145.5399061033 0.1100762983
145.3692848769 0.1090030860
145.1990632319 0.1084927262
145.0292397661 0.1085433517
144.8598130841 0.1091214344
144.6907817970 0.1101694893
144.5221445221 0.1116136904
144.3538998836 0.1133672637
144.1860465116 0.1153356705
144.0185830430 0.1174242881
143.8515081206 0.1195491212
143.6848203940 0.1216470086
143.5185185185 0.1236774830
143.3526011561 0.1256167599
143.1870669746 0.1274457571
143.0219146482 0.1291398416
142.8571428571 0.1306659084
142.6927502877 0.1319905937
142.5287356322 0.1330941619
142.3650975890 0.1339857111
142.2018348624 0.1347106714
142.0389461627 0.1353461274
141.8764302059 0.1359835755
141.7142857143 0.1367069549
141.5525114155 0.1375745271
141.3911060433 0.1386112146
141.2300683371 0.1398127653
141.0693970421 0.1411560252
140.9090909091 0.1426104934
140.7491486947 0.1441416356
140.5895691610 0.1457059970
140.4303510759 0.1472383081
140.2714932127 0.1486423467
140.1129943503 0.1497917418
139.9548532731 0.1505468278
139.7970687711 0.1507846587
139.6396396396 0.1504283627
139.4825646794 0.1494637731
139.3258426966 0.1479364264
139.1694725028 0.1459332079
139.0134529148 0.1435579266
138.8577827548 0.1409124814
138.7024608501 0.1380848214
138.5474860335 0.1351449368
138.3928571429 0.1321447742
138.2385730212 0.1291222895
138.0846325167 0.1261075459
137.9310344828 0.1231291548
137.7777777778 0.1202181048
137.6248612653 0.1174082417
137.4722838137 0.1147347034
137.3200442968 0.1122339652
137.1681415929 0.1099478610
137.0165745856 0.1079260070
136.8653421634 0.1062253017
136.7144432194 0.1049007124
136.5638766520 0.1039912819
136.4136413641 0.1035047569
136.2637362637 0.1034070332
136.1141602634 0.1036207368
135.9649122807 0.1040354245
135.8159912377 0.1045262195
135.6673960613 0.1049778998
135.5191256831 0.1053060684
135.3711790393 0.1054694195
135.2235550709 0.1054696495
135.0762527233 0.1053408313
134.9292709467 0.1051343524
134.7826086957 0.1049069060
134.6362649294 0.1047134060
134.4902386117 0.1046056206
134.3445287107 0.1046331423
134.1991341991 0.1048423271
134.0540540541 0.1052728273
133.9092872570 0.1059509814
133.7648327940 0.1068819637
133.6206896552 0.1080449395
133.4768568353 0.1093915971
133.3333333333 0.1108519811
133.1901181525 0.1123446615
133.0472103004 0.1137893375
132.9046087889 0.1151168553
132.7623126338 0.1162761599
132.6203208556 0.1172385026
132.4786324786 0.1180005421
132.3372465315 0.1185864758
132.1961620469 0.1190449215
132.0553780618 0.1194400032
131.9148936170 0.1198353596
131.7747077577 0.1202768033
131.6348195329 0.1207786435
131.4952279958 0.1213180004
131.3559322034 0.1218369081
131.2169312169 0.1222512079
131.0782241015 0.1224670787
130.9398099261 0.1224028594
130.8016877637 0.1220114354
130.6638566913 0.1212963995
130.5263157895 0.1203144923
130.3890641430 0.1191642776
130.2521008403 0.1179669631
130.1154249738 0.1168489972
129.9790356394 0.1159296467
129.8429319372 0.1153145445
129.7071129707 0.1150900245
129.5715778474 0.1153138988
129.4363256785 0.1160022527
129.3013555787 0.1171187098
129.1666666667 0.1185722608
129.0322580645 0.1202296253
128.8981288981 0.1219397318
128.7642782970 0.1235629599
128.6307053942 0.1249947154
128.4974093264 0.1261775827
128.3643892340 0.1271003667
128.2316442606 0.1277867923
128.0991735537 0.1282795714
127.9669762642 0.1286252500
127.8350515464 0.1288623226
127.7033985582 0.1290157021
127.5720164609 0.1290969098
127.4409044193 0.1291097616
127.3100616016 0.1290564591
127.1794871795 0.1289439539
127.0491803279 0.1287865344
126.9191402252 0.1286054913
126.7893660532 0.1284281933
126.6598569969 0.1282870140
126.5306122449 0.1282203975
126.4016309888 0.1282751515
126.2729124236 0.1285064897
126.1444557477 0.1289748042
126.0162601626 0.1297370418
125.8883248731 0.1308341502
125.7606490872 0.1322775797
125.6332320162 0.1340372361
125.5060728745 0.1360377669
125.3791708797 0.1381602359
125.2525252525 0.1402537180
125.1261352170 0.1421532742
125.0000000000 0.1437034128
124.8741188318 0.1447821719
124.7484909457 0.1453219100
124.6231155779 0.1453219238
124.4979919679 0.1448493946
124.3731193581 0.1440284644
124.2484969940 0.1430179051
124.1241241241 0.1419845577
124.0000000000 0.1410788916
123.8761238761 0.1404177284
123.7524950100 0.1400765826
123.6291126620 0.1400863053
123.5059760956 0.1404293940
123.3830845771 0.1410365262
123.2604373757 0.1417849571
123.1380337637 0.1425048442
123.0158730159 0.1429998440
122.8939544103 0.1430782470
122.7722772277 0.1425876118
122.6508407517 0.1414420927
122.5296442688 0.1396311296
122.4086870681 0.1372118683
122.2879684418 0.1342900603
122.1674876847 0.1309986566
122.0472440945 0.1274812309
121.9272369715 0.1238812542
121.8074656189 0.1203359166
121.6879293425 0.1169726137
121.5686274510 0.1139041980
121.4495592556 0.1112229686
121.3307240705 0.1089943415
121.2121212121 0.1072495855
121.0937500000 0.1059828172
120.9756097561 0.1051511660
120.8576998051 0.1046807120
120.7400194742 0.1044772723
120.6225680934 0.1044398212
120.5053449951 0.1044750716
120.3883495146 0.1045092642
120.2715809893 0.1044946949
120.1550387597 0.1044079113
120.0387221684 0.1042419741
119.9226305609 0.1039967915
119.8067632850 0.1036723036
119.6911196911 0.1032684677
119.5756991321 0.1027908536
119.4605009634 0.1022571525
119.3455245428 0.1016997745
119.2307692308 0.1011606843
119.1162343900 0.1006824792
119.0019193858 0.1002980129
118.8878235858 0.1000255870
118.7739463602 0.0998690906
118.6602870813 0.0998231719
118.5468451243 0.0998795045
118.4336198663 0.1000322874
118.3206106870 0.1002790491
118.2078169685 0.1006172788
118.0952380952 0.1010367763
117.9828734539 0.1015135573
117.8707224335 0.1020066121
117.7587844255 0.1024614055
117.6470588235 0.1028192370
117.5355450237 0.1030290815
117.4242424242 0.1030603113
117.3131504257 0.1029117082
117.2022684310 0.1026147732
117.0915958451 0.1022302421
116.9811320755 0.1018399131
116.8708765316 0.1015346034
116.7608286252 0.1014007791
116.6509877705 0.1015093910
116.5413533835 0.1019055802
116.4319248826 0.1026023442
116.3227016886 0.1035770627
116.2136832240 0.1047706549
116.1048689139 0.1060926241
115.9962581852 0.1074314151
115.8878504673 0.1086702342
115.7796451914 0.1097078009
115.6716417910 0.1104776960
115.5638397018 0.1109614987
115.4562383613 0.1111916538
115.3488372093 0.1112422531
115.2416356877 0.1112124566
115.1346332405 0.1112072773
115.0278293135 0.1113220243
114.9212233550 0.1116319354
114.8148148148 0.1121858581
114.7086031452 0.1130020555
114.6025878004 0.1140671625
114.4967682364 0.1153375057
114.3911439114 0.1167424577
114.2857142857 0.1181912656
114.1804788214 0.1195810005
114.0754369825 0.1208041381
113.9705882353 0.1217574505
113.8659320478 0.1223502193
113.7614678899 0.1225140071
113.6571952337 0.1222128147
113.5531135531 0.1214498991
113.4492223239 0.1202694629
113.3455210238 0.1187501683
113.2420091324 0.1169920106
113.1386861314 0.1151011880
113.0355515041 0.1131750202
112.9326047359 0.1112927725
112.8298453139 0.1095105442
112.7272727273 0.1078616700
112.6248864668 0.1063602617
112.5226860254 0.1050060158
112.4206708976 0.1037895508
112.3188405797 0.1026958131
112.2171945701 0.1017054990
112.1157323689 0.1007957250
112.0144534779 0.0999409718
111.9133574007 0.0991141954
111.8124436429 0.0982914314
111.7117117117 0.0974549486
111.6111611161 0.0965951369
111.5107913669 0.0957102408
111.4106019766 0.0948031490
111.3105924596 0.0938772611
111.2107623318 0.0929340793
111.1111111111 0.0919714318
111.0116383169 0.0909854662
110.9123434705 0.0899739470
110.8132260947 0.0889404417
110.7142857143 0.0878979395
110.6155218555 0.0868699375
110.5169340463 0.0858891788
110.4185218166 0.0849939020
110.3202846975 0.0842226356
110.2222222222 0.0836088903
110.1243339254 0.0831779482
110.0266193434 0.0829448573
109.9290780142 0.0829137586
109.8317094774 0.0830768755
109.7345132743 0.0834129820
109.6374889478 0.0838881051
109.5406360424 0.0844580462
109.4439541041 0.0850748587
109.3474426808 0.0856948392
109.2511013216 0.0862845316
109.1549295775 0.0868205194
109.0589270009 0.0872856101
108.9630931459 0.0876622875
108.8674275680 0.0879288627
108.7719298246 0.0880616549
108.6765994741 0.0880421230
108.5814360771 0.0878645388
108.4864391951 0.0875423718
108.3916083916 0.0871086929
108.2969432314 0.0866093392
108.2024432810 0.0860926923
108.1081081081 0.0855977231
108.0139372822 0.0851450348
107.9199303742 0.0847337508
107.8260869565 0.0843440665
107.7324066030 0.0839464006
107.6388888889 0.0835118163
107.5455333912 0.0830199310
107.4523396880 0.0824638234
107.3593073593 0.0818493571
107.2664359862 0.0811928246
107.1737251513 0.0805159080
107.0811744387 0.0798412411
106.9887834340 0.0791892114
106.8965517241 0.0785751971
106.8044788975 0.0780105409
106.7125645439 0.0775023960
106.6208082545 0.0770544907
106.5292096220 0.0766669892
106.4377682403 0.0763354073
106.3464837050 0.0760497593
106.2553556127 0.0757950973
106.1643835616 0.0755552010
106.0735671514 0.0753171928
105.9829059829 0.0750768337
105.8923996584 0.0748412846
105.8020477816 0.0746279332
105.7118499574 0.0744602896
105.6218057922 0.0743638476
105.5319148936 0.0743633179
105.4421768707 0.0744819604
105.3525913339 0.0747421947
105.2631578947 0.0751662119
105.1738761662 0.0757737550
105.0847457627 0.0765789884
104.9957662997 0.0775858106
104.9069373942 0.0787836519
104.8182586644 0.0801450278
104.7297297297 0.0816239314
104.6413502110 0.0831589468
104.5531197302 0.0846794017
104.4650379107 0.0861164363
104.3771043771 0.0874149913
104.2893187553 0.0885419420
104.2016806723 0.0894869090
104.1141897565 0.0902559362
104.0268456376 0.0908605867
103.9396479464 0.0913073023
103.8525963149 0.0915905734
103.7656903766 0.0916926038
103.6789297659 0.0915898605
103.5923141186 0.0912630392
103.5058430718 0.0907074914
103.4195162636 0.0899384989
103.3333333333 0.0889902063
103.2472939217 0.0879089712
103.1613976705 0.0867445753
103.0756442228 0.0855421886
102.9900332226 0.0843369420
102.9045643154 0.0831521858
102.8192371476 0.0820015410
102.7340513670 0.0808932223
102.6490066225 0.0798354363
102.5641025641 0.0788392804
102.4793388430 0.0779190366
102.3947151115 0.0770906828
102.3102310231 0.0763678202
102.2258862325 0.0757609420
102.1416803954 0.0752755171
102.0576131687 0.0749125009
101.9736842105 0.0746687164
101.8898931800 0.0745366323
101.8062397373 0.0745031367
101.7227235439 0.0745487883
101.6393442623 0.0746464473
101.5561015561 0.0747630419
101.4729950900 0.0748644131
101.3900245298 0.0749215898
101.3071895425 0.0749174827
101.2244897959 0.0748506577
101.1419249592 0.0747351916
101.0594947025 0.0745966715
100.9771986971 0.0744663892
100.8950366151 0.0743752541
100.8130081301 0.0743496086
100.7311129163 0.0744085589
100.6493506494 0.0745646849
100.5677210057 0.0748246697
100.4862236629 0.0751913279
100.4048582996 0.0756649011
100.3236245955 0.0762427841
100.2425222312 0.0769191380
100.1615508885 0.0776841982
100.0807102502 0.0785235927
100.0000000000 0.0794181997
99.9194198227 0.0803435012
99.8389694042 0.0812696892
99.7586484312 0.0821619483
99.6784565916 0.0829809276
99.5983935743 0.0836849753
99.5184590690 0.0842342026
99.4386527666 0.0845965549
99.3589743590 0.0847556242
99.2794235388 0.0847141632
99.2000000000 0.0844963633
99.1207034373 0.0841431053
99.0415335463 0.0837062095
98.9624900239 0.0832403879
98.8835725678 0.0827972954
98.8047808765 0.0824198997
98.7261146497 0.0821389938
98.6475735879 0.0819721055
98.5691573927 0.0819225486
98.4908657665 0.0819820426
98.4126984127 0.0821337834
98.3346550357 0.0823545412
98.2567353407 0.0826181968
98.1789390340 0.0828943286
98.1012658228 0.0831482805
98.0237154150 0.0833400977
97.9462875197 0.0834269657
97.8689818469 0.0833672103
97.7917981073 0.0831284217
97.7147360126 0.0826933118
97.6377952756 0.0820637433
97.5609756098 0.0812591047
97.4842767296 0.0803113520
97.4076983504 0.0792574815
97.3312401884 0.0781323189
97.2549019608 0.0769651534
97.1786833856 0.0757782687
97.1025841817 0.0745887504
97.0266040689 0.0734114894
96.9507427678 0.0722613261
96.8750000000 0.0711541488
96.7993754879 0.0701065219
96.7238689548 0.0691342401
96.6484801247 0.0682502350
96.5732087227 0.0674635707
96.4980544747 0.0667794788
96.4230171073 0.0661991835
96.3480963481 0.0657214346
96.2732919255 0.0653434583
96.1986035687 0.0650624022
96.1240310078 0.0648760464
96.0495739737 0.0647826002
95.9752321981 0.0647803243
95.9010054138 0.0648646264
95.8268933539 0.0650270943
95.7528957529 0.0652544870
95.6790123457 0.0655314488
95.6052428682 0.0658430091
95.5315870570 0.0661787124
95.4580446497 0.0665325205
95.3846153846 0.0669011594
95.3112990008 0.0672789169
95.2380952381 0.0676542383
95.1650038373 0.0680071523
95.0920245399 0.0683108604
95.0191570881 0.0685363251
94.9464012251 0.0686590397
94.8737566947 0.0686647373
94.8012232416 0.0685517295
94.7288006112 0.0683293558
94.6564885496 0.0680141013
94.5842868040 0.0676248384
94.5121951220 0.0671791012
94.4402132521 0.0666919652
94.3683409437 0.0661766625
94.2965779468 0.0656451048
94.2249240122 0.0651087866
94.1533788914 0.0645790550
94.0819423369 0.0640662046
94.0106141016 0.0635799234
93.9393939394 0.0631280162
93.8682816048 0.0627168252
93.7972768533 0.0623494707
93.7263794407 0.0620236825
93.6555891239 0.0617311987
93.5849056604 0.0614570179
93.5143288084 0.0611818561
93.4438583271 0.0608860214
93.3734939759 0.0605534434
93.3032355154 0.0601753172
93.2330827068 0.0597512361
93.1630353118 0.0592884870
93.0930930931 0.0587994235
93.0232558140 0.0582984116
92.9535232384 0.0577987543
92.8838951311 0.0573111648
92.8143712575 0.0568430969
92.7449513837 0.0563990575
92.6756352765 0.0559810203
92.6064227035 0.0555890654
92.5373134328 0.0552224894
92.4683072334 0.0548805704
92.3994038748 0.0545637673
92.3306031273 0.0542735262
92.2619047619 0.0540111417
92.1933085502 0.0537762955
92.1248142645 0.0535662467
92.0564216778 0.0533755213
91.9881305638 0.0531971473
91.9199406968 0.0530233671
91.8518518519 0.0528463933
91.7838638046 0.0526587977
91.7159763314 0.0524529610
91.6481892092 0.0522215242
91.5805022157 0.0519573615
91.5129151292 0.0516554061
91.4454277286 0.0513129607
91.3780397937 0.0509306634
91.3107511046 0.0505127064
91.2435614422 0.0500663985
91.1764705882 0.0496014582
91.1094783248 0.0491289188
91.0425844347 0.0486595901
90.9757887014 0.0482026258
90.9090909091 0.0477648623
90.8424908425 0.0473509787
90.7759882870 0.0469643942
90.7095830285 0.0466091923
90.6432748538 0.0462904274
90.5770635500 0.0460147172
90.5109489051 0.0457886125
90.4449307075 0.0456179530
90.3790087464 0.0455058440
90.3131828114 0.0454516514
90.2474526929 0.0454497867
90.1818181818 0.0454903019
90.1162790698 0.0455594097
90.0508351489 0.0456432647
89.9854862119 0.0457294568
89.9202320522 0.0458100190
89.8550724638 0.0458810158
89.7900072411 0.0459415859
89.7250361795 0.0459924777
89.6601590745 0.0460345788
89.5953757225 0.0460682065
89.5306859206 0.0460929556
89.4660894661 0.0461084008
89.4015861572 0.0461138438
89.3371757925 0.0461090952
89.2728581713 0.0460933354
89.2086330935 0.0460655961
89.1445003595 0.0460245338
89.0804597701 0.0459690407
89.0165111271 0.0458986306
88.9526542324 0.0458144528
88.8888888889 0.0457197745
88.8252148997 0.0456200321
88.7616320687 0.0455232116
88.6981402003 0.0454388789
88.6347390994 0.0453785326
88.5714285714 0.0453539681
88.5082084226 0.0453764088
88.4450784593 0.0454543618
88.3820384890 0.0455920927
88.3190883191 0.0457890071
88.2562277580 0.0460390617
88.1934566145 0.0463321817
88.1307746979 0.0466545310
88.0681818182 0.0469899837
88.0056777857 0.0473208796
87.9432624113 0.0476292256
87.8809355067 0.0478987364
87.8186968839 0.0481161330
87.7565463553 0.0482725270
87.6944837341 0.0483637398
87.6325088339 0.0483895684
87.5706214689 0.0483528001
87.5088214538 0.0482575904
87.4471086037 0.0481091727
87.3854827343 0.0479132663
87.3239436620 0.0476760467
87.2624912034 0.0474035504
87.2011251758 0.0471012447
87.1398453970 0.0467736706
87.0786516854 0.0464241180
87.0175438596 0.0460555222
86.9565217391 0.0456707319
86.8955851437 0.0452740505
86.8347338936 0.0448711324
86.7739678097 0.0444689516
86.7132867133 0.0440751707
86.6526904263 0.0436976654
86.5921787709 0.0433432618
86.5317515701 0.0430169902
86.4714086471 0.0427219539
86.4111498258 0.0424591592
86.3509749304 0.0422274290
86.2908837857 0.0420236833
86.2308762170 0.0418432180
86.1709520500 0.0416808911
86.1111111111 0.0415310665
86.0513532269 0.0413889101
85.9916782247 0.0412502835
85.9320859321 0.0411118194
85.8725761773 0.0409694856
85.8131487889 0.0408188507
85.7538035961 0.0406545244
85.6945404285 0.0404712292
85.6353591160 0.0402647243
85.5762594893 0.0400336629
85.5172413793 0.0397804355
85.4583046175 0.0395110651
85.3994490358 0.0392349612
85.3406744666 0.0389630385
85.2819807428 0.0387064260
85.2233676976 0.0384750269
85.1648351648 0.0382764705
85.1063829787 0.0381155669
85.0480109739 0.0379938755
84.9897189856 0.0379102000
84.9315068493 0.0378601106
84.8733744011 0.0378377472
84.8153214774 0.0378363061
84.7573479152 0.0378496700
84.6994535519 0.0378728950
84.6416382253 0.0379022768
84.5839017735 0.0379345652
84.5262440354 0.0379665244
84.4686648501 0.0379941475
84.4111640572 0.0380120632
84.3537414966 0.0380144001
84.2963970088 0.0379955560
84.2391304348 0.0379518304
84.1819416158 0.0378832955
84.1248303935 0.0377936510
84.0677966102 0.0376898589
84.0108401084 0.0375806937
83.9539607312 0.0374750222
83.8971583221 0.0373801242
83.8404327248 0.0373018449
83.7837837838 0.0372445183
83.7272113437 0.0372114050
83.6707152497 0.0372054294
83.6142953473 0.0372285695
83.5579514825 0.0372820545
83.5016835017 0.0373654536
83.4454912517 0.0374763748
83.3893745797 0.0376100797
83.3333333333 0.0377602817
83.2773673606 0.0379192285
83.2214765101 0.0380783796
83.1656606304 0.0382301989
83.1099195710 0.0383688766
83.0542531815 0.0384916102
82.9986613119 0.0385991571
82.9431438127 0.0386949344
82.8877005348 0.0387840332
82.8323313293 0.0388713304
82.7770360481 0.0389599886
82.7218145430 0.0390502217
82.6666666667 0.0391384727
82.6115922718 0.0392180657
82.5565912117 0.0392798657
82.5016633400 0.0393143513
82.4468085106 0.0393127847
82.3920265781 0.0392686560
82.3373173971 0.0391781818
82.2826808228 0.0390412296
82.2281167109 0.0388601006
82.1736249172 0.0386397679
82.1192052980 0.0383864387
82.0648577101 0.0381070682
82.0105820106 0.0378079163
81.9563780568 0.0374940644
81.9022457067 0.0371691195
81.8481848185 0.0368354104
81.7941952507 0.0364955288
81.7402768622 0.0361524345
81.6864295125 0.0358105736
81.6326530612 0.0354758015
81.5789473684 0.0351543495
81.5253122945 0.0348522860
81.4717477004 0.0345741018
81.4182534471 0.0343221231
81.3648293963 0.0340965527
81.3114754098 0.0338949801
81.2581913499 0.0337134066
81.2049770792 0.0335462896
81.1518324607 0.0333875772
81.0987573578 0.0332313288
81.0457516340 0.0330730237
80.9928151535 0.0329095592
80.9399477807 0.0327404434
80.8871493803 0.0325675976
80.8344198175 0.0323954521
80.7817589577 0.0322304115
80.7291666667 0.0320808591
80.6766428107 0.0319562561
80.6241872562 0.0318660311
80.5717998700 0.0318187599
80.5194805195 0.0318212026
80.4672290720 0.0318769097
80.4150453956 0.0319851943
80.3629293584 0.0321394204
80.3108808290 0.0323271849
80.2588996764 0.0325310210
80.2069857697 0.0327309893
80.1551389787 0.0329089177
80.1033591731 0.0330514591
80.0516462234 0.0331526227
80.0000000000 0.0332137768
79.9484203740 0.0332415322
79.8969072165 0.0332455240
79.8454603992 0.0332357592
79.7940797941 0.0332205809
79.7427652733 0.0332062238
79.6915167095 0.0331959605
79.6403339756 0.0331905648
79.5892169448 0.0331880813
79.5381654907 0.0331859858
79.4871794872 0.0331814696
79.4362588085 0.0331728357
79.3854033291 0.0331600908
79.3346129239 0.0331442292
79.2838874680 0.0331269531
79.2332268371 0.0331090183
79.1826309068 0.0330903338
79.1320995533 0.0330698160
79.0816326531 0.0330459413
79.0312300829 0.0330179751
78.9808917197 0.0329859668
78.9306174411 0.0329516127
78.8804071247 0.0329171702
78.8302606484 0.0328855219
78.7801778907 0.0328588837
78.7301587302 0.0328385943
78.6802030457 0.0328241172
78.6303107166 0.0328130440
78.5804816223 0.0328006967
78.5307156428 0.0327812612
78.4810126582 0.0327489954
78.4313725490 0.0326990992
78.3817951960 0.0326290308
78.3322804801 0.0325390023
78.2828282828 0.0324309018
78.2334384858 0.0323078160
78.1841109710 0.0321729081
78.1348456207 0.0320294426
78.0856423174 0.0318802522
78.0365009440 0.0317285005
77.9874213836 0.0315768890
77.9384035198 0.0314282379
77.8894472362 0.0312846634
77.8405524168 0.0311475945
77.7917189460 0.0310175767
77.7429467085 0.0308948023
77.6942355890 0.0307788836
77.6455854728 0.0306690374
77.5969962453 0.0305641608
77.5484677924 0.0304627580
77.5000000000 0.0303630559
77.4515927545 0.0302633282
77.4032459426 0.0301624404
77.3549594510 0.0300600223
77.3067331671 0.0299563737
77.2585669782 0.0298519519
77.2104607721 0.0297468510
77.1624144368 0.0296401543
77.1144278607 0.0295305881
77.0665009323 0.0294163782
77.0186335404 0.0292957870
76.9708255742 0.0291680208
76.9230769231 0.0290332033
76.8753874768 0.0288925175
76.8277571252 0.0287481278
76.7801857585 0.0286030283
76.7326732673 0.0284608293
76.6852195424 0.0283250038
76.6378244747 0.0281986343
76.5904879555 0.0280838796
76.5432098765 0.0279819687
76.4959901295 0.0278930463
76.4488286067 0.0278168906
76.4017252002 0.0277534788
76.3546798030 0.0277033549
76.3076923077 0.0276685115
76.2607626076 0.0276517044
76.2138905962 0.0276564257
76.1670761671 0.0276859031
76.1203192142 0.0277421172
76.0736196319 0.0278256465
76.0269773145 0.0279350437
75.9803921569 0.0280678576
75.9338640539 0.0282206896
75.8873929009 0.0283893796
75.8409785933 0.0285693087
75.7946210269 0.0287554509
75.7483200977 0.0289415741
75.7020757021 0.0291210526
75.6558877364 0.0292862888
75.6097560976 0.0294298829
75.5636806825 0.0295456587
75.5176613886 0.0296297805
75.4716981132 0.0296812935
75.4257907543 0.0297019600
75.3799392097 0.0296954830
75.3341433779 0.0296663400
75.2884031573 0.0296191571
75.2427184466 0.0295579397
75.1970891449 0.0294855709
75.1515151515 0.0294038924
75.1059963658 0.0293129520
75.0605326877 0.0292115359
75.0151240169 0.0290975275
74.9697702539 0.0289687205
74.9244712991 0.0288235870
74.8792270531 0.0286619298
74.8340374170 0.0284849203
74.7889022919 0.0282953185
74.7438215793 0.0280971091
74.6987951807 0.0278948871
74.6538229982 0.0276943242
74.6089049338 0.0275016653
74.5640408900 0.0273234854
74.5192307692 0.0271662115
74.4744744745 0.0270357206
74.4297719088 0.0269363703
74.3851229754 0.0268703521
74.3405275779 0.0268375885
74.2959856201 0.0268352055
74.2514970060 0.0268579718
74.2070616397 0.0268988662
74.1626794258 0.0269495608
74.1183502690 0.0270020880
74.0740740741 0.0270492995
74.0298507463 0.0270860027
73.9856801909 0.0271086761
73.9415623137 0.0271150716
73.8974970203 0.0271037336
73.8534842168 0.0270728506
73.8095238095 0.0270209939
73.7656157049 0.0269469529
73.7217598098 0.0268503717
73.6779560309 0.0267323655
73.6342042755 0.0265956150
73.5905044510 0.0264439848
73.5468564650 0.0262821537
73.5032602253 0.0261152574
73.4597156398 0.0259475831
73.4162226169 0.0257835383
73.3727810651 0.0256263695
73.3293908930 0.0254792518
73.2860520095 0.0253447570
73.2427643237 0.0252250687
73.1995277450 0.0251218480
73.1563421829 0.0250357482
73.1132075472 0.0249668825
73.0701237478 0.0249142074
73.0270906949 0.0248764111
72.9841082990 0.0248520118
72.9411764706 0.0248393415
72.8982951205 0.0248368889
72.8554641598 0.0248426443
72.8126834997 0.0248540861
72.7699530516 0.0248683569
72.7272727273 0.0248823748
72.6846424385 0.0248936641
72.6420620972 0.0249005816
72.5995316159 0.0249024114
72.5570509070 0.0248995035
72.5146198830 0.0248927058
72.4722384570 0.0248835517
72.4299065421 0.0248740225
72.3876240514 0.0248659512
72.3453908985 0.0248610551
72.3032069971 0.0248604492
72.2610722611 0.0248642774
72.2189866045 0.0248720773
72.1769499418 0.0248831718
72.1349621873 0.0248968320
72.0930232558 0.0249126366
72.0511330622 0.0249312099
72.0092915215 0.0249540882
71.9674985490 0.0249834841
71.9257540603 0.0250223931
71.8840579710 0.0250735144
71.8424101970 0.0251390146
71.8008106543 0.0252196645
71.7592592593 0.0253148212
71.7177559283 0.0254222678
71.6763005780 0.0255383301
71.6348931254 0.0256576750
71.5935334873 0.0257732886
71.5522215811 0.0258766960
71.5109573241 0.0259584797
71.4697406340 0.0260098004
71.4285714286 0.0260241874
71.3874496258 0.0259987125
71.3463751438 0.0259345118
71.3053479011 0.0258362927
71.2643678161 0.0257109327
71.2234348076 0.0255659798
71.1825487945 0.0254088076
71.1417096959 0.0252450980
71.1009174312 0.0250794412
71.0601719198 0.0249155754
71.0194730813 0.0247564686
70.9788208357 0.0246048460
70.9382151030 0.0244630693
70.8976558033 0.0243329596
70.8571428571 0.0242152746
70.8166761850 0.0241097908
70.7762557078 0.0240143385
70.7358813463 0.0239260257
70.6955530217 0.0238414577
70.6552706553 0.0237574893
70.6150341686 0.0236722269
70.5748434832 0.0235845395
70.5346985210 0.0234944436
70.4945992041 0.0234021875
70.4545454545 0.0233080271
70.4145371948 0.0232125105
70.3745743473 0.0231156654
70.3346568349 0.0230179303
70.2947845805 0.0229194132
70.2549575071 0.0228203156
70.2151755379 0.0227206518
70.1754385965 0.0226202505
70.1357466063 0.0225188380
70.0960994912 0.0224164458
70.0564971751 0.0223135362
70.0169395822 0.0222114169
69.9774266366 0.0221120960
69.9379582628 0.0220183108
69.8985343856 0.0219327251
69.8591549296 0.0218575155
69.8198198198 0.0217941761
69.7805289814 0.0217433042
69.7412823397 0.0217043656
69.7020798201 0.0216760349
69.6629213483 0.0216564444
69.6238068501 0.0216435204
69.5847362514 0.0216344265
69.5457094784 0.0216263428
69.5067264574 0.0216162515
69.4677871148 0.0216010560
69.4288913774 0.0215785484
69.3900391718 0.0215472407
69.3512304251 0.0215064418
69.3124650643 0.0214567812
69.2737430168 0.0213995445
69.2350642099 0.0213371002
69.1964285714 0.0212721210
69.1578360290 0.0212078698
69.1192865106 0.0211470652
69.0807799443 0.0210916461
69.0423162584 0.0210426283
69.0038953812 0.0209995667
68.9655172414 0.0209614956
68.9271817676 0.0209264694
68.8888888889 0.0208923471
68.8506385341 0.0208569449
68.8124306326 0.0208184664
68.7742651137 0.0207758521
68.7361419069 0.0207288986
68.6980609418 0.0206782069
68.6600221484 0.0206248482
68.6220254566 0.0205701809
68.5840707965 0.0205153730
68.5461580984 0.0204612700
68.5082872928 0.0204082387
68.4704583103 0.0203564884
68.4326710817 0.0203060232
68.3949255378 0.0202566907
68.3572216097 0.0202083272
68.3195592287 0.0201604208
68.2819383260 0.0201124063
68.2443588332 0.0200639364
68.2068206821 0.0200145980
68.1693238043 0.0199644955
68.1318681319 0.0199139246
68.0944535969 0.0198629965
68.0570801317 0.0198115182
68.0197476687 0.0197585338
67.9824561404 0.0197020983
67.9452054795 0.0196402894
67.9079956188 0.0195708730
67.8708264915 0.0194927798
67.8336980306 0.0194057175
67.7966101695 0.0193108453
67.7595628415 0.0192103310
67.7225559803 0.0191069227
67.6855895197 0.0190040758
67.6486633933 0.0189052856
67.6117775354 0.0188143913
67.5749318801 0.0187349104
67.5381263617 0.0186699260
67.5013609145 0.0186218331
67.4646354733 0.0185916247
67.4279499728 0.0185787897
67.3913043478 0.0185808523
67.3546985334 0.0185935882
67.3181324647 0.0186112170
67.2816060770 0.0186275483
67.2451193059 0.0186365485
67.2086720867 0.0186334845
67.1722643554 0.0186152492
67.1358960476 0.0185800845
67.0995670996 0.0185278680
67.0632774473 0.0184591838
67.0270270270 0.0183756810
66.9908157753 0.0182794001
66.9546436285 0.0181730417
66.9185105235 0.0180594143
66.8824163970 0.0179419851
66.8463611860 0.0178239748
66.8103448276 0.0177087224
66.7743672590 0.0175994789
66.7384284177 0.0174991230
66.7025282410 0.0174101844
66.6666666667 0.0173349162
66.6308436325 0.0172747419
66.5950590763 0.0172304018
66.5593129361 0.0172015137
66.5236051502 0.0171864949
66.4879356568 0.0171824817
66.4523043944 0.0171854937
66.4167113016 0.0171910397
66.3811563169 0.0171944621
66.3456393793 0.0171918698
66.3101604278 0.0171804133
66.2747194014 0.0171588649
66.2393162393 0.0171274743
66.2039508809 0.0170881725
66.1686232657 0.0170434423
66.1333333333 0.0169961153
66.0980810235 0.0169487557
66.0628662760 0.0169035845
66.0276890309 0.0168625629
65.9925492283 0.0168268808
65.9574468085 0.0167976219
65.9223817119 0.0167754100
65.8873538789 0.0167603388
65.8523632501 0.0167523413
65.8174097665 0.0167509361
65.7824933687 0.0167554983
65.7476139979 0.0167653446
65.7127715951 0.0167797885
65.6779661017 0.0167976940
65.6431974590 0.0168181454
65.6084656085 0.0168398411
65.5737704918 0.0168616955
65.5391120507 0.0168831121
65.5044902272 0.0169039543
65.4699049630 0.0169243809
65.4353562005 0.0169449856
65.4008438819 0.0169658083
65.3663679494 0.0169864670
65.3319283456 0.0170058249
65.2975250132 0.0170219507
65.2631578947 0.0170330015
65.2288269332 0.0170373625
65.1945320715 0.0170342168
65.1602732528 0.0170234498
65.1260504202 0.0170054941
65.0918635171 0.0169815864
65.0577124869 0.0169525556
65.0235972732 0.0169195209
64.9895178197 0.0168827966
64.9554740702 0.0168425504
64.9214659686 0.0167981545
64.8874934589 0.0167488130
64.8535564854 0.0166934436
64.8196549922 0.0166315360
64.7857889237 0.0165626760
64.7519582245 0.0164875878
64.7181628392 0.0164079772
64.6844027126 0.0163264009
64.6506777894 0.0162458945
64.6169880146 0.0161698715
64.5833333333 0.0161015716
64.5497136908 0.0160435088
64.5161290323 0.0159974151
64.4825793032 0.0159633900
64.4490644491 0.0159404576
64.4155844156 0.0159264088
64.3821391485 0.0159182304
64.3487285937 0.0159124780
64.3153526971 0.0159060242
64.2820114049 0.0158962827
64.2487046632 0.0158818889
64.2154324184 0.0158628355
64.1821946170 0.0158401203
64.1489912054 0.0158159098
64.1158221303 0.0157926094
64.0826873385 0.0157724176
64.0495867769 0.0157569707
64.0165203924 0.0157469015
63.9834881321 0.0157419106
63.9504899433 0.0157410364
63.9175257732 0.0157427443
63.8845955693 0.0157453020
63.8516992791 0.0157472865
63.8188368502 0.0157475880
63.7860082305 0.0157455854
63.7532133676 0.0157412562
63.7204522097 0.0157348923
63.6877247047 0.0157266487
63.6550308008 0.0157164953
63.6223704464 0.0157043661
63.5897435897 0.0156901488
63.5571501794 0.0156733499
63.5245901639 0.0156538706
63.4920634921 0.0156317755
63.4595701126 0.0156076572
63.4271099744 0.0155823848
63.3946830266 0.0155574736
63.3622892182 0.0155343067
63.3299284985 0.0155142148
63.2976008167 0.0154976980
63.2653061224 0.0154844561
63.2330443651 0.0154732561
63.2008154944 0.0154626019
63.1686194600 0.0154513645
63.1364562118 0.0154385876
63.1043256997 0.0154245405
63.0722278739 0.0154103526
63.0401626843 0.0153983513
63.0081300813 0.0153915637
62.9761300152 0.0153935887
62.9441624365 0.0154086134
62.9122272958 0.0154410312
62.8803245436 0.0154951774
62.8484541308 0.0155750652
62.8166160081 0.0156839544
62.7848101266 0.0158238536
62.7530364372 0.0159947919
62.7212948912 0.0161944755
62.6895854398 0.0164181452
62.6579080344 0.0166589003
62.6262626263 0.0169084648
62.5946491671 0.0171577522
62.5630676085 0.0173979881
62.5315179022 0.0176212212
62.5000000000 0.0178210276
62.4685138539 0.0179928713
62.4370594159 0.0181342931
62.4056366381 0.0182456154
62.3742454728 0.0183288927
62.3428858723 0.0183880328
62.3115577889 0.0184280904
62.2802611753 0.0184540088
62.2489959839 0.0184708299
62.2177621676 0.0184826456
62.1865596790 0.0184925571
62.1553884712 0.0185025109
62.1242484970 0.0185130144
62.0931397096 0.0185235111
62.0620620621 0.0185328522
62.0310155078 0.0185398371
62.0000000000 0.0185434168
