0.0100000000 96.0678926182
0.0200000000 85.9309730776
0.0300000000 73.0785327672
0.0400000000 60.4250553119
0.0500000000 49.4217896559
0.0600000000 40.4238915568
0.0700000000 33.2653676513
0.0800000000 27.6207312513
0.0900000000 23.1650704800
0.1000000000 19.6259237063
0.1100000000 16.7900933213
0.1200000000 14.4955350392
0.1300000000 12.6203452930
0.1400000000 11.0728803490
0.1500000000 9.7839401727
0.1600000000 8.7008993517
0.1700000000 7.7833973883
0.1800000000 7.0001994017
0.1900000000 6.3269102908
0.2000000000 5.7443041497
0.2100000000 5.2370957758
0.2200000000 4.7930305615
0.2300000000 4.4022047711
0.2400000000 4.0565536441
0.2500000000 3.7494626515
0.2600000000 3.4754697545
0.2700000000 3.2300356836
0.2800000000 3.0093651333
0.2900000000 2.8102667308
0.3000000000 2.6300423111
0.3100000000 2.4663991695
0.3200000000 2.3173795928
0.3300000000 2.1813043318
0.3400000000 2.0567267527
0.3500000000 1.9423954043
0.3600000000 1.8372235784
0.3700000000 1.7402639837
0.3800000000 1.6506880432
0.3900000000 1.5677685535
0.4000000000 1.4908652272
0.4100000000 1.4194125465
0.4200000000 1.3529096587
0.4300000000 1.2909116503
0.4400000000 1.2330223344
0.4500000000 1.1788879280
0.4600000000 1.1281917826
0.4700000000 1.0806498244
0.4800000000 1.0360066280
0.4900000000 0.9940320006
0.5000000000 0.9545181163
0.5100000000 0.9172768976
0.5200000000 0.8821378530
0.5300000000 0.8489461426
0.5400000000 0.8175609036
0.5500000000 0.7878536910
0.5600000000 0.7597073246
0.5700000000 0.7330145907
0.5800000000 0.7076773545
0.5900000000 0.6836055365
0.6000000000 0.6607164782
0.6100000000 0.6389340901
0.6200000000 0.6181883371
0.6300000000 0.5984145736
0.6400000000 0.5795531535
0.6500000000 0.5615489208
0.6600000000 0.5443507725
0.6700000000 0.5279114117
0.6800000000 0.5121869406
0.6900000000 0.4971365265
0.7000000000 0.4827222894
0.7100000000 0.4689089377
0.7200000000 0.4556635583
0.7300000000 0.4429554982
0.7400000000 0.4307561235
0.7500000000 0.4190386701
0.7600000000 0.4077781469
0.7700000000 0.3969511224
0.7800000000 0.3865356698
0.7900000000 0.3765112153
0.8000000000 0.3668584276
0.8100000000 0.3575592231
0.8200000000 0.3485965594
0.8300000000 0.3399543833
0.8400000000 0.3316176323
0.8500000000 0.3235721100
0.8600000000 0.3158044165
0.8700000000 0.3083018980
0.8800000000 0.3010526833
0.8900000000 0.2940454545
0.9000000000 0.2872696158
0.9100000000 0.2807150912
0.9200000000 0.2743723458
0.9300000000 0.2682323859
0.9400000000 0.2622866379
0.9500000000 0.2565270285
0.9600000000 0.2509458757
0.9700000000 0.2455358805
0.9800000000 0.2402901329
0.9900000000 0.2352020489
1.0000000000 0.2302653737
1.0100000000 0.2254741996
1.0200000000 0.2208228340
1.0300000000 0.2163059128
1.0400000000 0.2119182997
1.0500000000 0.2076551330
1.0600000000 0.2035117235
1.0700000000 0.1994836629
1.0800000000 0.1955667033
1.0900000000 0.1917567864
1.1000000000 0.1880500656
1.1100000000 0.1844428536
1.1200000000 0.1809316253
1.1300000000 0.1775129982
1.1400000000 0.1741837513
1.1500000000 0.1709408034
1.1600000000 0.1677812015
1.1700000000 0.1647021243
1.1800000000 0.1617008424
1.1900000000 0.1587747719
1.2000000000 0.1559214292
1.2100000000 0.1531384199
1.2200000000 0.1504234606
1.2300000000 0.1477743304
1.2400000000 0.1451889464
1.2500000000 0.1426652800
1.2600000000 0.1402013812
1.2700000000 0.1377953778
1.2800000000 0.1354454649
1.2900000000 0.1331499405
1.3000000000 0.1309071079
1.3100000000 0.1287153975
1.3200000000 0.1265732493
1.3300000000 0.1244792004
1.3400000000 0.1224318223
1.3500000000 0.1204297198
1.3600000000 0.1184715866
1.3700000000 0.1165561538
1.3800000000 0.1146821624
1.3900000000 0.1128484607
1.4000000000 0.1110538934
1.4100000000 0.1092973348
1.4200000000 0.1075777568
1.4300000000 0.1058941129
1.4400000000 0.1042454092
1.4500000000 0.1026306865
1.4600000000 0.1010490222
1.4700000000 0.0994995318
1.4800000000 0.0979813200
1.4900000000 0.0964935987
1.5000000000 0.0950355209
1.5100000000 0.0936063152
1.5200000000 0.0922052359
1.5300000000 0.0908315503
1.5400000000 0.0894845517
1.5500000000 0.0881635320
1.5600000000 0.0868678600
1.5700000000 0.0855968717
1.5800000000 0.0843499650
1.5900000000 0.0831265225
1.6000000000 0.0819259587
1.6100000000 0.0807477214
1.6200000000 0.0795912598
1.6300000000 0.0784560401
1.6400000000 0.0773415316
1.6500000000 0.0762472559
1.6600000000 0.0751727205
1.6700000000 0.0741174532
1.6800000000 0.0730810023
1.6900000000 0.0720629365
1.7000000000 0.0710627986
1.7100000000 0.0700801837
1.7200000000 0.0691146782
1.7300000000 0.0681659211
1.7400000000 0.0672334954
1.7500000000 0.0663170389
1.7600000000 0.0654161954
1.7700000000 0.0645306015
1.7800000000 0.0636599331
1.7900000000 0.0628038583
1.8000000000 0.0619620534
1.8100000000 0.0611341872
1.8200000000 0.0603199702
1.8300000000 0.0595191050
1.8400000000 0.0587312875
1.8500000000 0.0579562719
1.8600000000 0.0571937414
1.8700000000 0.0564434694
1.8800000000 0.0557051759
1.8900000000 0.0549786063
1.9000000000 0.0542635171
1.9100000000 0.0535596910
1.9200000000 0.0528668586
1.9300000000 0.0521848240
1.9400000000 0.0515133554
1.9500000000 0.0508522319
1.9600000000 0.0502012449
1.9700000000 0.0495601959
1.9800000000 0.0489288836
1.9900000000 0.0483071015
2.0000000000 0.0476946869
2.0100000000 0.0470914270
2.0200000000 0.0464971510
2.0300000000 0.0459116856
2.0400000000 0.0453348687
2.0500000000 0.0447665211
2.0600000000 0.0442064745
2.0700000000 0.0436545735
2.0800000000 0.0431106749
2.0900000000 0.0425746025
2.1000000000 0.0420462387
2.1100000000 0.0415254165
2.1200000000 0.0410119978
2.1300000000 0.0405058417
2.1400000000 0.0400068202
2.1500000000 0.0395148181
2.1600000000 0.0390296725
2.1700000000 0.0385512786
2.1800000000 0.0380795002
2.1900000000 0.0376142431
2.2000000000 0.0371553518
2.2100000000 0.0367027437
2.2200000000 0.0362563045
2.2300000000 0.0358159029
2.2400000000 0.0353814509
2.2500000000 0.0349528289
2.2600000000 0.0345299602
2.2700000000 0.0341127077
2.2800000000 0.0337010061
2.2900000000 0.0332947447
2.3000000000 0.0328938261
2.3100000000 0.0324981810
2.3200000000 0.0321076796
2.3300000000 0.0317222795
2.3400000000 0.0313418631
2.3500000000 0.0309663410
2.3600000000 0.0305956670
2.3700000000 0.0302297348
2.3800000000 0.0298684661
2.3900000000 0.0295117815
2.4000000000 0.0291596159
2.4100000000 0.0288118876
2.4200000000 0.0284685286
2.4300000000 0.0281294707
2.4400000000 0.0277946291
2.4500000000 0.0274639623
2.4600000000 0.0271373843
2.4700000000 0.0268148227
2.4800000000 0.0264962186
2.4900000000 0.0261815268
2.5000000000 0.0258706722
2.5100000000 0.0255635937
2.5200000000 0.0252602292
2.5300000000 0.0249605303
2.5400000000 0.0246644333
2.5500000000 0.0243718886
2.5600000000 0.0240828311
2.5700000000 0.0237972097
2.5800000000 0.0235149866
2.5900000000 0.0232360949
2.6000000000 0.0229604819
2.6100000000 0.0226881215
2.6200000000 0.0224189318
2.6300000000 0.0221528858
2.6400000000 0.0218899283
2.6500000000 0.0216300311
2.6600000000 0.0213731241
2.6700000000 0.0211191784
2.6800000000 0.0208681504
2.6900000000 0.0206199827
2.7000000000 0.0203746582
2.7100000000 0.0201321187
2.7200000000 0.0198923192
2.7300000000 0.0196552414
2.7400000000 0.0194208257
2.7500000000 0.0191890529
2.7600000000 0.0189598630
2.7700000000 0.0187332362
2.7800000000 0.0185091384
2.7900000000 0.0182875223
2.8000000000 0.0180683666
2.8100000000 0.0178516231
2.8200000000 0.0176372570
2.8300000000 0.0174252592
2.8400000000 0.0172155675
2.8500000000 0.0170081726
2.8600000000 0.0168030249
2.8700000000 0.0166001013
2.8800000000 0.0163993909
2.8900000000 0.0162008311
2.9000000000 0.0160044103
2.9100000000 0.0158101045
2.9200000000 0.0156178759
2.9300000000 0.0154276996
2.9400000000 0.0152395507
2.9500000000 0.0150534039
2.9600000000 0.0148692335
2.9700000000 0.0146870011
2.9800000000 0.0145066937
2.9900000000 0.0143282850
3.0000000000 0.0141517364
3.0100000000 0.0139770465
3.0200000000 0.0138041889
3.0300000000 0.0136331116
3.0400000000 0.0134638255
3.0500000000 0.0132962910
3.0600000000 0.0131304934
3.0700000000 0.0129664056
3.0800000000 0.0128040125
3.0900000000 0.0126432742
3.1000000000 0.0124841879
3.1100000000 0.0123267381
3.1200000000 0.0121708848
3.1300000000 0.0120166244
3.1400000000 0.0118639290
3.1500000000 0.0117127828
3.1600000000 0.0115631576
3.1700000000 0.0114150613
3.1800000000 0.0112684418
3.1900000000 0.0111233066
3.2000000000 0.0109796272
3.2100000000 0.0108373874
3.2200000000 0.0106965822
3.2300000000 0.0105571830
3.2400000000 0.0104191849
3.2500000000 0.0102825592
3.2600000000 0.0101473240
3.2700000000 0.0100134505
3.2800000000 0.0098809329
3.2900000000 0.0097497654
3.3000000000 0.0096199421
3.3100000000 0.0094914681
3.3200000000 0.0093643485
3.3300000000 0.0092385535
3.3400000000 0.0091141106
3.3500000000 0.0089909673
3.3600000000 0.0088691167
3.3700000000 0.0087485181
3.3800000000 0.0086291201
3.3900000000 0.0085108937
3.4000000000 0.0083937885
3.4100000000 0.0082777650
3.4200000000 0.0081628067
3.4300000000 0.0080489077
3.4400000000 0.0079360621
3.4500000000 0.0078242855
3.4600000000 0.0077135826
3.4700000000 0.0076039897
3.4800000000 0.0074955211
3.4900000000 0.0073882226
3.5000000000 0.0072820965
3.5100000000 0.0071771870
3.5200000000 0.0070734953
3.5300000000 0.0069710013
3.5400000000 0.0068696643
3.5500000000 0.0067694334
3.5600000000 0.0066702173
3.5700000000 0.0065719261
3.5800000000 0.0064744818
3.5900000000 0.0063778380
3.6000000000 0.0062819798
3.6100000000 0.0061869023
3.6200000000 0.0060926411
3.6300000000 0.0059992306
3.6400000000 0.0059067146
3.6500000000 0.0058151555
3.6600000000 0.0057245848
3.6700000000 0.0056350330
3.6800000000 0.0055465300
3.6900000000 0.0054590755
3.7000000000 0.0053726883
3.7100000000 0.0052873578
3.7200000000 0.0052030830
3.7300000000 0.0051198716
3.7400000000 0.0050376843
3.7500000000 0.0049564816
3.7600000000 0.0048762067
3.7700000000 0.0047967478
3.7800000000 0.0047180236
3.7900000000 0.0046399365
3.8000000000 0.0045624365
3.8100000000 0.0044854661
3.8200000000 0.0044090231
3.8300000000 0.0043331144
3.8400000000 0.0042577468
3.8500000000 0.0041829533
3.8600000000 0.0041087925
3.8700000000 0.0040352863
3.8800000000 0.0039624735
3.8900000000 0.0038903829
3.9000000000 0.0038190254
3.9100000000 0.0037483945
3.9200000000 0.0036784670
3.9300000000 0.0036092372
3.9400000000 0.0035406829
3.9500000000 0.0034727991
3.9600000000 0.0034055809
3.9700000000 0.0033390562
3.9800000000 0.0032732357
3.9900000000 0.0032081377
4.0000000000 0.0031437878
4.0100000000 0.0030802026
4.0200000000 0.0030174057
4.0300000000 0.0029553964
4.0400000000 0.0028941736
4.0500000000 0.0028337131
4.0600000000 0.0027739762
4.0700000000 0.0027149026
4.0800000000 0.0026564349
4.0900000000 0.0025985251
4.1000000000 0.0025411421
4.1100000000 0.0024842780
4.1200000000 0.0024279397
4.1300000000 0.0023721485
4.1400000000 0.0023169385
4.1500000000 0.0022623432
4.1600000000 0.0022083800
4.1700000000 0.0021550800
4.1800000000 0.0021024520
4.1900000000 0.0020504845
4.2000000000 0.0019991734
4.2100000000 0.0019484888
4.2200000000 0.0018984222
4.2300000000 0.0018489730
4.2400000000 0.0018001480
4.2500000000 0.0017520104
4.2600000000 0.0017046217
4.2700000000 0.0016580642
4.2800000000 0.0016124463
4.2900000000 0.0015678764
4.3000000000 0.0015244364
4.3100000000 0.0014822077
4.3200000000 0.0014412050
4.3300000000 0.0014014055
4.3400000000 0.0013627043
4.3500000000 0.0013249337
4.3600000000 0.0012879091
4.3700000000 0.0012514370
4.3800000000 0.0012153829
4.3900000000 0.0011796879
4.4000000000 0.0011443992
4.4100000000 0.0011096440
4.4200000000 0.0010756102
4.4300000000 0.0010424781
4.4400000000 0.0010103881
4.4500000000 0.0009793990
4.4600000000 0.0009494356
4.4700000000 0.0009202986
4.4800000000 0.0008916963
4.4900000000 0.0008632791
4.5000000000 0.0008347475
4.5100000000 0.0008058946
4.5200000000 0.0007766450
4.5300000000 0.0007470458
4.5400000000 0.0007172303
4.5500000000 0.0006873924
4.5600000000 0.0006577483
4.5700000000 0.0006285226
4.5800000000 0.0005999213
4.5900000000 0.0005721529
4.6000000000 0.0005453976
4.6100000000 0.0005198247
4.6200000000 0.0004955892
4.6300000000 0.0004728024
4.6400000000 0.0004515108
4.6500000000 0.0004316836
4.6600000000 0.0004131736
4.6700000000 0.0003957283
4.6800000000 0.0003789919
4.6900000000 0.0003625762
4.7000000000 0.0003461345
4.7100000000 0.0003294107
4.7200000000 0.0003122908
4.7300000000 0.0002947955
4.7400000000 0.0002770352
4.7500000000 0.0002591712
4.7600000000 0.0002413714
4.7700000000 0.0002237967
4.7800000000 0.0002065748
4.7900000000 0.0001898198
4.8000000000 0.0001736259
4.8100000000 0.0001580795
4.8200000000 0.0001432687
4.8300000000 0.0001292751
4.8400000000 0.0001161798
4.8500000000 0.0001040669
4.8600000000 0.0000930163
4.8700000000 0.0000831081
4.8800000000 0.0000744125
4.8900000000 0.0000669892
4.9000000000 0.0000608781
4.9100000000 0.0000560847
4.9200000000 0.0000525713
4.9300000000 0.0000502354
4.9400000000 0.0000488992
4.9500000000 0.0000483142
4.9600000000 0.0000481818
4.9700000000 0.0000481960
4.9800000000 0.0000481008
4.9900000000 0.0000477465
5.0000000000 0.0000471026
5.0100000000 0.0000462453
5.0200000000 0.0000453114
5.0300000000 0.0000444515
5.0400000000 0.0000438061
5.0500000000 0.0000434996
5.0600000000 0.0000436567
5.0700000000 0.0000444212
5.0800000000 0.0000459583
5.0900000000 0.0000484470
5.1000000000 0.0000520554
5.1100000000 0.0000569149
5.1200000000 0.0000631080
5.1300000000 0.0000706604
5.1400000000 0.0000795237
5.1500000000 0.0000895925
5.1600000000 0.0001006980
5.1700000000 0.0001126290
5.1800000000 0.0001251564
5.1900000000 0.0001380791
5.2000000000 0.0001512704
5.2100000000 0.0001647227
5.2200000000 0.0001785474
5.2300000000 0.0001929483
5.2400000000 0.0002081586
5.2500000000 0.0002243530
5.2600000000 0.0002415954
5.2700000000 0.0002598058
5.2800000000 0.0002787647
5.2900000000 0.0002981533
5.3000000000 0.0003176125
5.3100000000 0.0003368258
5.3200000000 0.0003556140
5.3300000000 0.0003739920
5.3400000000 0.0003921812
5.3500000000 0.0004105400
5.3600000000 0.0004294281
5.3700000000 0.0004490912
5.3800000000 0.0004695190
5.3900000000 0.0004904491
5.4000000000 0.0005113865
5.4100000000 0.0005317353
5.4200000000 0.0005509852
5.4300000000 0.0005688855
5.4400000000 0.0005856289
5.4500000000 0.0006018605
5.4600000000 0.0006185994
5.4700000000 0.0006370406
5.4800000000 0.0006582816
5.4900000000 0.0006832138
5.5000000000 0.0007124096
5.5100000000 0.0007461373
5.5200000000 0.0007844517
5.5300000000 0.0008272608
5.5400000000 0.0008743667
5.5500000000 0.0009255564
5.5600000000 0.0009806030
5.5700000000 0.0010392781
5.5800000000 0.0011013439
5.5900000000 0.0011665676
5.6000000000 0.0012346632
5.6100000000 0.0013052798
5.6200000000 0.0013779642
5.6300000000 0.0014521402
5.6400000000 0.0015270415
5.6500000000 0.0016017367
5.6600000000 0.0016751011
5.6700000000 0.0017458662
5.6800000000 0.0018126887
5.6900000000 0.0018742146
5.7000000000 0.0019292722
5.7100000000 0.0019769561
5.7200000000 0.0020168571
5.7300000000 0.0020491379
5.7400000000 0.0020747177
5.7500000000 0.0020951165
5.7600000000 0.0021122888
5.7700000000 0.0021282628
5.7800000000 0.0021448373
5.7900000000 0.0021634270
5.8000000000 0.0021851775
5.8100000000 0.0022111635
5.8200000000 0.0022425379
5.8300000000 0.0022805217
5.8400000000 0.0023262249
5.8500000000 0.0023803677
5.8600000000 0.0024431709
5.8700000000 0.0025143041
5.8800000000 0.0025929441
5.8900000000 0.0026778877
5.9000000000 0.0027676612
5.9100000000 0.0028606075
5.9200000000 0.0029550344
5.9300000000 0.0030493713
5.9400000000 0.0031423354
5.9500000000 0.0032332114
5.9600000000 0.0033219655
5.9700000000 0.0034094090
5.9800000000 0.0034970693
5.9900000000 0.0035870794
6.0000000000 0.0036817978
6.0100000000 0.0037833638
6.0200000000 0.0038932506
6.0300000000 0.0040121008
6.0400000000 0.0041395755
6.0500000000 0.0042745790
6.0600000000 0.0044154607
6.0700000000 0.0045603031
6.0800000000 0.0047073201
6.0900000000 0.0048552019
6.1000000000 0.0050033235
6.1100000000 0.0051519175
6.1200000000 0.0053018594
6.1300000000 0.0054541912
6.1400000000 0.0056095483
6.1500000000 0.0057676021
6.1600000000 0.0059268679
6.1700000000 0.0060847644
6.1800000000 0.0062380847
6.1900000000 0.0063837539
6.2000000000 0.0065197977
6.2100000000 0.0066462473
6.2200000000 0.0067657800
6.2300000000 0.0068836267
6.2400000000 0.0070067970
6.2500000000 0.0071428385
6.2600000000 0.0072985101
6.2700000000 0.0074788744
6.2800000000 0.0076869801
6.2900000000 0.0079240706
6.3000000000 0.0081899785
6.3100000000 0.0084836113
6.3200000000 0.0088034130
6.3300000000 0.0091475982
6.3400000000 0.0095142310
6.3500000000 0.0099013923
6.3600000000 0.0103071027
6.3700000000 0.0107294041
6.3800000000 0.0111662357
6.3900000000 0.0116155359
6.4000000000 0.0120749909
6.4100000000 0.0125419380
6.4200000000 0.0130131522
6.4300000000 0.0134843861
6.4400000000 0.0139504653
6.4500000000 0.0144051256
6.4600000000 0.0148415133
6.4700000000 0.0152523489
6.4800000000 0.0156306730
6.4900000000 0.0159702994
6.5000000000 0.0162666011
6.5100000000 0.0165175303
6.5200000000 0.0167241549
6.5300000000 0.0168911935
6.5400000000 0.0170263853
6.5500000000 0.0171391856
6.5600000000 0.0172387681
6.5700000000 0.0173320185
6.5800000000 0.0174218121
6.5900000000 0.0175064767
6.6000000000 0.0175799216
6.6100000000 0.0176329290
6.6200000000 0.0176553643
6.6300000000 0.0176387729
6.6400000000 0.0175795046
6.6500000000 0.0174810282
6.6600000000 0.0173548767
6.6700000000 0.0172195227
6.6800000000 0.0170963915
6.6900000000 0.0170049170
6.7000000000 0.0169579377
6.7100000000 0.0169590202
6.7200000000 0.0170029833
6.7300000000 0.0170785007
6.7400000000 0.0171725434
6.7500000000 0.0172747521
6.7600000000 0.0173811307
6.7700000000 0.0174956735
6.7800000000 0.0176290685
6.7900000000 0.0177951310
6.8000000000 0.0180055939
6.8100000000 0.0182656102
6.8200000000 0.0185716900
6.8300000000 0.0189122416
6.8400000000 0.0192709813
6.8500000000 0.0196312516
6.8600000000 0.0199801235
6.8700000000 0.0203106123
6.8800000000 0.0206209392
6.8900000000 0.0209113398
6.9000000000 0.0211790873
6.9100000000 0.0214149281
6.9200000000 0.0216016800
6.9300000000 0.0217166361
6.9400000000 0.0217369613
6.9500000000 0.0216464267
6.9600000000 0.0214411748
6.9700000000 0.0211325927
6.9800000000 0.0207455927
6.9900000000 0.0203131621
7.0000000000 0.0198688259
7.0100000000 0.0194407670
7.0200000000 0.0190486513
7.0300000000 0.0187041394
7.0400000000 0.0184140053
7.0500000000 0.0181842607
7.0600000000 0.0180231740
7.0700000000 0.0179423224
7.0800000000 0.0179550115
7.0900000000 0.0180736295
7.1000000000 0.0183065572
7.1100000000 0.0186562379
7.1200000000 0.0191182885
7.1300000000 0.0196821043
7.1400000000 0.0203319446
7.1500000000 0.0210486175
7.1600000000 0.0218109863
7.1700000000 0.0225968122
7.1800000000 0.0233831471
7.1900000000 0.0241457526
7.2000000000 0.0248578135
7.2100000000 0.0254896136
7.2200000000 0.0260097533
7.2300000000 0.0263885788
7.2400000000 0.0266032756
7.2500000000 0.0266428417
7.2600000000 0.0265119512
7.2700000000 0.0262323127
7.2800000000 0.0258417340
7.2900000000 0.0253905663
7.3000000000 0.0249349983
7.3100000000 0.0245286741
7.3200000000 0.0242143969
7.3300000000 0.0240175888
7.3400000000 0.0239436602
7.3500000000 0.0239795199
7.3600000000 0.0240988751
7.3700000000 0.0242701171
7.3800000000 0.0244642508
7.3900000000 0.0246613303
7.4000000000 0.0248531037
7.4100000000 0.0250410983
7.4200000000 0.0252314959
7.4300000000 0.0254293081
7.4400000000 0.0256344085
7.4500000000 0.0258404586
7.4600000000 0.0260369532
7.4700000000 0.0262120171
7.4800000000 0.0263554195
7.4900000000 0.0264602632
7.5000000000 0.0265243907
7.5100000000 0.0265513117
7.5200000000 0.0265501703
7.5300000000 0.0265344070
7.5400000000 0.0265182613
7.5500000000 0.0265122753
7.5600000000 0.0265193710
7.5700000000 0.0265329468
7.5800000000 0.0265387206
7.5900000000 0.0265194034
7.6000000000 0.0264610649
7.6100000000 0.0263588447
7.6200000000 0.0262189885
7.6300000000 0.0260567633
7.6400000000 0.0258913565
7.6500000000 0.0257401390
7.6600000000 0.0256153846
7.6700000000 0.0255244979
7.6800000000 0.0254732253
7.6900000000 0.0254692176
7.7000000000 0.0255235438
7.7100000000 0.0256494356
7.7200000000 0.0258591699
7.7300000000 0.0261619225
7.7400000000 0.0265634197
7.7500000000 0.0270673595
7.7600000000 0.0276763554
7.7700000000 0.0283914536
7.7800000000 0.0292096349
7.7900000000 0.0301211290
7.8000000000 0.0311079792
7.8100000000 0.0321449552
7.8200000000 0.0332022576
7.8300000000 0.0342498831
7.8400000000 0.0352621523
7.8500000000 0.0362208714
7.8600000000 0.0371160171
7.8700000000 0.0379446169
7.8800000000 0.0387076267
7.8900000000 0.0394082832
7.9000000000 0.0400515680
7.9100000000 0.0406445572
7.9200000000 0.0411964484
7.9300000000 0.0417176330
7.9400000000 0.0422185612
7.9500000000 0.0427089076
7.9600000000 0.0431967454
7.9700000000 0.0436871372
7.9800000000 0.0441796140
7.9900000000 0.0446661805
8.0000000000 0.0451310820
8.0100000000 0.0455533497
8.0200000000 0.0459109049
8.0300000000 0.0461854485
8.0400000000 0.0463662282
8.0500000000 0.0464529143
8.0600000000 0.0464571077
8.0700000000 0.0464022210
8.0800000000 0.0463189941
8.0900000000 0.0462384613
8.1000000000 0.0461839446
8.1100000000 0.0461656987
8.1200000000 0.0461803148
8.1300000000 0.0462127997
8.1400000000 0.0462401970
8.1500000000 0.0462327224
8.1600000000 0.0461542797
8.1700000000 0.0459641032
8.1800000000 0.0456217865
8.1900000000 0.0450955931
8.2000000000 0.0443705276
8.2100000000 0.0434537336
8.2200000000 0.0423751705
8.2300000000 0.0411856676
8.2400000000 0.0399524240
8.2500000000 0.0387530717
8.2600000000 0.0376682478
8.2700000000 0.0367717709
8.2800000000 0.0361211953
8.2900000000 0.0357517297
8.3000000000 0.0356733798
8.3100000000 0.0358741072
8.3200000000 0.0363245989
8.3300000000 0.0369848037
8.3400000000 0.0378093683
8.3500000000 0.0387516816
8.3600000000 0.0397666053
8.3700000000 0.0408137110
8.3800000000 0.0418612790
8.3900000000 0.0428911577
8.4000000000 0.0439012060
8.4100000000 0.0449050223
8.4200000000 0.0459276602
8.4300000000 0.0469983257
8.4400000000 0.0481426786
8.4500000000 0.0493752509
8.4600000000 0.0506936728
8.4700000000 0.0520764960
8.4800000000 0.0534849346
8.4900000000 0.0548696954
8.5000000000 0.0561808150
8.5100000000 0.0573788601
8.5200000000 0.0584432825
8.5300000000 0.0593762396
8.5400000000 0.0602001044
8.5500000000 0.0609519084
8.5600000000 0.0616749323
8.5700000000 0.0624083623
8.5800000000 0.0631783535
8.5900000000 0.0639908490
8.6000000000 0.0648314162
8.6100000000 0.0656714386
8.6200000000 0.0664794968
8.6300000000 0.0672330180
8.6400000000 0.0679262747
8.6500000000 0.0685735809
8.6600000000 0.0692082487
8.6700000000 0.0698780269
8.6800000000 0.0706372670
8.6900000000 0.0715368181
8.7000000000 0.0726138242
8.7100000000 0.0738830341
8.7200000000 0.0753316025
8.7300000000 0.0769188971
8.7400000000 0.0785816699
8.7500000000 0.0802443257
8.7600000000 0.0818325022
8.7700000000 0.0832838255
8.7800000000 0.0845541237
8.7900000000 0.0856146247
8.8000000000 0.0864441869
8.8100000000 0.0870196690
8.8200000000 0.0873101683
8.8300000000 0.0872799183
8.8400000000 0.0868997583
8.8500000000 0.0861630481
8.8600000000 0.0850992653
8.8700000000 0.0837790705
8.8800000000 0.0823049188
8.8900000000 0.0807920674
8.9000000000 0.0793438459
8.9100000000 0.0780328969
8.9200000000 0.0768930619
8.9300000000 0.0759243793
8.9400000000 0.0751057705
8.9500000000 0.0744120910
8.9600000000 0.0738322224
8.9700000000 0.0733847226
8.9800000000 0.0731269118
8.9900000000 0.0731524571
9.0000000000 0.0735761750
9.0100000000 0.0745105587
9.0200000000 0.0760412047
9.0300000000 0.0782078556
9.0400000000 0.0809937410
9.0500000000 0.0843226770
9.0600000000 0.0880619707
9.0700000000 0.0920301060
9.0800000000 0.0960103900
9.0900000000 0.0997712438
9.1000000000 0.1030906530
9.1100000000 0.1057839348
9.1200000000 0.1077302227
9.1300000000 0.1088943362
9.1400000000 0.1093386182
9.1500000000 0.1092214404
9.1600000000 0.1087742886
9.1700000000 0.1082600782
9.1800000000 0.1079235276
9.1900000000 0.1079486406
9.2000000000 0.1084381805
9.2100000000 0.1094169266
9.2200000000 0.1108533331
9.2300000000 0.1126869210
9.2400000000 0.1148487233
9.2500000000 0.1172682551
9.2600000000 0.1198693770
9.2700000000 0.1225620028
9.2800000000 0.1252389992
9.2900000000 0.1277807441
9.3000000000 0.1300687843
9.3100000000 0.1319997055
9.3200000000 0.1334975808
9.3300000000 0.1345234264
9.3400000000 0.1350849015
9.3500000000 0.1352433550
9.3600000000 0.1351135772
9.3700000000 0.1348503467
9.3800000000 0.1346216262
9.3900000000 0.1345781012
9.4000000000 0.1348320238
9.4100000000 0.1354534659
9.4200000000 0.1364841646
9.4300000000 0.1379571008
9.4400000000 0.1399104231
9.4500000000 0.1423918182
9.4600000000 0.1454538225
9.4700000000 0.1491469655
9.4800000000 0.1535105336
9.4900000000 0.1585607341
9.5000000000 0.1642774136
9.5100000000 0.1705976060
9.5200000000 0.1774222890
9.5300000000 0.1846353160
9.5400000000 0.1921213347
9.5500000000 0.1997674904
9.5600000000 0.2074432532
9.5700000000 0.2149693273
9.5800000000 0.2220971281
9.5900000000 0.2285220296
9.6000000000 0.2339293861
9.6100000000 0.2380613266
9.6200000000 0.2407731983
9.6300000000 0.2420600510
9.6400000000 0.2420508285
9.6500000000 0.2409739162
9.6600000000 0.2391115107
9.6700000000 0.2367452451
9.6800000000 0.2341030477
9.6900000000 0.2313164346
9.7000000000 0.2284006025
9.7100000000 0.2252711897
9.7200000000 0.2217919752
9.7300000000 0.2178382301
9.7400000000 0.2133475914
9.7500000000 0.2083438195
9.7600000000 0.2029270912
9.7700000000 0.1972492891
9.7800000000 0.1914875250
9.7900000000 0.1858292659
9.8000000000 0.1804648208
9.8100000000 0.1755810257
9.8200000000 0.1713501620
9.8300000000 0.1679123020
9.8400000000 0.1653549585
9.8500000000 0.1636945925
9.8600000000 0.1628648341
9.8700000000 0.1627184809
9.8800000000 0.1630445381
9.8900000000 0.1635999481
9.9000000000 0.1641503938
9.9100000000 0.1645101889
9.9200000000 0.1645725066
9.9300000000 0.1643222150
9.9400000000 0.1638292995
9.9500000000 0.1632251442
9.9600000000 0.1626669149
9.9700000000 0.1622960082
9.9800000000 0.1621982859
9.9900000000 0.1623778440
10.0000000000 0.1627529845
10.0100000000 0.1631782168
10.0200000000 0.1634799737
10.0300000000 0.1634919167
10.0400000000 0.1630746080
10.0500000000 0.1621178696
10.0600000000 0.1605388211
10.0700000000 0.1582837111
10.0800000000 0.1553430174
10.0900000000 0.1517700716
10.1000000000 0.1476870127
10.1100000000 0.1432718766
10.1200000000 0.1387235926
10.1300000000 0.1342248269
10.1400000000 0.1299153052
10.1500000000 0.1258879129
10.1600000000 0.1222058767
10.1700000000 0.1189291436
10.1800000000 0.1161365037
10.1900000000 0.1139321546
10.2000000000 0.1124331168
10.2100000000 0.1117417971
10.2200000000 0.1119143685
10.2300000000 0.1129346632
10.2400000000 0.1147020355
10.2500000000 0.1170365368
10.2600000000 0.1196999843
10.2700000000 0.1224295481
10.2800000000 0.1249796124
10.2900000000 0.1271618121
10.3000000000 0.1288745619
10.3100000000 0.1301091680
10.3200000000 0.1309322252
10.3300000000 0.1314502814
10.3400000000 0.1317756109
10.3500000000 0.1320045263
10.3600000000 0.1322143985
10.3700000000 0.1324702742
10.3800000000 0.1328275005
10.3900000000 0.1333222750
10.4000000000 0.1339539952
10.4100000000 0.1346748391
10.4200000000 0.1353944839
10.4300000000 0.1360025486
10.4400000000 0.1363960704
10.4500000000 0.1365014400
10.4600000000 0.1362860282
10.4700000000 0.1357587770
10.4800000000 0.1349632396
10.4900000000 0.1339622920
10.5000000000 0.1328183522
10.5100000000 0.1315753293
10.5200000000 0.1302517036
10.5300000000 0.1288483891
10.5400000000 0.1273670361
10.5500000000 0.1258290261
10.5600000000 0.1242836520
10.5700000000 0.1228028750
10.5800000000 0.1214675992
10.5900000000 0.1203535080
10.6000000000 0.1195226315
10.6100000000 0.1190192863
10.6200000000 0.1188648098
10.6300000000 0.1190466539
10.6400000000 0.1195065579
10.6500000000 0.1201316531
10.6600000000 0.1207590199
10.6700000000 0.1211952504
10.6800000000 0.1212507128
10.6900000000 0.1207821142
10.7000000000 0.1197308648
10.7100000000 0.1181427138
10.7200000000 0.1161613015
10.7300000000 0.1139956101
10.7400000000 0.1118732340
10.7500000000 0.1099941639
10.7600000000 0.1084989372
10.7700000000 0.1074560401
10.7800000000 0.1068672749
10.7900000000 0.1066812437
10.8000000000 0.1068050901
10.8100000000 0.1071096365
10.8200000000 0.1074342461
10.8300000000 0.1075976423
10.8400000000 0.1074234704
10.8500000000 0.1067739399
10.8600000000 0.1055800684
10.8700000000 0.1038562047
10.8800000000 0.1016958838
10.8900000000 0.0992549618
10.9000000000 0.0967296378
10.9100000000 0.0943356252
10.9200000000 0.0922866753
10.9300000000 0.0907734923
10.9400000000 0.0899443714
10.9500000000 0.0898898730
10.9600000000 0.0906362526
10.9700000000 0.0921484272
10.9800000000 0.0943412569
10.9900000000 0.0970954893
11.0000000000 0.1002728534
11.0100000000 0.1037242322
11.0200000000 0.1072911046
11.0300000000 0.1108023735
11.0400000000 0.1140714994
11.0500000000 0.1169029818
11.0600000000 0.1191102786
11.0700000000 0.1205458255
11.0800000000 0.1211307331
11.0900000000 0.1208739463
11.1000000000 0.1198676361
11.1100000000 0.1182631956
11.1200000000 0.1162357295
11.1300000000 0.1139517736
11.1400000000 0.1115497834
11.1500000000 0.1091373442
11.1600000000 0.1068047345
11.1700000000 0.1046453086
11.1800000000 0.1027691135
11.1900000000 0.1013019038
11.2000000000 0.1003663773
11.2100000000 0.1000563229
11.2200000000 0.1004120901
11.2300000000 0.1014094781
11.2400000000 0.1029622027
11.2500000000 0.1049355779
11.2600000000 0.1071658187
11.2700000000 0.1094773820
11.2800000000 0.1116972222
11.2900000000 0.1136688774
11.3000000000 0.1152671036
11.3100000000 0.1164156308
11.3200000000 0.1170989503
11.3300000000 0.1173645298
11.3400000000 0.1173090599
11.3500000000 0.1170521515
11.3600000000 0.1167064297
11.3700000000 0.1163548501
11.3800000000 0.1160404926
11.3900000000 0.1157704940
11.4000000000 0.1155282464
11.4100000000 0.1152863804
11.4200000000 0.1150162743
11.4300000000 0.1146907247
11.4400000000 0.1142851912
11.4500000000 0.1137783932
11.4600000000 0.1131548084
11.4700000000 0.1124040208
11.4800000000 0.1115172183
11.4900000000 0.1104791750
11.5000000000 0.1092650014
11.5100000000 0.1078439958
11.5200000000 0.1061892202
11.5300000000 0.1042896553
11.5400000000 0.1021566013
11.5500000000 0.0998263778
11.5600000000 0.0973547480
11.5700000000 0.0948089762
11.5800000000 0.0922563598
11.5900000000 0.0897540142
11.6000000000 0.0873408521
11.6100000000 0.0850340892
11.6200000000 0.0828328219
11.6300000000 0.0807274815
11.6400000000 0.0787121639
11.6500000000 0.0767963166
11.6600000000 0.0750103338
11.6700000000 0.0734040408
11.6800000000 0.0720371417
11.6900000000 0.0709655374
11.7000000000 0.0702259848
11.7100000000 0.0698262019
11.7200000000 0.0697434313
11.7300000000 0.0699325672
11.7400000000 0.0703416895
11.7500000000 0.0709284231
11.7600000000 0.0716693347
11.7700000000 0.0725590311
11.7800000000 0.0736008220
11.7900000000 0.0747943297
11.8000000000 0.0761259559
11.8100000000 0.0775646823
11.8200000000 0.0790622046
11.8300000000 0.0805577495
11.8400000000 0.0819887384
11.8500000000 0.0833077749
11.8600000000 0.0845005920
11.8700000000 0.0855985438
11.8800000000 0.0866771684
11.8900000000 0.0878355918
11.9000000000 0.0891621583
11.9100000000 0.0906991891
11.9200000000 0.0924178854
11.9300000000 0.0942168973
11.9400000000 0.0959443148
11.9500000000 0.0974375274
11.9600000000 0.0985651090
11.9700000000 0.0992574229
11.9800000000 0.0995145513
11.9900000000 0.0993934465
12.0000000000 0.0989823973
12.0100000000 0.0983748481
12.0200000000 0.0976507184
12.0300000000 0.0968656155
12.0400000000 0.0960502173
12.0500000000 0.0952156666
12.0600000000 0.0943654036
12.0700000000 0.0935086080
12.0800000000 0.0926687919
12.0900000000 0.0918860199
12.1000000000 0.0912111940
12.1100000000 0.0906985696
12.1200000000 0.0903969083
12.1300000000 0.0903414954
12.1400000000 0.0905468416
12.1500000000 0.0910036280
12.1600000000 0.0916795229
12.1700000000 0.0925235819
12.1800000000 0.0934683514
12.1900000000 0.0944275843
12.2000000000 0.0952937010
12.2100000000 0.0959426375
12.2200000000 0.0962501403
12.2300000000 0.0961174835
12.2400000000 0.0954947742
12.2500000000 0.0943923941
12.2600000000 0.0928744138
12.2700000000 0.0910372545
12.2800000000 0.0889826410
12.2900000000 0.0867975765
12.3000000000 0.0845450140
12.3100000000 0.0822692585
12.3200000000 0.0800075526
12.3300000000 0.0777992800
12.3400000000 0.0756880890
12.3500000000 0.0737143140
12.3600000000 0.0719044343
12.3700000000 0.0702619904
12.3800000000 0.0687665545
12.3900000000 0.0673793390
12.4000000000 0.0660556265
12.4100000000 0.0647589412
12.4200000000 0.0634724291
12.4300000000 0.0622036078
12.4400000000 0.0609798333
12.4500000000 0.0598366454
12.4600000000 0.0588045826
12.4700000000 0.0578985930
12.4800000000 0.0571149727
12.4900000000 0.0564366459
12.5000000000 0.0558415953
12.5100000000 0.0553160060
12.5200000000 0.0548636544
12.5300000000 0.0545119507
12.5400000000 0.0543119460
12.5500000000 0.0543296586
12.5600000000 0.0546339005
12.5700000000 0.0552804793
12.5800000000 0.0562995148
12.5900000000 0.0576883871
12.6000000000 0.0594089768
12.6100000000 0.0613885348
12.6200000000 0.0635214930
12.6300000000 0.0656730358
12.6400000000 0.0676871370
12.6500000000 0.0694019410
12.6600000000 0.0706726560
12.6700000000 0.0713986994
12.6800000000 0.0715450112
12.6900000000 0.0711514733
12.7000000000 0.0703261148
12.7100000000 0.0692238323
12.7200000000 0.0680194487
12.7300000000 0.0668809704
12.7400000000 0.0659480330
12.7500000000 0.0653171946
12.7600000000 0.0650312299
12.7700000000 0.0650744648
12.7800000000 0.0653728887
12.7900000000 0.0658051327
12.8000000000 0.0662223917
12.8100000000 0.0664767838
12.8200000000 0.0664508221
12.8300000000 0.0660798010
12.8400000000 0.0653595259
12.8500000000 0.0643369327
12.8600000000 0.0630925358
12.8700000000 0.0617202889
12.8800000000 0.0603142973
12.8900000000 0.0589622276
12.9000000000 0.0577424476
12.9100000000 0.0567185484
12.9200000000 0.0559339042
12.9300000000 0.0554048324
12.9400000000 0.0551202203
12.9500000000 0.0550465789
12.9600000000 0.0551398194
12.9700000000 0.0553571602
12.9800000000 0.0556647079
12.9900000000 0.0560375654
13.0000000000 0.0564536796
13.0100000000 0.0568854157
13.0200000000 0.0572951807
13.0300000000 0.0576368569
13.0400000000 0.0578653759
13.0500000000 0.0579487716
13.0600000000 0.0578775810
13.0700000000 0.0576675162
13.0800000000 0.0573530197
13.0900000000 0.0569760134
13.1000000000 0.0565732894
13.1100000000 0.0561699697
13.1200000000 0.0557794595
13.1300000000 0.0554094559
13.1400000000 0.0550710624
13.1500000000 0.0547833361
13.1600000000 0.0545739901
13.1700000000 0.0544746568
13.1800000000 0.0545150643
13.1900000000 0.0547185523
13.2000000000 0.0550995984
13.2100000000 0.0556638659
13.2200000000 0.0564077081
13.2300000000 0.0573196499
13.2400000000 0.0583812203
13.2500000000 0.0595698316
13.2600000000 0.0608621258
13.2700000000 0.0622370998
13.2800000000 0.0636774192
13.2900000000 0.0651708071
13.3000000000 0.0667074846
13.3100000000 0.0682770716
13.3200000000 0.0698639780
13.3300000000 0.0714472786
13.3400000000 0.0730042336
13.3500000000 0.0745174425
13.3600000000 0.0759803302
13.3700000000 0.0774002189
13.3800000000 0.0787950235
13.3900000000 0.0801881992
13.4000000000 0.0815984843
13.4100000000 0.0830322796
13.4200000000 0.0844757015
13.4300000000 0.0858922574
13.4400000000 0.0872278912
13.4500000000 0.0884219070
13.4600000000 0.0894218620
13.4700000000 0.0901967496
13.4800000000 0.0907427157
13.4900000000 0.0910819823
13.5000000000 0.0912559644
13.5100000000 0.0913164131
13.5200000000 0.0913188199
13.5300000000 0.0913177695
13.5400000000 0.0913626111
13.5500000000 0.0914918224
13.5600000000 0.0917269047
13.5700000000 0.0920667725
13.5800000000 0.0924904769
13.5900000000 0.0929672049
13.6000000000 0.0934700715
13.6100000000 0.0939898402
13.6200000000 0.0945418961
13.6300000000 0.0951629174
13.6400000000 0.0959014466
13.6500000000 0.0968050394
13.6600000000 0.0979065376
13.6700000000 0.0992156535
13.6800000000 0.1007171723
13.6900000000 0.1023774990
13.7000000000 0.1041562179
13.7100000000 0.1060177960
13.7200000000 0.1079355303
13.7300000000 0.1098864963
13.7400000000 0.1118396753
13.7500000000 0.1137447233
13.7600000000 0.1155290314
13.7700000000 0.1171045506
13.7800000000 0.1183806210
13.7900000000 0.1192773735
13.8000000000 0.1197350614
13.8100000000 0.1197165613
13.8200000000 0.1192090115
13.8300000000 0.1182220523
13.8400000000 0.1167857357
13.8500000000 0.1149478252
13.8600000000 0.1127690553
13.8700000000 0.1103178740
13.8800000000 0.1076670754
13.8900000000 0.1048898862
13.9000000000 0.1020580608
13.9100000000 0.0992402163
13.9200000000 0.0965004726
13.9300000000 0.0938974569
13.9400000000 0.0914823636
13.9500000000 0.0892967182
13.9600000000 0.0873687617
13.9700000000 0.0857118447
13.9800000000 0.0843248507
13.9900000000 0.0831941684
14.0000000000 0.0822978261
14.0100000000 0.0816106841
14.0200000000 0.0811103686
14.0300000000 0.0807818044
14.0400000000 0.0806189799
14.0500000000 0.0806233631
14.0600000000 0.0807992916
14.0700000000 0.0811469432
14.0800000000 0.0816558960
14.0900000000 0.0822992003
14.1000000000 0.0830311176
14.1100000000 0.0837888091
14.1200000000 0.0844992057
14.1300000000 0.0850918567
14.1400000000 0.0855129909
14.1500000000 0.0857371543
14.1600000000 0.0857737418
14.1700000000 0.0856617875
14.1800000000 0.0854553887
14.1900000000 0.0852046078
14.2000000000 0.0849385080
14.2100000000 0.0846554990
14.2200000000 0.0843264043
14.2300000000 0.0839054726
14.2400000000 0.0833466662
14.2500000000 0.0826176327
14.2600000000 0.0817101600
14.2700000000 0.0806434745
14.2800000000 0.0794619340
14.2900000000 0.0782300771
14.3000000000 0.0770231618
14.3100000000 0.0759180109
14.3200000000 0.0749819122
14.3300000000 0.0742640566
14.3400000000 0.0737888941
14.3500000000 0.0735556739
14.3600000000 0.0735422079
14.3700000000 0.0737166351
14.3800000000 0.0740482183
14.3900000000 0.0745165688
14.4000000000 0.0751118365
14.4100000000 0.0758290134
14.4200000000 0.0766581596
14.4300000000 0.0775785144
14.4400000000 0.0785581203
14.4500000000 0.0795565259
14.4600000000 0.0805331352
14.4700000000 0.0814532854
14.4800000000 0.0822950613
14.4900000000 0.0830509355
14.5000000000 0.0837245417
14.5100000000 0.0843205372
14.5200000000 0.0848329075
14.5300000000 0.0852356365
14.5400000000 0.0854826411
14.5500000000 0.0855171260
14.5600000000 0.0852880513
14.5700000000 0.0847679139
14.5800000000 0.0839657427
14.5900000000 0.0829277098
14.6000000000 0.0817285374
14.6100000000 0.0804547760
14.6200000000 0.0791867050
14.6300000000 0.0779845390
14.6400000000 0.0768820379
14.6500000000 0.0758876077
14.6600000000 0.0749914878
14.6700000000 0.0741753079
14.6800000000 0.0734190387
14.6900000000 0.0727061138
14.7000000000 0.0720248318
14.7100000000 0.0713702606
14.7200000000 0.0707444922
14.7300000000 0.0701560401
14.7400000000 0.0696184824
14.7500000000 0.0691470754
14.7600000000 0.0687553741
14.7700000000 0.0684521031
14.7800000000 0.0682395970
14.7900000000 0.0681133027
14.8000000000 0.0680622100
14.8100000000 0.0680713891
14.8200000000 0.0681248409
14.8300000000 0.0682083479
14.8400000000 0.0683117472
14.8500000000 0.0684299565
14.8600000000 0.0685625398
14.8700000000 0.0687123018
14.8800000000 0.0688834232
14.8900000000 0.0690808773
14.9000000000 0.0693096952
14.9100000000 0.0695772126
14.9200000000 0.0698937222
14.9300000000 0.0702726650
14.9400000000 0.0707281721
14.9500000000 0.0712718350
14.9600000000 0.0719071118
14.9700000000 0.0726236713
14.9800000000 0.0733939483
14.9900000000 0.0741712768
15.0000000000 0.0748929814
15.0100000000 0.0754890432
15.0200000000 0.0758942131
15.0300000000 0.0760612863
15.0400000000 0.0759701151
15.0500000000 0.0756308412
15.0600000000 0.0750787731
15.0700000000 0.0743648318
15.0800000000 0.0735459058
15.0900000000 0.0726773406
15.1000000000 0.0718072227
15.1100000000 0.0709737705
15.1200000000 0.0702031802
15.1300000000 0.0695099252
15.1400000000 0.0688990564
15.1500000000 0.0683694458
15.1600000000 0.0679193611
15.1700000000 0.0675495645
15.1800000000 0.0672639417
15.1900000000 0.0670683916
15.2000000000 0.0669672998
15.2100000000 0.0669618748
15.2200000000 0.0670502640
15.2300000000 0.0672314375
15.2400000000 0.0675098895
15.2500000000 0.0678983009
15.2600000000 0.0684158812
15.2700000000 0.0690808737
15.2800000000 0.0699021384
15.2900000000 0.0708715593
15.3000000000 0.0719613447
15.3100000000 0.0731286063
15.3200000000 0.0743221376
15.3300000000 0.0754904568
15.3400000000 0.0765878785
15.3500000000 0.0775767439
15.3600000000 0.0784281190
15.3700000000 0.0791192365
15.3800000000 0.0796311197
15.3900000000 0.0799458386
15.4000000000 0.0800455696
15.4100000000 0.0799135681
15.4200000000 0.0795384046
15.4300000000 0.0789190282
15.4400000000 0.0780698412
15.4500000000 0.0770225127
15.4600000000 0.0758249022
15.4700000000 0.0745357891
15.4800000000 0.0732197202
15.4900000000 0.0719399209
15.5000000000 0.0707528156
15.5100000000 0.0697046531
15.5200000000 0.0688289860
15.5300000000 0.0681450482
15.5400000000 0.0676578069
15.5500000000 0.0673588748
15.5600000000 0.0672273168
15.5700000000 0.0672322776
15.5800000000 0.0673372508
15.5900000000 0.0675070805
15.6000000000 0.0677143799
15.6100000000 0.0679452054
15.6200000000 0.0681970322
15.6300000000 0.0684738956
15.6400000000 0.0687769906
15.6500000000 0.0690966677
15.6600000000 0.0694108320
15.6700000000 0.0696877675
15.6800000000 0.0698933175
15.6900000000 0.0699972436
15.7000000000 0.0699776804
15.7100000000 0.0698245208
15.7200000000 0.0695387933
15.7300000000 0.0691333681
15.7400000000 0.0686312059
15.7500000000 0.0680624911
15.7600000000 0.0674615758
15.7700000000 0.0668637975
15.7800000000 0.0663040231
15.7900000000 0.0658153092
15.8000000000 0.0654301147
15.8100000000 0.0651785926
15.8200000000 0.0650872371
15.8300000000 0.0651734226
15.8400000000 0.0654407172
15.8500000000 0.0658740782
15.8600000000 0.0664387474
15.8700000000 0.0670835157
15.8800000000 0.0677484562
15.8900000000 0.0683735709
15.9000000000 0.0689076432
15.9100000000 0.0693140221
15.9200000000 0.0695737288
15.9300000000 0.0696831764
15.9400000000 0.0696521694
15.9500000000 0.0694997314
15.9600000000 0.0692507647
15.9700000000 0.0689323276
15.9800000000 0.0685697468
15.9900000000 0.0681825938
16.0000000000 0.0677820251
16.0100000000 0.0673712721
16.0200000000 0.0669476169
16.0300000000 0.0665064022
16.0400000000 0.0660428228
16.0500000000 0.0655526446
16.0600000000 0.0650321122
16.0700000000 0.0644777336
16.0800000000 0.0638878339
16.0900000000 0.0632642139
16.1000000000 0.0626153858
16.1100000000 0.0619564051
16.1200000000 0.0613088720
16.1300000000 0.0606979273
16.1400000000 0.0601487673
16.1500000000 0.0596830087
16.1600000000 0.0593181907
16.1700000000 0.0590660791
16.1800000000 0.0589324477
16.1900000000 0.0589152703
16.2000000000 0.0590040790
16.2100000000 0.0591796328
16.2200000000 0.0594165762
16.2300000000 0.0596874981
16.2400000000 0.0599676898
16.2500000000 0.0602385561
16.2600000000 0.0604875281
16.2700000000 0.0607057632
16.2800000000 0.0608840777
16.2900000000 0.0610110778
16.3000000000 0.0610742392
16.3100000000 0.0610637628
16.3200000000 0.0609771440
16.3300000000 0.0608206887
16.3400000000 0.0606082856
16.3500000000 0.0603584912
16.3600000000 0.0600902426
16.3700000000 0.0598212419
16.3800000000 0.0595671039
16.3900000000 0.0593413985
16.4000000000 0.0591572730
16.4100000000 0.0590270095
16.4200000000 0.0589610741
16.4300000000 0.0589658609
16.4400000000 0.0590405277
16.4500000000 0.0591757459
16.4600000000 0.0593547010
16.4700000000 0.0595547467
16.4800000000 0.0597506031
16.4900000000 0.0599157011
16.5000000000 0.0600244960
16.5100000000 0.0600539350
16.5200000000 0.0599857242
16.5300000000 0.0598072598
16.5400000000 0.0595134333
16.5500000000 0.0591073054
16.5600000000 0.0586001743
16.5700000000 0.0580116772
16.5800000000 0.0573676201
16.5900000000 0.0566987420
16.6000000000 0.0560385163
16.6100000000 0.0554219953
16.6200000000 0.0548845785
16.6300000000 0.0544605307
16.6400000000 0.0541799608
16.6500000000 0.0540648079
16.6600000000 0.0541244685
16.6700000000 0.0543519262
16.6800000000 0.0547226581
16.6900000000 0.0551965202
16.7000000000 0.0557232337
16.7100000000 0.0562500451
16.7200000000 0.0567292357
16.7300000000 0.0571239696
16.7400000000 0.0574104826
16.7500000000 0.0575783237
16.7600000000 0.0576256899
16.7700000000 0.0575566296
16.7800000000 0.0573773646
16.7900000000 0.0570940479
16.8000000000 0.0567142284
16.8100000000 0.0562481546
16.8200000000 0.0557114927
16.8300000000 0.0551256093
16.8400000000 0.0545161218
16.8500000000 0.0539100636
16.8600000000 0.0533322204
16.8700000000 0.0528017411
16.8800000000 0.0523311756
16.8900000000 0.0519273610
16.9000000000 0.0515940464
16.9100000000 0.0513346227
16.9200000000 0.0511531729
16.9300000000 0.0510534655
16.9400000000 0.0510370291
16.9500000000 0.0510999635
16.9600000000 0.0512330587
16.9700000000 0.0514205819
16.9800000000 0.0516436532
16.9900000000 0.0518817505
17.0000000000 0.0521138806
17.0100000000 0.0523186647
17.0200000000 0.0524730672
17.0300000000 0.0525525229
17.0400000000 0.0525320151
17.0500000000 0.0523916655
17.0600000000 0.0521206718
17.0700000000 0.0517202824
17.0800000000 0.0512041008
17.0900000000 0.0505946742
17.1000000000 0.0499203101
17.1100000000 0.0492103375
17.1200000000 0.0484936326
17.1300000000 0.0477973022
17.1400000000 0.0471454959
17.1500000000 0.0465586956
17.1600000000 0.0460527885
17.1700000000 0.0456373730
17.1800000000 0.0453148649
17.1900000000 0.0450810809
17.2000000000 0.0449253757
17.2100000000 0.0448337751
17.2200000000 0.0447917777
17.2300000000 0.0447875655
17.2400000000 0.0448137737
17.2500000000 0.0448674642
17.2600000000 0.0449472710
17.2700000000 0.0450519629
17.2800000000 0.0451770564
17.2900000000 0.0453148978
17.3000000000 0.0454542340
17.3100000000 0.0455800846
17.3200000000 0.0456751496
17.3300000000 0.0457209731
17.3400000000 0.0457007807
17.3500000000 0.0456038326
17.3600000000 0.0454283953
17.3700000000 0.0451832150
17.3800000000 0.0448844472
17.3900000000 0.0445524187
17.4000000000 0.0442053309
17.4100000000 0.0438570297
17.4200000000 0.0435156276
17.4300000000 0.0431852501
17.4400000000 0.0428691405
17.4500000000 0.0425713493
17.4600000000 0.0422979580
17.4700000000 0.0420565767
17.4800000000 0.0418542743
17.4900000000 0.0416970151
17.5000000000 0.0415880780
17.5100000000 0.0415270168
17.5200000000 0.0415096286
17.5300000000 0.0415281860
17.5400000000 0.0415718383
17.5500000000 0.0416274819
17.5600000000 0.0416806312
17.5700000000 0.0417153182
17.5800000000 0.0417154997
17.5900000000 0.0416673994
17.6000000000 0.0415624692
17.6100000000 0.0414004036
17.6200000000 0.0411900145
17.6300000000 0.0409479720
17.6400000000 0.0406952457
17.6500000000 0.0404531342
17.6600000000 0.0402391853
17.6700000000 0.0400646951
17.6800000000 0.0399336804
17.6900000000 0.0398444251
17.7000000000 0.0397912841
17.7100000000 0.0397676591
17.7200000000 0.0397681832
17.7300000000 0.0397895586
17.7400000000 0.0398312877
17.7500000000 0.0398940843
17.7600000000 0.0399784735
17.7700000000 0.0400835686
17.7800000000 0.0402056480
17.7900000000 0.0403381763
17.8000000000 0.0404723339
17.8100000000 0.0405968755
17.8200000000 0.0406995562
17.8300000000 0.0407678422
17.8400000000 0.0407907848
17.8500000000 0.0407605487
17.8600000000 0.0406735440
17.8700000000 0.0405298544
17.8800000000 0.0403334450
17.8900000000 0.0400912135
17.9000000000 0.0398124716
17.9100000000 0.0395088807
17.9200000000 0.0391941446
17.9300000000 0.0388825787
17.9400000000 0.0385883764
17.9500000000 0.0383235667
17.9600000000 0.0380964344
17.9700000000 0.0379103952
17.9800000000 0.0377634890
17.9900000000 0.0376489665
18.0000000000 0.0375560624
18.0100000000 0.0374714214
18.0200000000 0.0373807949
18.0300000000 0.0372696596
18.0400000000 0.0371255892
18.0500000000 0.0369393267
18.0600000000 0.0367059740
18.0700000000 0.0364261356
18.0800000000 0.0361051576
18.0900000000 0.0357533519
18.1000000000 0.0353831969
18.1100000000 0.0350091613
18.1200000000 0.0346450821
18.1300000000 0.0343040030
18.1400000000 0.0339975370
18.1500000000 0.0337352666
18.1600000000 0.0335256047
18.1700000000 0.0333744755
18.1800000000 0.0332857743
18.1900000000 0.0332598643
18.2000000000 0.0332931313
18.2100000000 0.0333775011
18.2200000000 0.0335014874
18.2300000000 0.0336511925
18.2400000000 0.0338119672
18.2500000000 0.0339701329
18.2600000000 0.0341150304
18.2700000000 0.0342390998
18.2800000000 0.0343396062
18.2900000000 0.0344167671
18.3000000000 0.0344742320
18.3100000000 0.0345174461
18.3200000000 0.0345532431
18.3300000000 0.0345885368
18.3400000000 0.0346297444
18.3500000000 0.0346817217
18.3600000000 0.0347468351
18.3700000000 0.0348244990
18.3800000000 0.0349122135
18.3900000000 0.0350062587
18.4000000000 0.0351032378
18.4100000000 0.0352018157
18.4200000000 0.0353027881
18.4300000000 0.0354096347
18.4400000000 0.0355269659
18.4500000000 0.0356584560
18.4600000000 0.0358045991
18.4700000000 0.0359607370
18.4800000000 0.0361176350
18.4900000000 0.0362622761
18.5000000000 0.0363805151
18.5100000000 0.0364591807
18.5200000000 0.0364884312
18.5300000000 0.0364627717
18.5400000000 0.0363815616
18.5500000000 0.0362476744
18.5600000000 0.0360665451
18.5700000000 0.0358445119
18.5800000000 0.0355886641
18.5900000000 0.0353065306
18.6000000000 0.0350060256
18.6100000000 0.0346964915
18.6200000000 0.0343874826
18.6300000000 0.0340890100
18.6400000000 0.0338101984
18.6500000000 0.0335582790
18.6600000000 0.0333379368
18.6700000000 0.0331504598
18.6800000000 0.0329943677
18.6900000000 0.0328653428
18.7000000000 0.0327577992
18.7100000000 0.0326656676
18.7200000000 0.0325838357
18.7300000000 0.0325076506
18.7400000000 0.0324330333
18.7500000000 0.0323548940
18.7600000000 0.0322672728
18.7700000000 0.0321637948
18.7800000000 0.0320389214
18.7900000000 0.0318894870
18.8000000000 0.0317159200
18.8100000000 0.0315218611
18.8200000000 0.0313130837
18.8300000000 0.0310967660
18.8400000000 0.0308795638
18.8500000000 0.0306677241
18.8600000000 0.0304663389
18.8700000000 0.0302795813
18.8800000000 0.0301107892
18.8900000000 0.0299631735
18.9000000000 0.0298405745
18.9100000000 0.0297470985
18.9200000000 0.0296872522
18.9300000000 0.0296644845
18.9400000000 0.0296799508
18.9500000000 0.0297306550
18.9600000000 0.0298084560
18.9700000000 0.0299010168
18.9800000000 0.0299933039
18.9900000000 0.0300701643
19.0000000000 0.0301192609
19.0100000000 0.0301333468
19.0200000000 0.0301105522
19.0300000000 0.0300545720
19.0400000000 0.0299733598
19.0500000000 0.0298779222
19.0600000000 0.0297798791
19.0700000000 0.0296896449
19.0800000000 0.0296145622
19.0900000000 0.0295576555
19.1000000000 0.0295170307
19.1100000000 0.0294869802
19.1200000000 0.0294600303
19.1300000000 0.0294283103
19.1400000000 0.0293857522
19.1500000000 0.0293281116
19.1600000000 0.0292536030
19.1700000000 0.0291624762
19.1800000000 0.0290572913
19.1900000000 0.0289426649
19.2000000000 0.0288251536
19.2100000000 0.0287125834
19.2200000000 0.0286130996
19.2300000000 0.0285338873
19.2400000000 0.0284804479
19.2500000000 0.0284548294
19.2600000000 0.0284560190
19.2700000000 0.0284800122
19.2800000000 0.0285205082
19.2900000000 0.0285704159
19.3000000000 0.0286224051
19.3100000000 0.0286699324
19.3200000000 0.0287076548
19.3300000000 0.0287319247
19.3400000000 0.0287411479
19.3500000000 0.0287356180
19.3600000000 0.0287165401
19.3700000000 0.0286851695
19.3800000000 0.0286422851
19.3900000000 0.0285879936
19.4000000000 0.0285225365
19.4100000000 0.0284470701
19.4200000000 0.0283637770
19.4300000000 0.0282758945
19.4400000000 0.0281874431
19.4500000000 0.0281020555
19.4600000000 0.0280232288
19.4700000000 0.0279532979
19.4800000000 0.0278942942
19.4900000000 0.0278468921
19.5000000000 0.0278112705
19.5100000000 0.0277869717
19.5200000000 0.0277722349
19.5300000000 0.0277652130
19.5400000000 0.0277643892
19.5500000000 0.0277686337
19.5600000000 0.0277780164
19.5700000000 0.0277932841
19.5800000000 0.0278145642
19.5900000000 0.0278410857
19.6000000000 0.0278698098
19.6100000000 0.0278958653
19.6200000000 0.0279129148
19.6300000000 0.0279141164
19.6400000000 0.0278932148
19.6500000000 0.0278461264
19.6600000000 0.0277714518
19.6700000000 0.0276712367
19.6800000000 0.0275502354
19.6900000000 0.0274147321
19.7000000000 0.0272717545
19.7100000000 0.0271268866
19.7200000000 0.0269841087
19.7300000000 0.0268450647
19.7400000000 0.0267096344
19.7500000000 0.0265770834
19.7600000000 0.0264467280
19.7700000000 0.0263188163
19.7800000000 0.0261955922
19.7900000000 0.0260802269
19.8000000000 0.0259769522
19.8100000000 0.0258895690
19.8200000000 0.0258200447
19.8300000000 0.0257675821
19.8400000000 0.0257271530
19.8500000000 0.0256906023
19.8600000000 0.0256477011
19.8700000000 0.0255883000
19.8800000000 0.0255048896
19.8900000000 0.0253942466
19.9000000000 0.0252586502
19.9100000000 0.0251047468
19.9200000000 0.0249423037
19.9300000000 0.0247827184
19.9400000000 0.0246365023
19.9500000000 0.0245128381
19.9600000000 0.0244187995
19.9700000000 0.0243597304
19.9800000000 0.0243396811
19.9900000000 0.0243621015
20.0000000000 0.0244289686
