0.0100000000 73.9241878926
0.0200000000 41.4736177231
0.0300000000 23.9465302380
0.0400000000 15.0415565265
0.0500000000 10.1733887426
0.0600000000 7.2876012009
0.0700000000 5.4561858188
0.0800000000 4.2283046505
0.0900000000 3.3678797079
0.1000000000 2.7428779684
0.1100000000 2.2752194415
0.1200000000 1.9165055247
0.1300000000 1.6355153619
0.1400000000 1.4114111460
0.1500000000 1.2298707537
0.1600000000 1.0807960455
0.1700000000 0.9569061852
0.1800000000 0.8528471002
0.1900000000 0.7646119944
0.2000000000 0.6891550017
0.2100000000 0.6241278867
0.2200000000 0.5676970977
0.2300000000 0.5184143267
0.2400000000 0.4751234472
0.2500000000 0.4368926412
0.2600000000 0.4029642117
0.2700000000 0.3727169672
0.2800000000 0.3456378155
0.2900000000 0.3212999326
0.3000000000 0.2993459790
0.3100000000 0.2794749438
0.3200000000 0.2614318247
0.3300000000 0.2449994692
0.3400000000 0.2299920148
0.3500000000 0.2162496350
0.3600000000 0.2036342954
0.3700000000 0.1920262675
0.3800000000 0.1813213183
0.3900000000 0.1714283420
0.4000000000 0.1622674442
0.4100000000 0.1537683168
0.4200000000 0.1458688841
0.4300000000 0.1385141944
0.4400000000 0.1316554462
0.4500000000 0.1252491774
0.4600000000 0.1192565923
0.4700000000 0.1136429688
0.4800000000 0.1083771468
0.4900000000 0.1034311085
0.5000000000 0.0987796128
0.5100000000 0.0943998504
0.5200000000 0.0902711826
0.5300000000 0.0863748949
0.5400000000 0.0826939983
0.5500000000 0.0792130134
0.5600000000 0.0759178359
0.5700000000 0.0727955877
0.5800000000 0.0698344834
0.5900000000 0.0670237370
0.6000000000 0.0643534430
0.6100000000 0.0618145019
0.6200000000 0.0593985478
0.6300000000 0.0570978544
0.6400000000 0.0549053194
0.6500000000 0.0528143592
0.6600000000 0.0508188993
0.6700000000 0.0489133081
0.6800000000 0.0470923697
0.6900000000 0.0453512371
0.7000000000 0.0436854099
0.7100000000 0.0420906984
0.7200000000 0.0405632070
0.7300000000 0.0390993095
0.7400000000 0.0376956090
0.7500000000 0.0363489410
0.7600000000 0.0350563508
0.7700000000 0.0338150687
0.7800000000 0.0326225055
0.7900000000 0.0314762312
0.8000000000 0.0303739735
0.8100000000 0.0293135952
0.8200000000 0.0282930814
0.8300000000 0.0273105501
0.8400000000 0.0263642242
0.8500000000 0.0254524354
0.8600000000 0.0245736054
0.8700000000 0.0237262496
0.8800000000 0.0229089666
0.8900000000 0.0221204367
0.9000000000 0.0213594062
0.9100000000 0.0206246993
0.9200000000 0.0199151973
0.9300000000 0.0192298460
0.9400000000 0.0185676387
0.9500000000 0.0179276323
0.9600000000 0.0173089261
0.9700000000 0.0167106677
0.9800000000 0.0161320460
0.9900000000 0.0155722963
1.0000000000 0.0150306885
1.0100000000 0.0145065282
1.0200000000 0.0139991535
1.0300000000 0.0135079357
1.0400000000 0.0130322841
1.0500000000 0.0125716259
1.0600000000 0.0121254194
1.0700000000 0.0116931463
1.0800000000 0.0112743161
1.0900000000 0.0108684630
1.1000000000 0.0104751335
1.1100000000 0.0100938994
1.1200000000 0.0097243542
1.1300000000 0.0093661090
1.1400000000 0.0090187855
1.1500000000 0.0086820353
1.1600000000 0.0083555096
1.1700000000 0.0080388860
1.1800000000 0.0077318498
1.1900000000 0.0074341054
1.2000000000 0.0071453620
1.2100000000 0.0068653512
1.2200000000 0.0065938029
1.2300000000 0.0063304731
1.2400000000 0.0060751160
1.2500000000 0.0058274986
1.2600000000 0.0055874033
1.2700000000 0.0053546150
1.2800000000 0.0051289244
1.2900000000 0.0049101444
1.3000000000 0.0046980808
1.3100000000 0.0044925519
1.3200000000 0.0042933852
1.3300000000 0.0041004141
1.3400000000 0.0039134810
1.3500000000 0.0037324257
1.3600000000 0.0035571028
1.3700000000 0.0033873701
1.3800000000 0.0032230885
1.3900000000 0.0030641307
1.4000000000 0.0029103642
1.4100000000 0.0027616708
1.4200000000 0.0026179329
1.4300000000 0.0024790385
1.4400000000 0.0023448741
1.4500000000 0.0022153419
1.4600000000 0.0020903352
1.4700000000 0.0019697624
1.4800000000 0.0018535258
1.4900000000 0.0017415402
1.5000000000 0.0016337167
1.5100000000 0.0015299719
1.5200000000 0.0014302277
1.5300000000 0.0013344070
1.5400000000 0.0012424355
1.5500000000 0.0011542423
1.5600000000 0.0010697592
1.5700000000 0.0009889177
1.5800000000 0.0009116590
1.5900000000 0.0008379202
1.6000000000 0.0007676415
1.6100000000 0.0007007690
1.6200000000 0.0006372481
1.6300000000 0.0005770258
1.6400000000 0.0005200530
1.6500000000 0.0004662831
1.6600000000 0.0004156693
1.6700000000 0.0003681675
1.6800000000 0.0003237357
1.6900000000 0.0002823345
1.7000000000 0.0002439244
1.7100000000 0.0002084692
1.7200000000 0.0001759329
1.7300000000 0.0001462819
1.7400000000 0.0001194857
1.7500000000 0.0000955117
1.7600000000 0.0000743324
1.7700000000 0.0000559190
1.7800000000 0.0000402459
1.7900000000 0.0000272882
1.8000000000 0.0000170223
1.8100000000 0.0000094263
1.8200000000 0.0000044790
1.8300000000 0.0000021609
1.8400000000 0.0000024538
1.8500000000 0.0000053404
1.8600000000 0.0000108050
1.8700000000 0.0000188328
1.8800000000 0.0000294100
1.8900000000 0.0000425243
1.9000000000 0.0000581645
1.9100000000 0.0000763210
1.9200000000 0.0000969840
1.9300000000 0.0001201456
1.9400000000 0.0001457989
1.9500000000 0.0001739389
1.9600000000 0.0002045611
1.9700000000 0.0002376604
1.9800000000 0.0002732346
1.9900000000 0.0003112843
2.0000000000 0.0003518065
2.0100000000 0.0003948018
2.0200000000 0.0004402749
2.0300000000 0.0004882249
2.0400000000 0.0005386576
2.0500000000 0.0005915776
2.0600000000 0.0006469903
2.0700000000 0.0007049025
2.0800000000 0.0007653244
2.0900000000 0.0008282614
2.1000000000 0.0008937265
2.1100000000 0.0009617322
2.1200000000 0.0010322849
2.1300000000 0.0011054070
2.1400000000 0.0011811051
2.1500000000 0.0012593999
2.1600000000 0.0013403052
2.1700000000 0.0014238423
2.1800000000 0.0015100278
2.1900000000 0.0015988862
2.2000000000 0.0016904370
2.2100000000 0.0017847011
2.2200000000 0.0018817079
2.2300000000 0.0019814814
2.2400000000 0.0020840470
2.2500000000 0.0021894354
2.2600000000 0.0022976757
2.2700000000 0.0024088015
2.2800000000 0.0025228453
2.2900000000 0.0026398408
2.3000000000 0.0027598233
2.3100000000 0.0028828299
2.3200000000 0.0030089086
2.3300000000 0.0031380915
2.3400000000 0.0032704258
2.3500000000 0.0034059613
2.3600000000 0.0035447352
2.3700000000 0.0036868060
2.3800000000 0.0038322203
2.3900000000 0.0039810358
2.4000000000 0.0041333034
2.4100000000 0.0042890804
2.4200000000 0.0044484383
2.4300000000 0.0046114341
2.4400000000 0.0047781272
2.4500000000 0.0049485972
2.4600000000 0.0051229148
2.4700000000 0.0053011470
2.4800000000 0.0054833826
2.4900000000 0.0056696945
2.5000000000 0.0058601777
2.5100000000 0.0060549114
2.5200000000 0.0062539910
2.5300000000 0.0064575155
2.5400000000 0.0066655882
2.5500000000 0.0068783084
2.5600000000 0.0070957941
2.5700000000 0.0073181606
2.5800000000 0.0075455271
2.5900000000 0.0077780171
2.6000000000 0.0080157595
2.6100000000 0.0082589122
2.6200000000 0.0085075969
2.6300000000 0.0087619916
2.6400000000 0.0090222379
2.6500000000 0.0092885082
2.6600000000 0.0095609829
2.6700000000 0.0098398481
2.6800000000 0.0101252978
2.6900000000 0.0104175335
2.7000000000 0.0107167834
2.7100000000 0.0110232756
2.7200000000 0.0113372475
2.7300000000 0.0116589449
2.7400000000 0.0119886557
2.7500000000 0.0123266579
2.7600000000 0.0126732516
2.7700000000 0.0130287498
2.7800000000 0.0133935121
2.7900000000 0.0137678799
2.8000000000 0.0141522429
2.8100000000 0.0145469964
2.8200000000 0.0149526022
2.8300000000 0.0153694937
2.8400000000 0.0157981729
2.8500000000 0.0162391547
2.8600000000 0.0166930006
2.8700000000 0.0171603171
2.8800000000 0.0176417245
2.8900000000 0.0181379015
2.9000000000 0.0186495777
2.9100000000 0.0191775197
2.9200000000 0.0197225677
2.9300000000 0.0202855613
2.9400000000 0.0208674535
2.9500000000 0.0214692221
2.9600000000 0.0220918790
2.9700000000 0.0227365173
2.9800000000 0.0234042270
2.9900000000 0.0240961521
3.0000000000 0.0248134103
3.0100000000 0.0255570852
3.0200000000 0.0263281661
3.0300000000 0.0271274767
3.0400000000 0.0279555538
3.0500000000 0.0288125031
3.0600000000 0.0296977999
3.0700000000 0.0306099783
3.0800000000 0.0315462994
3.0900000000 0.0325022459
3.1000000000 0.0334709520
3.1100000000 0.0344425140
3.1200000000 0.0354034039
3.1300000000 0.0363359946
3.1400000000 0.0372186362
3.1500000000 0.0380268393
3.1600000000 0.0387358859
3.1700000000 0.0393254246
3.1800000000 0.0397856004
3.1900000000 0.0401232769
3.2000000000 0.0403657267
3.2100000000 0.0405591052
3.2200000000 0.0407611050
3.2300000000 0.0410295043
3.2400000000 0.0414108469
3.2500000000 0.0419329207
3.2600000000 0.0426021080
3.2700000000 0.0434046830
3.2800000000 0.0443098050
3.2900000000 0.0452727918
3.3000000000 0.0462378583
3.3100000000 0.0471409651
3.3200000000 0.0479140806
3.3300000000 0.0484919208
3.3400000000 0.0488223337
3.3500000000 0.0488787590
3.3600000000 0.0486717859
3.3700000000 0.0482543290
3.3800000000 0.0477164400
3.3900000000 0.0471699145
3.4000000000 0.0467277331
3.4100000000 0.0464855686
3.4200000000 0.0465107030
3.4300000000 0.0468391306
3.4400000000 0.0474788138
3.4500000000 0.0484155620
3.4600000000 0.0496194584
3.4700000000 0.0510497450
3.4800000000 0.0526581225
3.4900000000 0.0543905736
3.5000000000 0.0561884133
3.5100000000 0.0579898976
3.5200000000 0.0597332740
3.5300000000 0.0613616820
3.5400000000 0.0628297617
3.5500000000 0.0641103931
3.5600000000 0.0651996900
3.5700000000 0.0661189686
3.5800000000 0.0669134615
3.5900000000 0.0676485263
3.6000000000 0.0684027836
3.6100000000 0.0692575057
3.6200000000 0.0702831178
3.6300000000 0.0715260192
3.6400000000 0.0729996403
3.6500000000 0.0746824767
3.6600000000 0.0765225178
3.6700000000 0.0784456646
3.6800000000 0.0803642867
3.6900000000 0.0821832683
3.7000000000 0.0838013749
3.7100000000 0.0851093732
3.7200000000 0.0859900129
3.7300000000 0.0863251512
3.7400000000 0.0860136117
3.7500000000 0.0849951970
3.7600000000 0.0832716523
3.7700000000 0.0809143657
3.7800000000 0.0780552545
3.7900000000 0.0748664166
3.8000000000 0.0715382300
3.8100000000 0.0682620291
3.8200000000 0.0652162002
3.8300000000 0.0625525162
3.8400000000 0.0603825273
3.8500000000 0.0587669763
3.8600000000 0.0577131669
3.8700000000 0.0571805987
3.8800000000 0.0570935450
3.8900000000 0.0573567584
3.9000000000 0.0578712577
3.9100000000 0.0585460885
3.9200000000 0.0593045172
3.9300000000 0.0600843468
3.9400000000 0.0608352884
3.9500000000 0.0615183739
3.9600000000 0.0621103696
3.9700000000 0.0626116639
3.9800000000 0.0630521162
3.9900000000 0.0634893736
4.0000000000 0.0639971574
4.0100000000 0.0646475231
4.0200000000 0.0654938033
4.0300000000 0.0665599274
4.0400000000 0.0678396127
4.0500000000 0.0693024161
4.0600000000 0.0709034827
4.0700000000 0.0725902447
4.0800000000 0.0743046219
4.0900000000 0.0759809190
4.1000000000 0.0775451621
4.1100000000 0.0789207772
4.1200000000 0.0800417775
4.1300000000 0.0808688501
4.1400000000 0.0813992330
4.1500000000 0.0816639923
4.1600000000 0.0817124998
4.1700000000 0.0815937643
4.1800000000 0.0813465663
4.1900000000 0.0810041017
4.2000000000 0.0806089367
4.2100000000 0.0802265277
4.2200000000 0.0799465642
4.2300000000 0.0798692412
4.2400000000 0.0800833062
4.2500000000 0.0806454596
4.2600000000 0.0815680134
4.2700000000 0.0828151017
4.2800000000 0.0843063544
4.2900000000 0.0859256159
4.3000000000 0.0875355749
4.3100000000 0.0889990370
4.3200000000 0.0902038173
4.3300000000 0.0910848944
4.3400000000 0.0916358191
4.3500000000 0.0919050037
4.3600000000 0.0919787092
4.3700000000 0.0919587100
4.3800000000 0.0919419967
4.3900000000 0.0920077370
4.4000000000 0.0922097876
4.4100000000 0.0925729206
4.4200000000 0.0930899109
4.4300000000 0.0937183651
4.4400000000 0.0943788601
4.4500000000 0.0949594741
4.4600000000 0.0953303623
4.4700000000 0.0953706613
4.4800000000 0.0950026467
4.4900000000 0.0942209226
4.5000000000 0.0931037913
4.5100000000 0.0917985628
4.5200000000 0.0904848349
4.5300000000 0.0893290607
4.5400000000 0.0884479880
4.5500000000 0.0878922547
4.5600000000 0.0876525658
4.5700000000 0.0876818687
4.5800000000 0.0879214369
4.5900000000 0.0883195647
4.6000000000 0.0888350090
4.6100000000 0.0894282357
4.6200000000 0.0900492524
4.6300000000 0.0906336401
4.6400000000 0.0911133614
4.6500000000 0.0914395908
4.6600000000 0.0916084304
4.6700000000 0.0916776722
4.6800000000 0.0917653143
4.6900000000 0.0920287835
4.7000000000 0.0926321551
4.7100000000 0.0937115050
4.7200000000 0.0953493211
4.7300000000 0.0975611270
4.7400000000 0.1002939102
4.7500000000 0.1034325656
4.7600000000 0.1068113308
4.7700000000 0.1102282395
4.7800000000 0.1134644114
4.7900000000 0.1163094743
4.8000000000 0.1185932036
4.8100000000 0.1202200244
4.8200000000 0.1211970911
4.8300000000 0.1216438026
4.8400000000 0.1217741039
4.8500000000 0.1218525175
4.8600000000 0.1221364046
4.8700000000 0.1228227805
4.8800000000 0.1240127661
4.8900000000 0.1256992962
4.9000000000 0.1277755710
4.9100000000 0.1300588097
4.9200000000 0.1323251517
4.9300000000 0.1343480784
4.9400000000 0.1359362205
4.9500000000 0.1369635068
4.9600000000 0.1373898177
4.9700000000 0.1372706142
4.9800000000 0.1367524558
4.9900000000 0.1360520607
5.0000000000 0.1354158571
5.0100000000 0.1350711705
5.0200000000 0.1351837481
5.0300000000 0.1358372778
5.0400000000 0.1370379692
5.0500000000 0.1387381645
5.0600000000 0.1408639792
5.0700000000 0.1433345469
5.0800000000 0.1460684689
5.0900000000 0.1489813347
5.1000000000 0.1519840479
5.1100000000 0.1549894608
5.1200000000 0.1579293657
5.1300000000 0.1607731659
5.1400000000 0.1635372899
5.1500000000 0.1662751211
5.1600000000 0.1690492932
5.1700000000 0.1718990148
5.1800000000 0.1748199589
5.1900000000 0.1777655345
5.2000000000 0.1806654560
5.2100000000 0.1834478759
5.2200000000 0.1860542085
5.2300000000 0.1884441197
5.2400000000 0.1905987063
5.2500000000 0.1925332345
5.2600000000 0.1943194404
5.2700000000 0.1961051628
5.2800000000 0.1981132144
5.2900000000 0.2006113388
5.3000000000 0.2038632433
5.3100000000 0.2080826219
5.3200000000 0.2134081560
5.3300000000 0.2199036923
5.3400000000 0.2275738617
5.3500000000 0.2363805803
5.3600000000 0.2462519469
5.3700000000 0.2570824313
5.3800000000 0.2687343251
5.3900000000 0.2810514353
5.4000000000 0.2938915619
5.4100000000 0.3071716983
5.4200000000 0.3209087280
5.4300000000 0.3352346872
5.4400000000 0.3503730838
5.4500000000 0.3665803925
5.4600000000 0.3840726496
5.4700000000 0.4029599203
5.4800000000 0.4232060346
5.4900000000 0.4446195210
5.5000000000 0.4668715825
5.5100000000 0.4895310048
5.5200000000 0.5121041138
5.5300000000 0.5340718982
5.5400000000 0.5549196907
5.5500000000 0.5741585138
5.5600000000 0.5913485747
5.5700000000 0.6061212283
5.5800000000 0.6181992555
5.5900000000 0.6274038982
5.6000000000 0.6336490452
5.6100000000 0.6369319225
5.6200000000 0.6373278100
5.6300000000 0.6349850372
5.6400000000 0.6301104663
5.6500000000 0.6229406242
5.6600000000 0.6137084241
5.6700000000 0.6026241762
5.6800000000 0.5898809113
5.6900000000 0.5756810793
5.7000000000 0.5602692012
5.7100000000 0.5439520282
5.7200000000 0.5270977962
5.7300000000 0.5101102397
5.7400000000 0.4933862048
5.7500000000 0.4772720684
5.7600000000 0.4620383660
5.7700000000 0.4478748442
5.7800000000 0.4348933021
5.7900000000 0.4231278925
5.8000000000 0.4125269279
5.8100000000 0.4029465910
5.8200000000 0.3941550065
5.8300000000 0.3858517673
5.8400000000 0.3777010231
5.8500000000 0.3693761051
5.8600000000 0.3606074610
5.8700000000 0.3512198480
5.8800000000 0.3411501047
5.8900000000 0.3304411751
5.9000000000 0.3192265223
5.9100000000 0.3077142288
5.9200000000 0.2961733930
5.9300000000 0.2849133900
5.9400000000 0.2742481348
5.9500000000 0.2644559608
5.9600000000 0.2557528743
5.9700000000 0.2482929825
5.9800000000 0.2421897746
5.9900000000 0.2375412281
6.0000000000 0.2344395079
6.0100000000 0.2329590125
6.0200000000 0.2331273001
6.0300000000 0.2348920068
6.0400000000 0.2380900895
6.0500000000 0.2424286399
6.0600000000 0.2474761461
6.0700000000 0.2526729904
6.0800000000 0.2573670983
6.0900000000 0.2608832685
6.1000000000 0.2626228352
6.1100000000 0.2621773452
6.1200000000 0.2594199769
6.1300000000 0.2545394039
6.1400000000 0.2479997901
6.1500000000 0.2404409049
6.1600000000 0.2325554500
6.1700000000 0.2249814364
6.1800000000 0.2182301263
6.1900000000 0.2126591009
6.2000000000 0.2084833978
6.2100000000 0.2058149746
6.2200000000 0.2047083660
6.2300000000 0.2051908317
6.2400000000 0.2072606607
6.2500000000 0.2108583044
6.2600000000 0.2158262442
6.2700000000 0.2218844230
6.2800000000 0.2286366984
6.2900000000 0.2356157421
6.3000000000 0.2423542928
6.3100000000 0.2484652820
6.3200000000 0.2537063309
6.3300000000 0.2580127863
6.3400000000 0.2614904422
6.3500000000 0.2643706984
6.3600000000 0.2669406802
6.3700000000 0.2694664209
6.3800000000 0.2721291182
6.3900000000 0.2749914596
6.4000000000 0.2779978438
6.4100000000 0.2810002325
6.4200000000 0.2837961838
6.4300000000 0.2861648577
6.4400000000 0.2878949268
6.4500000000 0.2888114838
6.4600000000 0.2888066947
6.4700000000 0.2878749468
6.4800000000 0.2861344033
6.4900000000 0.2838198637
6.5000000000 0.2812401346
6.5100000000 0.2787128680
6.5200000000 0.2765048205
6.5300000000 0.2747971702
6.5400000000 0.2736853407
6.5500000000 0.2732014351
6.5600000000 0.2733419825
6.5700000000 0.2740892584
6.5800000000 0.2754272891
6.5900000000 0.2773611155
6.6000000000 0.2799425175
6.6100000000 0.2832947815
6.6200000000 0.2876206871
6.6300000000 0.2931817284
6.6400000000 0.3002479942
6.6500000000 0.3090348995
6.6600000000 0.3196435632
6.6700000000 0.3320203942
6.6800000000 0.3459413514
6.6900000000 0.3610217146
6.7000000000 0.3767552294
6.7100000000 0.3925842592
6.7200000000 0.4079944618
6.7300000000 0.4226092065
6.7400000000 0.4362440062
6.7500000000 0.4488960837
6.7600000000 0.4606711673
6.7700000000 0.4716836423
6.7800000000 0.4819775326
6.7900000000 0.4915072840
6.8000000000 0.5001832826
6.8100000000 0.5079535419
6.8200000000 0.5148729262
6.8300000000 0.5211152381
6.8400000000 0.5269134945
6.8500000000 0.5324566956
6.8600000000 0.5377985326
6.8700000000 0.5428274695
6.8800000000 0.5473209724
6.8900000000 0.5510499324
6.9000000000 0.5538721939
6.9100000000 0.5557568826
6.9200000000 0.5567283083
6.9300000000 0.5567670840
6.9400000000 0.5557295964
6.9500000000 0.5533251363
6.9600000000 0.5491614874
6.9700000000 0.5428332874
6.9800000000 0.5340300487
6.9900000000 0.5226260856
7.0000000000 0.5087390219
7.0100000000 0.4927489368
7.0200000000 0.4752779029
7.0300000000 0.4571331242
7.0400000000 0.4392178873
7.0500000000 0.4224242354
7.0600000000 0.4075307575
7.0700000000 0.3951253577
7.0800000000 0.3855649741
7.0900000000 0.3789725407
7.1000000000 0.3752657480
7.1100000000 0.3742136607
7.1200000000 0.3755096508
7.1300000000 0.3788478119
7.1400000000 0.3839775963
7.1500000000 0.3907210509
7.1600000000 0.3989501374
7.1700000000 0.4085371043
7.1800000000 0.4192999845
7.1900000000 0.4309613907
7.2000000000 0.4431310434
7.2100000000 0.4553217974
7.2200000000 0.4669943852
7.2300000000 0.4776227956
7.2400000000 0.4867608581
7.2500000000 0.4940919788
7.2600000000 0.4994497607
7.2700000000 0.5028131428
7.2800000000 0.5042758488
7.2900000000 0.5040064062
7.3000000000 0.5022032534
7.3100000000 0.4990517633
7.3200000000 0.4946795526
7.3300000000 0.4891216345
7.3400000000 0.4823117799
7.3500000000 0.4741146342
7.3600000000 0.4643916780
7.3700000000 0.4530804398
7.3800000000 0.4402562273
7.3900000000 0.4261592624
7.4000000000 0.4111754037
7.4100000000 0.3957773921
7.4200000000 0.3804422739
7.4300000000 0.3655673506
7.4400000000 0.3514094484
7.4500000000 0.3380612682
7.4600000000 0.3254681662
7.4700000000 0.3134753507
7.4800000000 0.3018887487
7.4900000000 0.2905337175
7.5000000000 0.2792998984
7.5100000000 0.2681664758
7.5200000000 0.2572073258
7.5300000000 0.2465776684
7.5400000000 0.2364870429
7.5500000000 0.2271687944
7.5600000000 0.2188494258
7.5700000000 0.2117229200
7.5800000000 0.2059278428
7.5900000000 0.2015307011
7.6000000000 0.1985158194
7.6100000000 0.1967894046
7.6200000000 0.1961953905
7.6300000000 0.1965472789
7.6400000000 0.1976643943
7.6500000000 0.1994030965
7.6600000000 0.2016715102
7.6700000000 0.2044216089
7.6800000000 0.2076255688
7.6900000000 0.2112416811
7.7000000000 0.2151824283
7.7100000000 0.2192871584
7.7200000000 0.2233090898
7.7300000000 0.2269266372
7.7400000000 0.2297852868
7.7500000000 0.2315668450
7.7600000000 0.2320639619
7.7700000000 0.2312298645
7.7800000000 0.2291838889
7.7900000000 0.2261735860
7.8000000000 0.2225116069
7.8100000000 0.2185152539
7.8200000000 0.2144649076
7.8300000000 0.2105891009
7.8400000000 0.2070691691
7.8500000000 0.2040494349
7.8600000000 0.2016392883
7.8700000000 0.1999040338
7.8800000000 0.1988511620
7.8900000000 0.1984281590
7.9000000000 0.1985338790
7.9100000000 0.1990435187
7.9200000000 0.1998277861
7.9300000000 0.2007614502
7.9400000000 0.2017189027
7.9500000000 0.2025682664
7.9600000000 0.2031742865
7.9700000000 0.2034114844
7.9800000000 0.2031830319
7.9900000000 0.2024378738
8.0000000000 0.2011800576
8.0100000000 0.1994636119
8.0200000000 0.1973756978
8.0300000000 0.1950120956
8.0400000000 0.1924528912
8.0500000000 0.1897487842
8.0600000000 0.1869207226
8.0700000000 0.1839747876
8.0800000000 0.1809235616
8.0900000000 0.1778058993
8.1000000000 0.1746935885
8.1100000000 0.1716868989
8.1200000000 0.1689005922
8.1300000000 0.1664479830
8.1400000000 0.1644274851
8.1500000000 0.1629115832
8.1600000000 0.1619391477
8.1700000000 0.1615128343
8.1800000000 0.1616030933
8.1900000000 0.1621563897
8.2000000000 0.1631047862
8.2100000000 0.1643731349
8.2200000000 0.1658812391
8.2300000000 0.1675430105
8.2400000000 0.1692637125
8.2500000000 0.1709354050
8.2600000000 0.1724321085
8.2700000000 0.1736105945
8.2800000000 0.1743218979
8.2900000000 0.1744334749
8.3000000000 0.1738561558
8.3100000000 0.1725635559
8.3200000000 0.1705939245
8.3300000000 0.1680352246
8.3400000000 0.1650020838
8.3500000000 0.1616164897
8.3600000000 0.1579968909
8.3700000000 0.1542537028
8.3800000000 0.1504864881
8.3900000000 0.1467786276
8.4000000000 0.1431909193
8.4100000000 0.1397563978
8.4200000000 0.1364807771
8.4300000000 0.1333461455
8.4400000000 0.1303198092
8.4500000000 0.1273647844
8.4600000000 0.1244537321
8.4700000000 0.1215839962
8.4800000000 0.1187885425
8.4900000000 0.1161376003
8.5000000000 0.1137301838
8.5100000000 0.1116763888
8.5200000000 0.1100762983
8.5300000000 0.1090030860
8.5400000000 0.1084927262
8.5500000000 0.1085433517
8.5600000000 0.1091214344
8.5700000000 0.1101694893
8.5800000000 0.1116136904
8.5900000000 0.1133672637
8.6000000000 0.1153356705
8.6100000000 0.1174242881
8.6200000000 0.1195491212
8.6300000000 0.1216470086
8.6400000000 0.1236774830
8.6500000000 0.1256167599
8.6600000000 0.1274457571
8.6700000000 0.1291398416
8.6800000000 0.1306659084
8.6900000000 0.1319905937
8.7000000000 0.1330941619
8.7100000000 0.1339857111
8.7200000000 0.1347106714
8.7300000000 0.1353461274
8.7400000000 0.1359835755
8.7500000000 0.1367069549
8.7600000000 0.1375745271
8.7700000000 0.1386112146
8.7800000000 0.1398127653
8.7900000000 0.1411560252
8.8000000000 0.1426104934
8.8100000000 0.1441416356
8.8200000000 0.1457059970
8.8300000000 0.1472383081
8.8400000000 0.1486423467
8.8500000000 0.1497917418
8.8600000000 0.1505468278
8.8700000000 0.1507846587
8.8800000000 0.1504283627
8.8900000000 0.1494637731
8.9000000000 0.1479364264
8.9100000000 0.1459332079
8.9200000000 0.1435579266
8.9300000000 0.1409124814
8.9400000000 0.1380848214
8.9500000000 0.1351449368
8.9600000000 0.1321447742
8.9700000000 0.1291222895
8.9800000000 0.1261075459
8.9900000000 0.1231291548
9.0000000000 0.1202181048
9.0100000000 0.1174082417
9.0200000000 0.1147347034
9.0300000000 0.1122339652
9.0400000000 0.1099478610
9.0500000000 0.1079260070
9.0600000000 0.1062253017
9.0700000000 0.1049007124
9.0800000000 0.1039912819
9.0900000000 0.1035047569
9.1000000000 0.1034070332
9.1100000000 0.1036207368
9.1200000000 0.1040354245
9.1300000000 0.1045262195
9.1400000000 0.1049778998
9.1500000000 0.1053060684
9.1600000000 0.1054694195
9.1700000000 0.1054696495
9.1800000000 0.1053408313
9.1900000000 0.1051343524
9.2000000000 0.1049069060
9.2100000000 0.1047134060
9.2200000000 0.1046056206
9.2300000000 0.1046331423
9.2400000000 0.1048423271
9.2500000000 0.1052728273
9.2600000000 0.1059509814
9.2700000000 0.1068819637
9.2800000000 0.1080449395
9.2900000000 0.1093915971
9.3000000000 0.1108519811
9.3100000000 0.1123446615
9.3200000000 0.1137893375
9.3300000000 0.1151168553
9.3400000000 0.1162761599
9.3500000000 0.1172385026
9.3600000000 0.1180005421
9.3700000000 0.1185864758
9.3800000000 0.1190449215
9.3900000000 0.1194400032
9.4000000000 0.1198353596
9.4100000000 0.1202768033
9.4200000000 0.1207786435
9.4300000000 0.1213180004
9.4400000000 0.1218369081
9.4500000000 0.1222512079
9.4600000000 0.1224670787
9.4700000000 0.1224028594
9.4800000000 0.1220114354
9.4900000000 0.1212963995
9.5000000000 0.1203144923
9.5100000000 0.1191642776
9.5200000000 0.1179669631
9.5300000000 0.1168489972
9.5400000000 0.1159296467
9.5500000000 0.1153145445
9.5600000000 0.1150900245
9.5700000000 0.1153138988
9.5800000000 0.1160022527
9.5900000000 0.1171187098
9.6000000000 0.1185722608
9.6100000000 0.1202296253
9.6200000000 0.1219397318
9.6300000000 0.1235629599
9.6400000000 0.1249947154
9.6500000000 0.1261775827
9.6600000000 0.1271003667
9.6700000000 0.1277867923
9.6800000000 0.1282795714
9.6900000000 0.1286252500
9.7000000000 0.1288623226
9.7100000000 0.1290157021
9.7200000000 0.1290969098
9.7300000000 0.1291097616
9.7400000000 0.1290564591
9.7500000000 0.1289439539
9.7600000000 0.1287865344
9.7700000000 0.1286054913
9.7800000000 0.1284281933
9.7900000000 0.1282870140
9.8000000000 0.1282203975
9.8100000000 0.1282751515
9.8200000000 0.1285064897
9.8300000000 0.1289748042
9.8400000000 0.1297370418
9.8500000000 0.1308341502
9.8600000000 0.1322775797
9.8700000000 0.1340372361
9.8800000000 0.1360377669
9.8900000000 0.1381602359
9.9000000000 0.1402537180
9.9100000000 0.1421532742
9.9200000000 0.1437034128
9.9300000000 0.1447821719
9.9400000000 0.1453219100
9.9500000000 0.1453219238
9.9600000000 0.1448493946
9.9700000000 0.1440284644
9.9800000000 0.1430179051
9.9900000000 0.1419845577
10.0000000000 0.1410788916
10.0100000000 0.1404177284
10.0200000000 0.1400765826
10.0300000000 0.1400863053
10.0400000000 0.1404293940
10.0500000000 0.1410365262
10.0600000000 0.1417849571
10.0700000000 0.1425048442
10.0800000000 0.1429998440
10.0900000000 0.1430782470
10.1000000000 0.1425876118
10.1100000000 0.1414420927
10.1200000000 0.1396311296
10.1300000000 0.1372118683
10.1400000000 0.1342900603
10.1500000000 0.1309986566
10.1600000000 0.1274812309
10.1700000000 0.1238812542
10.1800000000 0.1203359166
10.1900000000 0.1169726137
10.2000000000 0.1139041980
10.2100000000 0.1112229686
10.2200000000 0.1089943415
10.2300000000 0.1072495855
10.2400000000 0.1059828172
10.2500000000 0.1051511660
10.2600000000 0.1046807120
10.2700000000 0.1044772723
10.2800000000 0.1044398212
10.2900000000 0.1044750716
10.3000000000 0.1045092642
10.3100000000 0.1044946949
10.3200000000 0.1044079113
10.3300000000 0.1042419741
10.3400000000 0.1039967915
10.3500000000 0.1036723036
10.3600000000 0.1032684677
10.3700000000 0.1027908536
10.3800000000 0.1022571525
10.3900000000 0.1016997745
10.4000000000 0.1011606843
10.4100000000 0.1006824792
10.4200000000 0.1002980129
10.4300000000 0.1000255870
10.4400000000 0.0998690906
10.4500000000 0.0998231719
10.4600000000 0.0998795045
10.4700000000 0.1000322874
10.4800000000 0.1002790491
10.4900000000 0.1006172788
10.5000000000 0.1010367763
10.5100000000 0.1015135573
10.5200000000 0.1020066121
10.5300000000 0.1024614055
10.5400000000 0.1028192370
10.5500000000 0.1030290815
10.5600000000 0.1030603113
10.5700000000 0.1029117082
10.5800000000 0.1026147732
10.5900000000 0.1022302421
10.6000000000 0.1018399131
10.6100000000 0.1015346034
10.6200000000 0.1014007791
10.6300000000 0.1015093910
10.6400000000 0.1019055802
10.6500000000 0.1026023442
10.6600000000 0.1035770627
10.6700000000 0.1047706549
10.6800000000 0.1060926241
10.6900000000 0.1074314151
10.7000000000 0.1086702342
10.7100000000 0.1097078009
10.7200000000 0.1104776960
10.7300000000 0.1109614987
10.7400000000 0.1111916538
10.7500000000 0.1112422531
10.7600000000 0.1112124566
10.7700000000 0.1112072773
10.7800000000 0.1113220243
10.7900000000 0.1116319354
10.8000000000 0.1121858581
10.8100000000 0.1130020555
10.8200000000 0.1140671625
10.8300000000 0.1153375057
10.8400000000 0.1167424577
10.8500000000 0.1181912656
10.8600000000 0.1195810005
10.8700000000 0.1208041381
10.8800000000 0.1217574505
10.8900000000 0.1223502193
10.9000000000 0.1225140071
10.9100000000 0.1222128147
10.9200000000 0.1214498991
10.9300000000 0.1202694629
10.9400000000 0.1187501683
10.9500000000 0.1169920106
10.9600000000 0.1151011880
10.9700000000 0.1131750202
10.9800000000 0.1112927725
10.9900000000 0.1095105442
11.0000000000 0.1078616700
11.0100000000 0.1063602617
11.0200000000 0.1050060158
11.0300000000 0.1037895508
11.0400000000 0.1026958131
11.0500000000 0.1017054990
11.0600000000 0.1007957250
11.0700000000 0.0999409718
11.0800000000 0.0991141954
11.0900000000 0.0982914314
11.1000000000 0.0974549486
11.1100000000 0.0965951369
11.1200000000 0.0957102408
11.1300000000 0.0948031490
11.1400000000 0.0938772611
11.1500000000 0.0929340793
11.1600000000 0.0919714318
11.1700000000 0.0909854662
11.1800000000 0.0899739470
11.1900000000 0.0889404417
11.2000000000 0.0878979395
11.2100000000 0.0868699375
11.2200000000 0.0858891788
11.2300000000 0.0849939020
11.2400000000 0.0842226356
11.2500000000 0.0836088903
11.2600000000 0.0831779482
11.2700000000 0.0829448573
11.2800000000 0.0829137586
11.2900000000 0.0830768755
11.3000000000 0.0834129820
11.3100000000 0.0838881051
11.3200000000 0.0844580462
11.3300000000 0.0850748587
11.3400000000 0.0856948392
11.3500000000 0.0862845316
11.3600000000 0.0868205194
11.3700000000 0.0872856101
11.3800000000 0.0876622875
11.3900000000 0.0879288627
11.4000000000 0.0880616549
11.4100000000 0.0880421230
11.4200000000 0.0878645388
11.4300000000 0.0875423718
11.4400000000 0.0871086929
11.4500000000 0.0866093392
11.4600000000 0.0860926923
11.4700000000 0.0855977231
11.4800000000 0.0851450348
11.4900000000 0.0847337508
11.5000000000 0.0843440665
11.5100000000 0.0839464006
11.5200000000 0.0835118163
11.5300000000 0.0830199310
11.5400000000 0.0824638234
11.5500000000 0.0818493571
11.5600000000 0.0811928246
11.5700000000 0.0805159080
11.5800000000 0.0798412411
11.5900000000 0.0791892114
11.6000000000 0.0785751971
11.6100000000 0.0780105409
11.6200000000 0.0775023960
11.6300000000 0.0770544907
11.6400000000 0.0766669892
11.6500000000 0.0763354073
11.6600000000 0.0760497593
11.6700000000 0.0757950973
11.6800000000 0.0755552010
11.6900000000 0.0753171928
11.7000000000 0.0750768337
11.7100000000 0.0748412846
11.7200000000 0.0746279332
11.7300000000 0.0744602896
11.7400000000 0.0743638476
11.7500000000 0.0743633179
11.7600000000 0.0744819604
11.7700000000 0.0747421947
11.7800000000 0.0751662119
11.7900000000 0.0757737550
11.8000000000 0.0765789884
11.8100000000 0.0775858106
11.8200000000 0.0787836519
11.8300000000 0.0801450278
11.8400000000 0.0816239314
11.8500000000 0.0831589468
11.8600000000 0.0846794017
11.8700000000 0.0861164363
11.8800000000 0.0874149913
11.8900000000 0.0885419420
11.9000000000 0.0894869090
11.9100000000 0.0902559362
11.9200000000 0.0908605867
11.9300000000 0.0913073023
11.9400000000 0.0915905734
11.9500000000 0.0916926038
11.9600000000 0.0915898605
11.9700000000 0.0912630392
11.9800000000 0.0907074914
11.9900000000 0.0899384989
12.0000000000 0.0889902063
12.0100000000 0.0879089712
12.0200000000 0.0867445753
12.0300000000 0.0855421886
12.0400000000 0.0843369420
12.0500000000 0.0831521858
12.0600000000 0.0820015410
12.0700000000 0.0808932223
12.0800000000 0.0798354363
12.0900000000 0.0788392804
12.1000000000 0.0779190366
12.1100000000 0.0770906828
12.1200000000 0.0763678202
12.1300000000 0.0757609420
12.1400000000 0.0752755171
12.1500000000 0.0749125009
12.1600000000 0.0746687164
12.1700000000 0.0745366323
12.1800000000 0.0745031367
12.1900000000 0.0745487883
12.2000000000 0.0746464473
12.2100000000 0.0747630419
12.2200000000 0.0748644131
12.2300000000 0.0749215898
12.2400000000 0.0749174827
12.2500000000 0.0748506577
12.2600000000 0.0747351916
12.2700000000 0.0745966715
12.2800000000 0.0744663892
12.2900000000 0.0743752541
12.3000000000 0.0743496086
12.3100000000 0.0744085589
12.3200000000 0.0745646849
12.3300000000 0.0748246697
12.3400000000 0.0751913279
12.3500000000 0.0756649011
12.3600000000 0.0762427841
12.3700000000 0.0769191380
12.3800000000 0.0776841982
12.3900000000 0.0785235927
12.4000000000 0.0794181997
12.4100000000 0.0803435012
12.4200000000 0.0812696892
12.4300000000 0.0821619483
12.4400000000 0.0829809276
12.4500000000 0.0836849753
12.4600000000 0.0842342026
12.4700000000 0.0845965549
12.4800000000 0.0847556242
12.4900000000 0.0847141632
12.5000000000 0.0844963633
12.5100000000 0.0841431053
12.5200000000 0.0837062095
12.5300000000 0.0832403879
12.5400000000 0.0827972954
12.5500000000 0.0824198997
12.5600000000 0.0821389938
12.5700000000 0.0819721055
12.5800000000 0.0819225486
12.5900000000 0.0819820426
12.6000000000 0.0821337834
12.6100000000 0.0823545412
12.6200000000 0.0826181968
12.6300000000 0.0828943286
12.6400000000 0.0831482805
12.6500000000 0.0833400977
12.6600000000 0.0834269657
12.6700000000 0.0833672103
12.6800000000 0.0831284217
12.6900000000 0.0826933118
12.7000000000 0.0820637433
12.7100000000 0.0812591047
12.7200000000 0.0803113520
12.7300000000 0.0792574815
12.7400000000 0.0781323189
12.7500000000 0.0769651534
12.7600000000 0.0757782687
12.7700000000 0.0745887504
12.7800000000 0.0734114894
12.7900000000 0.0722613261
12.8000000000 0.0711541488
12.8100000000 0.0701065219
12.8200000000 0.0691342401
12.8300000000 0.0682502350
12.8400000000 0.0674635707
12.8500000000 0.0667794788
12.8600000000 0.0661991835
12.8700000000 0.0657214346
12.8800000000 0.0653434583
12.8900000000 0.0650624022
12.9000000000 0.0648760464
12.9100000000 0.0647826002
12.9200000000 0.0647803243
12.9300000000 0.0648646264
12.9400000000 0.0650270943
12.9500000000 0.0652544870
12.9600000000 0.0655314488
12.9700000000 0.0658430091
12.9800000000 0.0661787124
12.9900000000 0.0665325205
13.0000000000 0.0669011594
13.0100000000 0.0672789169
13.0200000000 0.0676542383
13.0300000000 0.0680071523
13.0400000000 0.0683108604
13.0500000000 0.0685363251
13.0600000000 0.0686590397
13.0700000000 0.0686647373
13.0800000000 0.0685517295
13.0900000000 0.0683293558
13.1000000000 0.0680141013
13.1100000000 0.0676248384
13.1200000000 0.0671791012
13.1300000000 0.0666919652
13.1400000000 0.0661766625
13.1500000000 0.0656451048
13.1600000000 0.0651087866
13.1700000000 0.0645790550
13.1800000000 0.0640662046
13.1900000000 0.0635799234
13.2000000000 0.0631280162
13.2100000000 0.0627168252
13.2200000000 0.0623494707
13.2300000000 0.0620236825
13.2400000000 0.0617311987
13.2500000000 0.0614570179
13.2600000000 0.0611818561
13.2700000000 0.0608860214
13.2800000000 0.0605534434
13.2900000000 0.0601753172
13.3000000000 0.0597512361
13.3100000000 0.0592884870
13.3200000000 0.0587994235
13.3300000000 0.0582984116
13.3400000000 0.0577987543
13.3500000000 0.0573111648
13.3600000000 0.0568430969
13.3700000000 0.0563990575
13.3800000000 0.0559810203
13.3900000000 0.0555890654
13.4000000000 0.0552224894
13.4100000000 0.0548805704
13.4200000000 0.0545637673
13.4300000000 0.0542735262
13.4400000000 0.0540111417
13.4500000000 0.0537762955
13.4600000000 0.0535662467
13.4700000000 0.0533755213
13.4800000000 0.0531971473
13.4900000000 0.0530233671
13.5000000000 0.0528463933
13.5100000000 0.0526587977
13.5200000000 0.0524529610
13.5300000000 0.0522215242
13.5400000000 0.0519573615
13.5500000000 0.0516554061
13.5600000000 0.0513129607
13.5700000000 0.0509306634
13.5800000000 0.0505127064
13.5900000000 0.0500663985
13.6000000000 0.0496014582
13.6100000000 0.0491289188
13.6200000000 0.0486595901
13.6300000000 0.0482026258
13.6400000000 0.0477648623
13.6500000000 0.0473509787
13.6600000000 0.0469643942
13.6700000000 0.0466091923
13.6800000000 0.0462904274
13.6900000000 0.0460147172
13.7000000000 0.0457886125
13.7100000000 0.0456179530
13.7200000000 0.0455058440
13.7300000000 0.0454516514
13.7400000000 0.0454497867
13.7500000000 0.0454903019
13.7600000000 0.0455594097
13.7700000000 0.0456432647
13.7800000000 0.0457294568
13.7900000000 0.0458100190
13.8000000000 0.0458810158
13.8100000000 0.0459415859
13.8200000000 0.0459924777
13.8300000000 0.0460345788
13.8400000000 0.0460682065
13.8500000000 0.0460929556
13.8600000000 0.0461084008
13.8700000000 0.0461138438
13.8800000000 0.0461090952
13.8900000000 0.0460933354
13.9000000000 0.0460655961
13.9100000000 0.0460245338
13.9200000000 0.0459690407
13.9300000000 0.0458986306
13.9400000000 0.0458144528
13.9500000000 0.0457197745
13.9600000000 0.0456200321
13.9700000000 0.0455232116
13.9800000000 0.0454388789
13.9900000000 0.0453785326
14.0000000000 0.0453539681
14.0100000000 0.0453764088
14.0200000000 0.0454543618
14.0300000000 0.0455920927
14.0400000000 0.0457890071
14.0500000000 0.0460390617
14.0600000000 0.0463321817
14.0700000000 0.0466545310
14.0800000000 0.0469899837
14.0900000000 0.0473208796
14.1000000000 0.0476292256
14.1100000000 0.0478987364
14.1200000000 0.0481161330
14.1300000000 0.0482725270
14.1400000000 0.0483637398
14.1500000000 0.0483895684
14.1600000000 0.0483528001
14.1700000000 0.0482575904
14.1800000000 0.0481091727
14.1900000000 0.0479132663
14.2000000000 0.0476760467
14.2100000000 0.0474035504
14.2200000000 0.0471012447
14.2300000000 0.0467736706
14.2400000000 0.0464241180
14.2500000000 0.0460555222
14.2600000000 0.0456707319
14.2700000000 0.0452740505
14.2800000000 0.0448711324
14.2900000000 0.0444689516
14.3000000000 0.0440751707
14.3100000000 0.0436976654
14.3200000000 0.0433432618
14.3300000000 0.0430169902
14.3400000000 0.0427219539
14.3500000000 0.0424591592
14.3600000000 0.0422274290
14.3700000000 0.0420236833
14.3800000000 0.0418432180
14.3900000000 0.0416808911
14.4000000000 0.0415310665
14.4100000000 0.0413889101
14.4200000000 0.0412502835
14.4300000000 0.0411118194
14.4400000000 0.0409694856
14.4500000000 0.0408188507
14.4600000000 0.0406545244
14.4700000000 0.0404712292
14.4800000000 0.0402647243
14.4900000000 0.0400336629
14.5000000000 0.0397804355
14.5100000000 0.0395110651
14.5200000000 0.0392349612
14.5300000000 0.0389630385
14.5400000000 0.0387064260
14.5500000000 0.0384750269
14.5600000000 0.0382764705
14.5700000000 0.0381155669
14.5800000000 0.0379938755
14.5900000000 0.0379102000
14.6000000000 0.0378601106
14.6100000000 0.0378377472
14.6200000000 0.0378363061
14.6300000000 0.0378496700
14.6400000000 0.0378728950
14.6500000000 0.0379022768
14.6600000000 0.0379345652
14.6700000000 0.0379665244
14.6800000000 0.0379941475
14.6900000000 0.0380120632
14.7000000000 0.0380144001
14.7100000000 0.0379955560
14.7200000000 0.0379518304
14.7300000000 0.0378832955
14.7400000000 0.0377936510
14.7500000000 0.0376898589
14.7600000000 0.0375806937
14.7700000000 0.0374750222
14.7800000000 0.0373801242
14.7900000000 0.0373018449
14.8000000000 0.0372445183
14.8100000000 0.0372114050
14.8200000000 0.0372054294
14.8300000000 0.0372285695
14.8400000000 0.0372820545
14.8500000000 0.0373654536
14.8600000000 0.0374763748
14.8700000000 0.0376100797
14.8800000000 0.0377602817
14.8900000000 0.0379192285
14.9000000000 0.0380783796
14.9100000000 0.0382301989
14.9200000000 0.0383688766
14.9300000000 0.0384916102
14.9400000000 0.0385991571
14.9500000000 0.0386949344
14.9600000000 0.0387840332
14.9700000000 0.0388713304
14.9800000000 0.0389599886
14.9900000000 0.0390502217
15.0000000000 0.0391384727
15.0100000000 0.0392180657
15.0200000000 0.0392798657
15.0300000000 0.0393143513
15.0400000000 0.0393127847
15.0500000000 0.0392686560
15.0600000000 0.0391781818
15.0700000000 0.0390412296
15.0800000000 0.0388601006
15.0900000000 0.0386397679
15.1000000000 0.0383864387
15.1100000000 0.0381070682
15.1200000000 0.0378079163
15.1300000000 0.0374940644
15.1400000000 0.0371691195
15.1500000000 0.0368354104
15.1600000000 0.0364955288
15.1700000000 0.0361524345
15.1800000000 0.0358105736
15.1900000000 0.0354758015
15.2000000000 0.0351543495
15.2100000000 0.0348522860
15.2200000000 0.0345741018
15.2300000000 0.0343221231
15.2400000000 0.0340965527
15.2500000000 0.0338949801
15.2600000000 0.0337134066
15.2700000000 0.0335462896
15.2800000000 0.0333875772
15.2900000000 0.0332313288
15.3000000000 0.0330730237
15.3100000000 0.0329095592
15.3200000000 0.0327404434
15.3300000000 0.0325675976
15.3400000000 0.0323954521
15.3500000000 0.0322304115
15.3600000000 0.0320808591
15.3700000000 0.0319562561
15.3800000000 0.0318660311
15.3900000000 0.0318187599
15.4000000000 0.0318212026
15.4100000000 0.0318769097
15.4200000000 0.0319851943
15.4300000000 0.0321394204
15.4400000000 0.0323271849
15.4500000000 0.0325310210
15.4600000000 0.0327309893
15.4700000000 0.0329089177
15.4800000000 0.0330514591
15.4900000000 0.0331526227
15.5000000000 0.0332137768
15.5100000000 0.0332415322
15.5200000000 0.0332455240
15.5300000000 0.0332357592
15.5400000000 0.0332205809
15.5500000000 0.0332062238
15.5600000000 0.0331959605
15.5700000000 0.0331905648
15.5800000000 0.0331880813
15.5900000000 0.0331859858
15.6000000000 0.0331814696
15.6100000000 0.0331728357
15.6200000000 0.0331600908
15.6300000000 0.0331442292
15.6400000000 0.0331269531
15.6500000000 0.0331090183
15.6600000000 0.0330903338
15.6700000000 0.0330698160
15.6800000000 0.0330459413
15.6900000000 0.0330179751
15.7000000000 0.0329859668
15.7100000000 0.0329516127
15.7200000000 0.0329171702
15.7300000000 0.0328855219
15.7400000000 0.0328588837
15.7500000000 0.0328385943
15.7600000000 0.0328241172
15.7700000000 0.0328130440
15.7800000000 0.0328006967
15.7900000000 0.0327812612
15.8000000000 0.0327489954
15.8100000000 0.0326990992
15.8200000000 0.0326290308
15.8300000000 0.0325390023
15.8400000000 0.0324309018
15.8500000000 0.0323078160
15.8600000000 0.0321729081
15.8700000000 0.0320294426
15.8800000000 0.0318802522
15.8900000000 0.0317285005
15.9000000000 0.0315768890
15.9100000000 0.0314282379
15.9200000000 0.0312846634
15.9300000000 0.0311475945
15.9400000000 0.0310175767
15.9500000000 0.0308948023
15.9600000000 0.0307788836
15.9700000000 0.0306690374
15.9800000000 0.0305641608
15.9900000000 0.0304627580
16.0000000000 0.0303630559
16.0100000000 0.0302633282
16.0200000000 0.0301624404
16.0300000000 0.0300600223
16.0400000000 0.0299563737
16.0500000000 0.0298519519
16.0600000000 0.0297468510
16.0700000000 0.0296401543
16.0800000000 0.0295305881
16.0900000000 0.0294163782
16.1000000000 0.0292957870
16.1100000000 0.0291680208
16.1200000000 0.0290332033
16.1300000000 0.0288925175
16.1400000000 0.0287481278
16.1500000000 0.0286030283
16.1600000000 0.0284608293
16.1700000000 0.0283250038
16.1800000000 0.0281986343
16.1900000000 0.0280838796
16.2000000000 0.0279819687
16.2100000000 0.0278930463
16.2200000000 0.0278168906
16.2300000000 0.0277534788
16.2400000000 0.0277033549
16.2500000000 0.0276685115
16.2600000000 0.0276517044
16.2700000000 0.0276564257
16.2800000000 0.0276859031
16.2900000000 0.0277421172
16.3000000000 0.0278256465
16.3100000000 0.0279350437
16.3200000000 0.0280678576
16.3300000000 0.0282206896
16.3400000000 0.0283893796
16.3500000000 0.0285693087
16.3600000000 0.0287554509
16.3700000000 0.0289415741
16.3800000000 0.0291210526
16.3900000000 0.0292862888
16.4000000000 0.0294298829
16.4100000000 0.0295456587
16.4200000000 0.0296297805
16.4300000000 0.0296812935
16.4400000000 0.0297019600
16.4500000000 0.0296954830
16.4600000000 0.0296663400
16.4700000000 0.0296191571
16.4800000000 0.0295579397
16.4900000000 0.0294855709
16.5000000000 0.0294038924
16.5100000000 0.0293129520
16.5200000000 0.0292115359
16.5300000000 0.0290975275
16.5400000000 0.0289687205
16.5500000000 0.0288235870
16.5600000000 0.0286619298
16.5700000000 0.0284849203
16.5800000000 0.0282953185
16.5900000000 0.0280971091
16.6000000000 0.0278948871
16.6100000000 0.0276943242
16.6200000000 0.0275016653
16.6300000000 0.0273234854
16.6400000000 0.0271662115
16.6500000000 0.0270357206
16.6600000000 0.0269363703
16.6700000000 0.0268703521
16.6800000000 0.0268375885
16.6900000000 0.0268352055
16.7000000000 0.0268579718
16.7100000000 0.0268988662
16.7200000000 0.0269495608
16.7300000000 0.0270020880
16.7400000000 0.0270492995
16.7500000000 0.0270860027
16.7600000000 0.0271086761
16.7700000000 0.0271150716
16.7800000000 0.0271037336
16.7900000000 0.0270728506
16.8000000000 0.0270209939
16.8100000000 0.0269469529
16.8200000000 0.0268503717
16.8300000000 0.0267323655
16.8400000000 0.0265956150
16.8500000000 0.0264439848
16.8600000000 0.0262821537
16.8700000000 0.0261152574
16.8800000000 0.0259475831
16.8900000000 0.0257835383
16.9000000000 0.0256263695
16.9100000000 0.0254792518
16.9200000000 0.0253447570
16.9300000000 0.0252250687
16.9400000000 0.0251218480
16.9500000000 0.0250357482
16.9600000000 0.0249668825
16.9700000000 0.0249142074
16.9800000000 0.0248764111
16.9900000000 0.0248520118
17.0000000000 0.0248393415
17.0100000000 0.0248368889
17.0200000000 0.0248426443
17.0300000000 0.0248540861
17.0400000000 0.0248683569
17.0500000000 0.0248823748
17.0600000000 0.0248936641
17.0700000000 0.0249005816
17.0800000000 0.0249024114
17.0900000000 0.0248995035
17.1000000000 0.0248927058
17.1100000000 0.0248835517
17.1200000000 0.0248740225
17.1300000000 0.0248659512
17.1400000000 0.0248610551
17.1500000000 0.0248604492
17.1600000000 0.0248642774
17.1700000000 0.0248720773
17.1800000000 0.0248831718
17.1900000000 0.0248968320
17.2000000000 0.0249126366
17.2100000000 0.0249312099
17.2200000000 0.0249540882
17.2300000000 0.0249834841
17.2400000000 0.0250223931
17.2500000000 0.0250735144
17.2600000000 0.0251390146
17.2700000000 0.0252196645
17.2800000000 0.0253148212
17.2900000000 0.0254222678
17.3000000000 0.0255383301
17.3100000000 0.0256576750
17.3200000000 0.0257732886
17.3300000000 0.0258766960
17.3400000000 0.0259584797
17.3500000000 0.0260098004
17.3600000000 0.0260241874
17.3700000000 0.0259987125
17.3800000000 0.0259345118
17.3900000000 0.0258362927
17.4000000000 0.0257109327
17.4100000000 0.0255659798
17.4200000000 0.0254088076
17.4300000000 0.0252450980
17.4400000000 0.0250794412
17.4500000000 0.0249155754
17.4600000000 0.0247564686
17.4700000000 0.0246048460
17.4800000000 0.0244630693
17.4900000000 0.0243329596
17.5000000000 0.0242152746
17.5100000000 0.0241097908
17.5200000000 0.0240143385
17.5300000000 0.0239260257
17.5400000000 0.0238414577
17.5500000000 0.0237574893
17.5600000000 0.0236722269
17.5700000000 0.0235845395
17.5800000000 0.0234944436
17.5900000000 0.0234021875
17.6000000000 0.0233080271
17.6100000000 0.0232125105
17.6200000000 0.0231156654
17.6300000000 0.0230179303
17.6400000000 0.0229194132
17.6500000000 0.0228203156
17.6600000000 0.0227206518
17.6700000000 0.0226202505
17.6800000000 0.0225188380
17.6900000000 0.0224164458
17.7000000000 0.0223135362
17.7100000000 0.0222114169
17.7200000000 0.0221120960
17.7300000000 0.0220183108
17.7400000000 0.0219327251
17.7500000000 0.0218575155
17.7600000000 0.0217941761
17.7700000000 0.0217433042
17.7800000000 0.0217043656
17.7900000000 0.0216760349
17.8000000000 0.0216564444
17.8100000000 0.0216435204
17.8200000000 0.0216344265
17.8300000000 0.0216263428
17.8400000000 0.0216162515
17.8500000000 0.0216010560
17.8600000000 0.0215785484
17.8700000000 0.0215472407
17.8800000000 0.0215064418
17.8900000000 0.0214567812
17.9000000000 0.0213995445
17.9100000000 0.0213371002
17.9200000000 0.0212721210
17.9300000000 0.0212078698
17.9400000000 0.0211470652
17.9500000000 0.0210916461
17.9600000000 0.0210426283
17.9700000000 0.0209995667
17.9800000000 0.0209614956
17.9900000000 0.0209264694
18.0000000000 0.0208923471
18.0100000000 0.0208569449
18.0200000000 0.0208184664
18.0300000000 0.0207758521
18.0400000000 0.0207288986
18.0500000000 0.0206782069
18.0600000000 0.0206248482
18.0700000000 0.0205701809
18.0800000000 0.0205153730
18.0900000000 0.0204612700
18.1000000000 0.0204082387
18.1100000000 0.0203564884
18.1200000000 0.0203060232
18.1300000000 0.0202566907
18.1400000000 0.0202083272
18.1500000000 0.0201604208
18.1600000000 0.0201124063
18.1700000000 0.0200639364
18.1800000000 0.0200145980
18.1900000000 0.0199644955
18.2000000000 0.0199139246
18.2100000000 0.0198629965
18.2200000000 0.0198115182
18.2300000000 0.0197585338
18.2400000000 0.0197020983
18.2500000000 0.0196402894
18.2600000000 0.0195708730
18.2700000000 0.0194927798
18.2800000000 0.0194057175
18.2900000000 0.0193108453
18.3000000000 0.0192103310
18.3100000000 0.0191069227
18.3200000000 0.0190040758
18.3300000000 0.0189052856
18.3400000000 0.0188143913
18.3500000000 0.0187349104
18.3600000000 0.0186699260
18.3700000000 0.0186218331
18.3800000000 0.0185916247
18.3900000000 0.0185787897
18.4000000000 0.0185808523
18.4100000000 0.0185935882
18.4200000000 0.0186112170
18.4300000000 0.0186275483
18.4400000000 0.0186365485
18.4500000000 0.0186334845
18.4600000000 0.0186152492
18.4700000000 0.0185800845
18.4800000000 0.0185278680
18.4900000000 0.0184591838
18.5000000000 0.0183756810
18.5100000000 0.0182794001
18.5200000000 0.0181730417
18.5300000000 0.0180594143
18.5400000000 0.0179419851
18.5500000000 0.0178239748
18.5600000000 0.0177087224
18.5700000000 0.0175994789
18.5800000000 0.0174991230
18.5900000000 0.0174101844
18.6000000000 0.0173349162
18.6100000000 0.0172747419
18.6200000000 0.0172304018
18.6300000000 0.0172015137
18.6400000000 0.0171864949
18.6500000000 0.0171824817
18.6600000000 0.0171854937
18.6700000000 0.0171910397
18.6800000000 0.0171944621
18.6900000000 0.0171918698
18.7000000000 0.0171804133
18.7100000000 0.0171588649
18.7200000000 0.0171274743
18.7300000000 0.0170881725
18.7400000000 0.0170434423
18.7500000000 0.0169961153
18.7600000000 0.0169487557
18.7700000000 0.0169035845
18.7800000000 0.0168625629
18.7900000000 0.0168268808
18.8000000000 0.0167976219
18.8100000000 0.0167754100
18.8200000000 0.0167603388
18.8300000000 0.0167523413
18.8400000000 0.0167509361
18.8500000000 0.0167554983
18.8600000000 0.0167653446
18.8700000000 0.0167797885
18.8800000000 0.0167976940
18.8900000000 0.0168181454
18.9000000000 0.0168398411
18.9100000000 0.0168616955
18.9200000000 0.0168831121
18.9300000000 0.0169039543
18.9400000000 0.0169243809
18.9500000000 0.0169449856
18.9600000000 0.0169658083
18.9700000000 0.0169864670
18.9800000000 0.0170058249
18.9900000000 0.0170219507
19.0000000000 0.0170330015
19.0100000000 0.0170373625
19.0200000000 0.0170342168
19.0300000000 0.0170234498
19.0400000000 0.0170054941
19.0500000000 0.0169815864
19.0600000000 0.0169525556
19.0700000000 0.0169195209
19.0800000000 0.0168827966
19.0900000000 0.0168425504
19.1000000000 0.0167981545
19.1100000000 0.0167488130
19.1200000000 0.0166934436
19.1300000000 0.0166315360
19.1400000000 0.0165626760
19.1500000000 0.0164875878
19.1600000000 0.0164079772
19.1700000000 0.0163264009
19.1800000000 0.0162458945
19.1900000000 0.0161698715
19.2000000000 0.0161015716
19.2100000000 0.0160435088
19.2200000000 0.0159974151
19.2300000000 0.0159633900
19.2400000000 0.0159404576
19.2500000000 0.0159264088
19.2600000000 0.0159182304
19.2700000000 0.0159124780
19.2800000000 0.0159060242
19.2900000000 0.0158962827
19.3000000000 0.0158818889
19.3100000000 0.0158628355
19.3200000000 0.0158401203
19.3300000000 0.0158159098
19.3400000000 0.0157926094
19.3500000000 0.0157724176
19.3600000000 0.0157569707
19.3700000000 0.0157469015
19.3800000000 0.0157419106
19.3900000000 0.0157410364
19.4000000000 0.0157427443
19.4100000000 0.0157453020
19.4200000000 0.0157472865
19.4300000000 0.0157475880
19.4400000000 0.0157455854
19.4500000000 0.0157412562
19.4600000000 0.0157348923
19.4700000000 0.0157266487
19.4800000000 0.0157164953
19.4900000000 0.0157043661
19.5000000000 0.0156901488
19.5100000000 0.0156733499
19.5200000000 0.0156538706
19.5300000000 0.0156317755
19.5400000000 0.0156076572
19.5500000000 0.0155823848
19.5600000000 0.0155574736
19.5700000000 0.0155343067
19.5800000000 0.0155142148
19.5900000000 0.0154976980
19.6000000000 0.0154844561
19.6100000000 0.0154732561
19.6200000000 0.0154626019
19.6300000000 0.0154513645
19.6400000000 0.0154385876
19.6500000000 0.0154245405
19.6600000000 0.0154103526
19.6700000000 0.0153983513
19.6800000000 0.0153915637
19.6900000000 0.0153935887
19.7000000000 0.0154086134
19.7100000000 0.0154410312
19.7200000000 0.0154951774
19.7300000000 0.0155750652
19.7400000000 0.0156839544
19.7500000000 0.0158238536
19.7600000000 0.0159947919
19.7700000000 0.0161944755
19.7800000000 0.0164181452
19.7900000000 0.0166589003
19.8000000000 0.0169084648
19.8100000000 0.0171577522
19.8200000000 0.0173979881
19.8300000000 0.0176212212
19.8400000000 0.0178210276
19.8500000000 0.0179928713
19.8600000000 0.0181342931
19.8700000000 0.0182456154
19.8800000000 0.0183288927
19.8900000000 0.0183880328
19.9000000000 0.0184280904
19.9100000000 0.0184540088
19.9200000000 0.0184708299
19.9300000000 0.0184826456
19.9400000000 0.0184925571
19.9500000000 0.0185025109
19.9600000000 0.0185130144
19.9700000000 0.0185235111
19.9800000000 0.0185328522
19.9900000000 0.0185398371
20.0000000000 0.0185434168
