124000.0000000000 96.0678926182
62000.0000000000 85.9309730776
41333.3333333333 73.0785327672
31000.0000000000 60.4250553119
24800.0000000000 49.4217896559
20666.6666666667 40.4238915568
17714.2857142857 33.2653676513
15500.0000000000 27.6207312513
13777.7777777778 23.1650704800
12400.0000000000 19.6259237063
11272.7272727273 16.7900933213
10333.3333333333 14.4955350392
9538.4615384615 12.6203452930
8857.1428571429 11.0728803490
8266.6666666667 9.7839401727
7750.0000000000 8.7008993517
7294.1176470588 7.7833973883
6888.8888888889 7.0001994017
6526.3157894737 6.3269102908
6200.0000000000 5.7443041497
5904.7619047619 5.2370957758
5636.3636363636 4.7930305615
5391.3043478261 4.4022047711
5166.6666666667 4.0565536441
4960.0000000000 3.7494626515
4769.2307692308 3.4754697545
4592.5925925926 3.2300356836
4428.5714285714 3.0093651333
4275.8620689655 2.8102667308
4133.3333333333 2.6300423111
4000.0000000000 2.4663991695
3875.0000000000 2.3173795928
3757.5757575758 2.1813043318
3647.0588235294 2.0567267527
3542.8571428571 1.9423954043
3444.4444444444 1.8372235784
3351.3513513514 1.7402639837
3263.1578947368 1.6506880432
3179.4871794872 1.5677685535
3100.0000000000 1.4908652272
3024.3902439024 1.4194125465
2952.3809523810 1.3529096587
2883.7209302326 1.2909116503
2818.1818181818 1.2330223344
2755.5555555556 1.1788879280
2695.6521739130 1.1281917826
2638.2978723404 1.0806498244
2583.3333333333 1.0360066280
2530.6122448980 0.9940320006
2480.0000000000 0.9545181163
2431.3725490196 0.9172768976
2384.6153846154 0.8821378530
2339.6226415094 0.8489461426
2296.2962962963 0.8175609036
2254.5454545455 0.7878536910
2214.2857142857 0.7597073246
2175.4385964912 0.7330145907
2137.9310344828 0.7076773545
2101.6949152542 0.6836055365
2066.6666666667 0.6607164782
2032.7868852459 0.6389340901
2000.0000000000 0.6181883371
1968.2539682540 0.5984145736
1937.5000000000 0.5795531535
1907.6923076923 0.5615489208
1878.7878787879 0.5443507725
1850.7462686567 0.5279114117
1823.5294117647 0.5121869406
1797.1014492754 0.4971365265
1771.4285714286 0.4827222894
1746.4788732394 0.4689089377
1722.2222222222 0.4556635583
1698.6301369863 0.4429554982
1675.6756756757 0.4307561235
1653.3333333333 0.4190386701
1631.5789473684 0.4077781469
1610.3896103896 0.3969511224
1589.7435897436 0.3865356698
1569.6202531646 0.3765112153
1550.0000000000 0.3668584276
1530.8641975309 0.3575592231
1512.1951219512 0.3485965594
1493.9759036145 0.3399543833
1476.1904761905 0.3316176323
1458.8235294118 0.3235721100
1441.8604651163 0.3158044165
1425.2873563218 0.3083018980
1409.0909090909 0.3010526833
1393.2584269663 0.2940454545
1377.7777777778 0.2872696158
1362.6373626374 0.2807150912
1347.8260869565 0.2743723458
1333.3333333333 0.2682323859
1319.1489361702 0.2622866379
1305.2631578947 0.2565270285
1291.6666666667 0.2509458757
1278.3505154639 0.2455358805
1265.3061224490 0.2402901329
1252.5252525253 0.2352020489
1240.0000000000 0.2302653737
1227.7227722772 0.2254741996
1215.6862745098 0.2208228340
1203.8834951456 0.2163059128
1192.3076923077 0.2119182997
1180.9523809524 0.2076551330
1169.8113207547 0.2035117235
1158.8785046729 0.1994836629
1148.1481481481 0.1955667033
1137.6146788991 0.1917567864
1127.2727272727 0.1880500656
1117.1171171171 0.1844428536
1107.1428571429 0.1809316253
1097.3451327434 0.1775129982
1087.7192982456 0.1741837513
1078.2608695652 0.1709408034
1068.9655172414 0.1677812015
1059.8290598291 0.1647021243
1050.8474576271 0.1617008424
1042.0168067227 0.1587747719
1033.3333333333 0.1559214292
1024.7933884298 0.1531384199
1016.3934426230 0.1504234606
1008.1300813008 0.1477743304
1000.0000000000 0.1451889464
992.0000000000 0.1426652800
984.1269841270 0.1402013812
976.3779527559 0.1377953778
968.7500000000 0.1354454649
961.2403100775 0.1331499405
953.8461538462 0.1309071079
946.5648854962 0.1287153975
939.3939393939 0.1265732493
932.3308270677 0.1244792004
925.3731343284 0.1224318223
918.5185185185 0.1204297198
911.7647058824 0.1184715866
905.1094890511 0.1165561538
898.5507246377 0.1146821624
892.0863309353 0.1128484607
885.7142857143 0.1110538934
879.4326241135 0.1092973348
873.2394366197 0.1075777568
867.1328671329 0.1058941129
861.1111111111 0.1042454092
855.1724137931 0.1026306865
849.3150684932 0.1010490222
843.5374149660 0.0994995318
837.8378378378 0.0979813200
832.2147651007 0.0964935987
826.6666666667 0.0950355209
821.1920529801 0.0936063152
815.7894736842 0.0922052359
810.4575163399 0.0908315503
805.1948051948 0.0894845517
800.0000000000 0.0881635320
794.8717948718 0.0868678600
789.8089171975 0.0855968717
784.8101265823 0.0843499650
779.8742138365 0.0831265225
775.0000000000 0.0819259587
770.1863354037 0.0807477214
765.4320987654 0.0795912598
760.7361963190 0.0784560401
756.0975609756 0.0773415316
751.5151515152 0.0762472559
746.9879518072 0.0751727205
742.5149700599 0.0741174532
738.0952380952 0.0730810023
733.7278106509 0.0720629365
729.4117647059 0.0710627986
725.1461988304 0.0700801837
720.9302325581 0.0691146782
716.7630057803 0.0681659211
712.6436781609 0.0672334954
708.5714285714 0.0663170389
704.5454545455 0.0654161954
700.5649717514 0.0645306015
696.6292134831 0.0636599331
692.7374301676 0.0628038583
688.8888888889 0.0619620534
685.0828729282 0.0611341872
681.3186813187 0.0603199702
677.5956284153 0.0595191050
673.9130434783 0.0587312875
670.2702702703 0.0579562719
666.6666666667 0.0571937414
663.1016042781 0.0564434694
659.5744680851 0.0557051759
656.0846560847 0.0549786063
652.6315789474 0.0542635171
649.2146596859 0.0535596910
645.8333333333 0.0528668586
642.4870466321 0.0521848240
639.1752577320 0.0515133554
635.8974358974 0.0508522319
632.6530612245 0.0502012449
629.4416243655 0.0495601959
626.2626262626 0.0489288836
623.1155778894 0.0483071015
620.0000000000 0.0476946869
616.9154228856 0.0470914270
613.8613861386 0.0464971510
610.8374384236 0.0459116856
607.8431372549 0.0453348687
604.8780487805 0.0447665211
601.9417475728 0.0442064745
599.0338164251 0.0436545735
596.1538461538 0.0431106749
593.3014354067 0.0425746025
590.4761904762 0.0420462387
587.6777251185 0.0415254165
584.9056603774 0.0410119978
582.1596244131 0.0405058417
579.4392523364 0.0400068202
576.7441860465 0.0395148181
574.0740740741 0.0390296725
571.4285714286 0.0385512786
568.8073394495 0.0380795002
566.2100456621 0.0376142431
563.6363636364 0.0371553518
561.0859728507 0.0367027437
558.5585585586 0.0362563045
556.0538116592 0.0358159029
553.5714285714 0.0353814509
551.1111111111 0.0349528289
548.6725663717 0.0345299602
546.2555066079 0.0341127077
543.8596491228 0.0337010061
541.4847161572 0.0332947447
539.1304347826 0.0328938261
536.7965367965 0.0324981810
534.4827586207 0.0321076796
532.1888412017 0.0317222795
529.9145299145 0.0313418631
527.6595744681 0.0309663410
525.4237288136 0.0305956670
523.2067510549 0.0302297348
521.0084033613 0.0298684661
518.8284518828 0.0295117815
516.6666666667 0.0291596159
514.5228215768 0.0288118876
512.3966942149 0.0284685286
510.2880658436 0.0281294707
508.1967213115 0.0277946291
506.1224489796 0.0274639623
504.0650406504 0.0271373843
502.0242914980 0.0268148227
500.0000000000 0.0264962186
497.9919678715 0.0261815268
496.0000000000 0.0258706722
494.0239043825 0.0255635937
492.0634920635 0.0252602292
490.1185770751 0.0249605303
488.1889763780 0.0246644333
486.2745098039 0.0243718886
484.3750000000 0.0240828311
482.4902723735 0.0237972097
480.6201550388 0.0235149866
478.7644787645 0.0232360949
476.9230769231 0.0229604819
475.0957854406 0.0226881215
473.2824427481 0.0224189318
471.4828897338 0.0221528858
469.6969696970 0.0218899283
467.9245283019 0.0216300311
466.1654135338 0.0213731241
464.4194756554 0.0211191784
462.6865671642 0.0208681504
460.9665427509 0.0206199827
459.2592592593 0.0203746582
457.5645756458 0.0201321187
455.8823529412 0.0198923192
454.2124542125 0.0196552414
452.5547445255 0.0194208257
450.9090909091 0.0191890529
449.2753623188 0.0189598630
447.6534296029 0.0187332362
446.0431654676 0.0185091384
444.4444444444 0.0182875223
442.8571428571 0.0180683666
441.2811387900 0.0178516231
439.7163120567 0.0176372570
438.1625441696 0.0174252592
436.6197183099 0.0172155675
435.0877192982 0.0170081726
433.5664335664 0.0168030249
432.0557491289 0.0166001013
430.5555555556 0.0163993909
429.0657439446 0.0162008311
427.5862068966 0.0160044103
426.1168384880 0.0158101045
424.6575342466 0.0156178759
423.2081911263 0.0154276996
421.7687074830 0.0152395507
420.3389830508 0.0150534039
418.9189189189 0.0148692335
417.5084175084 0.0146870011
416.1073825503 0.0145066937
414.7157190635 0.0143282850
413.3333333333 0.0141517364
411.9601328904 0.0139770465
410.5960264901 0.0138041889
409.2409240924 0.0136331116
407.8947368421 0.0134638255
406.5573770492 0.0132962910
405.2287581699 0.0131304934
403.9087947883 0.0129664056
402.5974025974 0.0128040125
401.2944983819 0.0126432742
400.0000000000 0.0124841879
398.7138263666 0.0123267381
397.4358974359 0.0121708848
396.1661341853 0.0120166244
394.9044585987 0.0118639290
393.6507936508 0.0117127828
392.4050632911 0.0115631576
391.1671924290 0.0114150613
389.9371069182 0.0112684418
388.7147335423 0.0111233066
387.5000000000 0.0109796272
386.2928348910 0.0108373874
385.0931677019 0.0106965822
383.9009287926 0.0105571830
382.7160493827 0.0104191849
381.5384615385 0.0102825592
380.3680981595 0.0101473240
379.2048929664 0.0100134505
378.0487804878 0.0098809329
376.8996960486 0.0097497654
375.7575757576 0.0096199421
374.6223564955 0.0094914681
373.4939759036 0.0093643485
372.3723723724 0.0092385535
371.2574850299 0.0091141106
370.1492537313 0.0089909673
369.0476190476 0.0088691167
367.9525222552 0.0087485181
366.8639053254 0.0086291201
365.7817109145 0.0085108937
364.7058823529 0.0083937885
363.6363636364 0.0082777650
362.5730994152 0.0081628067
361.5160349854 0.0080489077
360.4651162791 0.0079360621
359.4202898551 0.0078242855
358.3815028902 0.0077135826
357.3487031700 0.0076039897
356.3218390805 0.0074955211
355.3008595989 0.0073882226
354.2857142857 0.0072820965
353.2763532764 0.0071771870
352.2727272727 0.0070734953
351.2747875354 0.0069710013
350.2824858757 0.0068696643
349.2957746479 0.0067694334
348.3146067416 0.0066702173
347.3389355742 0.0065719261
346.3687150838 0.0064744818
345.4038997214 0.0063778380
344.4444444444 0.0062819798
343.4903047091 0.0061869023
342.5414364641 0.0060926411
341.5977961433 0.0059992306
340.6593406593 0.0059067146
339.7260273973 0.0058151555
338.7978142077 0.0057245848
337.8746594005 0.0056350330
336.9565217391 0.0055465300
336.0433604336 0.0054590755
335.1351351351 0.0053726883
334.2318059299 0.0052873578
333.3333333333 0.0052030830
332.4396782842 0.0051198716
331.5508021390 0.0050376843
330.6666666667 0.0049564816
329.7872340426 0.0048762067
328.9124668435 0.0047967478
328.0423280423 0.0047180236
327.1767810026 0.0046399365
326.3157894737 0.0045624365
325.4593175853 0.0044854661
324.6073298429 0.0044090231
323.7597911227 0.0043331144
322.9166666667 0.0042577468
322.0779220779 0.0041829533
321.2435233161 0.0041087925
320.4134366925 0.0040352863
319.5876288660 0.0039624735
318.7660668380 0.0038903829
317.9487179487 0.0038190254
317.1355498721 0.0037483945
316.3265306122 0.0036784670
315.5216284987 0.0036092372
314.7208121827 0.0035406829
313.9240506329 0.0034727991
313.1313131313 0.0034055809
312.3425692695 0.0033390562
311.5577889447 0.0032732357
310.7769423559 0.0032081377
310.0000000000 0.0031437878
309.2269326683 0.0030802026
308.4577114428 0.0030174057
307.6923076923 0.0029553964
306.9306930693 0.0028941736
306.1728395062 0.0028337131
305.4187192118 0.0027739762
304.6683046683 0.0027149026
303.9215686275 0.0026564349
303.1784841076 0.0025985251
302.4390243902 0.0025411421
301.7031630170 0.0024842780
300.9708737864 0.0024279397
300.2421307506 0.0023721485
299.5169082126 0.0023169385
298.7951807229 0.0022623432
298.0769230769 0.0022083800
297.3621103118 0.0021550800
296.6507177033 0.0021024520
295.9427207637 0.0020504845
295.2380952381 0.0019991734
294.5368171021 0.0019484888
293.8388625592 0.0018984222
293.1442080378 0.0018489730
292.4528301887 0.0018001480
291.7647058824 0.0017520104
291.0798122066 0.0017046217
290.3981264637 0.0016580642
289.7196261682 0.0016124463
289.0442890443 0.0015678764
288.3720930233 0.0015244364
287.7030162413 0.0014822077
287.0370370370 0.0014412050
286.3741339492 0.0014014055
285.7142857143 0.0013627043
285.0574712644 0.0013249337
284.4036697248 0.0012879091
283.7528604119 0.0012514370
283.1050228311 0.0012153829
282.4601366743 0.0011796879
281.8181818182 0.0011443992
281.1791383220 0.0011096440
280.5429864253 0.0010756102
279.9097065463 0.0010424781
279.2792792793 0.0010103881
278.6516853933 0.0009793990
278.0269058296 0.0009494356
277.4049217002 0.0009202986
276.7857142857 0.0008916963
276.1692650334 0.0008632791
275.5555555556 0.0008347475
274.9445676275 0.0008058946
274.3362831858 0.0007766450
273.7306843267 0.0007470458
273.1277533040 0.0007172303
272.5274725275 0.0006873924
271.9298245614 0.0006577483
271.3347921225 0.0006285226
270.7423580786 0.0005999213
270.1525054466 0.0005721529
269.5652173913 0.0005453976
268.9804772234 0.0005198247
268.3982683983 0.0004955892
267.8185745140 0.0004728024
267.2413793103 0.0004515108
266.6666666667 0.0004316836
266.0944206009 0.0004131736
265.5246252677 0.0003957283
264.9572649573 0.0003789919
264.3923240938 0.0003625762
263.8297872340 0.0003461345
263.2696390658 0.0003294107
262.7118644068 0.0003122908
262.1564482030 0.0002947955
261.6033755274 0.0002770352
261.0526315789 0.0002591712
260.5042016807 0.0002413714
259.9580712788 0.0002237967
259.4142259414 0.0002065748
258.8726513570 0.0001898198
258.3333333333 0.0001736259
257.7962577963 0.0001580795
257.2614107884 0.0001432687
256.7287784679 0.0001292751
256.1983471074 0.0001161798
255.6701030928 0.0001040669
255.1440329218 0.0000930163
254.6201232033 0.0000831081
254.0983606557 0.0000744125
253.5787321063 0.0000669892
253.0612244898 0.0000608781
252.5458248473 0.0000560847
252.0325203252 0.0000525713
251.5212981744 0.0000502354
251.0121457490 0.0000488992
250.5050505051 0.0000483142
250.0000000000 0.0000481818
249.4969818913 0.0000481960
248.9959839357 0.0000481008
248.4969939880 0.0000477465
248.0000000000 0.0000471026
247.5049900200 0.0000462453
247.0119521912 0.0000453114
246.5208747515 0.0000444515
246.0317460317 0.0000438061
245.5445544554 0.0000434996
245.0592885375 0.0000436567
244.5759368836 0.0000444212
244.0944881890 0.0000459583
243.6149312377 0.0000484470
243.1372549020 0.0000520554
242.6614481409 0.0000569149
242.1875000000 0.0000631080
241.7153996101 0.0000706604
241.2451361868 0.0000795237
240.7766990291 0.0000895925
240.3100775194 0.0001006980
239.8452611219 0.0001126290
239.3822393822 0.0001251564
238.9210019268 0.0001380791
238.4615384615 0.0001512704
238.0038387716 0.0001647227
237.5478927203 0.0001785474
237.0936902486 0.0001929483
236.6412213740 0.0002081586
236.1904761905 0.0002243530
235.7414448669 0.0002415954
235.2941176471 0.0002598058
234.8484848485 0.0002787647
234.4045368620 0.0002981533
233.9622641509 0.0003176125
233.5216572505 0.0003368258
233.0827067669 0.0003556140
232.6454033771 0.0003739920
232.2097378277 0.0003921812
231.7757009346 0.0004105400
231.3432835821 0.0004294281
230.9124767225 0.0004490912
230.4832713755 0.0004695190
230.0556586271 0.0004904491
229.6296296296 0.0005113865
229.2051756007 0.0005317353
228.7822878229 0.0005509852
228.3609576427 0.0005688855
227.9411764706 0.0005856289
227.5229357798 0.0006018605
227.1062271062 0.0006185994
226.6910420475 0.0006370406
226.2773722628 0.0006582816
225.8652094718 0.0006832138
225.4545454545 0.0007124096
225.0453720508 0.0007461373
224.6376811594 0.0007844517
224.2314647378 0.0008272608
223.8267148014 0.0008743667
223.4234234234 0.0009255564
223.0215827338 0.0009806030
222.6211849192 0.0010392781
222.2222222222 0.0011013439
221.8246869410 0.0011665676
221.4285714286 0.0012346632
221.0338680927 0.0013052798
220.6405693950 0.0013779642
220.2486678508 0.0014521402
219.8581560284 0.0015270415
219.4690265487 0.0016017367
219.0812720848 0.0016751011
218.6948853616 0.0017458662
218.3098591549 0.0018126887
217.9261862917 0.0018742146
217.5438596491 0.0019292722
217.1628721541 0.0019769561
216.7832167832 0.0020168571
216.4048865620 0.0020491379
216.0278745645 0.0020747177
215.6521739130 0.0020951165
215.2777777778 0.0021122888
214.9046793761 0.0021282628
214.5328719723 0.0021448373
214.1623488774 0.0021634270
213.7931034483 0.0021851775
213.4251290878 0.0022111635
213.0584192440 0.0022425379
212.6929674099 0.0022805217
212.3287671233 0.0023262249
211.9658119658 0.0023803677
211.6040955631 0.0024431709
211.2436115843 0.0025143041
210.8843537415 0.0025929441
210.5263157895 0.0026778877
210.1694915254 0.0027676612
209.8138747885 0.0028606075
209.4594594595 0.0029550344
209.1062394604 0.0030493713
208.7542087542 0.0031423354
208.4033613445 0.0032332114
208.0536912752 0.0033219655
207.7051926298 0.0034094090
207.3578595318 0.0034970693
207.0116861436 0.0035870794
206.6666666667 0.0036817978
206.3227953411 0.0037833638
205.9800664452 0.0038932506
205.6384742952 0.0040121008
205.2980132450 0.0041395755
204.9586776860 0.0042745790
204.6204620462 0.0044154607
204.2833607908 0.0045603031
203.9473684211 0.0047073201
203.6124794745 0.0048552019
203.2786885246 0.0050033235
202.9459901800 0.0051519175
202.6143790850 0.0053018594
202.2838499184 0.0054541912
201.9543973941 0.0056095483
201.6260162602 0.0057676021
201.2987012987 0.0059268679
200.9724473258 0.0060847644
200.6472491909 0.0062380847
200.3231017771 0.0063837539
200.0000000000 0.0065197977
199.6779388084 0.0066462473
199.3569131833 0.0067657800
199.0369181380 0.0068836267
198.7179487179 0.0070067970
198.4000000000 0.0071428385
198.0830670927 0.0072985101
197.7671451356 0.0074788744
197.4522292994 0.0076869801
197.1383147854 0.0079240706
196.8253968254 0.0081899785
196.5134706815 0.0084836113
196.2025316456 0.0088034130
195.8925750395 0.0091475982
195.5835962145 0.0095142310
195.2755905512 0.0099013923
194.9685534591 0.0103071027
194.6624803768 0.0107294041
194.3573667712 0.0111662357
194.0532081377 0.0116155359
193.7500000000 0.0120749909
193.4477379095 0.0125419380
193.1464174455 0.0130131522
192.8460342146 0.0134843861
192.5465838509 0.0139504653
192.2480620155 0.0144051256
191.9504643963 0.0148415133
191.6537867079 0.0152523489
191.3580246914 0.0156306730
191.0631741140 0.0159702994
190.7692307692 0.0162666011
190.4761904762 0.0165175303
190.1840490798 0.0167241549
189.8928024502 0.0168911935
189.6024464832 0.0170263853
189.3129770992 0.0171391856
189.0243902439 0.0172387681
188.7366818874 0.0173320185
188.4498480243 0.0174218121
188.1638846737 0.0175064767
187.8787878788 0.0175799216
187.5945537065 0.0176329290
187.3111782477 0.0176553643
187.0286576169 0.0176387729
186.7469879518 0.0175795046
186.4661654135 0.0174810282
186.1861861862 0.0173548767
185.9070464768 0.0172195227
185.6287425150 0.0170963915
185.3512705531 0.0170049170
185.0746268657 0.0169579377
184.7988077496 0.0169590202
184.5238095238 0.0170029833
184.2496285290 0.0170785007
183.9762611276 0.0171725434
183.7037037037 0.0172747521
183.4319526627 0.0173811307
183.1610044313 0.0174956735
182.8908554572 0.0176290685
182.6215022091 0.0177951310
182.3529411765 0.0180055939
182.0851688693 0.0182656102
181.8181818182 0.0185716900
181.5519765739 0.0189122416
181.2865497076 0.0192709813
181.0218978102 0.0196312516
180.7580174927 0.0199801235
180.4949053857 0.0203106123
180.2325581395 0.0206209392
179.9709724238 0.0209113398
179.7101449275 0.0211790873
179.4500723589 0.0214149281
179.1907514451 0.0216016800
178.9321789322 0.0217166361
178.6743515850 0.0217369613
178.4172661871 0.0216464267
178.1609195402 0.0214411748
177.9053084648 0.0211325927
177.6504297994 0.0207455927
177.3962804006 0.0203131621
177.1428571429 0.0198688259
176.8901569187 0.0194407670
176.6381766382 0.0190486513
176.3869132290 0.0187041394
176.1363636364 0.0184140053
175.8865248227 0.0181842607
175.6373937677 0.0180231740
175.3889674682 0.0179423224
175.1412429379 0.0179550115
174.8942172073 0.0180736295
174.6478873239 0.0183065572
174.4022503516 0.0186562379
174.1573033708 0.0191182885
173.9130434783 0.0196821043
173.6694677871 0.0203319446
173.4265734266 0.0210486175
173.1843575419 0.0218109863
172.9428172943 0.0225968122
172.7019498607 0.0233831471
172.4617524339 0.0241457526
172.2222222222 0.0248578135
171.9833564494 0.0254896136
171.7451523546 0.0260097533
171.5076071923 0.0263885788
171.2707182320 0.0266032756
171.0344827586 0.0266428417
170.7988980716 0.0265119512
170.5639614856 0.0262323127
170.3296703297 0.0258417340
170.0960219479 0.0253905663
169.8630136986 0.0249349983
169.6306429549 0.0245286741
169.3989071038 0.0242143969
169.1678035471 0.0240175888
168.9373297003 0.0239436602
168.7074829932 0.0239795199
168.4782608696 0.0240988751
168.2496607870 0.0242701171
168.0216802168 0.0244642508
167.7943166441 0.0246613303
167.5675675676 0.0248531037
167.3414304993 0.0250410983
167.1159029650 0.0252314959
166.8909825034 0.0254293081
166.6666666667 0.0256344085
166.4429530201 0.0258404586
166.2198391421 0.0260369532
165.9973226238 0.0262120171
165.7754010695 0.0263554195
165.5540720961 0.0264602632
165.3333333333 0.0265243907
165.1131824234 0.0265513117
164.8936170213 0.0265501703
164.6746347942 0.0265344070
164.4562334218 0.0265182613
164.2384105960 0.0265122753
164.0211640212 0.0265193710
163.8044914135 0.0265329468
163.5883905013 0.0265387206
163.3728590250 0.0265194034
163.1578947368 0.0264610649
162.9434954008 0.0263588447
162.7296587927 0.0262189885
162.5163826999 0.0260567633
162.3036649215 0.0258913565
162.0915032680 0.0257401390
161.8798955614 0.0256153846
161.6688396349 0.0255244979
161.4583333333 0.0254732253
161.2483745124 0.0254692176
161.0389610390 0.0255235438
160.8300907912 0.0256494356
160.6217616580 0.0258591699
160.4139715395 0.0261619225
160.2067183463 0.0265634197
160.0000000000 0.0270673595
159.7938144330 0.0276763554
159.5881595882 0.0283914536
159.3830334190 0.0292096349
159.1784338896 0.0301211290
158.9743589744 0.0311079792
158.7708066581 0.0321449552
158.5677749361 0.0332022576
158.3652618135 0.0342498831
158.1632653061 0.0352621523
157.9617834395 0.0362208714
157.7608142494 0.0371160171
157.5603557814 0.0379446169
157.3604060914 0.0387076267
157.1609632446 0.0394082832
156.9620253165 0.0400515680
156.7635903919 0.0406445572
156.5656565657 0.0411964484
156.3682219420 0.0417176330
156.1712846348 0.0422185612
155.9748427673 0.0427089076
155.7788944724 0.0431967454
155.5834378921 0.0436871372
155.3884711779 0.0441796140
155.1939924906 0.0446661805
155.0000000000 0.0451310820
154.8064918851 0.0455533497
154.6134663342 0.0459109049
154.4209215442 0.0461854485
154.2288557214 0.0463662282
154.0372670807 0.0464529143
153.8461538462 0.0464571077
153.6555142503 0.0464022210
153.4653465347 0.0463189941
153.2756489493 0.0462384613
153.0864197531 0.0461839446
152.8976572133 0.0461656987
152.7093596059 0.0461803148
152.5215252153 0.0462127997
152.3341523342 0.0462401970
152.1472392638 0.0462327224
151.9607843137 0.0461542797
151.7747858017 0.0459641032
151.5892420538 0.0456217865
151.4041514042 0.0450955931
151.2195121951 0.0443705276
151.0353227771 0.0434537336
150.8515815085 0.0423751705
150.6682867558 0.0411856676
150.4854368932 0.0399524240
150.3030303030 0.0387530717
150.1210653753 0.0376682478
149.9395405079 0.0367717709
149.7584541063 0.0361211953
149.5778045838 0.0357517297
149.3975903614 0.0356733798
149.2178098676 0.0358741072
149.0384615385 0.0363245989
148.8595438175 0.0369848037
148.6810551559 0.0378093683
148.5029940120 0.0387516816
148.3253588517 0.0397666053
148.1481481481 0.0408137110
147.9713603819 0.0418612790
147.7949940405 0.0428911577
147.6190476190 0.0439012060
147.4435196195 0.0449050223
147.2684085511 0.0459276602
147.0937129300 0.0469983257
146.9194312796 0.0481426786
146.7455621302 0.0493752509
146.5721040189 0.0506936728
146.3990554900 0.0520764960
146.2264150943 0.0534849346
146.0541813899 0.0548696954
145.8823529412 0.0561808150
145.7109283196 0.0573788601
145.5399061033 0.0584432825
145.3692848769 0.0593762396
145.1990632319 0.0602001044
145.0292397661 0.0609519084
144.8598130841 0.0616749323
144.6907817970 0.0624083623
144.5221445221 0.0631783535
144.3538998836 0.0639908490
144.1860465116 0.0648314162
144.0185830430 0.0656714386
143.8515081206 0.0664794968
143.6848203940 0.0672330180
143.5185185185 0.0679262747
143.3526011561 0.0685735809
143.1870669746 0.0692082487
143.0219146482 0.0698780269
142.8571428571 0.0706372670
142.6927502877 0.0715368181
142.5287356322 0.0726138242
142.3650975890 0.0738830341
142.2018348624 0.0753316025
142.0389461627 0.0769188971
141.8764302059 0.0785816699
141.7142857143 0.0802443257
141.5525114155 0.0818325022
141.3911060433 0.0832838255
141.2300683371 0.0845541237
141.0693970421 0.0856146247
140.9090909091 0.0864441869
140.7491486947 0.0870196690
140.5895691610 0.0873101683
140.4303510759 0.0872799183
140.2714932127 0.0868997583
140.1129943503 0.0861630481
139.9548532731 0.0850992653
139.7970687711 0.0837790705
139.6396396396 0.0823049188
139.4825646794 0.0807920674
139.3258426966 0.0793438459
139.1694725028 0.0780328969
139.0134529148 0.0768930619
138.8577827548 0.0759243793
138.7024608501 0.0751057705
138.5474860335 0.0744120910
138.3928571429 0.0738322224
138.2385730212 0.0733847226
138.0846325167 0.0731269118
137.9310344828 0.0731524571
137.7777777778 0.0735761750
137.6248612653 0.0745105587
137.4722838137 0.0760412047
137.3200442968 0.0782078556
137.1681415929 0.0809937410
137.0165745856 0.0843226770
136.8653421634 0.0880619707
136.7144432194 0.0920301060
136.5638766520 0.0960103900
136.4136413641 0.0997712438
136.2637362637 0.1030906530
136.1141602634 0.1057839348
135.9649122807 0.1077302227
135.8159912377 0.1088943362
135.6673960613 0.1093386182
135.5191256831 0.1092214404
135.3711790393 0.1087742886
135.2235550709 0.1082600782
135.0762527233 0.1079235276
134.9292709467 0.1079486406
134.7826086957 0.1084381805
134.6362649294 0.1094169266
134.4902386117 0.1108533331
134.3445287107 0.1126869210
134.1991341991 0.1148487233
134.0540540541 0.1172682551
133.9092872570 0.1198693770
133.7648327940 0.1225620028
133.6206896552 0.1252389992
133.4768568353 0.1277807441
133.3333333333 0.1300687843
133.1901181525 0.1319997055
133.0472103004 0.1334975808
132.9046087889 0.1345234264
132.7623126338 0.1350849015
132.6203208556 0.1352433550
132.4786324786 0.1351135772
132.3372465315 0.1348503467
132.1961620469 0.1346216262
132.0553780618 0.1345781012
131.9148936170 0.1348320238
131.7747077577 0.1354534659
131.6348195329 0.1364841646
131.4952279958 0.1379571008
131.3559322034 0.1399104231
131.2169312169 0.1423918182
131.0782241015 0.1454538225
130.9398099261 0.1491469655
130.8016877637 0.1535105336
130.6638566913 0.1585607341
130.5263157895 0.1642774136
130.3890641430 0.1705976060
130.2521008403 0.1774222890
130.1154249738 0.1846353160
129.9790356394 0.1921213347
129.8429319372 0.1997674904
129.7071129707 0.2074432532
129.5715778474 0.2149693273
129.4363256785 0.2220971281
129.3013555787 0.2285220296
129.1666666667 0.2339293861
129.0322580645 0.2380613266
128.8981288981 0.2407731983
128.7642782970 0.2420600510
128.6307053942 0.2420508285
128.4974093264 0.2409739162
128.3643892340 0.2391115107
128.2316442606 0.2367452451
128.0991735537 0.2341030477
127.9669762642 0.2313164346
127.8350515464 0.2284006025
127.7033985582 0.2252711897
127.5720164609 0.2217919752
127.4409044193 0.2178382301
127.3100616016 0.2133475914
127.1794871795 0.2083438195
127.0491803279 0.2029270912
126.9191402252 0.1972492891
126.7893660532 0.1914875250
126.6598569969 0.1858292659
126.5306122449 0.1804648208
126.4016309888 0.1755810257
126.2729124236 0.1713501620
126.1444557477 0.1679123020
126.0162601626 0.1653549585
125.8883248731 0.1636945925
125.7606490872 0.1628648341
125.6332320162 0.1627184809
125.5060728745 0.1630445381
125.3791708797 0.1635999481
125.2525252525 0.1641503938
125.1261352170 0.1645101889
125.0000000000 0.1645725066
124.8741188318 0.1643222150
124.7484909457 0.1638292995
124.6231155779 0.1632251442
124.4979919679 0.1626669149
124.3731193581 0.1622960082
124.2484969940 0.1621982859
124.1241241241 0.1623778440
124.0000000000 0.1627529845
123.8761238761 0.1631782168
123.7524950100 0.1634799737
123.6291126620 0.1634919167
123.5059760956 0.1630746080
123.3830845771 0.1621178696
123.2604373757 0.1605388211
123.1380337637 0.1582837111
123.0158730159 0.1553430174
122.8939544103 0.1517700716
122.7722772277 0.1476870127
122.6508407517 0.1432718766
122.5296442688 0.1387235926
122.4086870681 0.1342248269
122.2879684418 0.1299153052
122.1674876847 0.1258879129
122.0472440945 0.1222058767
121.9272369715 0.1189291436
121.8074656189 0.1161365037
121.6879293425 0.1139321546
121.5686274510 0.1124331168
121.4495592556 0.1117417971
121.3307240705 0.1119143685
121.2121212121 0.1129346632
121.0937500000 0.1147020355
120.9756097561 0.1170365368
120.8576998051 0.1196999843
120.7400194742 0.1224295481
120.6225680934 0.1249796124
120.5053449951 0.1271618121
120.3883495146 0.1288745619
120.2715809893 0.1301091680
120.1550387597 0.1309322252
120.0387221684 0.1314502814
119.9226305609 0.1317756109
119.8067632850 0.1320045263
119.6911196911 0.1322143985
119.5756991321 0.1324702742
119.4605009634 0.1328275005
119.3455245428 0.1333222750
119.2307692308 0.1339539952
119.1162343900 0.1346748391
119.0019193858 0.1353944839
118.8878235858 0.1360025486
118.7739463602 0.1363960704
118.6602870813 0.1365014400
118.5468451243 0.1362860282
118.4336198663 0.1357587770
118.3206106870 0.1349632396
118.2078169685 0.1339622920
118.0952380952 0.1328183522
117.9828734539 0.1315753293
117.8707224335 0.1302517036
117.7587844255 0.1288483891
117.6470588235 0.1273670361
117.5355450237 0.1258290261
117.4242424242 0.1242836520
117.3131504257 0.1228028750
117.2022684310 0.1214675992
117.0915958451 0.1203535080
116.9811320755 0.1195226315
116.8708765316 0.1190192863
116.7608286252 0.1188648098
116.6509877705 0.1190466539
116.5413533835 0.1195065579
116.4319248826 0.1201316531
116.3227016886 0.1207590199
116.2136832240 0.1211952504
116.1048689139 0.1212507128
115.9962581852 0.1207821142
115.8878504673 0.1197308648
115.7796451914 0.1181427138
115.6716417910 0.1161613015
115.5638397018 0.1139956101
115.4562383613 0.1118732340
115.3488372093 0.1099941639
115.2416356877 0.1084989372
115.1346332405 0.1074560401
115.0278293135 0.1068672749
114.9212233550 0.1066812437
114.8148148148 0.1068050901
114.7086031452 0.1071096365
114.6025878004 0.1074342461
114.4967682364 0.1075976423
114.3911439114 0.1074234704
114.2857142857 0.1067739399
114.1804788214 0.1055800684
114.0754369825 0.1038562047
113.9705882353 0.1016958838
113.8659320478 0.0992549618
113.7614678899 0.0967296378
113.6571952337 0.0943356252
113.5531135531 0.0922866753
113.4492223239 0.0907734923
113.3455210238 0.0899443714
113.2420091324 0.0898898730
113.1386861314 0.0906362526
113.0355515041 0.0921484272
112.9326047359 0.0943412569
112.8298453139 0.0970954893
112.7272727273 0.1002728534
112.6248864668 0.1037242322
112.5226860254 0.1072911046
112.4206708976 0.1108023735
112.3188405797 0.1140714994
112.2171945701 0.1169029818
112.1157323689 0.1191102786
112.0144534779 0.1205458255
111.9133574007 0.1211307331
111.8124436429 0.1208739463
111.7117117117 0.1198676361
111.6111611161 0.1182631956
111.5107913669 0.1162357295
111.4106019766 0.1139517736
111.3105924596 0.1115497834
111.2107623318 0.1091373442
111.1111111111 0.1068047345
111.0116383169 0.1046453086
110.9123434705 0.1027691135
110.8132260947 0.1013019038
110.7142857143 0.1003663773
110.6155218555 0.1000563229
110.5169340463 0.1004120901
110.4185218166 0.1014094781
110.3202846975 0.1029622027
110.2222222222 0.1049355779
110.1243339254 0.1071658187
110.0266193434 0.1094773820
109.9290780142 0.1116972222
109.8317094774 0.1136688774
109.7345132743 0.1152671036
109.6374889478 0.1164156308
109.5406360424 0.1170989503
109.4439541041 0.1173645298
109.3474426808 0.1173090599
109.2511013216 0.1170521515
109.1549295775 0.1167064297
109.0589270009 0.1163548501
108.9630931459 0.1160404926
108.8674275680 0.1157704940
108.7719298246 0.1155282464
108.6765994741 0.1152863804
108.5814360771 0.1150162743
108.4864391951 0.1146907247
108.3916083916 0.1142851912
108.2969432314 0.1137783932
108.2024432810 0.1131548084
108.1081081081 0.1124040208
108.0139372822 0.1115172183
107.9199303742 0.1104791750
107.8260869565 0.1092650014
107.7324066030 0.1078439958
107.6388888889 0.1061892202
107.5455333912 0.1042896553
107.4523396880 0.1021566013
107.3593073593 0.0998263778
107.2664359862 0.0973547480
107.1737251513 0.0948089762
107.0811744387 0.0922563598
106.9887834340 0.0897540142
106.8965517241 0.0873408521
106.8044788975 0.0850340892
106.7125645439 0.0828328219
106.6208082545 0.0807274815
106.5292096220 0.0787121639
106.4377682403 0.0767963166
106.3464837050 0.0750103338
106.2553556127 0.0734040408
106.1643835616 0.0720371417
106.0735671514 0.0709655374
105.9829059829 0.0702259848
105.8923996584 0.0698262019
105.8020477816 0.0697434313
105.7118499574 0.0699325672
105.6218057922 0.0703416895
105.5319148936 0.0709284231
105.4421768707 0.0716693347
105.3525913339 0.0725590311
105.2631578947 0.0736008220
105.1738761662 0.0747943297
105.0847457627 0.0761259559
104.9957662997 0.0775646823
104.9069373942 0.0790622046
104.8182586644 0.0805577495
104.7297297297 0.0819887384
104.6413502110 0.0833077749
104.5531197302 0.0845005920
104.4650379107 0.0855985438
104.3771043771 0.0866771684
104.2893187553 0.0878355918
104.2016806723 0.0891621583
104.1141897565 0.0906991891
104.0268456376 0.0924178854
103.9396479464 0.0942168973
103.8525963149 0.0959443148
103.7656903766 0.0974375274
103.6789297659 0.0985651090
103.5923141186 0.0992574229
103.5058430718 0.0995145513
103.4195162636 0.0993934465
103.3333333333 0.0989823973
103.2472939217 0.0983748481
103.1613976705 0.0976507184
103.0756442228 0.0968656155
102.9900332226 0.0960502173
102.9045643154 0.0952156666
102.8192371476 0.0943654036
102.7340513670 0.0935086080
102.6490066225 0.0926687919
102.5641025641 0.0918860199
102.4793388430 0.0912111940
102.3947151115 0.0906985696
102.3102310231 0.0903969083
102.2258862325 0.0903414954
102.1416803954 0.0905468416
102.0576131687 0.0910036280
101.9736842105 0.0916795229
101.8898931800 0.0925235819
101.8062397373 0.0934683514
101.7227235439 0.0944275843
101.6393442623 0.0952937010
101.5561015561 0.0959426375
101.4729950900 0.0962501403
101.3900245298 0.0961174835
101.3071895425 0.0954947742
101.2244897959 0.0943923941
101.1419249592 0.0928744138
101.0594947025 0.0910372545
100.9771986971 0.0889826410
100.8950366151 0.0867975765
100.8130081301 0.0845450140
100.7311129163 0.0822692585
100.6493506494 0.0800075526
100.5677210057 0.0777992800
100.4862236629 0.0756880890
100.4048582996 0.0737143140
100.3236245955 0.0719044343
100.2425222312 0.0702619904
100.1615508885 0.0687665545
100.0807102502 0.0673793390
100.0000000000 0.0660556265
99.9194198227 0.0647589412
99.8389694042 0.0634724291
99.7586484312 0.0622036078
99.6784565916 0.0609798333
99.5983935743 0.0598366454
99.5184590690 0.0588045826
99.4386527666 0.0578985930
99.3589743590 0.0571149727
99.2794235388 0.0564366459
99.2000000000 0.0558415953
99.1207034373 0.0553160060
99.0415335463 0.0548636544
98.9624900239 0.0545119507
98.8835725678 0.0543119460
98.8047808765 0.0543296586
98.7261146497 0.0546339005
98.6475735879 0.0552804793
98.5691573927 0.0562995148
98.4908657665 0.0576883871
98.4126984127 0.0594089768
98.3346550357 0.0613885348
98.2567353407 0.0635214930
98.1789390340 0.0656730358
98.1012658228 0.0676871370
98.0237154150 0.0694019410
97.9462875197 0.0706726560
97.8689818469 0.0713986994
97.7917981073 0.0715450112
97.7147360126 0.0711514733
97.6377952756 0.0703261148
97.5609756098 0.0692238323
97.4842767296 0.0680194487
97.4076983504 0.0668809704
97.3312401884 0.0659480330
97.2549019608 0.0653171946
97.1786833856 0.0650312299
97.1025841817 0.0650744648
97.0266040689 0.0653728887
96.9507427678 0.0658051327
96.8750000000 0.0662223917
96.7993754879 0.0664767838
96.7238689548 0.0664508221
96.6484801247 0.0660798010
96.5732087227 0.0653595259
96.4980544747 0.0643369327
96.4230171073 0.0630925358
96.3480963481 0.0617202889
96.2732919255 0.0603142973
96.1986035687 0.0589622276
96.1240310078 0.0577424476
96.0495739737 0.0567185484
95.9752321981 0.0559339042
95.9010054138 0.0554048324
95.8268933539 0.0551202203
95.7528957529 0.0550465789
95.6790123457 0.0551398194
95.6052428682 0.0553571602
95.5315870570 0.0556647079
95.4580446497 0.0560375654
95.3846153846 0.0564536796
95.3112990008 0.0568854157
95.2380952381 0.0572951807
95.1650038373 0.0576368569
95.0920245399 0.0578653759
95.0191570881 0.0579487716
94.9464012251 0.0578775810
94.8737566947 0.0576675162
94.8012232416 0.0573530197
94.7288006112 0.0569760134
94.6564885496 0.0565732894
94.5842868040 0.0561699697
94.5121951220 0.0557794595
94.4402132521 0.0554094559
94.3683409437 0.0550710624
94.2965779468 0.0547833361
94.2249240122 0.0545739901
94.1533788914 0.0544746568
94.0819423369 0.0545150643
94.0106141016 0.0547185523
93.9393939394 0.0550995984
93.8682816048 0.0556638659
93.7972768533 0.0564077081
93.7263794407 0.0573196499
93.6555891239 0.0583812203
93.5849056604 0.0595698316
93.5143288084 0.0608621258
93.4438583271 0.0622370998
93.3734939759 0.0636774192
93.3032355154 0.0651708071
93.2330827068 0.0667074846
93.1630353118 0.0682770716
93.0930930931 0.0698639780
93.0232558140 0.0714472786
92.9535232384 0.0730042336
92.8838951311 0.0745174425
92.8143712575 0.0759803302
92.7449513837 0.0774002189
92.6756352765 0.0787950235
92.6064227035 0.0801881992
92.5373134328 0.0815984843
92.4683072334 0.0830322796
92.3994038748 0.0844757015
92.3306031273 0.0858922574
92.2619047619 0.0872278912
92.1933085502 0.0884219070
92.1248142645 0.0894218620
92.0564216778 0.0901967496
91.9881305638 0.0907427157
91.9199406968 0.0910819823
91.8518518519 0.0912559644
91.7838638046 0.0913164131
91.7159763314 0.0913188199
91.6481892092 0.0913177695
91.5805022157 0.0913626111
91.5129151292 0.0914918224
91.4454277286 0.0917269047
91.3780397937 0.0920667725
91.3107511046 0.0924904769
91.2435614422 0.0929672049
91.1764705882 0.0934700715
91.1094783248 0.0939898402
91.0425844347 0.0945418961
90.9757887014 0.0951629174
90.9090909091 0.0959014466
90.8424908425 0.0968050394
90.7759882870 0.0979065376
90.7095830285 0.0992156535
90.6432748538 0.1007171723
90.5770635500 0.1023774990
90.5109489051 0.1041562179
90.4449307075 0.1060177960
90.3790087464 0.1079355303
90.3131828114 0.1098864963
90.2474526929 0.1118396753
90.1818181818 0.1137447233
90.1162790698 0.1155290314
90.0508351489 0.1171045506
89.9854862119 0.1183806210
89.9202320522 0.1192773735
89.8550724638 0.1197350614
89.7900072411 0.1197165613
89.7250361795 0.1192090115
89.6601590745 0.1182220523
89.5953757225 0.1167857357
89.5306859206 0.1149478252
89.4660894661 0.1127690553
89.4015861572 0.1103178740
89.3371757925 0.1076670754
89.2728581713 0.1048898862
89.2086330935 0.1020580608
89.1445003595 0.0992402163
89.0804597701 0.0965004726
89.0165111271 0.0938974569
88.9526542324 0.0914823636
88.8888888889 0.0892967182
88.8252148997 0.0873687617
88.7616320687 0.0857118447
88.6981402003 0.0843248507
88.6347390994 0.0831941684
88.5714285714 0.0822978261
88.5082084226 0.0816106841
88.4450784593 0.0811103686
88.3820384890 0.0807818044
88.3190883191 0.0806189799
88.2562277580 0.0806233631
88.1934566145 0.0807992916
88.1307746979 0.0811469432
88.0681818182 0.0816558960
88.0056777857 0.0822992003
87.9432624113 0.0830311176
87.8809355067 0.0837888091
87.8186968839 0.0844992057
87.7565463553 0.0850918567
87.6944837341 0.0855129909
87.6325088339 0.0857371543
87.5706214689 0.0857737418
87.5088214538 0.0856617875
87.4471086037 0.0854553887
87.3854827343 0.0852046078
87.3239436620 0.0849385080
87.2624912034 0.0846554990
87.2011251758 0.0843264043
87.1398453970 0.0839054726
87.0786516854 0.0833466662
87.0175438596 0.0826176327
86.9565217391 0.0817101600
86.8955851437 0.0806434745
86.8347338936 0.0794619340
86.7739678097 0.0782300771
86.7132867133 0.0770231618
86.6526904263 0.0759180109
86.5921787709 0.0749819122
86.5317515701 0.0742640566
86.4714086471 0.0737888941
86.4111498258 0.0735556739
86.3509749304 0.0735422079
86.2908837857 0.0737166351
86.2308762170 0.0740482183
86.1709520500 0.0745165688
86.1111111111 0.0751118365
86.0513532269 0.0758290134
85.9916782247 0.0766581596
85.9320859321 0.0775785144
85.8725761773 0.0785581203
85.8131487889 0.0795565259
85.7538035961 0.0805331352
85.6945404285 0.0814532854
85.6353591160 0.0822950613
85.5762594893 0.0830509355
85.5172413793 0.0837245417
85.4583046175 0.0843205372
85.3994490358 0.0848329075
85.3406744666 0.0852356365
85.2819807428 0.0854826411
85.2233676976 0.0855171260
85.1648351648 0.0852880513
85.1063829787 0.0847679139
85.0480109739 0.0839657427
84.9897189856 0.0829277098
84.9315068493 0.0817285374
84.8733744011 0.0804547760
84.8153214774 0.0791867050
84.7573479152 0.0779845390
84.6994535519 0.0768820379
84.6416382253 0.0758876077
84.5839017735 0.0749914878
84.5262440354 0.0741753079
84.4686648501 0.0734190387
84.4111640572 0.0727061138
84.3537414966 0.0720248318
84.2963970088 0.0713702606
84.2391304348 0.0707444922
84.1819416158 0.0701560401
84.1248303935 0.0696184824
84.0677966102 0.0691470754
84.0108401084 0.0687553741
83.9539607312 0.0684521031
83.8971583221 0.0682395970
83.8404327248 0.0681133027
83.7837837838 0.0680622100
83.7272113437 0.0680713891
83.6707152497 0.0681248409
83.6142953473 0.0682083479
83.5579514825 0.0683117472
83.5016835017 0.0684299565
83.4454912517 0.0685625398
83.3893745797 0.0687123018
83.3333333333 0.0688834232
83.2773673606 0.0690808773
83.2214765101 0.0693096952
83.1656606304 0.0695772126
83.1099195710 0.0698937222
83.0542531815 0.0702726650
82.9986613119 0.0707281721
82.9431438127 0.0712718350
82.8877005348 0.0719071118
82.8323313293 0.0726236713
82.7770360481 0.0733939483
82.7218145430 0.0741712768
82.6666666667 0.0748929814
82.6115922718 0.0754890432
82.5565912117 0.0758942131
82.5016633400 0.0760612863
82.4468085106 0.0759701151
82.3920265781 0.0756308412
82.3373173971 0.0750787731
82.2826808228 0.0743648318
82.2281167109 0.0735459058
82.1736249172 0.0726773406
82.1192052980 0.0718072227
82.0648577101 0.0709737705
82.0105820106 0.0702031802
81.9563780568 0.0695099252
81.9022457067 0.0688990564
81.8481848185 0.0683694458
81.7941952507 0.0679193611
81.7402768622 0.0675495645
81.6864295125 0.0672639417
81.6326530612 0.0670683916
81.5789473684 0.0669672998
81.5253122945 0.0669618748
81.4717477004 0.0670502640
81.4182534471 0.0672314375
81.3648293963 0.0675098895
81.3114754098 0.0678983009
81.2581913499 0.0684158812
81.2049770792 0.0690808737
81.1518324607 0.0699021384
81.0987573578 0.0708715593
81.0457516340 0.0719613447
80.9928151535 0.0731286063
80.9399477807 0.0743221376
80.8871493803 0.0754904568
80.8344198175 0.0765878785
80.7817589577 0.0775767439
80.7291666667 0.0784281190
80.6766428107 0.0791192365
80.6241872562 0.0796311197
80.5717998700 0.0799458386
80.5194805195 0.0800455696
80.4672290720 0.0799135681
80.4150453956 0.0795384046
80.3629293584 0.0789190282
80.3108808290 0.0780698412
80.2588996764 0.0770225127
80.2069857697 0.0758249022
80.1551389787 0.0745357891
80.1033591731 0.0732197202
80.0516462234 0.0719399209
80.0000000000 0.0707528156
79.9484203740 0.0697046531
79.8969072165 0.0688289860
79.8454603992 0.0681450482
79.7940797941 0.0676578069
79.7427652733 0.0673588748
79.6915167095 0.0672273168
79.6403339756 0.0672322776
79.5892169448 0.0673372508
79.5381654907 0.0675070805
79.4871794872 0.0677143799
79.4362588085 0.0679452054
79.3854033291 0.0681970322
79.3346129239 0.0684738956
79.2838874680 0.0687769906
79.2332268371 0.0690966677
79.1826309068 0.0694108320
79.1320995533 0.0696877675
79.0816326531 0.0698933175
79.0312300829 0.0699972436
78.9808917197 0.0699776804
78.9306174411 0.0698245208
78.8804071247 0.0695387933
78.8302606484 0.0691333681
78.7801778907 0.0686312059
78.7301587302 0.0680624911
78.6802030457 0.0674615758
78.6303107166 0.0668637975
78.5804816223 0.0663040231
78.5307156428 0.0658153092
78.4810126582 0.0654301147
78.4313725490 0.0651785926
78.3817951960 0.0650872371
78.3322804801 0.0651734226
78.2828282828 0.0654407172
78.2334384858 0.0658740782
78.1841109710 0.0664387474
78.1348456207 0.0670835157
78.0856423174 0.0677484562
78.0365009440 0.0683735709
77.9874213836 0.0689076432
77.9384035198 0.0693140221
77.8894472362 0.0695737288
77.8405524168 0.0696831764
77.7917189460 0.0696521694
77.7429467085 0.0694997314
77.6942355890 0.0692507647
77.6455854728 0.0689323276
77.5969962453 0.0685697468
77.5484677924 0.0681825938
77.5000000000 0.0677820251
77.4515927545 0.0673712721
77.4032459426 0.0669476169
77.3549594510 0.0665064022
77.3067331671 0.0660428228
77.2585669782 0.0655526446
77.2104607721 0.0650321122
77.1624144368 0.0644777336
77.1144278607 0.0638878339
77.0665009323 0.0632642139
77.0186335404 0.0626153858
76.9708255742 0.0619564051
76.9230769231 0.0613088720
76.8753874768 0.0606979273
76.8277571252 0.0601487673
76.7801857585 0.0596830087
76.7326732673 0.0593181907
76.6852195424 0.0590660791
76.6378244747 0.0589324477
76.5904879555 0.0589152703
76.5432098765 0.0590040790
76.4959901295 0.0591796328
76.4488286067 0.0594165762
76.4017252002 0.0596874981
76.3546798030 0.0599676898
76.3076923077 0.0602385561
76.2607626076 0.0604875281
76.2138905962 0.0607057632
76.1670761671 0.0608840777
76.1203192142 0.0610110778
76.0736196319 0.0610742392
76.0269773145 0.0610637628
75.9803921569 0.0609771440
75.9338640539 0.0608206887
75.8873929009 0.0606082856
75.8409785933 0.0603584912
75.7946210269 0.0600902426
75.7483200977 0.0598212419
75.7020757021 0.0595671039
75.6558877364 0.0593413985
75.6097560976 0.0591572730
75.5636806825 0.0590270095
75.5176613886 0.0589610741
75.4716981132 0.0589658609
75.4257907543 0.0590405277
75.3799392097 0.0591757459
75.3341433779 0.0593547010
75.2884031573 0.0595547467
75.2427184466 0.0597506031
75.1970891449 0.0599157011
75.1515151515 0.0600244960
75.1059963658 0.0600539350
75.0605326877 0.0599857242
75.0151240169 0.0598072598
74.9697702539 0.0595134333
74.9244712991 0.0591073054
74.8792270531 0.0586001743
74.8340374170 0.0580116772
74.7889022919 0.0573676201
74.7438215793 0.0566987420
74.6987951807 0.0560385163
74.6538229982 0.0554219953
74.6089049338 0.0548845785
74.5640408900 0.0544605307
74.5192307692 0.0541799608
74.4744744745 0.0540648079
74.4297719088 0.0541244685
74.3851229754 0.0543519262
74.3405275779 0.0547226581
74.2959856201 0.0551965202
74.2514970060 0.0557232337
74.2070616397 0.0562500451
74.1626794258 0.0567292357
74.1183502690 0.0571239696
74.0740740741 0.0574104826
74.0298507463 0.0575783237
73.9856801909 0.0576256899
73.9415623137 0.0575566296
73.8974970203 0.0573773646
73.8534842168 0.0570940479
73.8095238095 0.0567142284
73.7656157049 0.0562481546
73.7217598098 0.0557114927
73.6779560309 0.0551256093
73.6342042755 0.0545161218
73.5905044510 0.0539100636
73.5468564650 0.0533322204
73.5032602253 0.0528017411
73.4597156398 0.0523311756
73.4162226169 0.0519273610
73.3727810651 0.0515940464
73.3293908930 0.0513346227
73.2860520095 0.0511531729
73.2427643237 0.0510534655
73.1995277450 0.0510370291
73.1563421829 0.0510999635
73.1132075472 0.0512330587
73.0701237478 0.0514205819
73.0270906949 0.0516436532
72.9841082990 0.0518817505
72.9411764706 0.0521138806
72.8982951205 0.0523186647
72.8554641598 0.0524730672
72.8126834997 0.0525525229
72.7699530516 0.0525320151
72.7272727273 0.0523916655
72.6846424385 0.0521206718
72.6420620972 0.0517202824
72.5995316159 0.0512041008
72.5570509070 0.0505946742
72.5146198830 0.0499203101
72.4722384570 0.0492103375
72.4299065421 0.0484936326
72.3876240514 0.0477973022
72.3453908985 0.0471454959
72.3032069971 0.0465586956
72.2610722611 0.0460527885
72.2189866045 0.0456373730
72.1769499418 0.0453148649
72.1349621873 0.0450810809
72.0930232558 0.0449253757
72.0511330622 0.0448337751
72.0092915215 0.0447917777
71.9674985490 0.0447875655
71.9257540603 0.0448137737
71.8840579710 0.0448674642
71.8424101970 0.0449472710
71.8008106543 0.0450519629
71.7592592593 0.0451770564
71.7177559283 0.0453148978
71.6763005780 0.0454542340
71.6348931254 0.0455800846
71.5935334873 0.0456751496
71.5522215811 0.0457209731
71.5109573241 0.0457007807
71.4697406340 0.0456038326
71.4285714286 0.0454283953
71.3874496258 0.0451832150
71.3463751438 0.0448844472
71.3053479011 0.0445524187
71.2643678161 0.0442053309
71.2234348076 0.0438570297
71.1825487945 0.0435156276
71.1417096959 0.0431852501
71.1009174312 0.0428691405
71.0601719198 0.0425713493
71.0194730813 0.0422979580
70.9788208357 0.0420565767
70.9382151030 0.0418542743
70.8976558033 0.0416970151
70.8571428571 0.0415880780
70.8166761850 0.0415270168
70.7762557078 0.0415096286
70.7358813463 0.0415281860
70.6955530217 0.0415718383
70.6552706553 0.0416274819
70.6150341686 0.0416806312
70.5748434832 0.0417153182
70.5346985210 0.0417154997
70.4945992041 0.0416673994
70.4545454545 0.0415624692
70.4145371948 0.0414004036
70.3745743473 0.0411900145
70.3346568349 0.0409479720
70.2947845805 0.0406952457
70.2549575071 0.0404531342
70.2151755379 0.0402391853
70.1754385965 0.0400646951
70.1357466063 0.0399336804
70.0960994912 0.0398444251
70.0564971751 0.0397912841
70.0169395822 0.0397676591
69.9774266366 0.0397681832
69.9379582628 0.0397895586
69.8985343856 0.0398312877
69.8591549296 0.0398940843
69.8198198198 0.0399784735
69.7805289814 0.0400835686
69.7412823397 0.0402056480
69.7020798201 0.0403381763
69.6629213483 0.0404723339
69.6238068501 0.0405968755
69.5847362514 0.0406995562
69.5457094784 0.0407678422
69.5067264574 0.0407907848
69.4677871148 0.0407605487
69.4288913774 0.0406735440
69.3900391718 0.0405298544
69.3512304251 0.0403334450
69.3124650643 0.0400912135
69.2737430168 0.0398124716
69.2350642099 0.0395088807
69.1964285714 0.0391941446
69.1578360290 0.0388825787
69.1192865106 0.0385883764
69.0807799443 0.0383235667
69.0423162584 0.0380964344
69.0038953812 0.0379103952
68.9655172414 0.0377634890
68.9271817676 0.0376489665
68.8888888889 0.0375560624
68.8506385341 0.0374714214
68.8124306326 0.0373807949
68.7742651137 0.0372696596
68.7361419069 0.0371255892
68.6980609418 0.0369393267
68.6600221484 0.0367059740
68.6220254566 0.0364261356
68.5840707965 0.0361051576
68.5461580984 0.0357533519
68.5082872928 0.0353831969
68.4704583103 0.0350091613
68.4326710817 0.0346450821
68.3949255378 0.0343040030
68.3572216097 0.0339975370
68.3195592287 0.0337352666
68.2819383260 0.0335256047
68.2443588332 0.0333744755
68.2068206821 0.0332857743
68.1693238043 0.0332598643
68.1318681319 0.0332931313
68.0944535969 0.0333775011
68.0570801317 0.0335014874
68.0197476687 0.0336511925
67.9824561404 0.0338119672
67.9452054795 0.0339701329
67.9079956188 0.0341150304
67.8708264915 0.0342390998
67.8336980306 0.0343396062
67.7966101695 0.0344167671
67.7595628415 0.0344742320
67.7225559803 0.0345174461
67.6855895197 0.0345532431
67.6486633933 0.0345885368
67.6117775354 0.0346297444
67.5749318801 0.0346817217
67.5381263617 0.0347468351
67.5013609145 0.0348244990
67.4646354733 0.0349122135
67.4279499728 0.0350062587
67.3913043478 0.0351032378
67.3546985334 0.0352018157
67.3181324647 0.0353027881
67.2816060770 0.0354096347
67.2451193059 0.0355269659
67.2086720867 0.0356584560
67.1722643554 0.0358045991
67.1358960476 0.0359607370
67.0995670996 0.0361176350
67.0632774473 0.0362622761
67.0270270270 0.0363805151
66.9908157753 0.0364591807
66.9546436285 0.0364884312
66.9185105235 0.0364627717
66.8824163970 0.0363815616
66.8463611860 0.0362476744
66.8103448276 0.0360665451
66.7743672590 0.0358445119
66.7384284177 0.0355886641
66.7025282410 0.0353065306
66.6666666667 0.0350060256
66.6308436325 0.0346964915
66.5950590763 0.0343874826
66.5593129361 0.0340890100
66.5236051502 0.0338101984
66.4879356568 0.0335582790
66.4523043944 0.0333379368
66.4167113016 0.0331504598
66.3811563169 0.0329943677
66.3456393793 0.0328653428
66.3101604278 0.0327577992
66.2747194014 0.0326656676
66.2393162393 0.0325838357
66.2039508809 0.0325076506
66.1686232657 0.0324330333
66.1333333333 0.0323548940
66.0980810235 0.0322672728
66.0628662760 0.0321637948
66.0276890309 0.0320389214
65.9925492283 0.0318894870
65.9574468085 0.0317159200
65.9223817119 0.0315218611
65.8873538789 0.0313130837
65.8523632501 0.0310967660
65.8174097665 0.0308795638
65.7824933687 0.0306677241
65.7476139979 0.0304663389
65.7127715951 0.0302795813
65.6779661017 0.0301107892
65.6431974590 0.0299631735
65.6084656085 0.0298405745
65.5737704918 0.0297470985
65.5391120507 0.0296872522
65.5044902272 0.0296644845
65.4699049630 0.0296799508
65.4353562005 0.0297306550
65.4008438819 0.0298084560
65.3663679494 0.0299010168
65.3319283456 0.0299933039
65.2975250132 0.0300701643
65.2631578947 0.0301192609
65.2288269332 0.0301333468
65.1945320715 0.0301105522
65.1602732528 0.0300545720
65.1260504202 0.0299733598
65.0918635171 0.0298779222
65.0577124869 0.0297798791
65.0235972732 0.0296896449
64.9895178197 0.0296145622
64.9554740702 0.0295576555
64.9214659686 0.0295170307
64.8874934589 0.0294869802
64.8535564854 0.0294600303
64.8196549922 0.0294283103
64.7857889237 0.0293857522
64.7519582245 0.0293281116
64.7181628392 0.0292536030
64.6844027126 0.0291624762
64.6506777894 0.0290572913
64.6169880146 0.0289426649
64.5833333333 0.0288251536
64.5497136908 0.0287125834
64.5161290323 0.0286130996
64.4825793032 0.0285338873
64.4490644491 0.0284804479
64.4155844156 0.0284548294
64.3821391485 0.0284560190
64.3487285937 0.0284800122
64.3153526971 0.0285205082
64.2820114049 0.0285704159
64.2487046632 0.0286224051
64.2154324184 0.0286699324
64.1821946170 0.0287076548
64.1489912054 0.0287319247
64.1158221303 0.0287411479
64.0826873385 0.0287356180
64.0495867769 0.0287165401
64.0165203924 0.0286851695
63.9834881321 0.0286422851
63.9504899433 0.0285879936
63.9175257732 0.0285225365
63.8845955693 0.0284470701
63.8516992791 0.0283637770
63.8188368502 0.0282758945
63.7860082305 0.0281874431
63.7532133676 0.0281020555
63.7204522097 0.0280232288
63.6877247047 0.0279532979
63.6550308008 0.0278942942
63.6223704464 0.0278468921
63.5897435897 0.0278112705
63.5571501794 0.0277869717
63.5245901639 0.0277722349
63.4920634921 0.0277652130
63.4595701126 0.0277643892
63.4271099744 0.0277686337
63.3946830266 0.0277780164
63.3622892182 0.0277932841
63.3299284985 0.0278145642
63.2976008167 0.0278410857
63.2653061224 0.0278698098
63.2330443651 0.0278958653
63.2008154944 0.0279129148
63.1686194600 0.0279141164
63.1364562118 0.0278932148
63.1043256997 0.0278461264
63.0722278739 0.0277714518
63.0401626843 0.0276712367
63.0081300813 0.0275502354
62.9761300152 0.0274147321
62.9441624365 0.0272717545
62.9122272958 0.0271268866
62.8803245436 0.0269841087
62.8484541308 0.0268450647
62.8166160081 0.0267096344
62.7848101266 0.0265770834
62.7530364372 0.0264467280
62.7212948912 0.0263188163
62.6895854398 0.0261955922
62.6579080344 0.0260802269
62.6262626263 0.0259769522
62.5946491671 0.0258895690
62.5630676085 0.0258200447
62.5315179022 0.0257675821
62.5000000000 0.0257271530
62.4685138539 0.0256906023
62.4370594159 0.0256477011
62.4056366381 0.0255883000
62.3742454728 0.0255048896
62.3428858723 0.0253942466
62.3115577889 0.0252586502
62.2802611753 0.0251047468
62.2489959839 0.0249423037
62.2177621676 0.0247827184
62.1865596790 0.0246365023
62.1553884712 0.0245128381
62.1242484970 0.0244187995
62.0931397096 0.0243597304
62.0620620621 0.0243396811
62.0310155078 0.0243621015
62.0000000000 0.0244289686
