124000.0000000000 26.0758119558
62000.0000000000 58.5263809151
41333.3333333333 76.0534657802
31000.0000000000 84.9584355780
24800.0000000000 89.8265982097
20666.6666666667 92.7123794029
17714.2857142857 94.5437872555
15500.0000000000 95.7716597206
13777.7777777778 96.6320747594
12400.0000000000 97.2570654548
11272.7272727273 97.7247117714
10333.3333333333 98.0834122707
9538.4615384615 98.3643878894
8857.1428571429 98.5884763475
8266.6666666667 98.7699998631
7750.0000000000 98.9190564744
7294.1176470588 99.0429270666
6888.8888888889 99.1469656491
6526.3157894737 99.2351791411
6200.0000000000 99.3106132787
5904.7619047619 99.3756164345
5636.3636363636 99.4320220158
5391.3043478261 99.4812784013
5166.6666666667 99.5245416325
4960.0000000000 99.5627436935
4769.2307692308 99.5966421082
4592.5925925926 99.6268581530
4428.5714285714 99.6539049200
4275.8620689655 99.6782091307
4133.3333333333 99.7001282201
4000.0000000000 99.7199631990
3875.0000000000 99.7379690697
3757.5757575758 99.7543628680
3647.0588235294 99.7693305663
3542.8571428571 99.7830319907
3444.4444444444 99.7956051758
3351.3513513514 99.8071697192
3263.1578947368 99.8178298431
3179.4871794872 99.8276769190
3100.0000000000 99.8367905685
3024.3902439024 99.8452410892
2952.3809523810 99.8530906948
2883.7209302326 99.8603943371
2818.1818181818 99.8672008175
2755.5555555556 99.8735534388
2695.6521739130 99.8794909861
2638.2978723404 99.8850483371
2583.3333333333 99.8902566522
2530.6122448980 99.8951437755
2480.0000000000 99.8997349375
2431.3725490196 99.9040532981
2384.6153846154 99.9081189540
2339.6226415094 99.9119509741
2296.2962962963 99.9155663474
2254.5454545455 99.9189803582
2214.2857142857 99.9222072988
2175.4385964912 99.9252598453
2137.9310344828 99.9281499780
2101.6949152542 99.9308882738
2066.6666666667 99.9334846275
2032.7868852459 99.9359483443
2000.0000000000 99.9382877899
1968.2539682540 99.9405104676
1937.5000000000 99.9426234687
1907.6923076923 99.9446333665
1878.7878787879 99.9465464586
1850.7462686567 99.9483681392
1823.5294117647 99.9501038546
1797.1014492754 99.9517582073
1771.4285714286 99.9533356869
1746.4788732394 99.9548404726
1722.2222222222 99.9562767045
1698.6301369863 99.9576477500
1675.6756756757 99.9589569956
1653.3333333333 99.9602075949
1631.5789473684 99.9614024922
1610.3896103896 99.9625447193
1589.7435897436 99.9636365891
1569.6202531646 99.9646805209
1550.0000000000 99.9656787763
1530.8641975309 99.9666334819
1512.1951219512 99.9675469328
1493.9759036145 99.9684204222
1476.1904761905 99.9692563020
1458.8235294118 99.9700556374
1441.8604651163 99.9708205954
1425.2873563218 99.9715523522
1409.0909090909 99.9722519865
1393.2584269663 99.9729214278
1377.7777777778 99.9735616108
1362.6373626374 99.9741737007
1347.8260869565 99.9747584792
1333.3333333333 99.9753176389
1319.1489361702 99.9758515199
1305.2631578947 99.9763617176
1291.6666666667 99.9768484522
1278.3505154639 99.9773128985
1265.3061224490 99.9777558571
1252.5252525253 99.9781780821
1240.0000000000 99.9785802929
1227.7227722772 99.9789628152
1215.6862745098 99.9793266512
1203.8834951456 99.9796724193
1192.3076923077 99.9800006992
1180.9523809524 99.9803116810
1169.8113207547 99.9806062610
1158.8785046729 99.9808849467
1148.1481481481 99.9811478352
1137.6146788991 99.9813957575
1127.2727272727 99.9816291566
1117.1171171171 99.9818480562
1107.1428571429 99.9820532389
1097.3451327434 99.9822446823
1087.7192982456 99.9824231476
1078.2608695652 99.9825885648
1068.9655172414 99.9827416729
1059.8290598291 99.9828823688
1050.8474576271 99.9830109458
1042.0168067227 99.9831281003
1033.3333333333 99.9832336871
1024.7933884298 99.9833283822
1016.3934426230 99.9834120127
1008.1300813008 99.9834848012
1000.0000000000 99.9835469722
992.0000000000 99.9835991810
984.1269841270 99.9836411875
976.3779527559 99.9836731857
968.7500000000 99.9836953636
961.2403100775 99.9837078872
953.8461538462 99.9837109293
946.5648854962 99.9837046505
939.3939393939 99.9836892020
932.3308270677 99.9836647291
925.3731343284 99.9836318434
918.5185185185 99.9835892584
911.7647058824 99.9835385238
905.1094890511 99.9834792854
898.5507246377 99.9834111716
892.0863309353 99.9833347709
885.7142857143 99.9832501944
879.4326241135 99.9831575392
873.2394366197 99.9830563982
867.1328671329 99.9829473585
861.1111111111 99.9828300018
855.1724137931 99.9827043941
849.3150684932 99.9825716457
843.5374149660 99.9824302738
837.8378378378 99.9822813831
832.2147651007 99.9821245095
826.6666666667 99.9819602418
821.1920529801 99.9817881068
815.7894736842 99.9816081507
810.4575163399 99.9814204189
805.1948051948 99.9812249538
800.0000000000 99.9810217945
794.8717948718 99.9808109773
789.8089171975 99.9805925390
784.8101265823 99.9803665064
779.8742138365 99.9801329108
775.0000000000 99.9798912128
770.1863354037 99.9796419947
765.4320987654 99.9793852792
760.7361963190 99.9791205096
756.0975609756 99.9788482742
751.5151515152 99.9785680026
746.9879518072 99.9782796992
742.5149700599 99.9779839579
738.0952380952 99.9776801931
733.7278106509 99.9773684020
729.4117647059 99.9770485816
725.1461988304 99.9767207256
720.9302325581 99.9763848276
716.7630057803 99.9760408789
712.6436781609 99.9756888676
708.5714285714 99.9753281634
704.5454545455 99.9749593649
700.5649717514 99.9745818308
696.6292134831 99.9741961650
692.7374301676 99.9738017152
688.8888888889 99.9733984522
685.0828729282 99.9729863448
681.3186813187 99.9725660066
677.5956284153 99.9721361170
673.9130434783 99.9716972831
670.2702702703 99.9712494691
666.6666666667 99.9707919785
663.1016042781 99.9703247625
659.5744680851 99.9698484378
656.0846560847 99.9693629637
652.6315789474 99.9688669514
649.2146596859 99.9683610136
645.8333333333 99.9678450965
642.4870466321 99.9673191443
639.1752577320 99.9667824129
635.8974358974 99.9662348332
632.6530612245 99.9656770302
629.4416243655 99.9651082474
626.2626262626 99.9645284128
623.1155778894 99.9639367464
620.0000000000 99.9633338754
616.9154228856 99.9627197253
613.8613861386 99.9620935012
610.8374384236 99.9614543998
607.8431372549 99.9608037664
604.8780487805 99.9601400691
601.9417475728 99.9594632073
599.0338164251 99.9587738127
596.1538461538 99.9580710534
593.3014354067 99.9573548287
590.4761904762 99.9566242862
587.6777251185 99.9558793080
584.9056603774 99.9551197816
582.1596244131 99.9543455792
579.4392523364 99.9535565883
576.7441860465 99.9527511590
574.0740740741 99.9519306814
571.4285714286 99.9510934907
568.8073394495 99.9502402159
566.2100456621 99.9493691646
563.6363636364 99.9484809593
561.0859728507 99.9475754524
558.5585585586 99.9466509148
556.0538116592 99.9457071745
553.5714285714 99.9447448521
551.1111111111 99.9437629826
548.6725663717 99.9427597877
546.2555066079 99.9417366734
543.8596491228 99.9406918440
541.4847161572 99.9396250973
539.1304347826 99.9385354142
536.7965367965 99.9374225783
534.4827586207 99.9362855408
532.1888412017 99.9351240798
529.9145299145 99.9339371295
527.6595744681 99.9327236074
525.4237288136 99.9314832657
523.2067510549 99.9302158353
521.0084033613 99.9289185301
518.8284518828 99.9275927431
516.6666666667 99.9262356524
514.5228215768 99.9248469482
512.3966942149 99.9234254494
510.2880658436 99.9219708361
508.1967213115 99.9204810577
506.1224489796 99.9189548833
504.0650406504 99.9173910768
502.0242914980 99.9157883917
500.0000000000 99.9141455461
497.9919678715 99.9124603782
496.0000000000 99.9107324465
494.0239043825 99.9089595483
492.0634920635 99.9071394364
490.1185770751 99.9052707281
488.1889763780 99.9033511236
486.2745098039 99.9013782987
484.3750000000 99.8993507892
482.4902723735 99.8972653004
480.6201550388 99.8951203185
478.7644787645 99.8929133947
476.9230769231 99.8906402067
475.0957854406 99.8882981953
473.2824427481 99.8858848096
471.4828897338 99.8833964843
469.6969696970 99.8808287148
467.9245283019 99.8781787858
466.1654135338 99.8754411229
464.4194756554 99.8726119661
462.6865671642 99.8696865586
460.9665427509 99.8666591291
459.2592592593 99.8635247659
457.5645756458 99.8602775444
455.8823529412 99.8569095375
454.2124542125 99.8534146449
452.5547445255 99.8497847183
450.9090909091 99.8460115229
449.2753623188 99.8420867070
447.6534296029 99.8379998517
446.0431654676 99.8337403691
444.4444444444 99.8292955947
442.8571428571 99.8246536565
441.2811387900 99.8198005552
439.7163120567 99.8147200701
438.1625441696 99.8093948203
436.6197183099 99.8038071550
435.0877192982 99.7979341751
433.5664335664 99.7917556988
432.0557491289 99.7852431640
430.5555555556 99.7783686797
429.0657439446 99.7711009183
427.5862068966 99.7634030270
426.1168384880 99.7552356423
424.6575342466 99.7465516705
423.2081911263 99.7373024523
421.7687074830 99.7274283035
420.3389830508 99.7168646866
418.9189189189 99.7055358813
417.5084175084 99.6933579255
416.1073825503 99.6802354472
414.7157190635 99.6660561943
413.3333333333 99.6506951218
411.9601328904 99.6340089523
410.5960264901 99.6158328289
409.2409240924 99.5959811997
407.8947368421 99.5742445121
406.5573770492 99.5503837476
405.2287581699 99.5241400023
403.9087947883 99.4952260387
402.5974025974 99.4633447761
401.2944983819 99.4281941897
400.0000000000 99.3894984369
398.7138263666 99.3470471835
397.4358974359 99.3007517058
396.1661341853 99.2507332514
394.9044585987 99.1974227666
393.6507936508 99.1416714800
392.4050632911 99.0848314239
391.1671924290 99.0287554549
389.9371069182 98.9756468998
388.7147335423 98.9277276200
387.5000000000 98.8867500097
386.2928348910 98.8535046412
385.0931677019 98.8275129856
383.9009287926 98.8070550800
382.7160493827 98.7895206635
381.5384615385 98.7719281324
380.3680981595 98.7514222803
379.2048929664 98.7256353166
378.0487804878 98.6928964083
376.8996960486 98.6523359148
375.7575757576 98.6039618231
374.6223564955 98.5487430451
373.4939759036 98.4886855926
372.3723723724 98.4268574774
371.2574850299 98.3672380992
370.1492537313 98.3143040415
369.0476190476 98.2723180501
367.9525222552 98.2444613705
366.8639053254 98.2320759290
365.7817109145 98.2343420385
364.7058823529 98.2484965321
363.6363636364 98.2704868776
362.5730994152 98.2957733697
361.5160349854 98.3200037877
360.4651162791 98.3394529514
359.4202898551 98.3512170364
358.3815028902 98.3532245582
357.3487031700 98.3441673730
356.3218390805 98.3234099455
355.3008595989 98.2909275143
354.2857142857 98.2472969991
353.2763532764 98.1937090844
352.2727272727 98.1319819221
351.2747875354 98.0645078953
350.2824858757 97.9940878742
349.2957746479 97.9236496648
348.3146067416 97.8558873615
347.3389355742 97.7929021693
346.3687150838 97.7359108203
345.4038997214 97.6850250121
344.4444444444 97.6391409381
343.4903047091 97.5959722267
342.5414364641 97.5523210170
341.5977961433 97.5045803179
340.6593406593 97.4493344825
339.7260273973 97.3838999313
338.7978142077 97.3066646916
337.8746594005 97.2171761084
336.9565217391 97.1160466674
336.0433604336 97.0047715249
335.1351351351 96.8856207495
334.2318059299 96.7617125780
333.3333333333 96.6372175759
332.4396782842 96.5175278147
331.5508021390 96.4090663683
330.6666666667 96.3186090966
329.7872340426 96.2522109467
328.9124668435 96.2141275638
328.0423280423 96.2061482171
327.1767810026 96.2275108923
326.3157894737 96.2752412509
325.4593175853 96.3446084018
324.6073298429 96.4295807700
323.7597911227 96.5233354617
322.9166666667 96.6188946618
322.0779220779 96.7098847999
321.2435233161 96.7912020036
320.4134366925 96.8594470639
319.5876288660 96.9130348828
318.7660668380 96.9520159956
317.9487179487 96.9776641937
317.1355498721 96.9919873739
316.3265306122 96.9972906297
315.5216284987 96.9959141473
314.7208121827 96.9901941265
313.9240506329 96.9824960713
313.1313131313 96.9751510398
312.3425692695 96.9701450636
311.5577889447 96.9686516805
310.7769423559 96.9706130254
310.0000000000 96.9746305496
309.2269326683 96.9782604498
308.4577114428 96.9786069749
307.6923076923 96.9729898970
306.9306930693 96.9594248872
306.1728395062 96.9368257233
305.4187192118 96.9049104082
304.6683046683 96.8639985843
303.9215686275 96.8148649199
303.1784841076 96.7587814569
302.4390243902 96.6976885159
301.7031630170 96.6342851306
300.9708737864 96.5718470195
300.2421307506 96.5136882667
299.5169082126 96.4624755810
298.7951807229 96.4197300349
298.0769230769 96.3858268887
297.3621103118 96.3604589616
296.6507177033 96.3432387879
295.9427207637 96.3339977031
295.2380952381 96.3325728382
294.5368171021 96.3382268409
293.8388625592 96.3491022907
293.1442080378 96.3621006121
292.4528301887 96.3732543899
291.7647058824 96.3784338960
291.0798122066 96.3740736483
290.3981264637 96.3577512368
289.7196261682 96.3285624685
289.0442890443 96.2873292638
288.3720930233 96.2365885704
287.7030162413 96.1802948839
287.0370370370 96.1231636103
286.3741339492 96.0697676489
285.7142857143 96.0236220756
285.0574712644 95.9865590209
284.4036697248 95.9586058548
283.7528604119 95.9382899565
283.1050228311 95.9231824367
282.4601366743 95.9104320327
281.8181818182 95.8971969318
281.1791383220 95.8809630687
280.5429864253 95.8598018009
279.9097065463 95.8326817758
279.2792792793 95.7998168145
278.6516853933 95.7629773551
278.0269058296 95.7255798857
277.4049217002 95.6923264075
276.7857142857 95.6682941211
276.1692650334 95.6576633738
275.5555555556 95.6624923541
274.9445676275 95.6820460889
274.3362831858 95.7129943977
273.7306843267 95.7503982763
273.1277533040 95.7890667051
272.5274725275 95.8247702503
271.9298245614 95.8549235459
271.3347921225 95.8785840142
270.7423580786 95.8959531830
270.1525054466 95.9076859974
269.5652173913 95.9144253670
268.9804772234 95.9167705220
268.3982683983 95.9156314573
267.8185745140 95.9126510821
267.2413793103 95.9103472421
266.6666666667 95.9117536886
266.0944206009 95.9196171478
265.5246252677 95.9354245088
264.9572649573 95.9586700077
264.3923240938 95.9866400643
263.8297872340 96.0148270450
263.2696390658 96.0377787990
262.7118644068 96.0500890533
262.1564482030 96.0472651723
261.6033755274 96.0263335722
261.0526315789 95.9861864316
260.5042016807 95.9277255834
259.9580712788 95.8538613130
259.4142259414 95.7693798236
258.8726513570 95.6805761215
258.3333333333 95.5945977538
257.7962577963 95.5184057008
257.2614107884 95.4575038944
256.7287784679 95.4147113644
256.1983471074 95.3894348814
255.6701030928 95.3777566231
255.1440329218 95.3733724311
254.6201232033 95.3690461042
254.0983606557 95.3581414857
253.5787321063 95.3358414083
253.0612244898 95.2998970477
252.5458248473 95.2508694777
252.0325203252 95.1918931892
251.5212981744 95.1280583450
251.0121457490 95.0655183154
250.5050505051 95.0104825094
250.0000000000 94.9682574486
249.4969818913 94.9423822346
248.9959839357 94.9339733394
248.4969939880 94.9414193044
248.0000000000 94.9606664299
247.5049900200 94.9861095395
247.0119521912 95.0118543721
246.5208747515 95.0328859269
246.0317460317 95.0457655398
245.5445544554 95.0487140628
245.0592885375 95.0412274827
244.5759368836 95.0235833422
244.0944881890 94.9964976664
243.6149312377 94.9610642013
243.1372549020 94.9188496757
242.6614481409 94.8719223452
242.1875000000 94.8226090432
241.7153996101 94.7729780657
241.2451361868 94.7242453633
240.7766990291 94.6764424084
240.3100775194 94.6286042521
239.8452611219 94.5794181700
239.3822393822 94.5279924714
238.9210019268 94.4743707838
238.4615384615 94.4195580045
238.0038387716 94.3652278253
237.5478927203 94.3133402201
237.0936902486 94.2659321394
236.6412213740 94.2250717185
236.1904761905 94.1927132221
235.7414448669 94.1702495082
235.2941176471 94.1578008484
234.8484848485 94.1535955463
234.4045368620 94.1538483592
233.9622641509 94.1533317252
233.5216572505 94.1463436310
233.0827067669 94.1276636468
232.6454033771 94.0931177776
232.2097378277 94.0397036531
231.7757009346 93.9654562320
231.3432835821 93.8692902425
230.9124767225 93.7510114418
230.4832713755 93.6114467163
230.0556586271 93.4525139602
229.6296296296 93.2769567317
229.2051756007 93.0876714818
228.7822878229 92.8867012930
228.3609576427 92.6743089701
227.9411764706 92.4485223267
227.5229357798 92.2054069859
227.1062271062 91.9399856996
226.6910420475 91.6474730532
226.2773722628 91.3244591663
225.8652094718 90.9697218561
225.4545454545 90.5845675629
225.0453720508 90.1727469439
224.6376811594 89.7400671174
224.2314647378 89.2938649932
223.8267148014 88.8424816755
223.4234234234 88.3948152245
223.0215827338 87.9598657295
222.6211849192 87.5462597310
222.2222222222 87.1617523309
221.8246869410 86.8128541642
221.4285714286 86.5046757065
221.0338680927 86.2409012745
220.6405693950 86.0237774504
220.2486678508 85.8540905386
219.8581560284 85.7312601166
219.4690265487 85.6536627115
219.0812720848 85.6191316214
218.6948853616 85.6253687241
218.3098591549 85.6700592887
217.9261862917 85.7506246930
217.5438596491 85.8637799417
217.1628721541 86.0051673775
216.7832167832 86.1692393781
216.4048865620 86.3495255745
216.0278745645 86.5392175409
215.6521739130 86.7318704146
215.2777777778 86.9219175711
214.9046793761 87.1048945238
214.5328719723 87.2775140994
214.1623488774 87.4377462389
213.7931034483 87.5850139023
213.4251290878 87.7203668708
213.0584192440 87.8464974730
212.6929674099 87.9674964675
212.3287671233 88.0883576958
211.9658119658 88.2142513005
211.6040955631 88.3496903978
211.2436115843 88.4978262226
210.8843537415 88.6600397898
210.5263157895 88.8359298534
210.1694915254 89.0234870812
209.8138747885 89.2193005136
209.4594594595 89.4187479668
209.1062394604 89.6163296416
208.7542087542 89.8062878912
208.4033613445 89.9833367955
208.0536912752 90.1431819879
207.7051926298 90.2825620299
207.3578595318 90.3989017309
207.0116861436 90.4898700777
206.6666666667 90.5532003437
206.3227953411 90.5869049341
205.9800664452 90.5898209913
205.6384742952 90.5622525650
205.2980132450 90.5065940649
204.9586776860 90.4277537542
204.6204620462 90.3333969609
204.2833607908 90.2338332758
203.9473684211 90.1414258991
203.6124794745 90.0693365225
203.2786885246 90.0296413971
202.9459901800 90.0310978680
202.6143790850 90.0772502223
202.2838499184 90.1655797529
201.9543973941 90.2880732129
201.6260162602 90.4330044983
201.2987012987 90.5872481441
200.9724473258 90.7383916237
200.6472491909 90.8762199754
200.3231017771 90.9933498092
200.0000000000 91.0851156311
199.6779388084 91.1488661868
199.3569131833 91.1830876314
199.0369181380 91.1867816655
198.7179487179 91.1594503129
198.4000000000 91.1016356548
198.0830670927 91.0157337240
197.7671451356 90.9065567147
197.4522292994 90.7813257288
197.1383147854 90.6489063867
196.8253968254 90.5184856453
196.5134706815 90.3980125431
196.2025316456 90.2928711630
195.8925750395 90.2051137396
195.5835962145 90.1334549348
195.2755905512 90.0740073856
194.9685534591 90.0215415630
194.6624803768 89.9709425833
194.3573667712 89.9184779479
194.0532081377 89.8625358221
193.7500000000 89.8037258207
193.4477379095 89.7444740273
193.1464174455 89.6883481323
192.8460342146 89.6393902677
192.5465838509 89.6015877979
192.2480620155 89.5783669719
191.9504643963 89.5720212277
191.6537867079 89.5830418895
191.3580246914 89.6096710569
191.0631741140 89.6479598739
190.7692307692 89.6924836837
190.4761904762 89.7375042117
190.1840490798 89.7780798745
189.8928024502 89.8107538673
189.6024464832 89.8336216697
189.3129770992 89.8459704135
189.0243902439 89.8477962643
188.7366818874 89.8394254282
188.4498480243 89.8212333436
188.1638846737 89.7933131275
187.8787878788 89.7550270320
187.5945537065 89.7045545659
187.3111782477 89.6387134378
187.0286576169 89.5532665996
186.7469879518 89.4437442365
186.4661654135 89.3065104053
186.1861861862 89.1397818777
185.9070464768 88.9443288560
185.6287425150 88.7237530657
185.3512705531 88.4843350475
185.0746268657 88.2343999143
184.7988077496 87.9831834741
184.5238095238 87.7393055241
184.2496285290 87.5092401089
183.9762611276 87.2964112839
183.7037037037 87.1013149882
183.4319526627 86.9226289136
183.1610044313 86.7587514190
182.8908554572 86.6090241907
182.6215022091 86.4740460913
182.3529411765 86.3550180749
182.0851688693 86.2525686755
181.8181818182 86.1657979814
181.5519765739 86.0921824177
181.2865497076 86.0285044128
181.0218978102 85.9723409036
180.7580174927 85.9232802708
180.4949053857 85.8831897738
180.2325581395 85.8553042232
179.9709724238 85.8427187474
179.7101449275 85.8471908146
179.4500723589 85.8690011380
179.1907514451 85.9078906960
178.9321789322 85.9644228198
178.6743515850 86.0408941927
178.4172661871 86.1413208867
178.1609195402 86.2704900737
177.9053084648 86.4325204369
177.6504297994 86.6293448871
177.3962804006 86.8596158606
177.1428571429 87.1182028018
176.8901569187 87.3963210675
176.6381766382 87.6822568413
176.3869132290 87.9625834936
176.1363636364 88.2237276917
175.8865248227 88.4536162882
175.6373937677 88.6430329745
175.3889674682 88.7864337778
175.1412429379 88.8821343411
174.8942172073 88.9319319999
174.6478873239 88.9403043866
174.4022503516 88.9133036406
174.1573033708 88.8573612113
173.9130434783 88.7782534864
173.6694677871 88.6805675738
173.4265734266 88.5678064895
173.1843575419 88.4430047340
172.9428172943 88.3095768204
172.7019498607 88.1720264559
172.4617524339 88.0362799065
172.2222222222 87.9095777149
171.9833564494 87.7998549022
171.7451523546 87.7148037838
171.5076071923 87.6608320598
171.2707182320 87.6422309273
171.0344827586 87.6607752833
170.7988980716 87.7158311396
170.5639614856 87.8048340120
170.3296703297 87.9240322332
170.0960219479 88.0692562585
169.8630136986 88.2366164097
169.6306429549 88.4230765797
169.3989071038 88.6268991734
169.1678035471 88.8477492363
168.9373297003 89.0862806683
168.7074829932 89.3431763279
168.4782608696 89.6179886305
168.2496607870 89.9081740110
168.0216802168 90.2087686543
167.7943166441 90.5127585026
167.5675675676 90.8121311936
167.3414304993 91.0992659698
167.1159029650 91.3682928979
166.8909825034 91.6160288747
166.6666666667 91.8422144115
166.4429530201 92.0490575328
166.2198391421 92.2402270711
165.9973226238 92.4196694292
165.7754010695 92.5905235201
165.5540720961 92.7543911201
165.3333333333 92.9110318471
165.1131824234 93.0584628850
164.8936170213 93.1933908601
164.6746347942 93.3118490921
164.4562334218 93.4098994294
164.2384105960 93.4842150303
164.0211640212 93.5325555443
163.8044914135 93.5540480807
163.5883905013 93.5493787338
163.3728590250 93.5207789172
163.1578947368 93.4718570247
162.9434954008 93.4071341679
162.7296587927 93.3314427735
162.5163826999 93.2491946864
162.3036649215 93.1638140094
162.0915032680 93.0775083293
161.8798955614 92.9914616107
161.6688396349 92.9064160171
161.4583333333 92.8233493606
161.2483745124 92.7441113547
161.0389610390 92.6717893435
160.8300907912 92.6107970127
160.6217616580 92.5665229414
160.4139715395 92.5444750940
160.2067183463 92.5489980345
160.0000000000 92.5819006415
159.7938144330 92.6415852615
159.5881595882 92.7230894803
159.3830334190 92.8190817359
159.1784338896 92.9213747535
158.9743589744 93.0223943990
158.7708066581 93.1161151154
158.5677749361 93.1983470197
158.3652618135 93.2665216135
158.1632653061 93.3192639987
157.9617834395 93.3561254619
157.7608142494 93.3775736710
157.5603557814 93.3851402392
157.3604060914 93.3814694739
157.1609632446 93.3700155949
156.9620253165 93.3545379289
156.7635903919 93.3385425012
156.5656565657 93.3250499583
156.3682219420 93.3166519262
156.1712846348 93.3156748250
155.9748427673 93.3242238853
155.7788944724 93.3439730070
155.5834378921 93.3758263628
155.3884711779 93.4196234796
155.1939924906 93.4740524874
155.0000000000 93.5368173565
154.8064918851 93.6050985430
154.6134663342 93.6761069126
154.4209215442 93.7476025368
154.2288557214 93.8181715925
154.0372670807 93.8871626565
153.8461538462 93.9543358483
153.6555142503 94.0193367512
153.4653465347 94.0812855551
153.2756489493 94.1386117639
153.0864197531 94.1892578435
152.8976572133 94.2310541520
152.7093596059 94.2621349108
152.5215252153 94.2812686833
152.3341523342 94.2880418911
152.1472392638 94.2829230504
151.9607843137 94.2672359831
151.7747858017 94.2429935849
151.5892420538 94.2126298154
151.4041514042 94.1787314768
151.2195121951 94.1438357941
151.0353227771 94.1103550301
150.8515815085 94.0806078299
150.6682867558 94.0568727836
150.4854368932 94.0414631742
150.3030303030 94.0367556437
150.1210653753 94.0451426216
149.9395405079 94.0687928959
149.7584541063 94.1091836692
149.5778045838 94.1665786045
149.3975903614 94.2396936759
149.2178098676 94.3257551895
149.0384615385 94.4210025108
148.8595438175 94.5213705033
148.6810551559 94.6230753556
148.5029940120 94.7229025734
148.3253588517 94.8182625131
148.1481481481 94.9071695139
147.9713603819 94.9882404710
147.7949940405 95.0607677000
147.6190476190 95.1247384964
147.4435196195 95.1807706801
147.2684085511 95.2298907669
147.0937129300 95.2732940250
146.9194312796 95.3120172184
146.7455621302 95.3466525803
146.5721040189 95.3770613776
146.3990554900 95.4022157270
146.2264150943 95.4202636034
146.0541813899 95.4288664027
145.8823529412 95.4257108905
145.7109283196 95.4090791911
145.5399061033 95.3782538369
145.3692848769 95.3336830513
145.1990632319 95.2768820542
145.0292397661 95.2101418024
144.8598130841 95.1361683617
144.6907817970 95.0578200767
144.5221445221 94.9779234484
144.3538998836 94.8991803701
144.1860465116 94.8240013394
144.0185830430 94.7543049635
143.8515081206 94.6913209057
143.6848203940 94.6355412737
143.5185185185 94.5869176610
143.3526011561 94.5452018736
143.1870669746 94.5102509562
143.0219146482 94.4821332647
142.8571428571 94.4609805438
142.6927502877 94.4466279256
142.5287356322 94.4382739892
142.3650975890 94.4343188709
142.2018348624 94.4325338895
142.0389461627 94.4305149698
141.8764302059 94.4262876662
141.7142857143 94.4187773979
141.5525114155 94.4079709137
141.3911060433 94.3947512285
141.2300683371 94.3805304623
141.0693970421 94.3668802347
140.9090909091 94.3553262522
140.7491486947 94.3474232792
140.5895691610 94.3449533176
140.4303510759 94.3501558614
140.2714932127 94.3656499983
140.1129943503 94.3940289750
139.9548532731 94.4371589821
139.7970687711 94.4954984664
139.6396396396 94.5677684158
139.4825646794 94.6511637977
139.3258426966 94.7420081458
139.1694725028 94.8365131124
139.0134529148 94.9313740828
138.8577827548 95.0240473609
138.7024608501 95.1127629829
138.5474860335 95.1964032993
138.3928571429 95.2743114376
138.2385730212 95.3460656707
138.0846325167 95.4112912153
137.9310344828 95.4695239895
137.7777777778 95.5202209843
137.6248612653 95.5628152239
137.4722838137 95.5967589236
137.3200442968 95.6215040141
137.1681415929 95.6364463182
137.0165745856 95.6409591659
136.8653421634 95.6346186244
136.7144432194 95.6175472719
136.5638766520 95.5907423369
136.4136413641 95.5562655834
136.2637362637 95.5171230827
136.1141602634 95.4768872933
135.9649122807 95.4390753800
135.8159912377 95.4065117470
135.6673960613 95.3807917612
135.5191256831 95.3620682698
135.3711790393 95.3492043874
135.2235550709 95.3402236071
135.0762527233 95.3328601763
134.9292709467 95.3250103104
134.7826086957 95.3149522659
134.6362649294 95.3013643995
134.4902386117 95.2832606252
134.3445287107 95.2599291195
134.1991341991 95.2309974626
134.0540540541 95.1965296446
133.9092872570 95.1571792860
133.7648327940 95.1142690770
133.6206896552 95.0697237610
133.4768568353 95.0258686260
133.3333333333 94.9850843391
133.1901181525 94.9494463447
133.0472103004 94.9204276711
132.9046087889 94.8987645137
132.7623126338 94.8844516741
132.6203208556 94.8767749707
132.4786324786 94.8744062265
132.3372465315 94.8755436754
132.1961620469 94.8782110159
132.0553780618 94.8806725631
131.9148936170 94.8818707441
131.7747077577 94.8817326921
131.6348195329 94.8811979204
131.4952279958 94.8820270341
131.3559322034 94.8863906569
131.2169312169 94.8963925319
131.0782241015 94.9134918905
130.9398099261 94.9379917042
130.8016877637 94.9687418010
130.6638566913 95.0032016373
130.5263157895 95.0379057297
130.3890641430 95.0691253248
130.2521008403 95.0934858824
130.1154249738 95.1083398739
129.9790356394 95.1119084159
129.8429319372 95.1033184249
129.7071129707 95.0826763445
129.5715778474 95.0512128178
129.4363256785 95.0114034243
129.3013555787 94.9668692689
129.1666666667 94.9219519109
129.0322580645 94.8809747769
128.8981288981 94.8474557087
128.7642782970 94.8235096227
128.6307053942 94.8096602888
128.4974093264 94.8050468356
128.3643892340 94.8079020002
128.2316442606 94.8161179852
128.0991735537 94.8277490977
127.9669762642 94.8413013638
127.8350515464 94.8558422978
127.7033985582 94.8709258734
127.5720164609 94.8863872183
127.4409044193 94.9021023542
127.3100616016 94.9178173145
127.1794871795 94.9330724012
127.0491803279 94.9472233415
126.9191402252 94.9595219054
126.7893660532 94.9691790766
126.6598569969 94.9753850827
126.5306122449 94.9773150667
126.4016309888 94.9741274692
126.2729124236 94.9650811348
126.1444557477 94.9497475218
126.0162601626 94.9282791421
125.8883248731 94.9016819196
125.7606490872 94.8719556688
125.6332320162 94.8420750098
125.5060728745 94.8157039322
125.3791708797 94.7967771861
125.2525252525 94.7889285647
125.1261352170 94.7949034018
125.0000000000 94.8160410102
124.8741188318 94.8519482277
124.7484909457 94.9004618438
124.6231155779 94.9579113693
124.4979919679 95.0196739891
124.3731193581 95.0809350555
124.2484969940 95.1374610801
124.1241241241 95.1862107246
124.0000000000 95.2256525782
123.8761238761 95.2557898800
123.7524950100 95.2779908970
123.6291126620 95.2947676262
123.5059760956 95.3096286848
123.3830845771 95.3268337520
123.2604373757 95.3510428681
123.1380337637 95.3866858066
123.0158730159 95.4371618654
122.8939544103 95.5040630254
122.7722772277 95.5867649457
122.6508407517 95.6825095296
122.5296442688 95.7869771297
122.4086870681 95.8951002283
122.2879684418 96.0018262992
122.1674876847 96.1026224296
122.0472440945 96.1937314172
121.9272369715 96.2722240381
121.8074656189 96.3360168777
121.6879293425 96.3838451195
121.5686274510 96.4153372484
121.4495592556 96.4310505162
121.3307240705 96.4324957660
121.2121212121 96.4220781041
121.0937500000 96.4028915016
120.9756097561 96.3784103396
120.8576998051 96.3521109835
120.7400194742 96.3270491590
120.6225680934 96.3055273063
120.5053449951 96.2888999660
120.3883495146 96.2775472211
120.2715809893 96.2710828481
120.1550387597 96.2686960662
120.0387221684 96.2695103731
119.9226305609 96.2727623431
119.8067632850 96.2778323104
119.6911196911 96.2840674637
119.5756991321 96.2905847537
119.4605009634 96.2962597765
119.3455245428 96.2998634059
119.2307692308 96.3003853620
119.1162343900 96.2972675233
119.0019193858 96.2905195855
118.8878235858 96.2806060452
118.7739463602 96.2682310396
118.6602870813 96.2541067640
118.5468451243 96.2387990518
118.4336198663 96.2227247500
118.3206106870 96.2062640632
118.2078169685 96.1899533050
118.0952380952 96.1746446481
117.9828734539 96.1614959203
117.8707224335 96.1518058553
117.7587844255 96.1466937603
117.6470588235 96.1467513327
117.5355450237 96.1517902608
117.4242424242 96.1607044388
117.3131504257 96.1715804702
117.2022684310 96.1819706402
117.0915958451 96.1892899714
116.9811320755 96.1912357355
116.8708765316 96.1861515383
116.7608286252 96.1732968050
116.6509877705 96.1529567449
116.5413533835 96.1264413550
116.4319248826 96.0959597108
116.3227016886 96.0643958422
116.2136832240 96.0350087011
116.1048689139 96.0109981452
115.9962581852 95.9950177579
115.8878504673 95.9886782633
115.7796451914 95.9921935448
115.6716417910 96.0042579794
115.5638397018 96.0222871453
115.4562383613 96.0429425310
115.3488372093 96.0627993563
115.2416356877 96.0789830454
115.1346332405 96.0895676492
115.0278293135 96.0937367370
114.9212233550 96.0917759892
114.8148148148 96.0849286469
114.7086031452 96.0752500205
114.6025878004 96.0653831234
114.4967682364 96.0582925497
114.3911439114 96.0569682745
114.2857142857 96.0641477152
114.1804788214 96.0820541409
114.0754369825 96.1122085574
113.9705882353 96.1552694623
113.8659320478 96.2109083466
113.7614678899 96.2777325686
113.6571952337 96.3533221787
113.5531135531 96.4344125994
113.4492223239 96.5173091194
113.3455210238 96.5983611229
113.2420091324 96.6744600669
113.1386861314 96.7433810832
113.0355515041 96.8039065621
112.9326047359 96.8557644703
112.8298453139 96.8994310804
112.7272727273 96.9358687423
112.6248864668 96.9662822526
112.5226860254 96.9919264489
112.4206708976 97.0139891620
112.3188405797 97.0335493426
112.2171945701 97.0515889783
112.1157323689 97.0689654354
112.0144534779 97.0863872638
111.9133574007 97.1043452791
111.8124436429 97.1230286157
111.7117117117 97.1423346220
111.6111611161 97.1619471250
111.5107913669 97.1814733790
111.4106019766 97.2005588487
111.3105924596 97.2189738711
111.2107623318 97.2365906501
111.1111111111 97.2533144262
111.0116383169 97.2689428146
110.9123434705 97.2830905202
110.8132260947 97.2951127405
110.7142857143 97.3041644054
110.6155218555 97.3093153791
110.5169340463 97.3097104693
110.4185218166 97.3047480093
110.3202846975 97.2942152153
110.2222222222 97.2783253782
110.1243339254 97.2577145957
110.0266193434 97.2333420661
109.9290780142 97.2064679430
109.8317094774 97.1785745994
109.7345132743 97.1512998196
109.6374889478 97.1262923069
109.5406360424 97.1049860176
109.4439541041 97.0884045300
109.3474426808 97.0770581534
109.2511013216 97.0710016471
109.1549295775 97.0700611038
109.0589270009 97.0740612010
108.9630931459 97.0829000560
108.8674275680 97.0964884151
108.7719298246 97.1145106650
108.6765994741 97.1362058373
108.5814360771 97.1603183845
108.4864391951 97.1852106939
108.3916083916 97.2092015205
108.2969432314 97.2309340738
108.2024432810 97.2496891271
108.1081081081 97.2655285833
108.0139372822 97.2791933623
107.9199303742 97.2918319298
107.8260869565 97.3046013081
107.7324066030 97.3183210075
107.6388888889 97.3332437357
107.5455333912 97.3490754062
107.4523396880 97.3651108537
107.3593073593 97.3804499478
107.2664359862 97.3942053345
107.1737251513 97.4056676329
107.0811744387 97.4143931103
106.9887834340 97.4201928913
106.8965517241 97.4231136343
106.8044788975 97.4233359021
106.7125645439 97.4211395468
106.6208082545 97.4168757731
106.5292096220 97.4109634634
106.4377682403 97.4039060373
106.3464837050 97.3962020965
106.2553556127 97.3882661422
106.1643835616 97.3802554299
106.0735671514 97.3719739690
105.9829059829 97.3628779163
105.8923996584 97.3521860777
105.8020477816 97.3390737775
105.7118499574 97.3228783900
105.6218057922 97.3031595420
105.5319148936 97.2796987550
105.4421768707 97.2524730880
105.3525913339 97.2215995806
105.2631578947 97.1873979712
105.1738761662 97.1504679602
105.0847457627 97.1117869965
104.9957662997 97.0727541974
104.9069373942 97.0351588207
104.8182586644 97.0010605284
104.7297297297 96.9726261227
104.6413502110 96.9518042124
104.5531197302 96.9400363781
104.4650379107 96.9379463382
104.3771043771 96.9452750516
104.2893187553 96.9610313140
104.2016806723 96.9838751651
104.1141897565 97.0125381506
104.0268456376 97.0461320806
103.9396479464 97.0842612049
103.8525963149 97.1268763041
103.7656903766 97.1739650602
103.6789297659 97.2251923619
103.5923141186 97.2796578136
103.5058430718 97.3358674017
103.4195162636 97.3919361249
103.3333333333 97.4459333476
103.2472939217 97.4962181679
103.1613976705 97.5416633045
103.0756442228 97.5816973086
102.9900332226 97.6162542093
102.9045643154 97.6455671302
102.8192371476 97.6699679334
102.7340513670 97.6896990838
102.6490066225 97.7048582646
102.5641025641 97.7154355144
102.4793388430 97.7214395665
102.3947151115 97.7229897768
102.3102310231 97.7204027701
102.2258862325 97.7141607946
102.1416803954 97.7048932701
102.0576131687 97.6933022120
101.9736842105 97.6801781735
101.8898931800 97.6663633006
101.8062397373 97.6527689967
101.7227235439 97.6403396538
101.6393442623 97.6299592256
101.5561015561 97.6222925158
101.4729950900 97.6175856052
101.3900245298 97.6155548811
101.3071895425 97.6153990621
101.2244897959 97.6159424174
101.1419249592 97.6158946033
101.0594947025 97.6141075384
100.9771986971 97.6097482720
100.8950366151 97.6024105573
100.8130081301 97.5920832964
100.7311129163 97.5790587214
100.6493506494 97.5638116220
100.5677210057 97.5469239601
100.4862236629 97.5290078492
100.4048582996 97.5107208532
100.3236245955 97.4927537471
100.2425222312 97.4758810651
100.1615508885 97.4609286760
100.0807102502 97.4487748320
100.0000000000 97.4403132239
99.9194198227 97.4364291312
99.8389694042 97.4379455537
99.7586484312 97.4455605990
99.6784565916 97.4597548910
99.5983935743 97.4806753601
99.5184590690 97.5079737779
99.4386527666 97.5407128723
99.3589743590 97.5773577139
99.2794235388 97.6159525950
99.2000000000 97.6543602374
99.1207034373 97.6906169898
99.0415335463 97.7231614291
98.9624900239 97.7510208258
98.8835725678 97.7738391894
98.8047808765 97.7918660283
98.7261146497 97.8058523304
98.6475735879 97.8169299213
98.5691573927 97.8264339962
98.4908657665 97.8357553551
98.4126984127 97.8462002105
98.3346550357 97.8589448647
98.2567353407 97.8750104279
98.1789390340 97.8953026288
98.1012658228 97.9205945054
98.0237154150 97.9514496889
97.9462875197 97.9880506910
97.8689818469 98.0300625681
97.7917981073 98.0765208003
97.7147360126 98.1259236153
97.6377952756 98.1764311803
97.5609756098 98.2261948400
97.4842767296 98.2736283734
97.4076983504 98.3175714820
97.3312401884 98.3573495684
97.2549019608 98.3926413179
97.1786833856 98.4233514502
97.1025841817 98.4494435535
97.0266040689 98.4708714608
96.9507427678 98.4875726590
96.8750000000 98.4995068390
96.7993754879 98.5067403024
96.7238689548 98.5094699502
96.6484801247 98.5080655556
96.5732087227 98.5030047520
96.4980544747 98.4948420067
96.4230171073 98.4841422028
96.3480963481 98.4714433527
96.2732919255 98.4572198472
96.1986035687 98.4418851188
96.1240310078 98.4258173089
96.0495739737 98.4094037259
95.9752321981 98.3931078411
95.9010054138 98.3774901162
95.8268933539 98.3631736535
95.7528957529 98.3507564833
95.6790123457 98.3406665347
95.6052428682 98.3331366003
95.5315870570 98.3282131503
95.4580446497 98.3259209233
95.3846153846 98.3263850500
95.3112990008 98.3299662364
95.2380952381 98.3371803139
95.1650038373 98.3485719625
95.0920245399 98.3644850832
95.0191570881 98.3848600386
94.9464012251 98.4091482393
94.8737566947 98.4363661130
94.8012232416 98.4653191897
94.7288006112 98.4948138250
94.6564885496 98.5238731960
94.5842868040 98.5517842752
94.5121951220 98.5781079905
94.4402132521 98.6025643847
94.3683409437 98.6249786409
94.2965779468 98.6452176472
94.2249240122 98.6632121491
94.1533788914 98.6789705418
94.0819423369 98.6925801952
94.0106141016 98.7042119488
93.9393939394 98.7141491428
93.8682816048 98.7227784932
93.7972768533 98.7306288258
93.7263794407 98.7383462852
93.6555891239 98.7466311937
93.5849056604 98.7560967649
93.5143288084 98.7671284967
93.4438583271 98.7797597364
93.3734939759 98.7936751569
93.3032355154 98.8082606055
93.2330827068 98.8227710602
93.1630353118 98.8364738246
93.0930930931 98.8487853772
93.0232558140 98.8593724999
92.9535232384 98.8681103853
92.8838951311 98.8750666528
92.8143712575 98.8804239966
92.7449513837 98.8844245885
92.6756352765 98.8873140711
92.6064227035 98.8893269097
92.5373134328 98.8906386447
92.4683072334 98.8913648648
92.3994038748 98.8916017125
92.3306031273 98.8914633105
92.2619047619 98.8911389698
92.1933085502 98.8909089266
92.1248142645 98.8910940545
92.0564216778 98.8920142275
91.9881305638 98.8939121997
91.9199406968 98.8969620048
91.8518518519 98.9012445179
91.7838638046 98.9067983371
91.7159763314 98.9136013766
91.6481892092 98.9215419390
91.5805022157 98.9304230306
91.5129151292 98.9399083060
91.4454277286 98.9495635200
91.3780397937 98.9588928524
91.3107511046 98.9673762268
91.2435614422 98.9745122717
91.1764705882 98.9798996774
91.1094783248 98.9832672727
91.0425844347 98.9844904270
90.9757887014 98.9835883673
90.9090909091 98.9806684164
90.8424908425 98.9758501161
90.7759882870 98.9692310574
90.7095830285 98.9608468183
90.6432748538 98.9507370487
90.5770635500 98.9389877040
90.5109489051 98.9257946553
90.4449307075 98.9114883521
90.3790087464 98.8965551257
90.3131828114 98.8815955473
90.2474526929 98.8672686143
90.1818181818 98.8541768084
90.1162790698 98.8427700814
90.0508351489 98.8332558733
89.9854862119 98.8255875271
89.9202320522 98.8195418795
89.8550724638 98.8148195827
89.7900072411 98.8111510873
89.7250361795 98.8083268896
89.6601590745 98.8062279258
89.5953757225 98.8047881834
89.5306859206 98.8039470126
89.4660894661 98.8036484345
89.4015861572 98.8038317883
89.3371757925 98.8044357393
89.2728581713 98.8054042244
89.2086330935 98.8066715293
89.1445003595 98.8081480080
89.0804597701 98.8097000756
89.0165111271 98.8111158517
88.9526542324 98.8121231953
88.8888888889 98.8124132068
88.8252148997 98.8116691283
88.7616320687 98.8095902182
88.6981402003 98.8059607043
88.6347390994 98.8006594817
88.5714285714 98.7937397216
88.5082084226 98.7854399571
88.4450784593 98.7762255396
88.3820384890 98.7667517945
88.3190883191 98.7577726814
88.2562277580 98.7500978687
88.1934566145 98.7444796422
88.1307746979 98.7415786144
88.0681818182 98.7419135277
88.0056777857 98.7458115325
87.9432624113 98.7533869610
87.8809355067 98.7645189574
87.8186968839 98.7788539592
87.7565463553 98.7958715598
87.6944837341 98.8149615202
87.6325088339 98.8355072164
87.5706214689 98.8569404586
87.5088214538 98.8787777150
87.4471086037 98.9006011401
87.3854827343 98.9220546114
87.3239436620 98.9428540104
87.2624912034 98.9627833231
87.2011251758 98.9817004351
87.1398453970 98.9995032542
87.0786516854 99.0161104396
87.0175438596 99.0314258905
86.9565217391 99.0452986867
86.8955851437 99.0575511488
86.8347338936 99.0679987821
86.7739678097 99.0765051365
86.7132867133 99.0830076359
86.6526904263 99.0875583093
86.5921787709 99.0903055301
86.5317515701 99.0915050694
86.4714086471 99.0914805362
86.4111498258 99.0905936743
86.3509749304 99.0892194631
86.2908837857 99.0877057447
86.2308762170 99.0863577850
86.1709520500 99.0853968086
86.1111111111 99.0849748423
86.0513532269 99.0851531037
85.9916782247 99.0859772094
85.9320859321 99.0874569305
85.8725761773 99.0896228805
85.8131487889 99.0924860211
85.7538035961 99.0960028549
85.6945404285 99.1000085461
85.6353591160 99.1042104707
85.5762594893 99.1081706992
85.5172413793 99.1113905934
85.4583046175 99.1133563011
85.3994490358 99.1136707461
85.3406744666 99.1120712604
85.2819807428 99.1085024267
85.2233676976 99.1030776192
85.1648351648 99.0960703640
85.1063829787 99.0878796875
85.0480109739 99.0789697906
84.9897189856 99.0698238690
84.9315068493 99.0608988026
84.8733744011 99.0525469367
84.8153214774 99.0450204430
84.7573479152 99.0384337975
84.6994535519 99.0328343169
84.6416382253 99.0282325240
84.5839017735 99.0246487681
84.5262440354 99.0221239129
84.4686648501 99.0207201918
84.4111640572 99.0204553948
84.3537414966 99.0212609166
84.2963970088 99.0229397077
84.2391304348 99.0251282860
84.1819416158 99.0273609108
84.1248303935 99.0291258129
84.0677966102 99.0299938344
84.0108401084 99.0296819174
83.9539607312 99.0280656779
83.8971583221 99.0251610627
83.8404327248 99.0210885938
83.7837837838 99.0160016077
83.7272113437 99.0100755646
83.6707152497 99.0035176546
83.6142953473 98.9965726226
83.5579514825 98.9895432975
83.5016835017 98.9827761457
83.4454912517 98.9766616907
83.3893745797 98.9715678184
83.3333333333 98.9678337949
83.2773673606 98.9656873282
83.2214765101 98.9652436136
83.1656606304 98.9664565509
83.1099195710 98.9691330382
83.0542531815 98.9729778595
82.9986613119 98.9776498601
82.9431438127 98.9828770413
82.8877005348 98.9885046275
82.8323313293 98.9945651181
82.7770360481 99.0012388209
82.7218145430 99.0088400340
82.6666666667 99.0177296737
82.6115922718 99.0282312538
82.5565912117 99.0405412091
82.5016633400 99.0546844208
82.4468085106 99.0704912950
82.3920265781 99.0876320643
82.3373173971 99.1056626874
82.2826808228 99.1240705927
82.2281167109 99.1423491916
82.1736249172 99.1600450989
82.1192052980 99.1767915405
82.0648577101 99.1923357412
82.0105820106 99.2065515644
81.9563780568 99.2193824643
81.9022457067 99.2308156536
81.8481848185 99.2408291253
81.7941952507 99.2493529555
81.7402768622 99.2562637079
81.6864295125 99.2614362390
81.6326530612 99.2647916444
81.5789473684 99.2663357227
81.5253122945 99.2662023873
81.4717477004 99.2646341703
81.4182534471 99.2619564429
81.3648293963 99.2585402248
81.3114754098 99.2547493958
81.2581913499 99.2509022411
81.2049770792 99.2472338736
81.1518324607 99.2438522096
81.0987573578 99.2407583675
81.0457516340 99.2378022506
80.9928151535 99.2347409836
80.9399477807 99.2312535206
80.8871493803 99.2269674363
80.8344198175 99.2215391648
80.7817589577 99.2146654190
80.7291666667 99.2061316821
80.6766428107 99.1958724657
80.6241872562 99.1839835394
80.5717998700 99.1707338205
80.5194805195 99.1566149894
80.4672290720 99.1422786763
80.4150453956 99.1285538545
80.3629293584 99.1163466648
80.3108808290 99.1065167358
80.2588996764 99.0997204862
80.2069857697 99.0962359145
80.1551389787 99.0959035958
80.1033591731 99.0981546301
80.0516462234 99.1021739339
80.0000000000 99.1070774472
79.9484203740 99.1121139517
79.8969072165 99.1167705819
79.8454603992 99.1207655580
79.7940797941 99.1240511039
79.7427652733 99.1267550687
79.6915167095 99.1291009522
79.6403339756 99.1313371244
79.5892169448 99.1336936316
79.5381654907 99.1362983629
79.4871794872 99.1391764133
79.4362588085 99.1422646710
79.3854033291 99.1454599804
79.3346129239 99.1486797279
79.2838874680 99.1519113283
79.2332268371 99.1551868152
79.1826309068 99.1585828960
79.1320995533 99.1621556055
79.0816326531 99.1658958815
79.0312300829 99.1697390584
78.9808917197 99.1735920878
78.9306174411 99.1773380619
78.8804071247 99.1809195761
78.8302606484 99.1843498685
78.7801778907 99.1877198621
78.7301587302 99.1912041481
78.6802030457 99.1950402536
78.6303107166 99.1994737685
78.5804816223 99.2047312175
78.5307156428 99.2109195552
78.4810126582 99.2180134804
78.4313725490 99.2258264249
78.3817951960 99.2340804908
78.3322804801 99.2424609293
78.2828282828 99.2506724699
78.2334384858 99.2584953288
78.1841109710 99.2657700061
78.1348456207 99.2723919616
78.0856423174 99.2782957042
78.0365009440 99.2834319417
77.9874213836 99.2878018326
77.9384035198 99.2914287427
77.8894472362 99.2944037258
77.8405524168 99.2968188103
77.7917189460 99.2988006660
77.7429467085 99.3004655028
77.6942355890 99.3019304276
77.6455854728 99.3032852979
77.5969962453 99.3046317147
77.5484677924 99.3060439430
77.5000000000 99.3075631031
77.4515927545 99.3091855256
77.4032459426 99.3108732785
77.3549594510 99.3125594968
77.3067331671 99.3142101690
77.2585669782 99.3158022787
77.2104607721 99.3173693556
77.1624144368 99.3189629122
77.1144278607 99.3205955307
77.0665009323 99.3222577831
77.0186335404 99.3238668704
76.9708255742 99.3252824041
76.9230769231 99.3263457760
76.8753874768 99.3268630217
76.8277571252 99.3266613392
76.7801857585 99.3256063031
76.7326732673 99.3236078790
76.6852195424 99.3206496426
76.6378244747 99.3167779146
76.5904879555 99.3120911215
76.5432098765 99.3067115632
76.4959901295 99.3007458865
76.4488286067 99.2942672773
76.4017252002 99.2872864032
76.3546798030 99.2797849875
76.3076923077 99.2717034912
76.2607626076 99.2630384037
76.2138905962 99.2538480884
76.1670761671 99.2442994557
76.1203192142 99.2346520818
76.0736196319 99.2252186657
76.0269773145 99.2163543688
75.9803921569 99.2083760729
75.9338640539 99.2015736933
75.8873929009 99.1962099875
75.8409785933 99.1925145413
75.7946210269 99.1906951290
75.7483200977 99.1909213699
75.7020757021 99.1933066977
75.6558877364 99.1978801779
75.6097560976 99.2045220292
75.5636806825 99.2129677520
75.5176613886 99.2228178522
75.4716981132 99.2336055876
75.4257907543 99.2448772544
75.3799392097 99.2562562623
75.3341433779 99.2674791659
75.2884031573 99.2783852461
75.2427184466 99.2889177181
75.1970891449 99.2991015759
75.1515151515 99.3090207301
75.1059963658 99.3187785173
75.0605326877 99.3284509402
75.0151240169 99.3380630262
74.9697702539 99.3475414382
74.9244712991 99.3567133162
74.8792270531 99.3653458765
74.8340374170 99.3731635950
74.7889022919 99.3799060038
74.7438215793 99.3853165346
74.6987951807 99.3891897897
74.6538229982 99.3913771421
74.6089049338 99.3917933109
74.5640408900 99.3904343330
74.5192307692 99.3874133011
74.4744744745 99.3829668953
74.4297719088 99.3774624536
74.3851229754 99.3713579521
74.3405275779 99.3651730177
74.2959856201 99.3594427709
74.2514970060 99.3546647652
74.2070616397 99.3512339803
74.1626794258 99.3494070065
74.1183502690 99.3492824874
74.0740740741 99.3508061091
74.0298507463 99.3538042068
73.9856801909 99.3580834831
73.9415623137 99.3634371712
73.8974970203 99.3696807219
73.8534842168 99.3766529991
73.8095238095 99.3841566881
73.7656157049 99.3919465156
73.7217598098 99.3997402182
73.6779560309 99.4072000726
73.6342042755 99.4140035193
73.5905044510 99.4198791191
73.5468564650 99.4246012425
73.5032602253 99.4280557674
73.4597156398 99.4301944023
73.4162226169 99.4310280129
73.3727810651 99.4306102937
73.3293908930 99.4290189844
73.2860520095 99.4263802029
73.2427643237 99.4228208064
73.1995277450 99.4185219961
73.1563421829 99.4136901782
73.1132075472 99.4085208298
73.0701237478 99.4032228822
73.0270906949 99.3979642503
72.9841082990 99.3928716327
72.9411764706 99.3880721588
72.8982951205 99.3836691939
72.8554641598 99.3797787487
72.8126834997 99.3764996805
72.7699530516 99.3738836132
72.7272727273 99.3719287311
72.6846424385 99.3705488995
72.6420620972 99.3696270528
72.5995316159 99.3690150041
72.5570509070 99.3685511815
72.5146198830 99.3680971209
72.4722384570 99.3675373438
72.4299065421 99.3667976688
72.3876240514 99.3658579393
72.3453908985 99.3647401294
72.3032069971 99.3635149612
72.2610722611 99.3622663206
72.2189866045 99.3610608356
72.1769499418 99.3599414131
72.1349621873 99.3589029108
72.0930232558 99.3578976696
72.0511330622 99.3568406871
72.0092915215 99.3556579273
71.9674985490 99.3543047056
71.9257540603 99.3527958737
71.8840579710 99.3512554246
71.8424101970 99.3498686447
71.8008106543 99.3489194568
71.7592592593 99.3487301784
71.7177559283 99.3496497074
71.6763005780 99.3520111073
71.6348931254 99.3561318388
71.5935334873 99.3622834725
71.5522215811 99.3706063539
71.5109573241 99.3810843475
71.4697406340 99.3934696906
71.4285714286 99.4072862773
71.3874496258 99.4218883575
71.3463751438 99.4365933982
71.3053479011 99.4507678766
71.2643678161 99.4639328398
71.2234348076 99.4757967374
71.1825487945 99.4862142755
71.1417096959 99.4951824411
71.1009174312 99.5027546303
71.0601719198 99.5090221953
71.0194730813 99.5140776396
70.9788208357 99.5180386352
70.9382151030 99.5210604910
70.8976558033 99.5233302678
70.8571428571 99.5250919833
70.8166761850 99.5266097258
70.7762557078 99.5281316919
70.7358813463 99.5298519097
70.6955530217 99.5318481706
70.6552706553 99.5341303045
70.6150341686 99.5366080881
70.5748434832 99.5391903090
70.5346985210 99.5417781930
70.4945992041 99.5442972395
70.4545454545 99.5467160979
70.4145371948 99.5489968537
70.3745743473 99.5511268197
70.3346568349 99.5530742603
70.2947845805 99.5548325236
70.2549575071 99.5563948512
70.2151755379 99.5577546599
70.1754385965 99.5589055398
70.1357466063 99.5597976235
70.0960994912 99.5603681763
70.0564971751 99.5605227530
70.0169395822 99.5601596273
69.9774266366 99.5591948695
69.9379582628 99.5575935707
69.8985343856 99.5554019936
69.8591549296 99.5527232178
69.8198198198 99.5497237176
69.7805289814 99.5466024677
69.7412823397 99.5435724866
69.7020798201 99.5408292402
69.6629213483 99.5385190496
69.6238068501 99.5368012767
69.5847362514 99.5357611885
69.5457094784 99.5354779670
69.5067264574 99.5359496257
69.4677871148 99.5371240528
69.4288913774 99.5388727646
69.3900391718 99.5410285513
69.3512304251 99.5433915620
69.3124650643 99.5457412596
69.2737430168 99.5478936989
69.2350642099 99.5496697130
69.1964285714 99.5509650708
69.1578360290 99.5517441143
69.1192865106 99.5520600352
69.0807799443 99.5520364135
69.0423162584 99.5518485913
69.0038953812 99.5516737684
68.9655172414 99.5516774071
68.9271817676 99.5519693568
68.8888888889 99.5526219123
68.8506385341 99.5536378770
68.8124306326 99.5549626146
68.7742651137 99.5564898741
68.7361419069 99.5580932559
68.6980609418 99.5596516088
68.6600221484 99.5610811578
68.6220254566 99.5623357992
68.5840707965 99.5634204165
68.5461580984 99.5643656958
68.5082872928 99.5652156153
68.4704583103 99.5660016678
68.4326710817 99.5667683769
68.3949255378 99.5675477643
68.3572216097 99.5683783189
68.3195592287 99.5692925781
68.2819383260 99.5703040322
68.2443588332 99.5714067987
68.2068206821 99.5725822496
68.1693238043 99.5738239993
68.1318681319 99.5751190501
68.0944535969 99.5765058361
68.0570801317 99.5780424251
68.0197476687 99.5798134515
67.9824561404 99.5818597938
67.9452054795 99.5841645808
67.9079956188 99.5866405004
67.8708264915 99.5891023773
67.8336980306 99.5913316341
67.7966101695 99.5930948450
67.7595628415 99.5941892630
67.7225559803 99.5944304704
67.6855895197 99.5937297384
67.6486633933 99.5920175318
67.6117775354 99.5893207497
67.5749318801 99.5857377933
67.5381263617 99.5814517597
67.5013609145 99.5767244006
67.4646354733 99.5719034564
67.4279499728 99.5673841031
67.3913043478 99.5635771550
67.3546985334 99.5608441437
67.3181324647 99.5594452193
67.2816060770 99.5594924160
67.2451193059 99.5609292612
67.2086720867 99.5635745988
67.1722643554 99.5671348560
67.1358960476 99.5713014352
67.0995670996 99.5757373326
67.0632774473 99.5801495527
67.0270270270 99.5842367854
66.9908157753 99.5877682693
66.9546436285 99.5905316016
66.9185105235 99.5923464272
66.8824163970 99.5930966518
66.8463611860 99.5926989026
66.8103448276 99.5911414763
66.7743672590 99.5884520499
66.7384284177 99.5847111384
66.7025282410 99.5800390926
66.6666666667 99.5746026392
66.6308436325 99.5686351555
66.5950590763 99.5624038759
66.5593129361 99.5562169351
66.5236051502 99.5503776236
66.4879356568 99.5451844676
66.4523043944 99.5408523274
66.4167113016 99.5375116355
66.3811563169 99.5351684680
66.3456393793 99.5337098886
66.3101604278 99.5328967863
66.2747194014 99.5324550548
66.2393162393 99.5320624589
66.2039508809 99.5314536766
66.1686232657 99.5304281809
66.1333333333 99.5288638123
66.0980810235 99.5267242061
66.0628662760 99.5240128917
66.0276890309 99.5207733053
65.9925492283 99.5170893925
65.9574468085 99.5130519842
65.9223817119 99.5087657703
65.8873538789 99.5043427798
65.8523632501 99.4998887867
65.8174097665 99.4955035478
65.7824933687 99.4912738946
65.7476139979 99.4872736197
65.7127715951 99.4835766529
65.6779661017 99.4802309853
65.6431974590 99.4772977500
65.6084656085 99.4747854828
65.5737704918 99.4726826015
65.5391120507 99.4709504378
65.5044902272 99.4695364955
65.4699049630 99.4684078370
65.4353562005 99.4675643004
65.4008438819 99.4670595520
65.3663679494 99.4669811078
65.3319283456 99.4674107680
65.2975250132 99.4684046400
65.2631578947 99.4699454748
65.2288269332 99.4719556787
65.1945320715 99.4743099265
65.1602732528 99.4768752212
65.1260504202 99.4795043352
65.0918635171 99.4821091236
65.0577124869 99.4846284332
65.0235972732 99.4870609791
64.9895178197 99.4894196925
64.9554740702 99.4917445116
64.9214659686 99.4940494207
64.8874934589 99.4963486032
64.8535564854 99.4985960910
64.8196549922 99.5006847313
64.7857889237 99.5024666756
64.7519582245 99.5037454973
64.7181628392 99.5043435713
64.6844027126 99.5040820700
64.6506777894 99.5028689902
64.6169880146 99.5006657757
64.5833333333 99.4975419856
64.5497136908 99.4936558415
64.5161290323 99.4892409536
64.4825793032 99.4845735323
64.4490644491 99.4799516219
64.4155844156 99.4756209232
64.3821391485 99.4717742548
64.3487285937 99.4685037054
64.3153526971 99.4658064367
64.2820114049 99.4635639219
64.2487046632 99.4616087537
64.2154324184 99.4597040423
64.1821946170 99.4576521358
64.1489912054 99.4552945542
64.1158221303 99.4525469754
64.0826873385 99.4494406196
64.0495867769 99.4460617083
64.0165203924 99.4425588237
63.9834881321 99.4390817536
63.9504899433 99.4357744134
63.9175257732 99.4327407037
63.8845955693 99.4300304242
63.8516992791 99.4276386427
63.8188368502 99.4255055651
63.7860082305 99.4235776160
63.7532133676 99.4217663974
63.7204522097 99.4200239911
63.6877247047 99.4183230173
63.6550308008 99.4166430636
63.6223704464 99.4149773891
63.5897435897 99.4133056052
63.5571501794 99.4115939800
63.5245901639 99.4097877783
63.4920634921 99.4078045968
63.4595701126 99.4055544942
63.4271099744 99.4029402323
63.3946830266 99.3999049122
63.3622892182 99.3964397173
63.3299284985 99.3925839417
63.2976008167 99.3884327435
63.2653061224 99.3840959992
63.2330443651 99.3796572145
63.2008154944 99.3751452819
63.1686194600 99.3704924514
63.1364562118 99.3655756228
63.1043256997 99.3602014086
63.0722278739 99.3541752573
63.0401626843 99.3472735733
63.0081300813 99.3393269169
62.9761300152 99.3302064755
62.9441624365 99.3198448374
62.9122272958 99.3082502906
62.8803245436 99.2955348022
62.8484541308 99.2819143998
62.8166160081 99.2677096933
62.7848101266 99.2533878885
62.7530364372 99.2395222142
62.7212948912 99.2267371399
62.6895854398 99.2156672128
62.6579080344 99.2068808759
62.6262626263 99.2008037456
62.5946491671 99.1976764889
62.5630676085 99.1975742245
62.5315179022 99.2003641124
62.5000000000 99.2057525490
62.4685138539 99.2133119328
62.4370594159 99.2225076269
62.4056366381 99.2327592165
62.3742454728 99.2435177227
62.3428858723 99.2542933433
62.3115577889 99.2647120470
62.2802611753 99.2745451375
62.2489959839 99.2836817037
62.2177621676 99.2921161522
62.1865596790 99.2999625669
62.1553884712 99.3073644665
62.1242484970 99.3145231220
62.0931397096 99.3216064393
62.0620620621 99.3287413690
62.0310155078 99.3359852183
62.0000000000 99.3433462418
