0.0100000000 3.9321073795
0.0200000000 14.0690268895
0.0300000000 26.9214670895
0.0400000000 39.5749443119
0.0500000000 50.5782095995
0.0600000000 59.5761071752
0.0700000000 66.7346304099
0.0800000000 72.3792660168
0.0900000000 76.8349258404
0.1000000000 80.3740715322
0.1100000000 83.2099007368
0.1200000000 85.5044576813
0.1300000000 87.3796459628
0.1400000000 88.9271093166
0.1500000000 90.2160478262
0.1600000000 91.2990868125
0.1700000000 92.2165868180
0.1800000000 92.9997827834
0.1900000000 93.6730696952
0.2000000000 94.2556735150
0.2100000000 94.7628794459
0.2200000000 95.2069421699
0.2300000000 95.5977652777
0.2400000000 95.9434136009
0.2500000000 96.2505016684
0.2600000000 96.5244916081
0.2700000000 96.7699225153
0.2800000000 96.9905897809
0.2900000000 97.1896847776
0.3000000000 97.3699057742
0.3100000000 97.5335452717
0.3200000000 97.6825610835
0.3300000000 97.8186324588
0.3400000000 97.9432060314
0.3500000000 98.0575332524
0.3600000000 98.1627009554
0.3700000000 98.2596561848
0.3800000000 98.3492276392
0.3900000000 98.4321425220
0.4000000000 98.5090411207
0.4100000000 98.5804889530
0.4200000000 98.6469868718
0.4300000000 98.7089797904
0.4400000000 98.7668638958
0.4500000000 98.8209929711
0.4600000000 98.8716836646
0.4700000000 98.9192200502
0.4800000000 98.9638575533
0.4900000000 99.0058263668
0.5000000000 99.0453343164
0.5100000000 99.0825694799
0.5200000000 99.1177023486
0.5300000000 99.1508877624
0.5400000000 99.1822665841
0.5500000000 99.2119672587
0.5600000000 99.2401069666
0.5700000000 99.2667929211
0.5800000000 99.2921232575
0.5900000000 99.3161878471
0.6000000000 99.3390697605
0.6100000000 99.3608448832
0.6200000000 99.3815832501
0.6300000000 99.4013495069
0.6400000000 99.4202030739
0.6500000000 99.4381995551
0.6600000000 99.4553898312
0.6700000000 99.4718209627
0.6800000000 99.4875373168
0.6900000000 99.5025794931
0.7000000000 99.5169851248
0.7100000000 99.5307899940
0.7200000000 99.5440267702
0.7300000000 99.5567258487
0.7400000000 99.5689163754
0.7500000000 99.5806245953
0.7600000000 99.5918760256
0.7700000000 99.6026935645
0.7800000000 99.6130996796
0.7900000000 99.6231143966
0.8000000000 99.6327573191
0.8100000000 99.6420468169
0.8200000000 99.6509993634
0.8300000000 99.6596312946
0.8400000000 99.6679579700
0.8500000000 99.6759929954
0.8600000000 99.6837500644
0.8700000000 99.6912418305
0.8800000000 99.6984804764
0.8900000000 99.7054767009
0.9000000000 99.7122414076
0.9100000000 99.7187846725
0.9200000000 99.7251160305
0.9300000000 99.7312444751
0.9400000000 99.7371785802
0.9500000000 99.7429264190
0.9600000000 99.7484956733
0.9700000000 99.7538936424
0.9800000000 99.7591272361
0.9900000000 99.7642030385
1.0000000000 99.7691273043
1.0100000000 99.7739055839
1.0200000000 99.7785442811
1.0300000000 99.7830484062
1.0400000000 99.7874230955
1.0500000000 99.7916728388
1.0600000000 99.7958030656
1.0700000000 99.7998178156
1.0800000000 99.8037209545
1.0900000000 99.8075173018
1.1000000000 99.8112099358
1.1100000000 99.8148033192
1.1200000000 99.8183001947
1.1300000000 99.8217047342
1.1400000000 99.8250193621
1.1500000000 99.8282475561
1.1600000000 99.8313926802
1.1700000000 99.8344567375
1.1800000000 99.8374428645
1.1900000000 99.8403536455
1.2000000000 99.8431915637
1.2100000000 99.8459590138
1.2200000000 99.8486587112
1.2300000000 99.8512920160
1.2400000000 99.8538614398
1.2500000000 99.8563685684
1.2600000000 99.8588162339
1.2700000000 99.8612058690
1.2800000000 99.8635392789
1.2900000000 99.8658181654
1.3000000000 99.8680437648
1.3100000000 99.8702185642
1.3200000000 99.8723436665
1.3300000000 99.8744200636
1.3400000000 99.8764501226
1.3500000000 99.8784342929
1.3600000000 99.8803748338
1.3700000000 99.8822720542
1.3800000000 99.8841281802
1.3900000000 99.8859433892
1.4000000000 99.8877193217
1.4100000000 99.8894571038
1.4200000000 99.8911582664
1.4300000000 99.8928228534
1.4400000000 99.8944523583
1.4500000000 99.8960477403
1.4600000000 99.8976099220
1.4700000000 99.8991397878
1.4800000000 99.9006377087
1.4900000000 99.9021055181
1.5000000000 99.9035435420
1.5100000000 99.9049525520
1.5200000000 99.9063327549
1.5300000000 99.9076859575
1.5400000000 99.9090117852
1.5500000000 99.9103120344
1.5600000000 99.9115862411
1.5700000000 99.9128361716
1.5800000000 99.9140613185
1.5900000000 99.9152628523
1.6000000000 99.9164413583
1.6100000000 99.9175973888
1.6200000000 99.9187320688
1.6300000000 99.9198447873
1.6400000000 99.9209360642
1.6500000000 99.9220075371
1.6600000000 99.9230591207
1.6700000000 99.9240912872
1.6800000000 99.9251044883
1.6900000000 99.9260985562
1.7000000000 99.9270751427
1.7100000000 99.9280334511
1.7200000000 99.9289751038
1.7300000000 99.9298992456
1.7400000000 99.9308069001
1.7500000000 99.9316990496
1.7600000000 99.9325748132
1.7700000000 99.9334351711
1.7800000000 99.9342804473
1.7900000000 99.9351109740
1.8000000000 99.9359270746
1.8100000000 99.9367284387
1.8200000000 99.9375166357
1.8300000000 99.9382913248
1.8400000000 99.9390521578
1.8500000000 99.9398006816
1.8600000000 99.9405359047
1.8700000000 99.9412587062
1.8800000000 99.9419700324
1.8900000000 99.9426688087
1.9000000000 99.9433559413
1.9100000000 99.9440316477
1.9200000000 99.9446961973
1.9300000000 99.9453497858
1.9400000000 99.9459926451
1.9500000000 99.9466243048
1.9600000000 99.9472463526
1.9700000000 99.9478576008
1.9800000000 99.9484596440
1.9900000000 99.9490512883
2.0000000000 99.9496333947
2.0100000000 99.9502068889
2.0200000000 99.9507705198
2.0300000000 99.9513251699
2.0400000000 99.9518702778
2.0500000000 99.9524074659
2.0600000000 99.9529361828
2.0700000000 99.9534565838
2.0800000000 99.9539680746
2.0900000000 99.9544715619
2.1000000000 99.9549679077
2.1100000000 99.9554557936
2.1200000000 99.9559360987
2.1300000000 99.9564089637
2.1400000000 99.9568745167
2.1500000000 99.9573328731
2.1600000000 99.9577841955
2.1700000000 99.9582278195
2.1800000000 99.9586654165
2.1900000000 99.9590955383
2.2000000000 99.9595191099
2.2100000000 99.9599362138
2.2200000000 99.9603469644
2.2300000000 99.9607514929
2.2400000000 99.9611498874
2.2500000000 99.9615422673
2.2600000000 99.9619279082
2.2700000000 99.9623085463
2.2800000000 99.9626826406
2.2900000000 99.9630511031
2.3000000000 99.9634140312
2.3100000000 99.9637714944
2.3200000000 99.9641236222
2.3300000000 99.9644704572
2.3400000000 99.9648121170
2.3500000000 99.9651478577
2.3600000000 99.9654785517
2.3700000000 99.9658051455
2.3800000000 99.9661260405
2.3900000000 99.9664413052
2.4000000000 99.9667526962
2.4100000000 99.9670594513
2.4200000000 99.9673607803
2.4300000000 99.9676584643
2.4400000000 99.9679508680
2.4500000000 99.9682388912
2.4600000000 99.9685226199
2.4700000000 99.9688021264
2.4800000000 99.9690765905
2.4900000000 99.9693478122
2.5000000000 99.9696141046
2.5100000000 99.9698764081
2.5200000000 99.9701347847
2.5300000000 99.9703892830
2.5400000000 99.9706390658
2.5500000000 99.9708859807
2.5600000000 99.9711282878
2.5700000000 99.9713669389
2.5800000000 99.9716019719
2.5900000000 99.9718325351
2.6000000000 99.9720605146
2.6100000000 99.9722840960
2.6200000000 99.9725042798
2.6300000000 99.9727210928
2.6400000000 99.9729345905
2.6500000000 99.9731448007
2.6600000000 99.9733508506
2.6700000000 99.9735537052
2.6800000000 99.9737534079
2.6900000000 99.9739500162
2.7000000000 99.9741425898
2.7100000000 99.9743321372
2.7200000000 99.9745187035
2.7300000000 99.9747023070
2.7400000000 99.9748830072
2.7500000000 99.9750598481
2.7600000000 99.9752338579
2.7700000000 99.9754050563
2.7800000000 99.9755724917
2.7900000000 99.9757381794
2.8000000000 99.9759001655
2.8100000000 99.9760584876
2.8200000000 99.9762151699
2.8300000000 99.9763682250
2.8400000000 99.9765177045
2.8500000000 99.9766656283
2.8600000000 99.9768100282
2.8700000000 99.9769519347
2.8800000000 99.9770903369
2.8900000000 99.9772273370
2.9000000000 99.9773598717
2.9100000000 99.9774910396
2.9200000000 99.9776188183
2.9300000000 99.9777432219
2.9400000000 99.9778653073
2.9500000000 99.9779850999
2.9600000000 99.9781015757
2.9700000000 99.9782158155
2.9800000000 99.9783278325
2.9900000000 99.9784355323
3.0000000000 99.9785421238
3.0100000000 99.9786444169
3.0200000000 99.9787456294
3.0300000000 99.9788426007
3.0400000000 99.9789374544
3.0500000000 99.9790291488
3.0600000000 99.9791176878
3.0700000000 99.9792041766
3.0800000000 99.9792875381
3.0900000000 99.9793678015
3.1000000000 99.9794449591
3.1100000000 99.9795190156
3.1200000000 99.9795900005
3.1300000000 99.9796567967
3.1400000000 99.9797205243
3.1500000000 99.9797811885
3.1600000000 99.9798388070
3.1700000000 99.9798911128
3.1800000000 99.9799403816
3.1900000000 99.9799854640
3.2000000000 99.9800252323
3.2100000000 99.9800608094
3.2200000000 99.9800921789
3.2300000000 99.9801170572
3.2400000000 99.9801354068
3.2500000000 99.9801483663
3.2600000000 99.9801547296
3.2700000000 99.9801533236
3.2800000000 99.9801452639
3.2900000000 99.9801281804
3.3000000000 99.9801043558
3.3100000000 99.9800737423
3.3200000000 99.9800374698
3.3300000000 99.9799955361
3.3400000000 99.9799514352
3.3500000000 99.9799075953
3.3600000000 99.9798676191
3.3700000000 99.9798316006
3.3800000000 99.9798008429
3.3900000000 99.9797766406
3.4000000000 99.9797567078
3.4100000000 99.9797375089
3.4200000000 99.9797166565
3.4300000000 99.9796905076
3.4400000000 99.9796541568
3.4500000000 99.9796050673
3.4600000000 99.9795406849
3.4700000000 99.9794608564
3.4800000000 99.9793629825
3.4900000000 99.9792505922
3.5000000000 99.9791235768
3.5100000000 99.9789880091
3.5200000000 99.9788488274
3.5300000000 99.9787135517
3.5400000000 99.9785910626
3.5500000000 99.9784853149
3.5600000000 99.9784028709
3.5700000000 99.9783389695
3.5800000000 99.9782925896
3.5900000000 99.9782537528
3.6000000000 99.9782136132
3.6100000000 99.9781644952
3.6200000000 99.9780985978
3.6300000000 99.9780106106
3.6400000000 99.9778990290
3.6500000000 99.9777610217
3.6600000000 99.9776002486
3.6700000000 99.9774178106
3.6800000000 99.9772200429
3.6900000000 99.9770094563
3.7000000000 99.9767925067
3.7100000000 99.9765731192
3.7200000000 99.9763565711
3.7300000000 99.9761508321
3.7400000000 99.9759640044
3.7500000000 99.9758056044
3.7600000000 99.9756839324
3.7700000000 99.9756047549
3.7800000000 99.9755658233
3.7900000000 99.9755635336
3.8000000000 99.9755914966
3.8100000000 99.9756392076
3.8200000000 99.9756959927
3.8300000000 99.9757524140
3.8400000000 99.9758002955
3.8500000000 99.9758313499
3.8600000000 99.9758426541
3.8700000000 99.9758326649
3.8800000000 99.9757998084
3.8900000000 99.9757480236
3.9000000000 99.9756813096
3.9100000000 99.9756009530
3.9200000000 99.9755096610
3.9300000000 99.9754073651
3.9400000000 99.9752926162
3.9500000000 99.9751625333
3.9600000000 99.9750128030
3.9700000000 99.9748404443
3.9800000000 99.9746438762
3.9900000000 99.9744214959
4.0000000000 99.9741745156
4.0100000000 99.9739041705
4.0200000000 99.9736159792
4.0300000000 99.9733155406
4.0400000000 99.9730099433
4.0500000000 99.9727063696
4.0600000000 99.9724106475
4.0700000000 99.9721286832
4.0800000000 99.9718563115
4.0900000000 99.9715907655
4.1000000000 99.9713205115
4.1100000000 99.9710367940
4.1200000000 99.9707292970
4.1300000000 99.9703890555
4.1400000000 99.9700114097
4.1500000000 99.9695916584
4.1600000000 99.9691309728
4.1700000000 99.9686275684
4.1800000000 99.9680855960
4.1900000000 99.9675062984
4.2000000000 99.9668894367
4.2100000000 99.9662318128
4.2200000000 99.9655271878
4.2300000000 99.9647632606
4.2400000000 99.9639246049
4.2500000000 99.9629986100
4.2600000000 99.9619695352
4.2700000000 99.9608320735
4.2800000000 99.9595838841
4.2900000000 99.9582286948
4.3000000000 99.9567855425
4.3100000000 99.9552812842
4.3200000000 99.9537553432
4.3300000000 99.9522490790
4.3400000000 99.9508073860
4.3500000000 99.9494663792
4.3600000000 99.9482408832
4.3700000000 99.9471257290
4.3800000000 99.9460892493
4.3900000000 99.9450854075
4.4000000000 99.9440629627
4.4100000000 99.9429826310
4.4200000000 99.9418250747
4.4300000000 99.9406021861
4.4400000000 99.9393574700
4.4500000000 99.9381601294
4.4600000000 99.9370990783
4.4700000000 99.9362609743
4.4800000000 99.9357047621
4.4900000000 99.9354517812
4.5000000000 99.9354724840
4.5100000000 99.9356938140
4.5200000000 99.9360179009
4.5300000000 99.9363394529
4.5400000000 99.9365618044
4.5500000000 99.9366034973
4.5600000000 99.9364049592
4.5700000000 99.9359239121
4.5800000000 99.9351355952
4.5900000000 99.9340264356
4.6000000000 99.9325990912
4.6100000000 99.9308775073
4.6200000000 99.9288989633
4.6300000000 99.9267355584
4.6400000000 99.9244847340
4.6500000000 99.9222777784
4.6600000000 99.9202637091
4.6700000000 99.9185945550
4.6800000000 99.9173955486
4.6900000000 99.9167365350
4.7000000000 99.9166179951
4.7100000000 99.9169685889
4.7200000000 99.9176677380
4.7300000000 99.9185769333
4.7400000000 99.9195614163
4.7500000000 99.9205171818
4.7600000000 99.9213629327
4.7700000000 99.9220471013
4.7800000000 99.9225346552
4.7900000000 99.9227953825
4.8000000000 99.9228039524
4.8100000000 99.9225365508
4.8200000000 99.9219623547
4.8300000000 99.9210520238
4.8400000000 99.9197777149
4.8500000000 99.9181062266
4.8600000000 99.9160092836
4.8700000000 99.9134635860
4.8800000000 99.9104491460
4.8900000000 99.9069631746
4.9000000000 99.9030185285
4.9100000000 99.8986629954
4.9200000000 99.8939761562
4.9300000000 99.8890976222
4.9400000000 99.8842136271
4.9500000000 99.8795539541
4.9600000000 99.8753624913
4.9700000000 99.8718568823
4.9800000000 99.8691859388
4.9900000000 99.8673865564
5.0000000000 99.8663967552
5.0100000000 99.8660812940
5.0200000000 99.8662807018
5.0300000000 99.8668537820
5.0400000000 99.8676920824
5.0500000000 99.8687184448
5.0600000000 99.8698640358
5.0700000000 99.8710450964
5.0800000000 99.8721538096
5.0900000000 99.8730598766
5.1000000000 99.8736301783
5.1100000000 99.8737486778
5.1200000000 99.8733256765
5.1300000000 99.8723035412
5.1400000000 99.8706734099
5.1500000000 99.8684647176
5.1600000000 99.8657565164
5.1700000000 99.8626687683
5.1800000000 99.8593645217
5.1900000000 99.8560190454
5.2000000000 99.8527959731
5.2100000000 99.8498029231
5.2200000000 99.8470706668
5.2300000000 99.8445413416
5.2400000000 99.8420825084
5.2500000000 99.8395329524
5.2600000000 99.8367489683
5.2700000000 99.8336362404
5.2800000000 99.8301801698
5.2900000000 99.8264503098
5.3000000000 99.8225879571
5.3100000000 99.8187879437
5.3200000000 99.8152482564
5.3300000000 99.8121210349
5.3400000000 99.8094649724
5.3500000000 99.8072331931
5.3600000000 99.8052799979
5.3700000000 99.8034226802
5.3800000000 99.8015059566
5.3900000000 99.7994536322
5.4000000000 99.7973169985
5.4100000000 99.7952758596
5.4200000000 99.7936203595
5.4300000000 99.7926770098
5.4400000000 99.7927300727
5.4500000000 99.7939345682
5.4600000000 99.7962708200
5.4700000000 99.7995449522
5.4800000000 99.8034475121
5.4900000000 99.8076145250
5.5000000000 99.8116970425
5.5100000000 99.8154060704
5.5200000000 99.8185208834
5.5300000000 99.8208857314
5.5400000000 99.8224006494
5.5500000000 99.8230003313
5.5600000000 99.8226485679
5.5700000000 99.8213109482
5.5800000000 99.8189686954
5.5900000000 99.8155931151
5.6000000000 99.8111554669
5.6100000000 99.8056289644
5.6200000000 99.7989868494
5.6300000000 99.7912223039
5.6400000000 99.7823466897
5.6500000000 99.7724155992
5.6600000000 99.7615352144
5.6700000000 99.7498826377
5.6800000000 99.7377003221
5.6900000000 99.7253145299
5.7000000000 99.7131096084
5.7100000000 99.7015162503
5.7200000000 99.6909793729
5.7300000000 99.6819137788
5.7400000000 99.6746391012
5.7500000000 99.6693367549
5.7600000000 99.6660125235
5.7700000000 99.6645300383
5.7800000000 99.6646587145
5.7900000000 99.6661505494
5.8000000000 99.6687806646
5.8100000000 99.6723493151
5.8200000000 99.6766429671
5.8300000000 99.6813992326
5.8400000000 99.6862962995
5.8500000000 99.6909836009
5.8600000000 99.6951229999
5.8700000000 99.6984303851
5.8800000000 99.7007072448
5.8900000000 99.7018372058
5.9000000000 99.7017991535
5.9100000000 99.7006617207
5.9200000000 99.6985859700
5.9300000000 99.6958092473
5.9400000000 99.6926393164
5.9500000000 99.6894126667
5.9600000000 99.6864525917
5.9700000000 99.6840205197
5.9800000000 99.6822671771
5.9900000000 99.6811980321
6.0000000000 99.6806576801
6.0100000000 99.6803628361
6.0200000000 99.6799526270
6.0300000000 99.6790603722
6.0400000000 99.6773818319
6.0500000000 99.6747075217
6.0600000000 99.6709617591
6.0700000000 99.6661863571
6.0800000000 99.6605347198
6.0900000000 99.6542251424
6.1000000000 99.6474873549
6.1100000000 99.6405043151
6.1200000000 99.6333474099
6.1300000000 99.6259588230
6.1400000000 99.6181965275
6.1500000000 99.6098861691
6.1600000000 99.6009185684
6.1700000000 99.5913369696
6.1800000000 99.5813702675
6.1900000000 99.5714618503
6.2000000000 99.5622091081
6.2100000000 99.5542566983
6.2200000000 99.5481498861
6.2300000000 99.5441983205
6.2400000000 99.5423677069
6.2500000000 99.5422849913
6.2600000000 99.5433249024
6.2700000000 99.5447342949
6.2800000000 99.5457637788
6.2900000000 99.5457537848
6.3000000000 99.5441682215
6.3100000000 99.5406062155
6.3200000000 99.5347762106
6.3300000000 99.5264722318
6.3400000000 99.5155455889
6.3500000000 99.5018962748
6.3600000000 99.4854555679
6.3700000000 99.4661727812
6.3800000000 99.4440155256
6.3900000000 99.4189585326
6.4000000000 99.3909772296
6.4100000000 99.3600545830
6.4200000000 99.3261836007
6.4300000000 99.2894083025
6.4400000000 99.2498553163
6.4500000000 99.2077635668
6.4600000000 99.1635156132
6.4700000000 99.1176378054
6.4800000000 99.0707953016
6.4900000000 99.0237647863
6.5000000000 98.9774000550
6.5100000000 98.9325544310
6.5200000000 98.8899831655
6.5300000000 98.8502138724
6.5400000000 98.8134628307
6.5500000000 98.7795763130
6.5600000000 98.7481013461
6.5700000000 98.7183929337
6.5800000000 98.6898078540
6.5900000000 98.6618756552
6.6000000000 98.6344495618
6.6100000000 98.6077865104
6.6200000000 98.5825538015
6.6300000000 98.5597259161
6.6400000000 98.5403889950
6.6500000000 98.5254627503
6.6600000000 98.5154012768
6.6700000000 98.5099667673
6.6800000000 98.5082057348
6.6900000000 98.5086323884
6.7000000000 98.5095905499
6.7100000000 98.5096680201
6.7200000000 98.5079963241
6.7300000000 98.5043751773
6.7400000000 98.4991988348
6.7500000000 98.4932120131
6.7600000000 98.4871736191
6.7700000000 98.4815011845
6.7800000000 98.4760436059
6.7900000000 98.4700364053
6.8000000000 98.4623014988
6.8100000000 98.4516050204
6.8200000000 98.4370158726
6.8300000000 98.4181752225
6.8400000000 98.3953414145
6.8500000000 98.3692478083
6.8600000000 98.3408253003
6.8700000000 98.3108684688
6.8800000000 98.2798208587
6.8900000000 98.2477552319
6.9000000000 98.2145846242
6.9100000000 98.1804077773
6.9200000000 98.1458516679
6.9300000000 98.1122603810
6.9400000000 98.0816168881
6.9500000000 98.0562150639
6.9600000000 98.0381637223
6.9700000000 98.0288700203
6.9800000000 98.0287112114
6.9900000000 98.0370008004
7.0000000000 98.0522879183
7.0100000000 98.0727828971
7.0200000000 98.0968009964
7.0300000000 98.1230183089
7.0400000000 98.1505147082
7.0500000000 98.1786167776
7.0600000000 98.2066532602
7.0700000000 98.2337338390
7.0800000000 98.2586662261
7.0900000000 98.2800242635
7.1000000000 98.2963053451
7.1100000000 98.3061425723
7.1200000000 98.3084572868
7.1300000000 98.3025673778
7.1400000000 98.2882121596
7.1500000000 98.2655121985
7.1600000000 98.2349109089
7.1700000000 98.1970984770
7.1800000000 98.1529451230
7.1900000000 98.1035083933
7.2000000000 98.0501146543
7.2100000000 97.9944716722
7.2200000000 97.9387603266
7.2300000000 97.8855872138
7.2400000000 97.8377670896
7.2500000000 97.7979934841
7.2600000000 97.7684345895
7.2700000000 97.7503868857
7.2800000000 97.7440040076
7.2900000000 97.7481786479
7.3000000000 97.7606304379
7.3100000000 97.7782311979
7.3200000000 97.7975088027
7.3300000000 97.8152329894
7.3400000000 97.8289408057
7.3500000000 97.8372624676
7.3600000000 97.8400038367
7.3700000000 97.8379327162
7.3800000000 97.8323938293
7.3900000000 97.8248160928
7.4000000000 97.8162476169
7.4100000000 97.8071637986
7.4200000000 97.7974889510
7.4300000000 97.7868759943
7.4400000000 97.7750166237
7.4500000000 97.7618952204
7.4600000000 97.7478466358
7.4700000000 97.7335021381
7.4800000000 97.7196410223
7.4900000000 97.7070553231
7.5000000000 97.6964216872
7.5100000000 97.6881704011
7.5200000000 97.6823773181
7.5300000000 97.6786892155
7.5400000000 97.6763933390
7.5500000000 97.6746211421
7.5600000000 97.6726477223
7.5700000000 97.6701968425
7.5800000000 97.6675933633
7.5900000000 97.6657240070
7.6000000000 97.6657725322
7.6100000000 97.6688198613
7.6200000000 97.6754834709
7.6300000000 97.6857538785
7.6400000000 97.6990752341
7.6500000000 97.7146314211
7.6600000000 97.7316478543
7.6700000000 97.7495785125
7.6800000000 97.7680759450
7.6900000000 97.7868120533
7.7000000000 97.8052781925
7.7100000000 97.8227168549
7.7200000000 97.8382145051
7.7300000000 97.8508549717
7.7400000000 97.8598280397
7.7500000000 97.8644215386
7.7600000000 97.8639347280
7.7700000000 97.8576267268
7.7800000000 97.8448014033
7.7900000000 97.8249538946
7.8000000000 97.7979641880
7.8100000000 97.7642278326
7.8200000000 97.7246626050
7.8300000000 97.6806013390
7.8400000000 97.6335644781
7.8500000000 97.5850202177
7.8600000000 97.5361867716
7.8700000000 97.4879452662
7.8800000000 97.4408900519
7.8900000000 97.3954202439
7.9000000000 97.3517931661
7.9100000000 97.3101132290
7.9200000000 97.2703130479
7.9300000000 97.2321486355
7.9400000000 97.1952479204
7.9500000000 97.1591430883
7.9600000000 97.1232976808
7.9700000000 97.0871556890
7.9800000000 97.0502639207
7.9900000000 97.0124262898
8.0000000000 96.9738541784
8.0100000000 96.9352076661
8.0200000000 96.8975097762
8.0300000000 96.8619556281
8.0400000000 96.8296983340
8.0500000000 96.8016353356
8.0600000000 96.7782033183
8.0700000000 96.7591921933
8.0800000000 96.7437252849
8.0900000000 96.7304425290
8.1000000000 96.7178358597
8.1100000000 96.7046353347
8.1200000000 96.6900505581
8.1300000000 96.6738546891
8.1400000000 96.6563188846
8.1500000000 96.6381890438
8.1600000000 96.6207331920
8.1700000000 96.6057854884
8.1800000000 96.5956849945
8.1900000000 96.5929763769
8.2000000000 96.6000046313
8.2100000000 96.6184613570
8.2200000000 96.6491134469
8.2300000000 96.6916300317
8.2400000000 96.7445703797
8.2500000000 96.8054516955
8.2600000000 96.8709241998
8.2700000000 96.9371355249
8.2800000000 97.0002071249
8.2900000000 97.0566981373
8.3000000000 97.1040140964
8.3100000000 97.1405514535
8.3200000000 97.1657012553
8.3300000000 97.1796947003
8.3400000000 97.1834005026
8.3500000000 97.1781531576
8.3600000000 97.1656134569
8.3700000000 97.1476579325
8.3800000000 97.1261913177
8.3900000000 97.1028848545
8.4000000000 97.0788996702
8.4100000000 97.0546768668
8.4200000000 97.0298827873
8.4300000000 97.0035541118
8.4400000000 96.9743455466
8.4500000000 96.9408858738
8.4600000000 96.9021451733
8.4700000000 96.8577657632
8.4800000000 96.8082596027
8.4900000000 96.7550137181
8.5000000000 96.7000717040
8.5100000000 96.6457161677
8.5200000000 96.5939923432
8.5300000000 96.5462958804
8.5400000000 96.5031612091
8.5500000000 96.4642381909
8.5600000000 96.4284341617
8.5700000000 96.3942268534
8.5800000000 96.3600642637
8.5900000000 96.3248180359
8.6000000000 96.2881157269
8.6100000000 96.2504159190
8.6200000000 96.2127951580
8.6300000000 96.1765357830
8.6400000000 96.1426966492
8.6500000000 96.1117810831
8.6600000000 96.0835353968
8.6700000000 96.0568943511
8.6800000000 96.0300824713
8.6900000000 96.0008686210
8.7000000000 95.9669361187
8.7100000000 95.9262934954
8.7200000000 95.8776664656
8.7300000000 95.8207798542
8.7400000000 95.7564449121
8.7500000000 95.6864317192
8.7600000000 95.6130923230
8.7700000000 95.5389100984
8.7800000000 95.4660807077
8.7900000000 95.3963420479
8.8000000000 95.3310681937
8.8100000000 95.2715666706
8.8200000000 95.2194202839
8.8300000000 95.1766284694
8.8400000000 95.1454297872
8.8500000000 95.1278089187
8.8600000000 95.1248622909
8.8700000000 95.1362543678
8.8800000000 95.1600893565
8.8900000000 95.1932194005
8.9000000000 95.2319873638
8.9100000000 95.2730497944
8.9200000000 95.3140234243
8.9300000000 95.3537342461
8.9400000000 95.3921136054
8.9500000000 95.4298168139
8.9600000000 95.4676535252
8.9700000000 95.5059180882
8.9800000000 95.5437796324
8.9900000000 95.5789151984
9.0000000000 95.6075928471
9.0100000000 95.6251791791
9.0200000000 95.6269277546
9.0300000000 95.6087797928
9.0400000000 95.5680139283
9.0500000000 95.5036666784
9.0600000000 95.4167971245
9.0700000000 95.3105518982
9.0800000000 95.1900626166
9.0900000000 95.0620759401
9.1000000000 94.9343580977
9.1100000000 94.8148648383
9.1200000000 94.7107720161
9.1300000000 94.6274871969
9.1400000000 94.5677789533
9.1500000000 94.5311744064
9.1600000000 94.5139460523
9.1700000000 94.5098484578
9.1800000000 94.5114227649
9.1900000000 94.5115468885
9.2000000000 94.5046319170
9.2100000000 94.4871892103
9.2200000000 94.4577060274
9.2300000000 94.4160606823
9.2400000000 94.3628730606
9.2500000000 94.2991118403
9.2600000000 94.2260434944
9.2700000000 94.1454267008
9.2800000000 94.0597182413
9.2900000000 93.9721016024
9.3000000000 93.8862222577
9.3100000000 93.8058269308
9.3200000000 93.7343647642
9.3300000000 93.6746297106
9.3400000000 93.6283981443
9.3500000000 93.5960524198
9.3600000000 93.5763135256
9.3700000000 93.5663138560
9.3800000000 93.5621004267
9.3900000000 93.5594494057
9.4000000000 93.5546528111
9.4100000000 93.5449459577
9.4200000000 93.5284338383
9.4300000000 93.5036748461
9.4400000000 93.4692674209
9.4500000000 93.4235995767
9.4600000000 93.3648592245
9.4700000000 93.2911356825
9.4800000000 93.2006122532
9.4900000000 93.0918458389
9.5000000000 92.9641504901
9.5100000000 92.8179131995
9.5200000000 92.6546217065
9.5300000000 92.4765126990
9.5400000000 92.2860832389
9.5500000000 92.0858423859
9.5600000000 91.8785926841
9.5700000000 91.6681374277
9.5800000000 91.4599654548
9.5900000000 91.2612962362
9.6000000000 91.0802830948
9.6100000000 90.9245379165
9.6200000000 90.7996178764
9.6300000000 90.7080359854
9.6400000000 90.6490222951
9.6500000000 90.6190152375
9.6600000000 90.6125715910
9.6700000000 90.6235850688
9.6800000000 90.6465862210
9.6900000000 90.6779012856
9.7000000000 90.7163432260
9.7100000000 90.7630801148
9.7200000000 90.8207130701
9.7300000000 90.8918815699
9.7400000000 90.9780227690
9.7500000000 91.0786933898
9.7600000000 91.1916559644
9.7700000000 91.3133675189
9.7800000000 91.4395643378
9.7900000000 91.5656224378
9.8000000000 91.6867617989
9.8100000000 91.7982261956
9.8200000000 91.8955759467
9.8300000000 91.9751376445
9.8400000000 92.0345207930
9.8500000000 92.0730885807
9.8600000000 92.0922614700
9.8700000000 92.0954777881
9.8800000000 92.0877754820
9.8900000000 92.0750045679
9.9000000000 92.0628117634
9.9100000000 92.0556480679
9.9200000000 92.0560210442
9.9300000000 92.0641866152
9.9400000000 92.0783319431
9.9500000000 92.0951881026
9.9600000000 92.1109395600
9.9700000000 92.1222687206
9.9800000000 92.1273342063
9.9900000000 92.1263821321
10.0000000000 92.1217799940
10.0100000000 92.1174078430
10.0200000000 92.1177282358
10.0300000000 92.1269085978
10.0400000000 92.1483494663
10.0500000000 92.1846389954
10.0600000000 92.2375891554
10.0700000000 92.3081504703
10.0800000000 92.3960126220
10.0900000000 92.4991739004
10.1000000000 92.6138827826
10.1100000000 92.7350939761
10.1200000000 92.8574442739
10.1300000000 92.9762091318
10.1400000000 93.0879127266
10.1500000000 93.1903079140
10.1600000000 93.2818414003
10.1700000000 93.3609345819
10.1800000000 93.4254640867
10.1900000000 93.4726940211
10.2000000000 93.4997265327
10.2100000000 93.5043010290
10.2200000000 93.4856408493
10.2300000000 93.4450728240
10.2400000000 93.3862260421
10.2500000000 93.3147450924
10.2600000000 93.2375830038
10.2700000000 93.1619986086
10.2800000000 93.0943904877
10.2900000000 93.0392648364
10.3000000000 92.9985682618
10.3100000000 92.9717041977
10.3200000000 92.9561820264
10.3300000000 92.9486700817
10.3400000000 92.9459229782
10.3500000000 92.9453033770
10.3600000000 92.9447923033
10.3700000000 92.9427818573
10.3800000000 92.9380333641
10.3900000000 92.9299496864
10.4000000000 92.9190191447
10.4100000000 92.9069829175
10.4200000000 92.8965700624
10.4300000000 92.8907933932
10.4400000000 92.8921971691
10.4500000000 92.9023246261
10.4600000000 92.9215115187
10.4700000000 92.9489718185
10.4800000000 92.9830910369
10.4900000000 93.0219121421
10.5000000000 93.0636789490
10.5100000000 93.1072615806
10.5200000000 93.1522236599
10.5300000000 93.1984869312
10.5400000000 93.2457966005
10.5500000000 93.2932579239
10.5600000000 93.3392435158
10.5700000000 93.3816565742
10.5800000000 93.4183735094
10.5900000000 93.4476272048
10.6000000000 93.4682014589
10.6100000000 93.4795266970
10.6200000000 93.4818221471
10.6300000000 93.4763742039
10.6400000000 93.4657818924
10.6500000000 93.4540273175
10.6600000000 93.4461242862
10.6700000000 93.4473644804
10.6800000000 93.4622299894
10.6900000000 93.4932405567
10.7000000000 93.5401099446
10.7100000000 93.5995763621
10.7200000000 93.6660152476
10.7300000000 93.7326798967
10.7400000000 93.7931588357
10.7500000000 93.8425952013
10.7600000000 93.8783423390
10.7700000000 93.9000242578
10.7800000000 93.9091318318
10.7900000000 93.9084916052
10.8000000000 93.9018836405
10.8100000000 93.8938388243
10.8200000000 93.8893971045
10.8300000000 93.8936362967
10.8400000000 93.9108125857
10.8500000000 93.9434184823
10.8600000000 93.9915083006
10.8700000000 94.0526025546
10.8800000000 94.1221394732
10.8900000000 94.1941866445
10.9000000000 94.2622110107
10.9100000000 94.3197487706
10.9200000000 94.3610379928
10.9300000000 94.3815945213
10.9400000000 94.3786769243
10.9500000000 94.3515632383
10.9600000000 94.3015272398
10.9700000000 94.2315457911
10.9800000000 94.1458009205
10.9900000000 94.0491219760
11.0000000000 93.9465453550
11.0100000000 93.8431179969
11.0200000000 93.7438959209
11.0300000000 93.6540212413
11.0400000000 93.5787182465
11.0500000000 93.5229639531
11.0600000000 93.4908511815
11.0700000000 93.4847166183
11.0800000000 93.5044709825
11.0900000000 93.5473936541
11.1000000000 93.6086613032
11.1100000000 93.6823390740
11.1200000000 93.7625092713
11.1300000000 93.8441064163
11.1400000000 93.9232506658
11.1500000000 93.9970779511
11.1600000000 94.0631744816
11.1700000000 94.1190073069
11.1800000000 94.1616893070
11.1900000000 94.1882548031
11.2000000000 94.1963666460
11.2100000000 94.1850490699
11.2200000000 94.1552162846
11.2300000000 94.1096963547
11.2400000000 94.0528619300
11.2500000000 93.9900090538
11.2600000000 93.9266866712
11.2700000000 93.8681754643
11.2800000000 93.8190823369
11.2900000000 93.7829713849
11.3000000000 93.7619985606
11.3100000000 93.7565568569
11.3200000000 93.7651944607
11.3300000000 93.7848872912
11.3400000000 93.8117377037
11.3500000000 93.8418921604
11.3600000000 93.8723627297
11.3700000000 93.9014639978
11.3800000000 93.9288189239
11.3900000000 93.9550009330
11.4000000000 93.9810391643
11.4100000000 94.0080366214
11.4200000000 94.0369534911
11.4300000000 94.0685893132
11.4400000000 94.1035844688
11.4500000000 94.1424043173
11.4600000000 94.1853139772
11.4700000000 94.2324497449
11.4800000000 94.2839772211
11.4900000000 94.3402593005
11.5000000000 94.4018434223
11.5100000000 94.4692013370
11.5200000000 94.5424122975
11.5300000000 94.6208608406
11.5400000000 94.7032067971
11.5500000000 94.7874867291
11.5600000000 94.8714319128
11.5700000000 94.9527943695
11.5800000000 95.0297083714
11.5900000000 95.1009264197
11.6000000000 95.1659218144
11.6100000000 95.2248113897
11.6200000000 95.2780667790
11.6300000000 95.3261067406
11.6400000000 95.3689232093
11.6500000000 95.4058512951
11.6600000000 95.4355928335
11.6700000000 95.4564939223
11.6800000000 95.4670078864
11.6900000000 95.4661623635
11.7000000000 95.4539502023
11.7100000000 95.4314225444
11.7200000000 95.4004488104
11.7300000000 95.3632411938
11.7400000000 95.3217573652
11.7500000000 95.2772733649
11.7600000000 95.2303052090
11.7700000000 95.1808783004
11.7800000000 95.1289680793
11.7900000000 95.0749093122
11.8000000000 95.0195939599
11.8100000000 94.9644478995
11.8200000000 94.9112788714
11.8300000000 94.8619733424
11.8400000000 94.8180452469
11.8500000000 94.7801035208
11.8600000000 94.7474310942
11.8700000000 94.7179372861
11.8800000000 94.6886250153
11.8900000000 94.6565881779
11.9000000000 94.6201766130
11.9100000000 94.5798608446
11.9200000000 94.5384843905
11.9300000000 94.5006636898
11.9400000000 94.4715775582
11.9500000000 94.4555088463
11.9600000000 94.4547320151
11.9700000000 94.4690476104
11.9800000000 94.4961389159
11.9900000000 94.5324634492
12.0000000000 94.5742523614
12.0100000000 94.6182999581
12.0200000000 94.6623477398
12.0300000000 94.7051526635
12.0400000000 94.7462628164
12.0500000000 94.7856463324
12.0600000000 94.8232368011
12.0700000000 94.8585766359
12.0800000000 94.8907245689
12.0900000000 94.9183778655
12.1000000000 94.9401976806
12.1100000000 94.9551005611
12.1200000000 94.9625262133
12.1300000000 94.9626276653
12.1400000000 94.9563748807
12.1500000000 94.9454975818
12.1600000000 94.9323063087
12.1700000000 94.9194859347
12.1800000000 94.9100202190
12.1900000000 94.9071844860
12.2000000000 94.9144511320
12.2100000000 94.9350619948
12.2200000000 94.9713419012
12.2300000000 95.0239604259
12.2400000000 95.0915751919
12.2500000000 95.1710449644
12.2600000000 95.2581860601
12.2700000000 95.3487473009
12.2800000000 95.4392140888
12.2900000000 95.5271638356
12.3000000000 95.6111429764
12.3100000000 95.6902191772
12.3200000000 95.7635361255
12.3300000000 95.8301575414
12.3400000000 95.8892264646
12.3500000000 95.9403299493
12.3600000000 95.9837732314
12.3700000000 96.0206797673
12.3800000000 96.0527258221
12.3900000000 96.0817109063
12.4000000000 96.1090569537
12.4100000000 96.1353919060
12.4200000000 96.1604105230
12.4300000000 96.1830472384
12.4400000000 96.2019093760
12.4500000000 96.2158316872
12.4600000000 96.2242562252
12.4700000000 96.2273778020
12.4800000000 96.2259658660
12.4900000000 96.2209505728
12.5000000000 96.2130077381
12.5100000000 96.2021418132
12.5200000000 96.1875306158
12.5300000000 96.1675711081
12.5400000000 96.1401711274
12.5500000000 96.1032986782
12.5600000000 96.0555156074
12.5700000000 95.9964852513
12.5800000000 95.9272186650
12.5900000000 95.8500642886
12.6000000000 95.7685343409
12.6100000000 95.6870619756
12.6200000000 95.6107362284
12.6300000000 95.5449512059
12.6400000000 95.4948948262
12.6500000000 95.4647955039
12.6600000000 95.4571009259
12.6700000000 95.4717379922
12.6800000000 95.5058691025
12.6900000000 95.5542379803
12.7000000000 95.6100476688
12.7100000000 95.6661391447
12.7200000000 95.7161019247
12.7300000000 95.7551032900
12.7400000000 95.7803883307
12.7500000000 95.7914335639
12.7600000000 95.7899564515
12.7700000000 95.7796397711
12.7800000000 95.7656613665
12.7900000000 95.7538702076
12.8000000000 95.7497601538
12.8100000000 95.7573833183
12.8200000000 95.7785759802
12.8300000000 95.8126623976
12.8400000000 95.8568568623
12.8500000000 95.9071070519
12.8600000000 95.9590068115
12.8700000000 96.0085090299
12.8800000000 96.0522337985
12.8900000000 96.0875556507
12.9000000000 96.1126164217
12.9100000000 96.1264667674
12.9200000000 96.1291766607
12.9300000000 96.1218768686
12.9400000000 96.1065236868
12.9500000000 96.0854941371
12.9600000000 96.0610372826
12.9700000000 96.0349332377
12.9800000000 96.0083948536
12.9900000000 95.9822916553
13.0000000000 95.9574825802
13.0100000000 95.9350879259
13.0200000000 95.9164902944
13.0300000000 95.9030836619
13.0400000000 95.8958099108
13.0500000000 95.8947720252
13.0600000000 95.8990815574
13.0700000000 95.9070559894
13.0800000000 95.9166772099
13.0900000000 95.9261087804
13.1000000000 95.9340684973
13.1100000000 95.9398848793
13.1200000000 95.9432946107
13.1300000000 95.9440868354
13.1400000000 95.9417896960
13.1500000000 95.9356135348
13.1600000000 95.9245613385
13.1700000000 95.9077001720
13.1800000000 95.8843788003
13.1900000000 95.8543238015
13.2000000000 95.8176686671
13.2100000000 95.7748850398
13.2200000000 95.7267482072
13.2300000000 95.6742400227
13.2400000000 95.6184738912
13.2500000000 95.5605663763
13.2600000000 95.5015174292
13.2700000000 95.4421171508
13.2800000000 95.3829576747
13.2900000000 95.3244279350
13.3000000000 95.2668579908
13.3100000000 95.2106464013
13.3200000000 95.1563760270
13.3300000000 95.1047285057
13.3400000000 95.0563056250
13.3500000000 95.0113704796
13.3600000000 94.9697442465
13.3700000000 94.9308247067
13.3800000000 94.8938116139
13.3900000000 94.8579678070
13.4000000000 94.8229540140
13.4100000000 94.7890329970
13.4200000000 94.7571717167
13.4300000000 94.7289416587
13.4400000000 94.7061516957
13.4500000000 94.6903771234
13.4600000000 94.6824969583
13.4700000000 94.6824148929
13.4800000000 94.6890933371
13.4900000000 94.7008026743
13.5000000000 94.7154754271
13.5100000000 94.7310430839
13.5200000000 94.7456271385
13.5300000000 94.7576612075
13.5400000000 94.7660183590
13.5500000000 94.7701404971
13.5600000000 94.7701338647
13.5700000000 94.7667772467
13.5800000000 94.7612226292
13.5900000000 94.7545615877
13.6000000000 94.7473907905
13.6100000000 94.7395496571
13.6200000000 94.7301545833
13.6300000000 94.7179475538
13.6400000000 94.7017218297
13.6500000000 94.6807394859
13.6600000000 94.6550462460
13.6700000000 94.6255200421
13.6800000000 94.5936818240
13.6900000000 94.5613280717
13.7000000000 94.5301323505
13.7100000000 94.5014121753
13.7200000000 94.4762036005
13.7300000000 94.4555622452
13.7400000000 94.4409065232
13.7500000000 94.4341745932
13.7600000000 94.4376396849
13.7700000000 94.4535031215
13.7800000000 94.4834408807
13.7900000000 94.5283117398
13.8000000000 94.5880569010
13.8100000000 94.6617947064
13.8200000000 94.7479181449
13.8300000000 94.8442695205
13.8400000000 94.9482902700
13.8500000000 95.0571960862
13.8600000000 95.1681670207
13.8700000000 95.2784893842
13.8800000000 95.3856685117
13.8900000000 95.4874868612
13.9000000000 95.5820528347
13.9100000000 95.6677961055
13.9200000000 95.7434985516
13.9300000000 95.8083109833
13.9400000000 95.8617973098
13.9500000000 95.9039781949
13.9600000000 95.9353476038
13.9700000000 95.9568356669
13.9800000000 95.9696719147
13.9900000000 95.9752361829
14.0000000000 95.9748789466
14.0100000000 95.9697584368
14.0200000000 95.9607182177
14.0300000000 95.9482672406
14.0400000000 95.9326777692
14.0500000000 95.9141606146
14.0600000000 95.8930897707
14.0700000000 95.8701930761
14.0800000000 95.8466827558
14.0900000000 95.8242432638
14.1000000000 95.8049055897
14.1100000000 95.7907665995
14.1200000000 95.7835932119
14.1300000000 95.7844152500
14.1400000000 95.7932067965
14.1500000000 95.8088568360
14.1600000000 95.8294010336
14.1700000000 95.8525843071
14.1800000000 95.8765015255
14.1900000000 95.9001508026
14.2000000000 95.9236226807
14.2100000000 95.9479164776
14.2200000000 95.9744404388
14.2300000000 96.0043936038
14.2400000000 96.0382918615
14.2500000000 96.0756929758
14.2600000000 96.1152119501
14.2700000000 96.1547210901
14.2800000000 96.1917078493
14.2900000000 96.2236114028
14.3000000000 96.2482290061
14.3100000000 96.2639845525
14.3200000000 96.2701719838
14.3300000000 96.2670306120
14.3400000000 96.2556747590
14.3500000000 96.2377976320
14.3600000000 96.2153265780
14.3700000000 96.1899376095
14.3800000000 96.1628212229
14.3900000000 96.1346580719
14.4000000000 96.1058732009
14.4100000000 96.0769720308
14.4200000000 96.0488003792
14.4300000000 96.0225316800
14.4400000000 95.9994978373
14.4500000000 95.9809416518
14.4600000000 95.9677493568
14.4700000000 95.9603218639
14.4800000000 95.9585578988
14.4900000000 95.9620166813
14.5000000000 95.9702277374
14.5100000000 95.9830895860
14.5200000000 96.0010729256
14.5300000000 96.0251807973
14.5400000000 96.0565762831
14.5500000000 96.0959887970
14.5600000000 96.1432034850
14.5700000000 96.1967678674
14.5800000000 96.2540818707
14.5900000000 96.3119038754
14.6000000000 96.3670265932
14.6100000000 96.4168884041
14.6200000000 96.4600196540
14.6300000000 96.4960866884
14.6400000000 96.5257087764
14.6500000000 96.5500457183
14.6600000000 96.5703897247
14.6700000000 96.5878443482
14.6800000000 96.6031843480
14.6900000000 96.6168435872
14.7000000000 96.6289507651
14.7100000000 96.6393796925
14.7200000000 96.6477967547
14.7300000000 96.6537926677
14.7400000000 96.6569717308
14.7500000000 96.6571022536
14.7600000000 96.6541745061
14.7700000000 96.6484584507
14.7800000000 96.6404373602
14.7900000000 96.6307596102
14.8000000000 96.6201353892
14.8100000000 96.6092114374
14.8200000000 96.5984697829
14.8300000000 96.5881803140
14.8400000000 96.5783931406
14.8500000000 96.5689862435
14.8600000000 96.5597392883
14.8700000000 96.5504282929
14.8800000000 96.5408521002
14.8900000000 96.5308428750
14.9000000000 96.5202620010
14.9100000000 96.5089289022
14.9200000000 96.4966499232
14.9300000000 96.4832921639
14.9400000000 96.4689341686
14.9500000000 96.4539781803
14.9600000000 96.4392846960
14.9700000000 96.4262184714
14.9800000000 96.4165691642
14.9900000000 96.4123522111
15.0000000000 96.4154615623
15.0100000000 96.4272368897
15.0200000000 96.4481141065
15.0300000000 96.4773900483
15.0400000000 96.5133353006
15.0500000000 96.5535058646
15.0600000000 96.5952049443
15.0700000000 96.6359441023
15.0800000000 96.6736947357
15.0900000000 96.7070101442
15.1000000000 96.7350414877
15.1100000000 96.7574949296
15.1200000000 96.7745217861
15.1300000000 96.7865694763
15.1400000000 96.7942139607
15.1500000000 96.7979851152
15.1600000000 96.7982344184
15.1700000000 96.7951359805
15.1800000000 96.7887811450
15.1900000000 96.7792803195
15.2000000000 96.7668624786
15.2100000000 96.7518516683
15.2200000000 96.7345607012
15.2300000000 96.7151505464
15.2400000000 96.6935595824
15.2500000000 96.6696120146
15.2600000000 96.6432472091
15.2700000000 96.6148359772
15.2800000000 96.5853712346
15.2900000000 96.5564299888
15.3000000000 96.5299636118
15.3100000000 96.5079396987
15.3200000000 96.4920227303
15.3300000000 96.4833951942
15.3400000000 96.4827218236
15.3500000000 96.4902231792
15.3600000000 96.5058058794
15.3700000000 96.5291958891
15.3800000000 96.5600413623
15.3900000000 96.5979398432
15.4000000000 96.6423718330
15.4100000000 96.6926112365
15.4200000000 96.7475391960
15.4300000000 96.8055729971
15.4400000000 96.8646918604
15.4500000000 96.9225800637
15.4600000000 96.9768683867
15.4700000000 97.0254248286
15.4800000000 97.0665401270
15.4900000000 97.0990909889
15.5000000000 97.1226035223
15.5100000000 97.1372095344
15.5200000000 97.1436000119
15.5300000000 97.1429135295
15.5400000000 97.1366319365
15.5500000000 97.1264379417
15.5600000000 97.1140881344
15.5700000000 97.1012217853
15.5800000000 97.0891838173
15.5900000000 97.0788085975
15.6000000000 97.0703918391
15.6100000000 97.0637883507
15.6200000000 97.0587265112
15.6300000000 97.0551107371
15.6400000000 97.0532667200
15.6500000000 97.0539297729
15.6600000000 97.0580331950
15.6700000000 97.0663868186
15.6800000000 97.0794180752
15.6900000000 97.0970541088
15.7000000000 97.1187412642
15.7100000000 97.1434862377
15.7200000000 97.1700171019
15.7300000000 97.1968807772
15.7400000000 97.2225914778
15.7500000000 97.2457764324
15.7600000000 97.2652754788
15.7700000000 97.2802150663
15.7800000000 97.2899694609
15.7900000000 97.2941850552
15.8000000000 97.2927275128
15.8100000000 97.2857959526
15.8200000000 97.2739728706
15.8300000000 97.2583787710
15.8400000000 97.2406769203
15.8500000000 97.2229876253
15.8600000000 97.2076288323
15.8700000000 97.1967836572
15.8800000000 97.1921423544
15.8900000000 97.1946704964
15.9000000000 97.2045246587
15.9100000000 97.2211134451
15.9200000000 97.2433149820
15.9300000000 97.2697054630
15.9400000000 97.2987940232
15.9500000000 97.3291651064
15.9600000000 97.3596161077
15.9700000000 97.3892591480
15.9800000000 97.4175970308
15.9900000000 97.4444974069
16.0000000000 97.4701544409
16.0100000000 97.4949009772
16.0200000000 97.5190557442
16.0300000000 97.5428162690
16.0400000000 97.5662618005
16.0500000000 97.5893844990
16.0600000000 97.6120944862
16.0700000000 97.6342033004
16.0800000000 97.6553728231
16.0900000000 97.6750747369
16.1000000000 97.6926082979
16.1100000000 97.7071873360
16.1200000000 97.7180933608
16.1300000000 97.7248106706
16.1400000000 97.7271077179
16.1500000000 97.7250912704
16.1600000000 97.7191311737
16.1700000000 97.7098514980
16.1800000000 97.6981089748
16.1900000000 97.6849618782
16.2000000000 97.6716102734
16.2100000000 97.6592646483
16.2200000000 97.6489731103
16.2300000000 97.6414524923
16.2400000000 97.6370612561
16.2500000000 97.6358394604
16.2600000000 97.6376566635
16.2700000000 97.6423954280
16.2800000000 97.6499994597
16.2900000000 97.6604204715
16.3000000000 97.6734514140
16.3100000000 97.6886168180
16.3200000000 97.7051336468
16.3300000000 97.7220521466
16.3400000000 97.7384502109
16.3500000000 97.7535474620
16.3600000000 97.7668214427
16.3700000000 97.7779438766
16.3800000000 97.7867713701
16.3900000000 97.7932738252
16.4000000000 97.7974998433
16.4100000000 97.7996443198
16.4200000000 97.8000944293
16.4300000000 97.7994825817
16.4400000000 97.7986957471
16.4500000000 97.7987711894
16.4600000000 97.8007282399
16.4700000000 97.8054773266
16.4800000000 97.8137104282
16.4900000000 97.8258601249
16.5000000000 97.8420853410
16.5100000000 97.8622294936
16.5200000000 97.8858109856
16.5300000000 97.9120596801
16.5400000000 97.9399581850
16.5500000000 97.9682845441
16.5600000000 97.9957068414
16.5700000000 98.0208787508
16.5800000000 98.0425496884
16.5900000000 98.0596466796
16.6000000000 98.0713520810
16.6100000000 98.0770953936
16.6200000000 98.0766356223
16.6300000000 98.0701152917
16.6400000000 98.0581609571
16.6500000000 98.0419444197
16.6600000000 98.0231641985
16.6700000000 98.0039352942
16.6800000000 97.9865399544
16.6900000000 97.9731475783
16.7000000000 97.9654631570
16.7100000000 97.9645210857
16.7200000000 97.9705861389
16.7300000000 97.9832597435
16.7400000000 98.0016518285
16.7500000000 98.0246232038
16.7600000000 98.0510339743
16.7700000000 98.0798371415
16.7800000000 98.1101281337
16.7900000000 98.1410729025
16.8000000000 98.1718319752
16.8100000000 98.2014670024
16.8200000000 98.2289952660
16.8300000000 98.2534760766
16.8400000000 98.2741400811
16.8500000000 98.2905381119
16.8600000000 98.3025930974
16.8700000000 98.3105414922
16.8800000000 98.3148425869
16.8900000000 98.3160273126
16.9000000000 98.3145620420
16.9100000000 98.3108860062
16.9200000000 98.3054041429
16.9300000000 98.2986621393
16.9400000000 98.2913543427
16.9500000000 98.2843678691
16.9600000000 98.2786607323
16.9700000000 98.2751818843
16.9800000000 98.2747283695
16.9900000000 98.2779263388
17.0000000000 98.2852531060
17.0100000000 98.2970544305
17.0200000000 98.3135572549
17.0300000000 98.3347815253
17.0400000000 98.3604034645
17.0500000000 98.3896189442
17.0600000000 98.4211715061
17.0700000000 98.4534988860
17.0800000000 98.4849423303
17.0900000000 98.5140087700
17.1000000000 98.5394876348
17.1100000000 98.5605229333
17.1200000000 98.5765818911
17.1300000000 98.5874347052
17.1400000000 98.5931336202
17.1500000000 98.5940146601
17.1600000000 98.5906754687
17.1700000000 98.5839416578
17.1800000000 98.5747905701
17.1900000000 98.5642555697
17.2000000000 98.5533069693
17.2100000000 98.5426824272
17.2200000000 98.5328718355
17.2300000000 98.5240721290
17.2400000000 98.5163157136
17.2500000000 98.5095950109
17.2600000000 98.5039960745
17.2700000000 98.4997657116
17.2800000000 98.4972795934
17.2900000000 98.4969949515
17.3000000000 98.4993560304
17.3100000000 98.5047406960
17.3200000000 98.5133933482
17.3300000000 98.5252680974
17.3400000000 98.5399769432
17.3500000000 98.5567299253
17.3600000000 98.5744259077
17.3700000000 98.5918832869
17.3800000000 98.6080647432
17.3900000000 98.6222615498
17.4000000000 98.6341917637
17.4100000000 98.6438660211
17.4200000000 98.6514696672
17.4300000000 98.6571687869
17.4400000000 98.6610406302
17.4500000000 98.6630715821
17.4600000000 98.6632280758
17.4700000000 98.6615536705
17.4800000000 98.6582317454
17.4900000000 98.6535803262
17.5000000000 98.6480780981
17.5100000000 98.6423052218
17.5200000000 98.6369132675
17.5300000000 98.6325343123
17.5400000000 98.6297381619
17.5500000000 98.6289890306
17.5600000000 98.6306384863
17.5700000000 98.6348464697
17.5800000000 98.6415429221
17.5900000000 98.6503152233
17.6000000000 98.6604220953
17.6100000000 98.6708378586
17.6200000000 98.6804514295
17.6300000000 98.6882685811
17.6400000000 98.6936053853
17.6500000000 98.6961973882
17.6600000000 98.6961930076
17.6700000000 98.6940838696
17.6800000000 98.6905292334
17.6900000000 98.6861833385
17.7000000000 98.6815954963
17.7100000000 98.6771088148
17.7200000000 98.6729065226
17.7300000000 98.6690475345
17.7400000000 98.6655574143
17.7500000000 98.6625157899
17.7600000000 98.6601315614
17.7700000000 98.6587137688
17.7800000000 98.6586548894
17.7900000000 98.6603696372
17.8000000000 98.6642269330
17.8100000000 98.6705315695
17.8200000000 98.6794425948
17.8300000000 98.6909289932
17.8400000000 98.7047485578
17.8500000000 98.7204454044
17.8600000000 98.7374157801
17.8700000000 98.7549820944
17.8800000000 98.7724604232
17.8900000000 98.7891800277
17.9000000000 98.8045336618
17.9100000000 98.8179904904
17.9200000000 98.8291528525
17.9300000000 98.8378019564
17.9400000000 98.8439492027
17.9500000000 98.8478452825
17.9600000000 98.8499949032
17.9700000000 98.8510649808
17.9800000000 98.8518105703
17.9900000000 98.8529932663
18.0000000000 98.8552617653
18.0100000000 98.8591064407
18.0200000000 98.8648260064
18.0300000000 98.8724512748
18.0400000000 98.8817794659
18.0500000000 98.8923408988
18.0600000000 98.9034782474
18.0700000000 98.9143885390
18.0800000000 98.9242427389
18.0900000000 98.9322735869
18.1000000000 98.9378669553
18.1100000000 98.9405943095
18.1200000000 98.9402287681
18.1300000000 98.9367081838
18.1400000000 98.9301488594
18.1500000000 98.9207834265
18.1600000000 98.9089474605
18.1700000000 98.8951186620
18.1800000000 98.8798911561
18.1900000000 98.8639643319
18.2000000000 98.8481432760
18.2100000000 98.8332003957
18.2200000000 98.8198491363
18.2300000000 98.8086040501
18.2400000000 98.7997663860
18.2500000000 98.7933778696
18.2600000000 98.7892371617
18.2700000000 98.7869688116
18.2800000000 98.7860779806
18.2900000000 98.7860469385
18.3000000000 98.7863914856
18.3100000000 98.7867133938
18.3200000000 98.7867137413
18.3300000000 98.7862453243
18.3400000000 98.7852945963
18.3500000000 98.7839894537
18.3600000000 98.7825814403
18.3700000000 98.7813446839
18.3800000000 98.7805303317
18.3900000000 98.7803020882
18.4000000000 98.7806834473
18.4100000000 98.7815938428
18.4200000000 98.7828993466
18.4300000000 98.7845013607
18.4400000000 98.7864341229
18.4500000000 98.7889502843
18.4600000000 98.7924918388
18.4700000000 98.7976479235
18.4800000000 98.8049626610
18.4900000000 98.8148446487
18.5000000000 98.8274549198
18.5100000000 98.8426526066
18.5200000000 98.8600491378
18.5300000000 98.8790317306
18.5400000000 98.8989355434
18.5500000000 98.9190768778
18.5600000000 98.9388765737
18.5700000000 98.9578428222
18.5800000000 98.9755588713
18.5900000000 98.9916514353
18.6000000000 99.0058040057
18.6100000000 99.0177626441
18.6200000000 99.0273699860
18.6300000000 99.0345913892
18.6400000000 99.0395556899
18.6500000000 99.0425502038
18.6600000000 99.0439892523
18.6700000000 99.0443762203
18.6800000000 99.0442184510
18.6900000000 99.0439946870
18.7000000000 99.0440621941
18.7100000000 99.0446621709
18.7200000000 99.0459571336
18.7300000000 99.0480377456
18.7400000000 99.0510008543
18.7500000000 99.0549445826
18.7600000000 99.0599093758
18.7700000000 99.0658250466
18.7800000000 99.0724567942
18.7900000000 99.0794161939
18.8000000000 99.0862184242
18.8100000000 99.0923675955
18.8200000000 99.0974759746
18.8300000000 99.1012454408
18.8400000000 99.1035223362
18.8500000000 99.1042715319
18.8600000000 99.1035117541
18.8700000000 99.1013154824
18.8800000000 99.0977628959
18.8900000000 99.0929345702
18.9000000000 99.0869172848
18.9100000000 99.0798373346
18.9200000000 99.0719329752
18.9300000000 99.0635824405
18.9400000000 99.0553581818
18.9500000000 99.0479432615
18.9600000000 99.0420797910
18.9700000000 99.0383766755
18.9800000000 99.0371956771
18.9900000000 99.0385690525
19.0000000000 99.0421626932
19.0100000000 99.0473653791
19.0200000000 99.0534266012
19.0300000000 99.0595419746
19.0400000000 99.0650268293
19.0500000000 99.0693908868
19.0600000000 99.0723879130
19.0700000000 99.0740781617
19.0800000000 99.0747712733
19.0900000000 99.0749549606
19.1000000000 99.0751761897
19.1100000000 99.0759136466
19.1200000000 99.0774622270
19.1300000000 99.0798978561
19.1400000000 99.0831347285
19.1500000000 99.0869181380
19.1600000000 99.0909368763
19.1700000000 99.0948167913
19.1800000000 99.0981604558
19.1900000000 99.1006076148
19.2000000000 99.1018354699
19.2100000000 99.1016667095
19.2200000000 99.1000575007
19.2300000000 99.0971661750
19.2400000000 99.0933141540
19.2500000000 99.0889611850
19.2600000000 99.0846380468
19.2700000000 99.0808257093
19.2800000000 99.0779478258
19.2900000000 99.0762750273
19.3000000000 99.0759509715
19.3100000000 99.0769843065
19.3200000000 99.0792546442
19.3300000000 99.0825521136
19.3400000000 99.0866238991
19.3500000000 99.0912147207
19.3600000000 99.0961150305
19.3700000000 99.1012092835
19.3800000000 99.1063888901
19.3900000000 99.1115727184
19.4000000000 99.1166183986
19.4100000000 99.1213484383
19.4200000000 99.1255771158
19.4300000000 99.1291307833
19.4400000000 99.1319160282
19.4500000000 99.1339075260
19.4600000000 99.1351411922
19.4700000000 99.1357221698
19.4800000000 99.1357765539
19.4900000000 99.1354660893
19.5000000000 99.1349669673
19.5100000000 99.1344495695
19.5200000000 99.1340791163
19.5300000000 99.1339599159
19.5400000000 99.1341416124
19.5500000000 99.1346326358
19.5600000000 99.1354470578
19.5700000000 99.1366256213
19.5800000000 99.1383122749
19.5900000000 99.1407137239
19.6000000000 99.1440804775
19.6100000000 99.1486518150
19.6200000000 99.1545595454
19.6300000000 99.1618061832
19.6400000000 99.1702085769
19.6500000000 99.1794162557
19.6600000000 99.1889789680
19.6700000000 99.1983799004
19.6800000000 99.2071737364
19.6900000000 99.2150363067
19.7000000000 99.2218002783
19.7100000000 99.2274785753
19.7200000000 99.2321892709
19.7300000000 99.2361152276
19.7400000000 99.2394070433
19.7500000000 99.2421403381
19.7600000000 99.2443148607
19.7700000000 99.2458533919
19.7800000000 99.2466419837
19.7900000000 99.2466140037
19.8000000000 99.2458055293
19.8100000000 99.2444055925
19.8200000000 99.2427510026
19.8300000000 99.2413137363
19.8400000000 99.2405917267
19.8500000000 99.2409829172
19.8600000000 99.2426729039
19.8700000000 99.2455488806
19.8800000000 99.2491823343
19.8900000000 99.2529168817
19.9000000000 99.2559846986
19.9100000000 99.2576745553
19.9200000000 99.2574379020
19.9300000000 99.2549397773
19.9400000000 99.2500968634
19.9500000000 99.2430157389
19.9600000000 99.2339381611
19.9700000000 99.2231640366
19.9800000000 99.2110509611
19.9900000000 99.1979995280
20.0000000000 99.1844890968
