0.0100000000 26.0758119558
0.0200000000 58.5263809151
0.0300000000 76.0534657802
0.0400000000 84.9584355780
0.0500000000 89.8265982097
0.0600000000 92.7123794029
0.0700000000 94.5437872555
0.0800000000 95.7716597206
0.0900000000 96.6320747594
0.1000000000 97.2570654548
0.1100000000 97.7247117714
0.1200000000 98.0834122707
0.1300000000 98.3643878894
0.1400000000 98.5884763475
0.1500000000 98.7699998631
0.1600000000 98.9190564744
0.1700000000 99.0429270666
0.1800000000 99.1469656491
0.1900000000 99.2351791411
0.2000000000 99.3106132787
0.2100000000 99.3756164345
0.2200000000 99.4320220158
0.2300000000 99.4812784013
0.2400000000 99.5245416325
0.2500000000 99.5627436935
0.2600000000 99.5966421082
0.2700000000 99.6268581530
0.2800000000 99.6539049200
0.2900000000 99.6782091307
0.3000000000 99.7001282201
0.3100000000 99.7199631990
0.3200000000 99.7379690697
0.3300000000 99.7543628680
0.3400000000 99.7693305663
0.3500000000 99.7830319907
0.3600000000 99.7956051758
0.3700000000 99.8071697192
0.3800000000 99.8178298431
0.3900000000 99.8276769190
0.4000000000 99.8367905685
0.4100000000 99.8452410892
0.4200000000 99.8530906948
0.4300000000 99.8603943371
0.4400000000 99.8672008175
0.4500000000 99.8735534388
0.4600000000 99.8794909861
0.4700000000 99.8850483371
0.4800000000 99.8902566522
0.4900000000 99.8951437755
0.5000000000 99.8997349375
0.5100000000 99.9040532981
0.5200000000 99.9081189540
0.5300000000 99.9119509741
0.5400000000 99.9155663474
0.5500000000 99.9189803582
0.5600000000 99.9222072988
0.5700000000 99.9252598453
0.5800000000 99.9281499780
0.5900000000 99.9308882738
0.6000000000 99.9334846275
0.6100000000 99.9359483443
0.6200000000 99.9382877899
0.6300000000 99.9405104676
0.6400000000 99.9426234687
0.6500000000 99.9446333665
0.6600000000 99.9465464586
0.6700000000 99.9483681392
0.6800000000 99.9501038546
0.6900000000 99.9517582073
0.7000000000 99.9533356869
0.7100000000 99.9548404726
0.7200000000 99.9562767045
0.7300000000 99.9576477500
0.7400000000 99.9589569956
0.7500000000 99.9602075949
0.7600000000 99.9614024922
0.7700000000 99.9625447193
0.7800000000 99.9636365891
0.7900000000 99.9646805209
0.8000000000 99.9656787763
0.8100000000 99.9666334819
0.8200000000 99.9675469328
0.8300000000 99.9684204222
0.8400000000 99.9692563020
0.8500000000 99.9700556374
0.8600000000 99.9708205954
0.8700000000 99.9715523522
0.8800000000 99.9722519865
0.8900000000 99.9729214278
0.9000000000 99.9735616108
0.9100000000 99.9741737007
0.9200000000 99.9747584792
0.9300000000 99.9753176389
0.9400000000 99.9758515199
0.9500000000 99.9763617176
0.9600000000 99.9768484522
0.9700000000 99.9773128985
0.9800000000 99.9777558571
0.9900000000 99.9781780821
1.0000000000 99.9785802929
1.0100000000 99.9789628152
1.0200000000 99.9793266512
1.0300000000 99.9796724193
1.0400000000 99.9800006992
1.0500000000 99.9803116810
1.0600000000 99.9806062610
1.0700000000 99.9808849467
1.0800000000 99.9811478352
1.0900000000 99.9813957575
1.1000000000 99.9816291566
1.1100000000 99.9818480562
1.1200000000 99.9820532389
1.1300000000 99.9822446823
1.1400000000 99.9824231476
1.1500000000 99.9825885648
1.1600000000 99.9827416729
1.1700000000 99.9828823688
1.1800000000 99.9830109458
1.1900000000 99.9831281003
1.2000000000 99.9832336871
1.2100000000 99.9833283822
1.2200000000 99.9834120127
1.2300000000 99.9834848012
1.2400000000 99.9835469722
1.2500000000 99.9835991810
1.2600000000 99.9836411875
1.2700000000 99.9836731857
1.2800000000 99.9836953636
1.2900000000 99.9837078872
1.3000000000 99.9837109293
1.3100000000 99.9837046505
1.3200000000 99.9836892020
1.3300000000 99.9836647291
1.3400000000 99.9836318434
1.3500000000 99.9835892584
1.3600000000 99.9835385238
1.3700000000 99.9834792854
1.3800000000 99.9834111716
1.3900000000 99.9833347709
1.4000000000 99.9832501944
1.4100000000 99.9831575392
1.4200000000 99.9830563982
1.4300000000 99.9829473585
1.4400000000 99.9828300018
1.4500000000 99.9827043941
1.4600000000 99.9825716457
1.4700000000 99.9824302738
1.4800000000 99.9822813831
1.4900000000 99.9821245095
1.5000000000 99.9819602418
1.5100000000 99.9817881068
1.5200000000 99.9816081507
1.5300000000 99.9814204189
1.5400000000 99.9812249538
1.5500000000 99.9810217945
1.5600000000 99.9808109773
1.5700000000 99.9805925390
1.5800000000 99.9803665064
1.5900000000 99.9801329108
1.6000000000 99.9798912128
1.6100000000 99.9796419947
1.6200000000 99.9793852792
1.6300000000 99.9791205096
1.6400000000 99.9788482742
1.6500000000 99.9785680026
1.6600000000 99.9782796992
1.6700000000 99.9779839579
1.6800000000 99.9776801931
1.6900000000 99.9773684020
1.7000000000 99.9770485816
1.7100000000 99.9767207256
1.7200000000 99.9763848276
1.7300000000 99.9760408789
1.7400000000 99.9756888676
1.7500000000 99.9753281634
1.7600000000 99.9749593649
1.7700000000 99.9745818308
1.7800000000 99.9741961650
1.7900000000 99.9738017152
1.8000000000 99.9733984522
1.8100000000 99.9729863448
1.8200000000 99.9725660066
1.8300000000 99.9721361170
1.8400000000 99.9716972831
1.8500000000 99.9712494691
1.8600000000 99.9707919785
1.8700000000 99.9703247625
1.8800000000 99.9698484378
1.8900000000 99.9693629637
1.9000000000 99.9688669514
1.9100000000 99.9683610136
1.9200000000 99.9678450965
1.9300000000 99.9673191443
1.9400000000 99.9667824129
1.9500000000 99.9662348332
1.9600000000 99.9656770302
1.9700000000 99.9651082474
1.9800000000 99.9645284128
1.9900000000 99.9639367464
2.0000000000 99.9633338754
2.0100000000 99.9627197253
2.0200000000 99.9620935012
2.0300000000 99.9614543998
2.0400000000 99.9608037664
2.0500000000 99.9601400691
2.0600000000 99.9594632073
2.0700000000 99.9587738127
2.0800000000 99.9580710534
2.0900000000 99.9573548287
2.1000000000 99.9566242862
2.1100000000 99.9558793080
2.1200000000 99.9551197816
2.1300000000 99.9543455792
2.1400000000 99.9535565883
2.1500000000 99.9527511590
2.1600000000 99.9519306814
2.1700000000 99.9510934907
2.1800000000 99.9502402159
2.1900000000 99.9493691646
2.2000000000 99.9484809593
2.2100000000 99.9475754524
2.2200000000 99.9466509148
2.2300000000 99.9457071745
2.2400000000 99.9447448521
2.2500000000 99.9437629826
2.2600000000 99.9427597877
2.2700000000 99.9417366734
2.2800000000 99.9406918440
2.2900000000 99.9396250973
2.3000000000 99.9385354142
2.3100000000 99.9374225783
2.3200000000 99.9362855408
2.3300000000 99.9351240798
2.3400000000 99.9339371295
2.3500000000 99.9327236074
2.3600000000 99.9314832657
2.3700000000 99.9302158353
2.3800000000 99.9289185301
2.3900000000 99.9275927431
2.4000000000 99.9262356524
2.4100000000 99.9248469482
2.4200000000 99.9234254494
2.4300000000 99.9219708361
2.4400000000 99.9204810577
2.4500000000 99.9189548833
2.4600000000 99.9173910768
2.4700000000 99.9157883917
2.4800000000 99.9141455461
2.4900000000 99.9124603782
2.5000000000 99.9107324465
2.5100000000 99.9089595483
2.5200000000 99.9071394364
2.5300000000 99.9052707281
2.5400000000 99.9033511236
2.5500000000 99.9013782987
2.5600000000 99.8993507892
2.5700000000 99.8972653004
2.5800000000 99.8951203185
2.5900000000 99.8929133947
2.6000000000 99.8906402067
2.6100000000 99.8882981953
2.6200000000 99.8858848096
2.6300000000 99.8833964843
2.6400000000 99.8808287148
2.6500000000 99.8781787858
2.6600000000 99.8754411229
2.6700000000 99.8726119661
2.6800000000 99.8696865586
2.6900000000 99.8666591291
2.7000000000 99.8635247659
2.7100000000 99.8602775444
2.7200000000 99.8569095375
2.7300000000 99.8534146449
2.7400000000 99.8497847183
2.7500000000 99.8460115229
2.7600000000 99.8420867070
2.7700000000 99.8379998517
2.7800000000 99.8337403691
2.7900000000 99.8292955947
2.8000000000 99.8246536565
2.8100000000 99.8198005552
2.8200000000 99.8147200701
2.8300000000 99.8093948203
2.8400000000 99.8038071550
2.8500000000 99.7979341751
2.8600000000 99.7917556988
2.8700000000 99.7852431640
2.8800000000 99.7783686797
2.8900000000 99.7711009183
2.9000000000 99.7634030270
2.9100000000 99.7552356423
2.9200000000 99.7465516705
2.9300000000 99.7373024523
2.9400000000 99.7274283035
2.9500000000 99.7168646866
2.9600000000 99.7055358813
2.9700000000 99.6933579255
2.9800000000 99.6802354472
2.9900000000 99.6660561943
3.0000000000 99.6506951218
3.0100000000 99.6340089523
3.0200000000 99.6158328289
3.0300000000 99.5959811997
3.0400000000 99.5742445121
3.0500000000 99.5503837476
3.0600000000 99.5241400023
3.0700000000 99.4952260387
3.0800000000 99.4633447761
3.0900000000 99.4281941897
3.1000000000 99.3894984369
3.1100000000 99.3470471835
3.1200000000 99.3007517058
3.1300000000 99.2507332514
3.1400000000 99.1974227666
3.1500000000 99.1416714800
3.1600000000 99.0848314239
3.1700000000 99.0287554549
3.1800000000 98.9756468998
3.1900000000 98.9277276200
3.2000000000 98.8867500097
3.2100000000 98.8535046412
3.2200000000 98.8275129856
3.2300000000 98.8070550800
3.2400000000 98.7895206635
3.2500000000 98.7719281324
3.2600000000 98.7514222803
3.2700000000 98.7256353166
3.2800000000 98.6928964083
3.2900000000 98.6523359148
3.3000000000 98.6039618231
3.3100000000 98.5487430451
3.3200000000 98.4886855926
3.3300000000 98.4268574774
3.3400000000 98.3672380992
3.3500000000 98.3143040415
3.3600000000 98.2723180501
3.3700000000 98.2444613705
3.3800000000 98.2320759290
3.3900000000 98.2343420385
3.4000000000 98.2484965321
3.4100000000 98.2704868776
3.4200000000 98.2957733697
3.4300000000 98.3200037877
3.4400000000 98.3394529514
3.4500000000 98.3512170364
3.4600000000 98.3532245582
3.4700000000 98.3441673730
3.4800000000 98.3234099455
3.4900000000 98.2909275143
3.5000000000 98.2472969991
3.5100000000 98.1937090844
3.5200000000 98.1319819221
3.5300000000 98.0645078953
3.5400000000 97.9940878742
3.5500000000 97.9236496648
3.5600000000 97.8558873615
3.5700000000 97.7929021693
3.5800000000 97.7359108203
3.5900000000 97.6850250121
3.6000000000 97.6391409381
3.6100000000 97.5959722267
3.6200000000 97.5523210170
3.6300000000 97.5045803179
3.6400000000 97.4493344825
3.6500000000 97.3838999313
3.6600000000 97.3066646916
3.6700000000 97.2171761084
3.6800000000 97.1160466674
3.6900000000 97.0047715249
3.7000000000 96.8856207495
3.7100000000 96.7617125780
3.7200000000 96.6372175759
3.7300000000 96.5175278147
3.7400000000 96.4090663683
3.7500000000 96.3186090966
3.7600000000 96.2522109467
3.7700000000 96.2141275638
3.7800000000 96.2061482171
3.7900000000 96.2275108923
3.8000000000 96.2752412509
3.8100000000 96.3446084018
3.8200000000 96.4295807700
3.8300000000 96.5233354617
3.8400000000 96.6188946618
3.8500000000 96.7098847999
3.8600000000 96.7912020036
3.8700000000 96.8594470639
3.8800000000 96.9130348828
3.8900000000 96.9520159956
3.9000000000 96.9776641937
3.9100000000 96.9919873739
3.9200000000 96.9972906297
3.9300000000 96.9959141473
3.9400000000 96.9901941265
3.9500000000 96.9824960713
3.9600000000 96.9751510398
3.9700000000 96.9701450636
3.9800000000 96.9686516805
3.9900000000 96.9706130254
4.0000000000 96.9746305496
4.0100000000 96.9782604498
4.0200000000 96.9786069749
4.0300000000 96.9729898970
4.0400000000 96.9594248872
4.0500000000 96.9368257233
4.0600000000 96.9049104082
4.0700000000 96.8639985843
4.0800000000 96.8148649199
4.0900000000 96.7587814569
4.1000000000 96.6976885159
4.1100000000 96.6342851306
4.1200000000 96.5718470195
4.1300000000 96.5136882667
4.1400000000 96.4624755810
4.1500000000 96.4197300349
4.1600000000 96.3858268887
4.1700000000 96.3604589616
4.1800000000 96.3432387879
4.1900000000 96.3339977031
4.2000000000 96.3325728382
4.2100000000 96.3382268409
4.2200000000 96.3491022907
4.2300000000 96.3621006121
4.2400000000 96.3732543899
4.2500000000 96.3784338960
4.2600000000 96.3740736483
4.2700000000 96.3577512368
4.2800000000 96.3285624685
4.2900000000 96.2873292638
4.3000000000 96.2365885704
4.3100000000 96.1802948839
4.3200000000 96.1231636103
4.3300000000 96.0697676489
4.3400000000 96.0236220756
4.3500000000 95.9865590209
4.3600000000 95.9586058548
4.3700000000 95.9382899565
4.3800000000 95.9231824367
4.3900000000 95.9104320327
4.4000000000 95.8971969318
4.4100000000 95.8809630687
4.4200000000 95.8598018009
4.4300000000 95.8326817758
4.4400000000 95.7998168145
4.4500000000 95.7629773551
4.4600000000 95.7255798857
4.4700000000 95.6923264075
4.4800000000 95.6682941211
4.4900000000 95.6576633738
4.5000000000 95.6624923541
4.5100000000 95.6820460889
4.5200000000 95.7129943977
4.5300000000 95.7503982763
4.5400000000 95.7890667051
4.5500000000 95.8247702503
4.5600000000 95.8549235459
4.5700000000 95.8785840142
4.5800000000 95.8959531830
4.5900000000 95.9076859974
4.6000000000 95.9144253670
4.6100000000 95.9167705220
4.6200000000 95.9156314573
4.6300000000 95.9126510821
4.6400000000 95.9103472421
4.6500000000 95.9117536886
4.6600000000 95.9196171478
4.6700000000 95.9354245088
4.6800000000 95.9586700077
4.6900000000 95.9866400643
4.7000000000 96.0148270450
4.7100000000 96.0377787990
4.7200000000 96.0500890533
4.7300000000 96.0472651723
4.7400000000 96.0263335722
4.7500000000 95.9861864316
4.7600000000 95.9277255834
4.7700000000 95.8538613130
4.7800000000 95.7693798236
4.7900000000 95.6805761215
4.8000000000 95.5945977538
4.8100000000 95.5184057008
4.8200000000 95.4575038944
4.8300000000 95.4147113644
4.8400000000 95.3894348814
4.8500000000 95.3777566231
4.8600000000 95.3733724311
4.8700000000 95.3690461042
4.8800000000 95.3581414857
4.8900000000 95.3358414083
4.9000000000 95.2998970477
4.9100000000 95.2508694777
4.9200000000 95.1918931892
4.9300000000 95.1280583450
4.9400000000 95.0655183154
4.9500000000 95.0104825094
4.9600000000 94.9682574486
4.9700000000 94.9423822346
4.9800000000 94.9339733394
4.9900000000 94.9414193044
5.0000000000 94.9606664299
5.0100000000 94.9861095395
5.0200000000 95.0118543721
5.0300000000 95.0328859269
5.0400000000 95.0457655398
5.0500000000 95.0487140628
5.0600000000 95.0412274827
5.0700000000 95.0235833422
5.0800000000 94.9964976664
5.0900000000 94.9610642013
5.1000000000 94.9188496757
5.1100000000 94.8719223452
5.1200000000 94.8226090432
5.1300000000 94.7729780657
5.1400000000 94.7242453633
5.1500000000 94.6764424084
5.1600000000 94.6286042521
5.1700000000 94.5794181700
5.1800000000 94.5279924714
5.1900000000 94.4743707838
5.2000000000 94.4195580045
5.2100000000 94.3652278253
5.2200000000 94.3133402201
5.2300000000 94.2659321394
5.2400000000 94.2250717185
5.2500000000 94.1927132221
5.2600000000 94.1702495082
5.2700000000 94.1578008484
5.2800000000 94.1535955463
5.2900000000 94.1538483592
5.3000000000 94.1533317252
5.3100000000 94.1463436310
5.3200000000 94.1276636468
5.3300000000 94.0931177776
5.3400000000 94.0397036531
5.3500000000 93.9654562320
5.3600000000 93.8692902425
5.3700000000 93.7510114418
5.3800000000 93.6114467163
5.3900000000 93.4525139602
5.4000000000 93.2769567317
5.4100000000 93.0876714818
5.4200000000 92.8867012930
5.4300000000 92.6743089701
5.4400000000 92.4485223267
5.4500000000 92.2054069859
5.4600000000 91.9399856996
5.4700000000 91.6474730532
5.4800000000 91.3244591663
5.4900000000 90.9697218561
5.5000000000 90.5845675629
5.5100000000 90.1727469439
5.5200000000 89.7400671174
5.5300000000 89.2938649932
5.5400000000 88.8424816755
5.5500000000 88.3948152245
5.5600000000 87.9598657295
5.5700000000 87.5462597310
5.5800000000 87.1617523309
5.5900000000 86.8128541642
5.6000000000 86.5046757065
5.6100000000 86.2409012745
5.6200000000 86.0237774504
5.6300000000 85.8540905386
5.6400000000 85.7312601166
5.6500000000 85.6536627115
5.6600000000 85.6191316214
5.6700000000 85.6253687241
5.6800000000 85.6700592887
5.6900000000 85.7506246930
5.7000000000 85.8637799417
5.7100000000 86.0051673775
5.7200000000 86.1692393781
5.7300000000 86.3495255745
5.7400000000 86.5392175409
5.7500000000 86.7318704146
5.7600000000 86.9219175711
5.7700000000 87.1048945238
5.7800000000 87.2775140994
5.7900000000 87.4377462389
5.8000000000 87.5850139023
5.8100000000 87.7203668708
5.8200000000 87.8464974730
5.8300000000 87.9674964675
5.8400000000 88.0883576958
5.8500000000 88.2142513005
5.8600000000 88.3496903978
5.8700000000 88.4978262226
5.8800000000 88.6600397898
5.8900000000 88.8359298534
5.9000000000 89.0234870812
5.9100000000 89.2193005136
5.9200000000 89.4187479668
5.9300000000 89.6163296416
5.9400000000 89.8062878912
5.9500000000 89.9833367955
5.9600000000 90.1431819879
5.9700000000 90.2825620299
5.9800000000 90.3989017309
5.9900000000 90.4898700777
6.0000000000 90.5532003437
6.0100000000 90.5869049341
6.0200000000 90.5898209913
6.0300000000 90.5622525650
6.0400000000 90.5065940649
6.0500000000 90.4277537542
6.0600000000 90.3333969609
6.0700000000 90.2338332758
6.0800000000 90.1414258991
6.0900000000 90.0693365225
6.1000000000 90.0296413971
6.1100000000 90.0310978680
6.1200000000 90.0772502223
6.1300000000 90.1655797529
6.1400000000 90.2880732129
6.1500000000 90.4330044983
6.1600000000 90.5872481441
6.1700000000 90.7383916237
6.1800000000 90.8762199754
6.1900000000 90.9933498092
6.2000000000 91.0851156311
6.2100000000 91.1488661868
6.2200000000 91.1830876314
6.2300000000 91.1867816655
6.2400000000 91.1594503129
6.2500000000 91.1016356548
6.2600000000 91.0157337240
6.2700000000 90.9065567147
6.2800000000 90.7813257288
6.2900000000 90.6489063867
6.3000000000 90.5184856453
6.3100000000 90.3980125431
6.3200000000 90.2928711630
6.3300000000 90.2051137396
6.3400000000 90.1334549348
6.3500000000 90.0740073856
6.3600000000 90.0215415630
6.3700000000 89.9709425833
6.3800000000 89.9184779479
6.3900000000 89.8625358221
6.4000000000 89.8037258207
6.4100000000 89.7444740273
6.4200000000 89.6883481323
6.4300000000 89.6393902677
6.4400000000 89.6015877979
6.4500000000 89.5783669719
6.4600000000 89.5720212277
6.4700000000 89.5830418895
6.4800000000 89.6096710569
6.4900000000 89.6479598739
6.5000000000 89.6924836837
6.5100000000 89.7375042117
6.5200000000 89.7780798745
6.5300000000 89.8107538673
6.5400000000 89.8336216697
6.5500000000 89.8459704135
6.5600000000 89.8477962643
6.5700000000 89.8394254282
6.5800000000 89.8212333436
6.5900000000 89.7933131275
6.6000000000 89.7550270320
6.6100000000 89.7045545659
6.6200000000 89.6387134378
6.6300000000 89.5532665996
6.6400000000 89.4437442365
6.6500000000 89.3065104053
6.6600000000 89.1397818777
6.6700000000 88.9443288560
6.6800000000 88.7237530657
6.6900000000 88.4843350475
6.7000000000 88.2343999143
6.7100000000 87.9831834741
6.7200000000 87.7393055241
6.7300000000 87.5092401089
6.7400000000 87.2964112839
6.7500000000 87.1013149882
6.7600000000 86.9226289136
6.7700000000 86.7587514190
6.7800000000 86.6090241907
6.7900000000 86.4740460913
6.8000000000 86.3550180749
6.8100000000 86.2525686755
6.8200000000 86.1657979814
6.8300000000 86.0921824177
6.8400000000 86.0285044128
6.8500000000 85.9723409036
6.8600000000 85.9232802708
6.8700000000 85.8831897738
6.8800000000 85.8553042232
6.8900000000 85.8427187474
6.9000000000 85.8471908146
6.9100000000 85.8690011380
6.9200000000 85.9078906960
6.9300000000 85.9644228198
6.9400000000 86.0408941927
6.9500000000 86.1413208867
6.9600000000 86.2704900737
6.9700000000 86.4325204369
6.9800000000 86.6293448871
6.9900000000 86.8596158606
7.0000000000 87.1182028018
7.0100000000 87.3963210675
7.0200000000 87.6822568413
7.0300000000 87.9625834936
7.0400000000 88.2237276917
7.0500000000 88.4536162882
7.0600000000 88.6430329745
7.0700000000 88.7864337778
7.0800000000 88.8821343411
7.0900000000 88.9319319999
7.1000000000 88.9403043866
7.1100000000 88.9133036406
7.1200000000 88.8573612113
7.1300000000 88.7782534864
7.1400000000 88.6805675738
7.1500000000 88.5678064895
7.1600000000 88.4430047340
7.1700000000 88.3095768204
7.1800000000 88.1720264559
7.1900000000 88.0362799065
7.2000000000 87.9095777149
7.2100000000 87.7998549022
7.2200000000 87.7148037838
7.2300000000 87.6608320598
7.2400000000 87.6422309273
7.2500000000 87.6607752833
7.2600000000 87.7158311396
7.2700000000 87.8048340120
7.2800000000 87.9240322332
7.2900000000 88.0692562585
7.3000000000 88.2366164097
7.3100000000 88.4230765797
7.3200000000 88.6268991734
7.3300000000 88.8477492363
7.3400000000 89.0862806683
7.3500000000 89.3431763279
7.3600000000 89.6179886305
7.3700000000 89.9081740110
7.3800000000 90.2087686543
7.3900000000 90.5127585026
7.4000000000 90.8121311936
7.4100000000 91.0992659698
7.4200000000 91.3682928979
7.4300000000 91.6160288747
7.4400000000 91.8422144115
7.4500000000 92.0490575328
7.4600000000 92.2402270711
7.4700000000 92.4196694292
7.4800000000 92.5905235201
7.4900000000 92.7543911201
7.5000000000 92.9110318471
7.5100000000 93.0584628850
7.5200000000 93.1933908601
7.5300000000 93.3118490921
7.5400000000 93.4098994294
7.5500000000 93.4842150303
7.5600000000 93.5325555443
7.5700000000 93.5540480807
7.5800000000 93.5493787338
7.5900000000 93.5207789172
7.6000000000 93.4718570247
7.6100000000 93.4071341679
7.6200000000 93.3314427735
7.6300000000 93.2491946864
7.6400000000 93.1638140094
7.6500000000 93.0775083293
7.6600000000 92.9914616107
7.6700000000 92.9064160171
7.6800000000 92.8233493606
7.6900000000 92.7441113547
7.7000000000 92.6717893435
7.7100000000 92.6107970127
7.7200000000 92.5665229414
7.7300000000 92.5444750940
7.7400000000 92.5489980345
7.7500000000 92.5819006415
7.7600000000 92.6415852615
7.7700000000 92.7230894803
7.7800000000 92.8190817359
7.7900000000 92.9213747535
7.8000000000 93.0223943990
7.8100000000 93.1161151154
7.8200000000 93.1983470197
7.8300000000 93.2665216135
7.8400000000 93.3192639987
7.8500000000 93.3561254619
7.8600000000 93.3775736710
7.8700000000 93.3851402392
7.8800000000 93.3814694739
7.8900000000 93.3700155949
7.9000000000 93.3545379289
7.9100000000 93.3385425012
7.9200000000 93.3250499583
7.9300000000 93.3166519262
7.9400000000 93.3156748250
7.9500000000 93.3242238853
7.9600000000 93.3439730070
7.9700000000 93.3758263628
7.9800000000 93.4196234796
7.9900000000 93.4740524874
8.0000000000 93.5368173565
8.0100000000 93.6050985430
8.0200000000 93.6761069126
8.0300000000 93.7476025368
8.0400000000 93.8181715925
8.0500000000 93.8871626565
8.0600000000 93.9543358483
8.0700000000 94.0193367512
8.0800000000 94.0812855551
8.0900000000 94.1386117639
8.1000000000 94.1892578435
8.1100000000 94.2310541520
8.1200000000 94.2621349108
8.1300000000 94.2812686833
8.1400000000 94.2880418911
8.1500000000 94.2829230504
8.1600000000 94.2672359831
8.1700000000 94.2429935849
8.1800000000 94.2126298154
8.1900000000 94.1787314768
8.2000000000 94.1438357941
8.2100000000 94.1103550301
8.2200000000 94.0806078299
8.2300000000 94.0568727836
8.2400000000 94.0414631742
8.2500000000 94.0367556437
8.2600000000 94.0451426216
8.2700000000 94.0687928959
8.2800000000 94.1091836692
8.2900000000 94.1665786045
8.3000000000 94.2396936759
8.3100000000 94.3257551895
8.3200000000 94.4210025108
8.3300000000 94.5213705033
8.3400000000 94.6230753556
8.3500000000 94.7229025734
8.3600000000 94.8182625131
8.3700000000 94.9071695139
8.3800000000 94.9882404710
8.3900000000 95.0607677000
8.4000000000 95.1247384964
8.4100000000 95.1807706801
8.4200000000 95.2298907669
8.4300000000 95.2732940250
8.4400000000 95.3120172184
8.4500000000 95.3466525803
8.4600000000 95.3770613776
8.4700000000 95.4022157270
8.4800000000 95.4202636034
8.4900000000 95.4288664027
8.5000000000 95.4257108905
8.5100000000 95.4090791911
8.5200000000 95.3782538369
8.5300000000 95.3336830513
8.5400000000 95.2768820542
8.5500000000 95.2101418024
8.5600000000 95.1361683617
8.5700000000 95.0578200767
8.5800000000 94.9779234484
8.5900000000 94.8991803701
8.6000000000 94.8240013394
8.6100000000 94.7543049635
8.6200000000 94.6913209057
8.6300000000 94.6355412737
8.6400000000 94.5869176610
8.6500000000 94.5452018736
8.6600000000 94.5102509562
8.6700000000 94.4821332647
8.6800000000 94.4609805438
8.6900000000 94.4466279256
8.7000000000 94.4382739892
8.7100000000 94.4343188709
8.7200000000 94.4325338895
8.7300000000 94.4305149698
8.7400000000 94.4262876662
8.7500000000 94.4187773979
8.7600000000 94.4079709137
8.7700000000 94.3947512285
8.7800000000 94.3805304623
8.7900000000 94.3668802347
8.8000000000 94.3553262522
8.8100000000 94.3474232792
8.8200000000 94.3449533176
8.8300000000 94.3501558614
8.8400000000 94.3656499983
8.8500000000 94.3940289750
8.8600000000 94.4371589821
8.8700000000 94.4954984664
8.8800000000 94.5677684158
8.8900000000 94.6511637977
8.9000000000 94.7420081458
8.9100000000 94.8365131124
8.9200000000 94.9313740828
8.9300000000 95.0240473609
8.9400000000 95.1127629829
8.9500000000 95.1964032993
8.9600000000 95.2743114376
8.9700000000 95.3460656707
8.9800000000 95.4112912153
8.9900000000 95.4695239895
9.0000000000 95.5202209843
9.0100000000 95.5628152239
9.0200000000 95.5967589236
9.0300000000 95.6215040141
9.0400000000 95.6364463182
9.0500000000 95.6409591659
9.0600000000 95.6346186244
9.0700000000 95.6175472719
9.0800000000 95.5907423369
9.0900000000 95.5562655834
9.1000000000 95.5171230827
9.1100000000 95.4768872933
9.1200000000 95.4390753800
9.1300000000 95.4065117470
9.1400000000 95.3807917612
9.1500000000 95.3620682698
9.1600000000 95.3492043874
9.1700000000 95.3402236071
9.1800000000 95.3328601763
9.1900000000 95.3250103104
9.2000000000 95.3149522659
9.2100000000 95.3013643995
9.2200000000 95.2832606252
9.2300000000 95.2599291195
9.2400000000 95.2309974626
9.2500000000 95.1965296446
9.2600000000 95.1571792860
9.2700000000 95.1142690770
9.2800000000 95.0697237610
9.2900000000 95.0258686260
9.3000000000 94.9850843391
9.3100000000 94.9494463447
9.3200000000 94.9204276711
9.3300000000 94.8987645137
9.3400000000 94.8844516741
9.3500000000 94.8767749707
9.3600000000 94.8744062265
9.3700000000 94.8755436754
9.3800000000 94.8782110159
9.3900000000 94.8806725631
9.4000000000 94.8818707441
9.4100000000 94.8817326921
9.4200000000 94.8811979204
9.4300000000 94.8820270341
9.4400000000 94.8863906569
9.4500000000 94.8963925319
9.4600000000 94.9134918905
9.4700000000 94.9379917042
9.4800000000 94.9687418010
9.4900000000 95.0032016373
9.5000000000 95.0379057297
9.5100000000 95.0691253248
9.5200000000 95.0934858824
9.5300000000 95.1083398739
9.5400000000 95.1119084159
9.5500000000 95.1033184249
9.5600000000 95.0826763445
9.5700000000 95.0512128178
9.5800000000 95.0114034243
9.5900000000 94.9668692689
9.6000000000 94.9219519109
9.6100000000 94.8809747769
9.6200000000 94.8474557087
9.6300000000 94.8235096227
9.6400000000 94.8096602888
9.6500000000 94.8050468356
9.6600000000 94.8079020002
9.6700000000 94.8161179852
9.6800000000 94.8277490977
9.6900000000 94.8413013638
9.7000000000 94.8558422978
9.7100000000 94.8709258734
9.7200000000 94.8863872183
9.7300000000 94.9021023542
9.7400000000 94.9178173145
9.7500000000 94.9330724012
9.7600000000 94.9472233415
9.7700000000 94.9595219054
9.7800000000 94.9691790766
9.7900000000 94.9753850827
9.8000000000 94.9773150667
9.8100000000 94.9741274692
9.8200000000 94.9650811348
9.8300000000 94.9497475218
9.8400000000 94.9282791421
9.8500000000 94.9016819196
9.8600000000 94.8719556688
9.8700000000 94.8420750098
9.8800000000 94.8157039322
9.8900000000 94.7967771861
9.9000000000 94.7889285647
9.9100000000 94.7949034018
9.9200000000 94.8160410102
9.9300000000 94.8519482277
9.9400000000 94.9004618438
9.9500000000 94.9579113693
9.9600000000 95.0196739891
9.9700000000 95.0809350555
9.9800000000 95.1374610801
9.9900000000 95.1862107246
10.0000000000 95.2256525782
10.0100000000 95.2557898800
10.0200000000 95.2779908970
10.0300000000 95.2947676262
10.0400000000 95.3096286848
10.0500000000 95.3268337520
10.0600000000 95.3510428681
10.0700000000 95.3866858066
10.0800000000 95.4371618654
10.0900000000 95.5040630254
10.1000000000 95.5867649457
10.1100000000 95.6825095296
10.1200000000 95.7869771297
10.1300000000 95.8951002283
10.1400000000 96.0018262992
10.1500000000 96.1026224296
10.1600000000 96.1937314172
10.1700000000 96.2722240381
10.1800000000 96.3360168777
10.1900000000 96.3838451195
10.2000000000 96.4153372484
10.2100000000 96.4310505162
10.2200000000 96.4324957660
10.2300000000 96.4220781041
10.2400000000 96.4028915016
10.2500000000 96.3784103396
10.2600000000 96.3521109835
10.2700000000 96.3270491590
10.2800000000 96.3055273063
10.2900000000 96.2888999660
10.3000000000 96.2775472211
10.3100000000 96.2710828481
10.3200000000 96.2686960662
10.3300000000 96.2695103731
10.3400000000 96.2727623431
10.3500000000 96.2778323104
10.3600000000 96.2840674637
10.3700000000 96.2905847537
10.3800000000 96.2962597765
10.3900000000 96.2998634059
10.4000000000 96.3003853620
10.4100000000 96.2972675233
10.4200000000 96.2905195855
10.4300000000 96.2806060452
10.4400000000 96.2682310396
10.4500000000 96.2541067640
10.4600000000 96.2387990518
10.4700000000 96.2227247500
10.4800000000 96.2062640632
10.4900000000 96.1899533050
10.5000000000 96.1746446481
10.5100000000 96.1614959203
10.5200000000 96.1518058553
10.5300000000 96.1466937603
10.5400000000 96.1467513327
10.5500000000 96.1517902608
10.5600000000 96.1607044388
10.5700000000 96.1715804702
10.5800000000 96.1819706402
10.5900000000 96.1892899714
10.6000000000 96.1912357355
10.6100000000 96.1861515383
10.6200000000 96.1732968050
10.6300000000 96.1529567449
10.6400000000 96.1264413550
10.6500000000 96.0959597108
10.6600000000 96.0643958422
10.6700000000 96.0350087011
10.6800000000 96.0109981452
10.6900000000 95.9950177579
10.7000000000 95.9886782633
10.7100000000 95.9921935448
10.7200000000 96.0042579794
10.7300000000 96.0222871453
10.7400000000 96.0429425310
10.7500000000 96.0627993563
10.7600000000 96.0789830454
10.7700000000 96.0895676492
10.7800000000 96.0937367370
10.7900000000 96.0917759892
10.8000000000 96.0849286469
10.8100000000 96.0752500205
10.8200000000 96.0653831234
10.8300000000 96.0582925497
10.8400000000 96.0569682745
10.8500000000 96.0641477152
10.8600000000 96.0820541409
10.8700000000 96.1122085574
10.8800000000 96.1552694623
10.8900000000 96.2109083466
10.9000000000 96.2777325686
10.9100000000 96.3533221787
10.9200000000 96.4344125994
10.9300000000 96.5173091194
10.9400000000 96.5983611229
10.9500000000 96.6744600669
10.9600000000 96.7433810832
10.9700000000 96.8039065621
10.9800000000 96.8557644703
10.9900000000 96.8994310804
11.0000000000 96.9358687423
11.0100000000 96.9662822526
11.0200000000 96.9919264489
11.0300000000 97.0139891620
11.0400000000 97.0335493426
11.0500000000 97.0515889783
11.0600000000 97.0689654354
11.0700000000 97.0863872638
11.0800000000 97.1043452791
11.0900000000 97.1230286157
11.1000000000 97.1423346220
11.1100000000 97.1619471250
11.1200000000 97.1814733790
11.1300000000 97.2005588487
11.1400000000 97.2189738711
11.1500000000 97.2365906501
11.1600000000 97.2533144262
11.1700000000 97.2689428146
11.1800000000 97.2830905202
11.1900000000 97.2951127405
11.2000000000 97.3041644054
11.2100000000 97.3093153791
11.2200000000 97.3097104693
11.2300000000 97.3047480093
11.2400000000 97.2942152153
11.2500000000 97.2783253782
11.2600000000 97.2577145957
11.2700000000 97.2333420661
11.2800000000 97.2064679430
11.2900000000 97.1785745994
11.3000000000 97.1512998196
11.3100000000 97.1262923069
11.3200000000 97.1049860176
11.3300000000 97.0884045300
11.3400000000 97.0770581534
11.3500000000 97.0710016471
11.3600000000 97.0700611038
11.3700000000 97.0740612010
11.3800000000 97.0829000560
11.3900000000 97.0964884151
11.4000000000 97.1145106650
11.4100000000 97.1362058373
11.4200000000 97.1603183845
11.4300000000 97.1852106939
11.4400000000 97.2092015205
11.4500000000 97.2309340738
11.4600000000 97.2496891271
11.4700000000 97.2655285833
11.4800000000 97.2791933623
11.4900000000 97.2918319298
11.5000000000 97.3046013081
11.5100000000 97.3183210075
11.5200000000 97.3332437357
11.5300000000 97.3490754062
11.5400000000 97.3651108537
11.5500000000 97.3804499478
11.5600000000 97.3942053345
11.5700000000 97.4056676329
11.5800000000 97.4143931103
11.5900000000 97.4201928913
11.6000000000 97.4231136343
11.6100000000 97.4233359021
11.6200000000 97.4211395468
11.6300000000 97.4168757731
11.6400000000 97.4109634634
11.6500000000 97.4039060373
11.6600000000 97.3962020965
11.6700000000 97.3882661422
11.6800000000 97.3802554299
11.6900000000 97.3719739690
11.7000000000 97.3628779163
11.7100000000 97.3521860777
11.7200000000 97.3390737775
11.7300000000 97.3228783900
11.7400000000 97.3031595420
11.7500000000 97.2796987550
11.7600000000 97.2524730880
11.7700000000 97.2215995806
11.7800000000 97.1873979712
11.7900000000 97.1504679602
11.8000000000 97.1117869965
11.8100000000 97.0727541974
11.8200000000 97.0351588207
11.8300000000 97.0010605284
11.8400000000 96.9726261227
11.8500000000 96.9518042124
11.8600000000 96.9400363781
11.8700000000 96.9379463382
11.8800000000 96.9452750516
11.8900000000 96.9610313140
11.9000000000 96.9838751651
11.9100000000 97.0125381506
11.9200000000 97.0461320806
11.9300000000 97.0842612049
11.9400000000 97.1268763041
11.9500000000 97.1739650602
11.9600000000 97.2251923619
11.9700000000 97.2796578136
11.9800000000 97.3358674017
11.9900000000 97.3919361249
12.0000000000 97.4459333476
12.0100000000 97.4962181679
12.0200000000 97.5416633045
12.0300000000 97.5816973086
12.0400000000 97.6162542093
12.0500000000 97.6455671302
12.0600000000 97.6699679334
12.0700000000 97.6896990838
12.0800000000 97.7048582646
12.0900000000 97.7154355144
12.1000000000 97.7214395665
12.1100000000 97.7229897768
12.1200000000 97.7204027701
12.1300000000 97.7141607946
12.1400000000 97.7048932701
12.1500000000 97.6933022120
12.1600000000 97.6801781735
12.1700000000 97.6663633006
12.1800000000 97.6527689967
12.1900000000 97.6403396538
12.2000000000 97.6299592256
12.2100000000 97.6222925158
12.2200000000 97.6175856052
12.2300000000 97.6155548811
12.2400000000 97.6153990621
12.2500000000 97.6159424174
12.2600000000 97.6158946033
12.2700000000 97.6141075384
12.2800000000 97.6097482720
12.2900000000 97.6024105573
12.3000000000 97.5920832964
12.3100000000 97.5790587214
12.3200000000 97.5638116220
12.3300000000 97.5469239601
12.3400000000 97.5290078492
12.3500000000 97.5107208532
12.3600000000 97.4927537471
12.3700000000 97.4758810651
12.3800000000 97.4609286760
12.3900000000 97.4487748320
12.4000000000 97.4403132239
12.4100000000 97.4364291312
12.4200000000 97.4379455537
12.4300000000 97.4455605990
12.4400000000 97.4597548910
12.4500000000 97.4806753601
12.4600000000 97.5079737779
12.4700000000 97.5407128723
12.4800000000 97.5773577139
12.4900000000 97.6159525950
12.5000000000 97.6543602374
12.5100000000 97.6906169898
12.5200000000 97.7231614291
12.5300000000 97.7510208258
12.5400000000 97.7738391894
12.5500000000 97.7918660283
12.5600000000 97.8058523304
12.5700000000 97.8169299213
12.5800000000 97.8264339962
12.5900000000 97.8357553551
12.6000000000 97.8462002105
12.6100000000 97.8589448647
12.6200000000 97.8750104279
12.6300000000 97.8953026288
12.6400000000 97.9205945054
12.6500000000 97.9514496889
12.6600000000 97.9880506910
12.6700000000 98.0300625681
12.6800000000 98.0765208003
12.6900000000 98.1259236153
12.7000000000 98.1764311803
12.7100000000 98.2261948400
12.7200000000 98.2736283734
12.7300000000 98.3175714820
12.7400000000 98.3573495684
12.7500000000 98.3926413179
12.7600000000 98.4233514502
12.7700000000 98.4494435535
12.7800000000 98.4708714608
12.7900000000 98.4875726590
12.8000000000 98.4995068390
12.8100000000 98.5067403024
12.8200000000 98.5094699502
12.8300000000 98.5080655556
12.8400000000 98.5030047520
12.8500000000 98.4948420067
12.8600000000 98.4841422028
12.8700000000 98.4714433527
12.8800000000 98.4572198472
12.8900000000 98.4418851188
12.9000000000 98.4258173089
12.9100000000 98.4094037259
12.9200000000 98.3931078411
12.9300000000 98.3774901162
12.9400000000 98.3631736535
12.9500000000 98.3507564833
12.9600000000 98.3406665347
12.9700000000 98.3331366003
12.9800000000 98.3282131503
12.9900000000 98.3259209233
13.0000000000 98.3263850500
13.0100000000 98.3299662364
13.0200000000 98.3371803139
13.0300000000 98.3485719625
13.0400000000 98.3644850832
13.0500000000 98.3848600386
13.0600000000 98.4091482393
13.0700000000 98.4363661130
13.0800000000 98.4653191897
13.0900000000 98.4948138250
13.1000000000 98.5238731960
13.1100000000 98.5517842752
13.1200000000 98.5781079905
13.1300000000 98.6025643847
13.1400000000 98.6249786409
13.1500000000 98.6452176472
13.1600000000 98.6632121491
13.1700000000 98.6789705418
13.1800000000 98.6925801952
13.1900000000 98.7042119488
13.2000000000 98.7141491428
13.2100000000 98.7227784932
13.2200000000 98.7306288258
13.2300000000 98.7383462852
13.2400000000 98.7466311937
13.2500000000 98.7560967649
13.2600000000 98.7671284967
13.2700000000 98.7797597364
13.2800000000 98.7936751569
13.2900000000 98.8082606055
13.3000000000 98.8227710602
13.3100000000 98.8364738246
13.3200000000 98.8487853772
13.3300000000 98.8593724999
13.3400000000 98.8681103853
13.3500000000 98.8750666528
13.3600000000 98.8804239966
13.3700000000 98.8844245885
13.3800000000 98.8873140711
13.3900000000 98.8893269097
13.4000000000 98.8906386447
13.4100000000 98.8913648648
13.4200000000 98.8916017125
13.4300000000 98.8914633105
13.4400000000 98.8911389698
13.4500000000 98.8909089266
13.4600000000 98.8910940545
13.4700000000 98.8920142275
13.4800000000 98.8939121997
13.4900000000 98.8969620048
13.5000000000 98.9012445179
13.5100000000 98.9067983371
13.5200000000 98.9136013766
13.5300000000 98.9215419390
13.5400000000 98.9304230306
13.5500000000 98.9399083060
13.5600000000 98.9495635200
13.5700000000 98.9588928524
13.5800000000 98.9673762268
13.5900000000 98.9745122717
13.6000000000 98.9798996774
13.6100000000 98.9832672727
13.6200000000 98.9844904270
13.6300000000 98.9835883673
13.6400000000 98.9806684164
13.6500000000 98.9758501161
13.6600000000 98.9692310574
13.6700000000 98.9608468183
13.6800000000 98.9507370487
13.6900000000 98.9389877040
13.7000000000 98.9257946553
13.7100000000 98.9114883521
13.7200000000 98.8965551257
13.7300000000 98.8815955473
13.7400000000 98.8672686143
13.7500000000 98.8541768084
13.7600000000 98.8427700814
13.7700000000 98.8332558733
13.7800000000 98.8255875271
13.7900000000 98.8195418795
13.8000000000 98.8148195827
13.8100000000 98.8111510873
13.8200000000 98.8083268896
13.8300000000 98.8062279258
13.8400000000 98.8047881834
13.8500000000 98.8039470126
13.8600000000 98.8036484345
13.8700000000 98.8038317883
13.8800000000 98.8044357393
13.8900000000 98.8054042244
13.9000000000 98.8066715293
13.9100000000 98.8081480080
13.9200000000 98.8097000756
13.9300000000 98.8111158517
13.9400000000 98.8121231953
13.9500000000 98.8124132068
13.9600000000 98.8116691283
13.9700000000 98.8095902182
13.9800000000 98.8059607043
13.9900000000 98.8006594817
14.0000000000 98.7937397216
14.0100000000 98.7854399571
14.0200000000 98.7762255396
14.0300000000 98.7667517945
14.0400000000 98.7577726814
14.0500000000 98.7500978687
14.0600000000 98.7444796422
14.0700000000 98.7415786144
14.0800000000 98.7419135277
14.0900000000 98.7458115325
14.1000000000 98.7533869610
14.1100000000 98.7645189574
14.1200000000 98.7788539592
14.1300000000 98.7958715598
14.1400000000 98.8149615202
14.1500000000 98.8355072164
14.1600000000 98.8569404586
14.1700000000 98.8787777150
14.1800000000 98.9006011401
14.1900000000 98.9220546114
14.2000000000 98.9428540104
14.2100000000 98.9627833231
14.2200000000 98.9817004351
14.2300000000 98.9995032542
14.2400000000 99.0161104396
14.2500000000 99.0314258905
14.2600000000 99.0452986867
14.2700000000 99.0575511488
14.2800000000 99.0679987821
14.2900000000 99.0765051365
14.3000000000 99.0830076359
14.3100000000 99.0875583093
14.3200000000 99.0903055301
14.3300000000 99.0915050694
14.3400000000 99.0914805362
14.3500000000 99.0905936743
14.3600000000 99.0892194631
14.3700000000 99.0877057447
14.3800000000 99.0863577850
14.3900000000 99.0853968086
14.4000000000 99.0849748423
14.4100000000 99.0851531037
14.4200000000 99.0859772094
14.4300000000 99.0874569305
14.4400000000 99.0896228805
14.4500000000 99.0924860211
14.4600000000 99.0960028549
14.4700000000 99.1000085461
14.4800000000 99.1042104707
14.4900000000 99.1081706992
14.5000000000 99.1113905934
14.5100000000 99.1133563011
14.5200000000 99.1136707461
14.5300000000 99.1120712604
14.5400000000 99.1085024267
14.5500000000 99.1030776192
14.5600000000 99.0960703640
14.5700000000 99.0878796875
14.5800000000 99.0789697906
14.5900000000 99.0698238690
14.6000000000 99.0608988026
14.6100000000 99.0525469367
14.6200000000 99.0450204430
14.6300000000 99.0384337975
14.6400000000 99.0328343169
14.6500000000 99.0282325240
14.6600000000 99.0246487681
14.6700000000 99.0221239129
14.6800000000 99.0207201918
14.6900000000 99.0204553948
14.7000000000 99.0212609166
14.7100000000 99.0229397077
14.7200000000 99.0251282860
14.7300000000 99.0273609108
14.7400000000 99.0291258129
14.7500000000 99.0299938344
14.7600000000 99.0296819174
14.7700000000 99.0280656779
14.7800000000 99.0251610627
14.7900000000 99.0210885938
14.8000000000 99.0160016077
14.8100000000 99.0100755646
14.8200000000 99.0035176546
14.8300000000 98.9965726226
14.8400000000 98.9895432975
14.8500000000 98.9827761457
14.8600000000 98.9766616907
14.8700000000 98.9715678184
14.8800000000 98.9678337949
14.8900000000 98.9656873282
14.9000000000 98.9652436136
14.9100000000 98.9664565509
14.9200000000 98.9691330382
14.9300000000 98.9729778595
14.9400000000 98.9776498601
14.9500000000 98.9828770413
14.9600000000 98.9885046275
14.9700000000 98.9945651181
14.9800000000 99.0012388209
14.9900000000 99.0088400340
15.0000000000 99.0177296737
15.0100000000 99.0282312538
15.0200000000 99.0405412091
15.0300000000 99.0546844208
15.0400000000 99.0704912950
15.0500000000 99.0876320643
15.0600000000 99.1056626874
15.0700000000 99.1240705927
15.0800000000 99.1423491916
15.0900000000 99.1600450989
15.1000000000 99.1767915405
15.1100000000 99.1923357412
15.1200000000 99.2065515644
15.1300000000 99.2193824643
15.1400000000 99.2308156536
15.1500000000 99.2408291253
15.1600000000 99.2493529555
15.1700000000 99.2562637079
15.1800000000 99.2614362390
15.1900000000 99.2647916444
15.2000000000 99.2663357227
15.2100000000 99.2662023873
15.2200000000 99.2646341703
15.2300000000 99.2619564429
15.2400000000 99.2585402248
15.2500000000 99.2547493958
15.2600000000 99.2509022411
15.2700000000 99.2472338736
15.2800000000 99.2438522096
15.2900000000 99.2407583675
15.3000000000 99.2378022506
15.3100000000 99.2347409836
15.3200000000 99.2312535206
15.3300000000 99.2269674363
15.3400000000 99.2215391648
15.3500000000 99.2146654190
15.3600000000 99.2061316821
15.3700000000 99.1958724657
15.3800000000 99.1839835394
15.3900000000 99.1707338205
15.4000000000 99.1566149894
15.4100000000 99.1422786763
15.4200000000 99.1285538545
15.4300000000 99.1163466648
15.4400000000 99.1065167358
15.4500000000 99.0997204862
15.4600000000 99.0962359145
15.4700000000 99.0959035958
15.4800000000 99.0981546301
15.4900000000 99.1021739339
15.5000000000 99.1070774472
15.5100000000 99.1121139517
15.5200000000 99.1167705819
15.5300000000 99.1207655580
15.5400000000 99.1240511039
15.5500000000 99.1267550687
15.5600000000 99.1291009522
15.5700000000 99.1313371244
15.5800000000 99.1336936316
15.5900000000 99.1362983629
15.6000000000 99.1391764133
15.6100000000 99.1422646710
15.6200000000 99.1454599804
15.6300000000 99.1486797279
15.6400000000 99.1519113283
15.6500000000 99.1551868152
15.6600000000 99.1585828960
15.6700000000 99.1621556055
15.6800000000 99.1658958815
15.6900000000 99.1697390584
15.7000000000 99.1735920878
15.7100000000 99.1773380619
15.7200000000 99.1809195761
15.7300000000 99.1843498685
15.7400000000 99.1877198621
15.7500000000 99.1912041481
15.7600000000 99.1950402536
15.7700000000 99.1994737685
15.7800000000 99.2047312175
15.7900000000 99.2109195552
15.8000000000 99.2180134804
15.8100000000 99.2258264249
15.8200000000 99.2340804908
15.8300000000 99.2424609293
15.8400000000 99.2506724699
15.8500000000 99.2584953288
15.8600000000 99.2657700061
15.8700000000 99.2723919616
15.8800000000 99.2782957042
15.8900000000 99.2834319417
15.9000000000 99.2878018326
15.9100000000 99.2914287427
15.9200000000 99.2944037258
15.9300000000 99.2968188103
15.9400000000 99.2988006660
15.9500000000 99.3004655028
15.9600000000 99.3019304276
15.9700000000 99.3032852979
15.9800000000 99.3046317147
15.9900000000 99.3060439430
16.0000000000 99.3075631031
16.0100000000 99.3091855256
16.0200000000 99.3108732785
16.0300000000 99.3125594968
16.0400000000 99.3142101690
16.0500000000 99.3158022787
16.0600000000 99.3173693556
16.0700000000 99.3189629122
16.0800000000 99.3205955307
16.0900000000 99.3222577831
16.1000000000 99.3238668704
16.1100000000 99.3252824041
16.1200000000 99.3263457760
16.1300000000 99.3268630217
16.1400000000 99.3266613392
16.1500000000 99.3256063031
16.1600000000 99.3236078790
16.1700000000 99.3206496426
16.1800000000 99.3167779146
16.1900000000 99.3120911215
16.2000000000 99.3067115632
16.2100000000 99.3007458865
16.2200000000 99.2942672773
16.2300000000 99.2872864032
16.2400000000 99.2797849875
16.2500000000 99.2717034912
16.2600000000 99.2630384037
16.2700000000 99.2538480884
16.2800000000 99.2442994557
16.2900000000 99.2346520818
16.3000000000 99.2252186657
16.3100000000 99.2163543688
16.3200000000 99.2083760729
16.3300000000 99.2015736933
16.3400000000 99.1962099875
16.3500000000 99.1925145413
16.3600000000 99.1906951290
16.3700000000 99.1909213699
16.3800000000 99.1933066977
16.3900000000 99.1978801779
16.4000000000 99.2045220292
16.4100000000 99.2129677520
16.4200000000 99.2228178522
16.4300000000 99.2336055876
16.4400000000 99.2448772544
16.4500000000 99.2562562623
16.4600000000 99.2674791659
16.4700000000 99.2783852461
16.4800000000 99.2889177181
16.4900000000 99.2991015759
16.5000000000 99.3090207301
16.5100000000 99.3187785173
16.5200000000 99.3284509402
16.5300000000 99.3380630262
16.5400000000 99.3475414382
16.5500000000 99.3567133162
16.5600000000 99.3653458765
16.5700000000 99.3731635950
16.5800000000 99.3799060038
16.5900000000 99.3853165346
16.6000000000 99.3891897897
16.6100000000 99.3913771421
16.6200000000 99.3917933109
16.6300000000 99.3904343330
16.6400000000 99.3874133011
16.6500000000 99.3829668953
16.6600000000 99.3774624536
16.6700000000 99.3713579521
16.6800000000 99.3651730177
16.6900000000 99.3594427709
16.7000000000 99.3546647652
16.7100000000 99.3512339803
16.7200000000 99.3494070065
16.7300000000 99.3492824874
16.7400000000 99.3508061091
16.7500000000 99.3538042068
16.7600000000 99.3580834831
16.7700000000 99.3634371712
16.7800000000 99.3696807219
16.7900000000 99.3766529991
16.8000000000 99.3841566881
16.8100000000 99.3919465156
16.8200000000 99.3997402182
16.8300000000 99.4072000726
16.8400000000 99.4140035193
16.8500000000 99.4198791191
16.8600000000 99.4246012425
16.8700000000 99.4280557674
16.8800000000 99.4301944023
16.8900000000 99.4310280129
16.9000000000 99.4306102937
16.9100000000 99.4290189844
16.9200000000 99.4263802029
16.9300000000 99.4228208064
16.9400000000 99.4185219961
16.9500000000 99.4136901782
16.9600000000 99.4085208298
16.9700000000 99.4032228822
16.9800000000 99.3979642503
16.9900000000 99.3928716327
17.0000000000 99.3880721588
17.0100000000 99.3836691939
17.0200000000 99.3797787487
17.0300000000 99.3764996805
17.0400000000 99.3738836132
17.0500000000 99.3719287311
17.0600000000 99.3705488995
17.0700000000 99.3696270528
17.0800000000 99.3690150041
17.0900000000 99.3685511815
17.1000000000 99.3680971209
17.1100000000 99.3675373438
17.1200000000 99.3667976688
17.1300000000 99.3658579393
17.1400000000 99.3647401294
17.1500000000 99.3635149612
17.1600000000 99.3622663206
17.1700000000 99.3610608356
17.1800000000 99.3599414131
17.1900000000 99.3589029108
17.2000000000 99.3578976696
17.2100000000 99.3568406871
17.2200000000 99.3556579273
17.2300000000 99.3543047056
17.2400000000 99.3527958737
17.2500000000 99.3512554246
17.2600000000 99.3498686447
17.2700000000 99.3489194568
17.2800000000 99.3487301784
17.2900000000 99.3496497074
17.3000000000 99.3520111073
17.3100000000 99.3561318388
17.3200000000 99.3622834725
17.3300000000 99.3706063539
17.3400000000 99.3810843475
17.3500000000 99.3934696906
17.3600000000 99.4072862773
17.3700000000 99.4218883575
17.3800000000 99.4365933982
17.3900000000 99.4507678766
17.4000000000 99.4639328398
17.4100000000 99.4757967374
17.4200000000 99.4862142755
17.4300000000 99.4951824411
17.4400000000 99.5027546303
17.4500000000 99.5090221953
17.4600000000 99.5140776396
17.4700000000 99.5180386352
17.4800000000 99.5210604910
17.4900000000 99.5233302678
17.5000000000 99.5250919833
17.5100000000 99.5266097258
17.5200000000 99.5281316919
17.5300000000 99.5298519097
17.5400000000 99.5318481706
17.5500000000 99.5341303045
17.5600000000 99.5366080881
17.5700000000 99.5391903090
17.5800000000 99.5417781930
17.5900000000 99.5442972395
17.6000000000 99.5467160979
17.6100000000 99.5489968537
17.6200000000 99.5511268197
17.6300000000 99.5530742603
17.6400000000 99.5548325236
17.6500000000 99.5563948512
17.6600000000 99.5577546599
17.6700000000 99.5589055398
17.6800000000 99.5597976235
17.6900000000 99.5603681763
17.7000000000 99.5605227530
17.7100000000 99.5601596273
17.7200000000 99.5591948695
17.7300000000 99.5575935707
17.7400000000 99.5554019936
17.7500000000 99.5527232178
17.7600000000 99.5497237176
17.7700000000 99.5466024677
17.7800000000 99.5435724866
17.7900000000 99.5408292402
17.8000000000 99.5385190496
17.8100000000 99.5368012767
17.8200000000 99.5357611885
17.8300000000 99.5354779670
17.8400000000 99.5359496257
17.8500000000 99.5371240528
17.8600000000 99.5388727646
17.8700000000 99.5410285513
17.8800000000 99.5433915620
17.8900000000 99.5457412596
17.9000000000 99.5478936989
17.9100000000 99.5496697130
17.9200000000 99.5509650708
17.9300000000 99.5517441143
17.9400000000 99.5520600352
17.9500000000 99.5520364135
17.9600000000 99.5518485913
17.9700000000 99.5516737684
17.9800000000 99.5516774071
17.9900000000 99.5519693568
18.0000000000 99.5526219123
18.0100000000 99.5536378770
18.0200000000 99.5549626146
18.0300000000 99.5564898741
18.0400000000 99.5580932559
18.0500000000 99.5596516088
18.0600000000 99.5610811578
18.0700000000 99.5623357992
18.0800000000 99.5634204165
18.0900000000 99.5643656958
18.1000000000 99.5652156153
18.1100000000 99.5660016678
18.1200000000 99.5667683769
18.1300000000 99.5675477643
18.1400000000 99.5683783189
18.1500000000 99.5692925781
18.1600000000 99.5703040322
18.1700000000 99.5714067987
18.1800000000 99.5725822496
18.1900000000 99.5738239993
18.2000000000 99.5751190501
18.2100000000 99.5765058361
18.2200000000 99.5780424251
18.2300000000 99.5798134515
18.2400000000 99.5818597938
18.2500000000 99.5841645808
18.2600000000 99.5866405004
18.2700000000 99.5891023773
18.2800000000 99.5913316341
18.2900000000 99.5930948450
18.3000000000 99.5941892630
18.3100000000 99.5944304704
18.3200000000 99.5937297384
18.3300000000 99.5920175318
18.3400000000 99.5893207497
18.3500000000 99.5857377933
18.3600000000 99.5814517597
18.3700000000 99.5767244006
18.3800000000 99.5719034564
18.3900000000 99.5673841031
18.4000000000 99.5635771550
18.4100000000 99.5608441437
18.4200000000 99.5594452193
18.4300000000 99.5594924160
18.4400000000 99.5609292612
18.4500000000 99.5635745988
18.4600000000 99.5671348560
18.4700000000 99.5713014352
18.4800000000 99.5757373326
18.4900000000 99.5801495527
18.5000000000 99.5842367854
18.5100000000 99.5877682693
18.5200000000 99.5905316016
18.5300000000 99.5923464272
18.5400000000 99.5930966518
18.5500000000 99.5926989026
18.5600000000 99.5911414763
18.5700000000 99.5884520499
18.5800000000 99.5847111384
18.5900000000 99.5800390926
18.6000000000 99.5746026392
18.6100000000 99.5686351555
18.6200000000 99.5624038759
18.6300000000 99.5562169351
18.6400000000 99.5503776236
18.6500000000 99.5451844676
18.6600000000 99.5408523274
18.6700000000 99.5375116355
18.6800000000 99.5351684680
18.6900000000 99.5337098886
18.7000000000 99.5328967863
18.7100000000 99.5324550548
18.7200000000 99.5320624589
18.7300000000 99.5314536766
18.7400000000 99.5304281809
18.7500000000 99.5288638123
18.7600000000 99.5267242061
18.7700000000 99.5240128917
18.7800000000 99.5207733053
18.7900000000 99.5170893925
18.8000000000 99.5130519842
18.8100000000 99.5087657703
18.8200000000 99.5043427798
18.8300000000 99.4998887867
18.8400000000 99.4955035478
18.8500000000 99.4912738946
18.8600000000 99.4872736197
18.8700000000 99.4835766529
18.8800000000 99.4802309853
18.8900000000 99.4772977500
18.9000000000 99.4747854828
18.9100000000 99.4726826015
18.9200000000 99.4709504378
18.9300000000 99.4695364955
18.9400000000 99.4684078370
18.9500000000 99.4675643004
18.9600000000 99.4670595520
18.9700000000 99.4669811078
18.9800000000 99.4674107680
18.9900000000 99.4684046400
19.0000000000 99.4699454748
19.0100000000 99.4719556787
19.0200000000 99.4743099265
19.0300000000 99.4768752212
19.0400000000 99.4795043352
19.0500000000 99.4821091236
19.0600000000 99.4846284332
19.0700000000 99.4870609791
19.0800000000 99.4894196925
19.0900000000 99.4917445116
19.1000000000 99.4940494207
19.1100000000 99.4963486032
19.1200000000 99.4985960910
19.1300000000 99.5006847313
19.1400000000 99.5024666756
19.1500000000 99.5037454973
19.1600000000 99.5043435713
19.1700000000 99.5040820700
19.1800000000 99.5028689902
19.1900000000 99.5006657757
19.2000000000 99.4975419856
19.2100000000 99.4936558415
19.2200000000 99.4892409536
19.2300000000 99.4845735323
19.2400000000 99.4799516219
19.2500000000 99.4756209232
19.2600000000 99.4717742548
19.2700000000 99.4685037054
19.2800000000 99.4658064367
19.2900000000 99.4635639219
19.3000000000 99.4616087537
19.3100000000 99.4597040423
19.3200000000 99.4576521358
19.3300000000 99.4552945542
19.3400000000 99.4525469754
19.3500000000 99.4494406196
19.3600000000 99.4460617083
19.3700000000 99.4425588237
19.3800000000 99.4390817536
19.3900000000 99.4357744134
19.4000000000 99.4327407037
19.4100000000 99.4300304242
19.4200000000 99.4276386427
19.4300000000 99.4255055651
19.4400000000 99.4235776160
19.4500000000 99.4217663974
19.4600000000 99.4200239911
19.4700000000 99.4183230173
19.4800000000 99.4166430636
19.4900000000 99.4149773891
19.5000000000 99.4133056052
19.5100000000 99.4115939800
19.5200000000 99.4097877783
19.5300000000 99.4078045968
19.5400000000 99.4055544942
19.5500000000 99.4029402323
19.5600000000 99.3999049122
19.5700000000 99.3964397173
19.5800000000 99.3925839417
19.5900000000 99.3884327435
19.6000000000 99.3840959992
19.6100000000 99.3796572145
19.6200000000 99.3751452819
19.6300000000 99.3704924514
19.6400000000 99.3655756228
19.6500000000 99.3602014086
19.6600000000 99.3541752573
19.6700000000 99.3472735733
19.6800000000 99.3393269169
19.6900000000 99.3302064755
19.7000000000 99.3198448374
19.7100000000 99.3082502906
19.7200000000 99.2955348022
19.7300000000 99.2819143998
19.7400000000 99.2677096933
19.7500000000 99.2533878885
19.7600000000 99.2395222142
19.7700000000 99.2267371399
19.7800000000 99.2156672128
19.7900000000 99.2068808759
19.8000000000 99.2008037456
19.8100000000 99.1976764889
19.8200000000 99.1975742245
19.8300000000 99.2003641124
19.8400000000 99.2057525490
19.8500000000 99.2133119328
19.8600000000 99.2225076269
19.8700000000 99.2327592165
19.8800000000 99.2435177227
19.8900000000 99.2542933433
19.9000000000 99.2647120470
19.9100000000 99.2745451375
19.9200000000 99.2836817037
19.9300000000 99.2921161522
19.9400000000 99.2999625669
19.9500000000 99.3073644665
19.9600000000 99.3145231220
19.9700000000 99.3216064393
19.9800000000 99.3287413690
19.9900000000 99.3359852183
20.0000000000 99.3433462418
