124000.0000000000 3.9321073795
62000.0000000000 14.0690268895
41333.3333333333 26.9214670895
31000.0000000000 39.5749443119
24800.0000000000 50.5782095995
20666.6666666667 59.5761071752
17714.2857142857 66.7346304099
15500.0000000000 72.3792660168
13777.7777777778 76.8349258404
12400.0000000000 80.3740715322
11272.7272727273 83.2099007368
10333.3333333333 85.5044576813
9538.4615384615 87.3796459628
8857.1428571429 88.9271093166
8266.6666666667 90.2160478262
7750.0000000000 91.2990868125
7294.1176470588 92.2165868180
6888.8888888889 92.9997827834
6526.3157894737 93.6730696952
6200.0000000000 94.2556735150
5904.7619047619 94.7628794459
5636.3636363636 95.2069421699
5391.3043478261 95.5977652777
5166.6666666667 95.9434136009
4960.0000000000 96.2505016684
4769.2307692308 96.5244916081
4592.5925925926 96.7699225153
4428.5714285714 96.9905897809
4275.8620689655 97.1896847776
4133.3333333333 97.3699057742
4000.0000000000 97.5335452717
3875.0000000000 97.6825610835
3757.5757575758 97.8186324588
3647.0588235294 97.9432060314
3542.8571428571 98.0575332524
3444.4444444444 98.1627009554
3351.3513513514 98.2596561848
3263.1578947368 98.3492276392
3179.4871794872 98.4321425220
3100.0000000000 98.5090411207
3024.3902439024 98.5804889530
2952.3809523810 98.6469868718
2883.7209302326 98.7089797904
2818.1818181818 98.7668638958
2755.5555555556 98.8209929711
2695.6521739130 98.8716836646
2638.2978723404 98.9192200502
2583.3333333333 98.9638575533
2530.6122448980 99.0058263668
2480.0000000000 99.0453343164
2431.3725490196 99.0825694799
2384.6153846154 99.1177023486
2339.6226415094 99.1508877624
2296.2962962963 99.1822665841
2254.5454545455 99.2119672587
2214.2857142857 99.2401069666
2175.4385964912 99.2667929211
2137.9310344828 99.2921232575
2101.6949152542 99.3161878471
2066.6666666667 99.3390697605
2032.7868852459 99.3608448832
2000.0000000000 99.3815832501
1968.2539682540 99.4013495069
1937.5000000000 99.4202030739
1907.6923076923 99.4381995551
1878.7878787879 99.4553898312
1850.7462686567 99.4718209627
1823.5294117647 99.4875373168
1797.1014492754 99.5025794931
1771.4285714286 99.5169851248
1746.4788732394 99.5307899940
1722.2222222222 99.5440267702
1698.6301369863 99.5567258487
1675.6756756757 99.5689163754
1653.3333333333 99.5806245953
1631.5789473684 99.5918760256
1610.3896103896 99.6026935645
1589.7435897436 99.6130996796
1569.6202531646 99.6231143966
1550.0000000000 99.6327573191
1530.8641975309 99.6420468169
1512.1951219512 99.6509993634
1493.9759036145 99.6596312946
1476.1904761905 99.6679579700
1458.8235294118 99.6759929954
1441.8604651163 99.6837500644
1425.2873563218 99.6912418305
1409.0909090909 99.6984804764
1393.2584269663 99.7054767009
1377.7777777778 99.7122414076
1362.6373626374 99.7187846725
1347.8260869565 99.7251160305
1333.3333333333 99.7312444751
1319.1489361702 99.7371785802
1305.2631578947 99.7429264190
1291.6666666667 99.7484956733
1278.3505154639 99.7538936424
1265.3061224490 99.7591272361
1252.5252525253 99.7642030385
1240.0000000000 99.7691273043
1227.7227722772 99.7739055839
1215.6862745098 99.7785442811
1203.8834951456 99.7830484062
1192.3076923077 99.7874230955
1180.9523809524 99.7916728388
1169.8113207547 99.7958030656
1158.8785046729 99.7998178156
1148.1481481481 99.8037209545
1137.6146788991 99.8075173018
1127.2727272727 99.8112099358
1117.1171171171 99.8148033192
1107.1428571429 99.8183001947
1097.3451327434 99.8217047342
1087.7192982456 99.8250193621
1078.2608695652 99.8282475561
1068.9655172414 99.8313926802
1059.8290598291 99.8344567375
1050.8474576271 99.8374428645
1042.0168067227 99.8403536455
1033.3333333333 99.8431915637
1024.7933884298 99.8459590138
1016.3934426230 99.8486587112
1008.1300813008 99.8512920160
1000.0000000000 99.8538614398
992.0000000000 99.8563685684
984.1269841270 99.8588162339
976.3779527559 99.8612058690
968.7500000000 99.8635392789
961.2403100775 99.8658181654
953.8461538462 99.8680437648
946.5648854962 99.8702185642
939.3939393939 99.8723436665
932.3308270677 99.8744200636
925.3731343284 99.8764501226
918.5185185185 99.8784342929
911.7647058824 99.8803748338
905.1094890511 99.8822720542
898.5507246377 99.8841281802
892.0863309353 99.8859433892
885.7142857143 99.8877193217
879.4326241135 99.8894571038
873.2394366197 99.8911582664
867.1328671329 99.8928228534
861.1111111111 99.8944523583
855.1724137931 99.8960477403
849.3150684932 99.8976099220
843.5374149660 99.8991397878
837.8378378378 99.9006377087
832.2147651007 99.9021055181
826.6666666667 99.9035435420
821.1920529801 99.9049525520
815.7894736842 99.9063327549
810.4575163399 99.9076859575
805.1948051948 99.9090117852
800.0000000000 99.9103120344
794.8717948718 99.9115862411
789.8089171975 99.9128361716
784.8101265823 99.9140613185
779.8742138365 99.9152628523
775.0000000000 99.9164413583
770.1863354037 99.9175973888
765.4320987654 99.9187320688
760.7361963190 99.9198447873
756.0975609756 99.9209360642
751.5151515152 99.9220075371
746.9879518072 99.9230591207
742.5149700599 99.9240912872
738.0952380952 99.9251044883
733.7278106509 99.9260985562
729.4117647059 99.9270751427
725.1461988304 99.9280334511
720.9302325581 99.9289751038
716.7630057803 99.9298992456
712.6436781609 99.9308069001
708.5714285714 99.9316990496
704.5454545455 99.9325748132
700.5649717514 99.9334351711
696.6292134831 99.9342804473
692.7374301676 99.9351109740
688.8888888889 99.9359270746
685.0828729282 99.9367284387
681.3186813187 99.9375166357
677.5956284153 99.9382913248
673.9130434783 99.9390521578
670.2702702703 99.9398006816
666.6666666667 99.9405359047
663.1016042781 99.9412587062
659.5744680851 99.9419700324
656.0846560847 99.9426688087
652.6315789474 99.9433559413
649.2146596859 99.9440316477
645.8333333333 99.9446961973
642.4870466321 99.9453497858
639.1752577320 99.9459926451
635.8974358974 99.9466243048
632.6530612245 99.9472463526
629.4416243655 99.9478576008
626.2626262626 99.9484596440
623.1155778894 99.9490512883
620.0000000000 99.9496333947
616.9154228856 99.9502068889
613.8613861386 99.9507705198
610.8374384236 99.9513251699
607.8431372549 99.9518702778
604.8780487805 99.9524074659
601.9417475728 99.9529361828
599.0338164251 99.9534565838
596.1538461538 99.9539680746
593.3014354067 99.9544715619
590.4761904762 99.9549679077
587.6777251185 99.9554557936
584.9056603774 99.9559360987
582.1596244131 99.9564089637
579.4392523364 99.9568745167
576.7441860465 99.9573328731
574.0740740741 99.9577841955
571.4285714286 99.9582278195
568.8073394495 99.9586654165
566.2100456621 99.9590955383
563.6363636364 99.9595191099
561.0859728507 99.9599362138
558.5585585586 99.9603469644
556.0538116592 99.9607514929
553.5714285714 99.9611498874
551.1111111111 99.9615422673
548.6725663717 99.9619279082
546.2555066079 99.9623085463
543.8596491228 99.9626826406
541.4847161572 99.9630511031
539.1304347826 99.9634140312
536.7965367965 99.9637714944
534.4827586207 99.9641236222
532.1888412017 99.9644704572
529.9145299145 99.9648121170
527.6595744681 99.9651478577
525.4237288136 99.9654785517
523.2067510549 99.9658051455
521.0084033613 99.9661260405
518.8284518828 99.9664413052
516.6666666667 99.9667526962
514.5228215768 99.9670594513
512.3966942149 99.9673607803
510.2880658436 99.9676584643
508.1967213115 99.9679508680
506.1224489796 99.9682388912
504.0650406504 99.9685226199
502.0242914980 99.9688021264
500.0000000000 99.9690765905
497.9919678715 99.9693478122
496.0000000000 99.9696141046
494.0239043825 99.9698764081
492.0634920635 99.9701347847
490.1185770751 99.9703892830
488.1889763780 99.9706390658
486.2745098039 99.9708859807
484.3750000000 99.9711282878
482.4902723735 99.9713669389
480.6201550388 99.9716019719
478.7644787645 99.9718325351
476.9230769231 99.9720605146
475.0957854406 99.9722840960
473.2824427481 99.9725042798
471.4828897338 99.9727210928
469.6969696970 99.9729345905
467.9245283019 99.9731448007
466.1654135338 99.9733508506
464.4194756554 99.9735537052
462.6865671642 99.9737534079
460.9665427509 99.9739500162
459.2592592593 99.9741425898
457.5645756458 99.9743321372
455.8823529412 99.9745187035
454.2124542125 99.9747023070
452.5547445255 99.9748830072
450.9090909091 99.9750598481
449.2753623188 99.9752338579
447.6534296029 99.9754050563
446.0431654676 99.9755724917
444.4444444444 99.9757381794
442.8571428571 99.9759001655
441.2811387900 99.9760584876
439.7163120567 99.9762151699
438.1625441696 99.9763682250
436.6197183099 99.9765177045
435.0877192982 99.9766656283
433.5664335664 99.9768100282
432.0557491289 99.9769519347
430.5555555556 99.9770903369
429.0657439446 99.9772273370
427.5862068966 99.9773598717
426.1168384880 99.9774910396
424.6575342466 99.9776188183
423.2081911263 99.9777432219
421.7687074830 99.9778653073
420.3389830508 99.9779850999
418.9189189189 99.9781015757
417.5084175084 99.9782158155
416.1073825503 99.9783278325
414.7157190635 99.9784355323
413.3333333333 99.9785421238
411.9601328904 99.9786444169
410.5960264901 99.9787456294
409.2409240924 99.9788426007
407.8947368421 99.9789374544
406.5573770492 99.9790291488
405.2287581699 99.9791176878
403.9087947883 99.9792041766
402.5974025974 99.9792875381
401.2944983819 99.9793678015
400.0000000000 99.9794449591
398.7138263666 99.9795190156
397.4358974359 99.9795900005
396.1661341853 99.9796567967
394.9044585987 99.9797205243
393.6507936508 99.9797811885
392.4050632911 99.9798388070
391.1671924290 99.9798911128
389.9371069182 99.9799403816
388.7147335423 99.9799854640
387.5000000000 99.9800252323
386.2928348910 99.9800608094
385.0931677019 99.9800921789
383.9009287926 99.9801170572
382.7160493827 99.9801354068
381.5384615385 99.9801483663
380.3680981595 99.9801547296
379.2048929664 99.9801533236
378.0487804878 99.9801452639
376.8996960486 99.9801281804
375.7575757576 99.9801043558
374.6223564955 99.9800737423
373.4939759036 99.9800374698
372.3723723724 99.9799955361
371.2574850299 99.9799514352
370.1492537313 99.9799075953
369.0476190476 99.9798676191
367.9525222552 99.9798316006
366.8639053254 99.9798008429
365.7817109145 99.9797766406
364.7058823529 99.9797567078
363.6363636364 99.9797375089
362.5730994152 99.9797166565
361.5160349854 99.9796905076
360.4651162791 99.9796541568
359.4202898551 99.9796050673
358.3815028902 99.9795406849
357.3487031700 99.9794608564
356.3218390805 99.9793629825
355.3008595989 99.9792505922
354.2857142857 99.9791235768
353.2763532764 99.9789880091
352.2727272727 99.9788488274
351.2747875354 99.9787135517
350.2824858757 99.9785910626
349.2957746479 99.9784853149
348.3146067416 99.9784028709
347.3389355742 99.9783389695
346.3687150838 99.9782925896
345.4038997214 99.9782537528
344.4444444444 99.9782136132
343.4903047091 99.9781644952
342.5414364641 99.9780985978
341.5977961433 99.9780106106
340.6593406593 99.9778990290
339.7260273973 99.9777610217
338.7978142077 99.9776002486
337.8746594005 99.9774178106
336.9565217391 99.9772200429
336.0433604336 99.9770094563
335.1351351351 99.9767925067
334.2318059299 99.9765731192
333.3333333333 99.9763565711
332.4396782842 99.9761508321
331.5508021390 99.9759640044
330.6666666667 99.9758056044
329.7872340426 99.9756839324
328.9124668435 99.9756047549
328.0423280423 99.9755658233
327.1767810026 99.9755635336
326.3157894737 99.9755914966
325.4593175853 99.9756392076
324.6073298429 99.9756959927
323.7597911227 99.9757524140
322.9166666667 99.9758002955
322.0779220779 99.9758313499
321.2435233161 99.9758426541
320.4134366925 99.9758326649
319.5876288660 99.9757998084
318.7660668380 99.9757480236
317.9487179487 99.9756813096
317.1355498721 99.9756009530
316.3265306122 99.9755096610
315.5216284987 99.9754073651
314.7208121827 99.9752926162
313.9240506329 99.9751625333
313.1313131313 99.9750128030
312.3425692695 99.9748404443
311.5577889447 99.9746438762
310.7769423559 99.9744214959
310.0000000000 99.9741745156
309.2269326683 99.9739041705
308.4577114428 99.9736159792
307.6923076923 99.9733155406
306.9306930693 99.9730099433
306.1728395062 99.9727063696
305.4187192118 99.9724106475
304.6683046683 99.9721286832
303.9215686275 99.9718563115
303.1784841076 99.9715907655
302.4390243902 99.9713205115
301.7031630170 99.9710367940
300.9708737864 99.9707292970
300.2421307506 99.9703890555
299.5169082126 99.9700114097
298.7951807229 99.9695916584
298.0769230769 99.9691309728
297.3621103118 99.9686275684
296.6507177033 99.9680855960
295.9427207637 99.9675062984
295.2380952381 99.9668894367
294.5368171021 99.9662318128
293.8388625592 99.9655271878
293.1442080378 99.9647632606
292.4528301887 99.9639246049
291.7647058824 99.9629986100
291.0798122066 99.9619695352
290.3981264637 99.9608320735
289.7196261682 99.9595838841
289.0442890443 99.9582286948
288.3720930233 99.9567855425
287.7030162413 99.9552812842
287.0370370370 99.9537553432
286.3741339492 99.9522490790
285.7142857143 99.9508073860
285.0574712644 99.9494663792
284.4036697248 99.9482408832
283.7528604119 99.9471257290
283.1050228311 99.9460892493
282.4601366743 99.9450854075
281.8181818182 99.9440629627
281.1791383220 99.9429826310
280.5429864253 99.9418250747
279.9097065463 99.9406021861
279.2792792793 99.9393574700
278.6516853933 99.9381601294
278.0269058296 99.9370990783
277.4049217002 99.9362609743
276.7857142857 99.9357047621
276.1692650334 99.9354517812
275.5555555556 99.9354724840
274.9445676275 99.9356938140
274.3362831858 99.9360179009
273.7306843267 99.9363394529
273.1277533040 99.9365618044
272.5274725275 99.9366034973
271.9298245614 99.9364049592
271.3347921225 99.9359239121
270.7423580786 99.9351355952
270.1525054466 99.9340264356
269.5652173913 99.9325990912
268.9804772234 99.9308775073
268.3982683983 99.9288989633
267.8185745140 99.9267355584
267.2413793103 99.9244847340
266.6666666667 99.9222777784
266.0944206009 99.9202637091
265.5246252677 99.9185945550
264.9572649573 99.9173955486
264.3923240938 99.9167365350
263.8297872340 99.9166179951
263.2696390658 99.9169685889
262.7118644068 99.9176677380
262.1564482030 99.9185769333
261.6033755274 99.9195614163
261.0526315789 99.9205171818
260.5042016807 99.9213629327
259.9580712788 99.9220471013
259.4142259414 99.9225346552
258.8726513570 99.9227953825
258.3333333333 99.9228039524
257.7962577963 99.9225365508
257.2614107884 99.9219623547
256.7287784679 99.9210520238
256.1983471074 99.9197777149
255.6701030928 99.9181062266
255.1440329218 99.9160092836
254.6201232033 99.9134635860
254.0983606557 99.9104491460
253.5787321063 99.9069631746
253.0612244898 99.9030185285
252.5458248473 99.8986629954
252.0325203252 99.8939761562
251.5212981744 99.8890976222
251.0121457490 99.8842136271
250.5050505051 99.8795539541
250.0000000000 99.8753624913
249.4969818913 99.8718568823
248.9959839357 99.8691859388
248.4969939880 99.8673865564
248.0000000000 99.8663967552
247.5049900200 99.8660812940
247.0119521912 99.8662807018
246.5208747515 99.8668537820
246.0317460317 99.8676920824
245.5445544554 99.8687184448
245.0592885375 99.8698640358
244.5759368836 99.8710450964
244.0944881890 99.8721538096
243.6149312377 99.8730598766
243.1372549020 99.8736301783
242.6614481409 99.8737486778
242.1875000000 99.8733256765
241.7153996101 99.8723035412
241.2451361868 99.8706734099
240.7766990291 99.8684647176
240.3100775194 99.8657565164
239.8452611219 99.8626687683
239.3822393822 99.8593645217
238.9210019268 99.8560190454
238.4615384615 99.8527959731
238.0038387716 99.8498029231
237.5478927203 99.8470706668
237.0936902486 99.8445413416
236.6412213740 99.8420825084
236.1904761905 99.8395329524
235.7414448669 99.8367489683
235.2941176471 99.8336362404
234.8484848485 99.8301801698
234.4045368620 99.8264503098
233.9622641509 99.8225879571
233.5216572505 99.8187879437
233.0827067669 99.8152482564
232.6454033771 99.8121210349
232.2097378277 99.8094649724
231.7757009346 99.8072331931
231.3432835821 99.8052799979
230.9124767225 99.8034226802
230.4832713755 99.8015059566
230.0556586271 99.7994536322
229.6296296296 99.7973169985
229.2051756007 99.7952758596
228.7822878229 99.7936203595
228.3609576427 99.7926770098
227.9411764706 99.7927300727
227.5229357798 99.7939345682
227.1062271062 99.7962708200
226.6910420475 99.7995449522
226.2773722628 99.8034475121
225.8652094718 99.8076145250
225.4545454545 99.8116970425
225.0453720508 99.8154060704
224.6376811594 99.8185208834
224.2314647378 99.8208857314
223.8267148014 99.8224006494
223.4234234234 99.8230003313
223.0215827338 99.8226485679
222.6211849192 99.8213109482
222.2222222222 99.8189686954
221.8246869410 99.8155931151
221.4285714286 99.8111554669
221.0338680927 99.8056289644
220.6405693950 99.7989868494
220.2486678508 99.7912223039
219.8581560284 99.7823466897
219.4690265487 99.7724155992
219.0812720848 99.7615352144
218.6948853616 99.7498826377
218.3098591549 99.7377003221
217.9261862917 99.7253145299
217.5438596491 99.7131096084
217.1628721541 99.7015162503
216.7832167832 99.6909793729
216.4048865620 99.6819137788
216.0278745645 99.6746391012
215.6521739130 99.6693367549
215.2777777778 99.6660125235
214.9046793761 99.6645300383
214.5328719723 99.6646587145
214.1623488774 99.6661505494
213.7931034483 99.6687806646
213.4251290878 99.6723493151
213.0584192440 99.6766429671
212.6929674099 99.6813992326
212.3287671233 99.6862962995
211.9658119658 99.6909836009
211.6040955631 99.6951229999
211.2436115843 99.6984303851
210.8843537415 99.7007072448
210.5263157895 99.7018372058
210.1694915254 99.7017991535
209.8138747885 99.7006617207
209.4594594595 99.6985859700
209.1062394604 99.6958092473
208.7542087542 99.6926393164
208.4033613445 99.6894126667
208.0536912752 99.6864525917
207.7051926298 99.6840205197
207.3578595318 99.6822671771
207.0116861436 99.6811980321
206.6666666667 99.6806576801
206.3227953411 99.6803628361
205.9800664452 99.6799526270
205.6384742952 99.6790603722
205.2980132450 99.6773818319
204.9586776860 99.6747075217
204.6204620462 99.6709617591
204.2833607908 99.6661863571
203.9473684211 99.6605347198
203.6124794745 99.6542251424
203.2786885246 99.6474873549
202.9459901800 99.6405043151
202.6143790850 99.6333474099
202.2838499184 99.6259588230
201.9543973941 99.6181965275
201.6260162602 99.6098861691
201.2987012987 99.6009185684
200.9724473258 99.5913369696
200.6472491909 99.5813702675
200.3231017771 99.5714618503
200.0000000000 99.5622091081
199.6779388084 99.5542566983
199.3569131833 99.5481498861
199.0369181380 99.5441983205
198.7179487179 99.5423677069
198.4000000000 99.5422849913
198.0830670927 99.5433249024
197.7671451356 99.5447342949
197.4522292994 99.5457637788
197.1383147854 99.5457537848
196.8253968254 99.5441682215
196.5134706815 99.5406062155
196.2025316456 99.5347762106
195.8925750395 99.5264722318
195.5835962145 99.5155455889
195.2755905512 99.5018962748
194.9685534591 99.4854555679
194.6624803768 99.4661727812
194.3573667712 99.4440155256
194.0532081377 99.4189585326
193.7500000000 99.3909772296
193.4477379095 99.3600545830
193.1464174455 99.3261836007
192.8460342146 99.2894083025
192.5465838509 99.2498553163
192.2480620155 99.2077635668
191.9504643963 99.1635156132
191.6537867079 99.1176378054
191.3580246914 99.0707953016
191.0631741140 99.0237647863
190.7692307692 98.9774000550
190.4761904762 98.9325544310
190.1840490798 98.8899831655
189.8928024502 98.8502138724
189.6024464832 98.8134628307
189.3129770992 98.7795763130
189.0243902439 98.7481013461
188.7366818874 98.7183929337
188.4498480243 98.6898078540
188.1638846737 98.6618756552
187.8787878788 98.6344495618
187.5945537065 98.6077865104
187.3111782477 98.5825538015
187.0286576169 98.5597259161
186.7469879518 98.5403889950
186.4661654135 98.5254627503
186.1861861862 98.5154012768
185.9070464768 98.5099667673
185.6287425150 98.5082057348
185.3512705531 98.5086323884
185.0746268657 98.5095905499
184.7988077496 98.5096680201
184.5238095238 98.5079963241
184.2496285290 98.5043751773
183.9762611276 98.4991988348
183.7037037037 98.4932120131
183.4319526627 98.4871736191
183.1610044313 98.4815011845
182.8908554572 98.4760436059
182.6215022091 98.4700364053
182.3529411765 98.4623014988
182.0851688693 98.4516050204
181.8181818182 98.4370158726
181.5519765739 98.4181752225
181.2865497076 98.3953414145
181.0218978102 98.3692478083
180.7580174927 98.3408253003
180.4949053857 98.3108684688
180.2325581395 98.2798208587
179.9709724238 98.2477552319
179.7101449275 98.2145846242
179.4500723589 98.1804077773
179.1907514451 98.1458516679
178.9321789322 98.1122603810
178.6743515850 98.0816168881
178.4172661871 98.0562150639
178.1609195402 98.0381637223
177.9053084648 98.0288700203
177.6504297994 98.0287112114
177.3962804006 98.0370008004
177.1428571429 98.0522879183
176.8901569187 98.0727828971
176.6381766382 98.0968009964
176.3869132290 98.1230183089
176.1363636364 98.1505147082
175.8865248227 98.1786167776
175.6373937677 98.2066532602
175.3889674682 98.2337338390
175.1412429379 98.2586662261
174.8942172073 98.2800242635
174.6478873239 98.2963053451
174.4022503516 98.3061425723
174.1573033708 98.3084572868
173.9130434783 98.3025673778
173.6694677871 98.2882121596
173.4265734266 98.2655121985
173.1843575419 98.2349109089
172.9428172943 98.1970984770
172.7019498607 98.1529451230
172.4617524339 98.1035083933
172.2222222222 98.0501146543
171.9833564494 97.9944716722
171.7451523546 97.9387603266
171.5076071923 97.8855872138
171.2707182320 97.8377670896
171.0344827586 97.7979934841
170.7988980716 97.7684345895
170.5639614856 97.7503868857
170.3296703297 97.7440040076
170.0960219479 97.7481786479
169.8630136986 97.7606304379
169.6306429549 97.7782311979
169.3989071038 97.7975088027
169.1678035471 97.8152329894
168.9373297003 97.8289408057
168.7074829932 97.8372624676
168.4782608696 97.8400038367
168.2496607870 97.8379327162
168.0216802168 97.8323938293
167.7943166441 97.8248160928
167.5675675676 97.8162476169
167.3414304993 97.8071637986
167.1159029650 97.7974889510
166.8909825034 97.7868759943
166.6666666667 97.7750166237
166.4429530201 97.7618952204
166.2198391421 97.7478466358
165.9973226238 97.7335021381
165.7754010695 97.7196410223
165.5540720961 97.7070553231
165.3333333333 97.6964216872
165.1131824234 97.6881704011
164.8936170213 97.6823773181
164.6746347942 97.6786892155
164.4562334218 97.6763933390
164.2384105960 97.6746211421
164.0211640212 97.6726477223
163.8044914135 97.6701968425
163.5883905013 97.6675933633
163.3728590250 97.6657240070
163.1578947368 97.6657725322
162.9434954008 97.6688198613
162.7296587927 97.6754834709
162.5163826999 97.6857538785
162.3036649215 97.6990752341
162.0915032680 97.7146314211
161.8798955614 97.7316478543
161.6688396349 97.7495785125
161.4583333333 97.7680759450
161.2483745124 97.7868120533
161.0389610390 97.8052781925
160.8300907912 97.8227168549
160.6217616580 97.8382145051
160.4139715395 97.8508549717
160.2067183463 97.8598280397
160.0000000000 97.8644215386
159.7938144330 97.8639347280
159.5881595882 97.8576267268
159.3830334190 97.8448014033
159.1784338896 97.8249538946
158.9743589744 97.7979641880
158.7708066581 97.7642278326
158.5677749361 97.7246626050
158.3652618135 97.6806013390
158.1632653061 97.6335644781
157.9617834395 97.5850202177
157.7608142494 97.5361867716
157.5603557814 97.4879452662
157.3604060914 97.4408900519
157.1609632446 97.3954202439
156.9620253165 97.3517931661
156.7635903919 97.3101132290
156.5656565657 97.2703130479
156.3682219420 97.2321486355
156.1712846348 97.1952479204
155.9748427673 97.1591430883
155.7788944724 97.1232976808
155.5834378921 97.0871556890
155.3884711779 97.0502639207
155.1939924906 97.0124262898
155.0000000000 96.9738541784
154.8064918851 96.9352076661
154.6134663342 96.8975097762
154.4209215442 96.8619556281
154.2288557214 96.8296983340
154.0372670807 96.8016353356
153.8461538462 96.7782033183
153.6555142503 96.7591921933
153.4653465347 96.7437252849
153.2756489493 96.7304425290
153.0864197531 96.7178358597
152.8976572133 96.7046353347
152.7093596059 96.6900505581
152.5215252153 96.6738546891
152.3341523342 96.6563188846
152.1472392638 96.6381890438
151.9607843137 96.6207331920
151.7747858017 96.6057854884
151.5892420538 96.5956849945
151.4041514042 96.5929763769
151.2195121951 96.6000046313
151.0353227771 96.6184613570
150.8515815085 96.6491134469
150.6682867558 96.6916300317
150.4854368932 96.7445703797
150.3030303030 96.8054516955
150.1210653753 96.8709241998
149.9395405079 96.9371355249
149.7584541063 97.0002071249
149.5778045838 97.0566981373
149.3975903614 97.1040140964
149.2178098676 97.1405514535
149.0384615385 97.1657012553
148.8595438175 97.1796947003
148.6810551559 97.1834005026
148.5029940120 97.1781531576
148.3253588517 97.1656134569
148.1481481481 97.1476579325
147.9713603819 97.1261913177
147.7949940405 97.1028848545
147.6190476190 97.0788996702
147.4435196195 97.0546768668
147.2684085511 97.0298827873
147.0937129300 97.0035541118
146.9194312796 96.9743455466
146.7455621302 96.9408858738
146.5721040189 96.9021451733
146.3990554900 96.8577657632
146.2264150943 96.8082596027
146.0541813899 96.7550137181
145.8823529412 96.7000717040
145.7109283196 96.6457161677
145.5399061033 96.5939923432
145.3692848769 96.5462958804
145.1990632319 96.5031612091
145.0292397661 96.4642381909
144.8598130841 96.4284341617
144.6907817970 96.3942268534
144.5221445221 96.3600642637
144.3538998836 96.3248180359
144.1860465116 96.2881157269
144.0185830430 96.2504159190
143.8515081206 96.2127951580
143.6848203940 96.1765357830
143.5185185185 96.1426966492
143.3526011561 96.1117810831
143.1870669746 96.0835353968
143.0219146482 96.0568943511
142.8571428571 96.0300824713
142.6927502877 96.0008686210
142.5287356322 95.9669361187
142.3650975890 95.9262934954
142.2018348624 95.8776664656
142.0389461627 95.8207798542
141.8764302059 95.7564449121
141.7142857143 95.6864317192
141.5525114155 95.6130923230
141.3911060433 95.5389100984
141.2300683371 95.4660807077
141.0693970421 95.3963420479
140.9090909091 95.3310681937
140.7491486947 95.2715666706
140.5895691610 95.2194202839
140.4303510759 95.1766284694
140.2714932127 95.1454297872
140.1129943503 95.1278089187
139.9548532731 95.1248622909
139.7970687711 95.1362543678
139.6396396396 95.1600893565
139.4825646794 95.1932194005
139.3258426966 95.2319873638
139.1694725028 95.2730497944
139.0134529148 95.3140234243
138.8577827548 95.3537342461
138.7024608501 95.3921136054
138.5474860335 95.4298168139
138.3928571429 95.4676535252
138.2385730212 95.5059180882
138.0846325167 95.5437796324
137.9310344828 95.5789151984
137.7777777778 95.6075928471
137.6248612653 95.6251791791
137.4722838137 95.6269277546
137.3200442968 95.6087797928
137.1681415929 95.5680139283
137.0165745856 95.5036666784
136.8653421634 95.4167971245
136.7144432194 95.3105518982
136.5638766520 95.1900626166
136.4136413641 95.0620759401
136.2637362637 94.9343580977
136.1141602634 94.8148648383
135.9649122807 94.7107720161
135.8159912377 94.6274871969
135.6673960613 94.5677789533
135.5191256831 94.5311744064
135.3711790393 94.5139460523
135.2235550709 94.5098484578
135.0762527233 94.5114227649
134.9292709467 94.5115468885
134.7826086957 94.5046319170
134.6362649294 94.4871892103
134.4902386117 94.4577060274
134.3445287107 94.4160606823
134.1991341991 94.3628730606
134.0540540541 94.2991118403
133.9092872570 94.2260434944
133.7648327940 94.1454267008
133.6206896552 94.0597182413
133.4768568353 93.9721016024
133.3333333333 93.8862222577
133.1901181525 93.8058269308
133.0472103004 93.7343647642
132.9046087889 93.6746297106
132.7623126338 93.6283981443
132.6203208556 93.5960524198
132.4786324786 93.5763135256
132.3372465315 93.5663138560
132.1961620469 93.5621004267
132.0553780618 93.5594494057
131.9148936170 93.5546528111
131.7747077577 93.5449459577
131.6348195329 93.5284338383
131.4952279958 93.5036748461
131.3559322034 93.4692674209
131.2169312169 93.4235995767
131.0782241015 93.3648592245
130.9398099261 93.2911356825
130.8016877637 93.2006122532
130.6638566913 93.0918458389
130.5263157895 92.9641504901
130.3890641430 92.8179131995
130.2521008403 92.6546217065
130.1154249738 92.4765126990
129.9790356394 92.2860832389
129.8429319372 92.0858423859
129.7071129707 91.8785926841
129.5715778474 91.6681374277
129.4363256785 91.4599654548
129.3013555787 91.2612962362
129.1666666667 91.0802830948
129.0322580645 90.9245379165
128.8981288981 90.7996178764
128.7642782970 90.7080359854
128.6307053942 90.6490222951
128.4974093264 90.6190152375
128.3643892340 90.6125715910
128.2316442606 90.6235850688
128.0991735537 90.6465862210
127.9669762642 90.6779012856
127.8350515464 90.7163432260
127.7033985582 90.7630801148
127.5720164609 90.8207130701
127.4409044193 90.8918815699
127.3100616016 90.9780227690
127.1794871795 91.0786933898
127.0491803279 91.1916559644
126.9191402252 91.3133675189
126.7893660532 91.4395643378
126.6598569969 91.5656224378
126.5306122449 91.6867617989
126.4016309888 91.7982261956
126.2729124236 91.8955759467
126.1444557477 91.9751376445
126.0162601626 92.0345207930
125.8883248731 92.0730885807
125.7606490872 92.0922614700
125.6332320162 92.0954777881
125.5060728745 92.0877754820
125.3791708797 92.0750045679
125.2525252525 92.0628117634
125.1261352170 92.0556480679
125.0000000000 92.0560210442
124.8741188318 92.0641866152
124.7484909457 92.0783319431
124.6231155779 92.0951881026
124.4979919679 92.1109395600
124.3731193581 92.1222687206
124.2484969940 92.1273342063
124.1241241241 92.1263821321
124.0000000000 92.1217799940
123.8761238761 92.1174078430
123.7524950100 92.1177282358
123.6291126620 92.1269085978
123.5059760956 92.1483494663
123.3830845771 92.1846389954
123.2604373757 92.2375891554
123.1380337637 92.3081504703
123.0158730159 92.3960126220
122.8939544103 92.4991739004
122.7722772277 92.6138827826
122.6508407517 92.7350939761
122.5296442688 92.8574442739
122.4086870681 92.9762091318
122.2879684418 93.0879127266
122.1674876847 93.1903079140
122.0472440945 93.2818414003
121.9272369715 93.3609345819
121.8074656189 93.4254640867
121.6879293425 93.4726940211
121.5686274510 93.4997265327
121.4495592556 93.5043010290
121.3307240705 93.4856408493
121.2121212121 93.4450728240
121.0937500000 93.3862260421
120.9756097561 93.3147450924
120.8576998051 93.2375830038
120.7400194742 93.1619986086
120.6225680934 93.0943904877
120.5053449951 93.0392648364
120.3883495146 92.9985682618
120.2715809893 92.9717041977
120.1550387597 92.9561820264
120.0387221684 92.9486700817
119.9226305609 92.9459229782
119.8067632850 92.9453033770
119.6911196911 92.9447923033
119.5756991321 92.9427818573
119.4605009634 92.9380333641
119.3455245428 92.9299496864
119.2307692308 92.9190191447
119.1162343900 92.9069829175
119.0019193858 92.8965700624
118.8878235858 92.8907933932
118.7739463602 92.8921971691
118.6602870813 92.9023246261
118.5468451243 92.9215115187
118.4336198663 92.9489718185
118.3206106870 92.9830910369
118.2078169685 93.0219121421
118.0952380952 93.0636789490
117.9828734539 93.1072615806
117.8707224335 93.1522236599
117.7587844255 93.1984869312
117.6470588235 93.2457966005
117.5355450237 93.2932579239
117.4242424242 93.3392435158
117.3131504257 93.3816565742
117.2022684310 93.4183735094
117.0915958451 93.4476272048
116.9811320755 93.4682014589
116.8708765316 93.4795266970
116.7608286252 93.4818221471
116.6509877705 93.4763742039
116.5413533835 93.4657818924
116.4319248826 93.4540273175
116.3227016886 93.4461242862
116.2136832240 93.4473644804
116.1048689139 93.4622299894
115.9962581852 93.4932405567
115.8878504673 93.5401099446
115.7796451914 93.5995763621
115.6716417910 93.6660152476
115.5638397018 93.7326798967
115.4562383613 93.7931588357
115.3488372093 93.8425952013
115.2416356877 93.8783423390
115.1346332405 93.9000242578
115.0278293135 93.9091318318
114.9212233550 93.9084916052
114.8148148148 93.9018836405
114.7086031452 93.8938388243
114.6025878004 93.8893971045
114.4967682364 93.8936362967
114.3911439114 93.9108125857
114.2857142857 93.9434184823
114.1804788214 93.9915083006
114.0754369825 94.0526025546
113.9705882353 94.1221394732
113.8659320478 94.1941866445
113.7614678899 94.2622110107
113.6571952337 94.3197487706
113.5531135531 94.3610379928
113.4492223239 94.3815945213
113.3455210238 94.3786769243
113.2420091324 94.3515632383
113.1386861314 94.3015272398
113.0355515041 94.2315457911
112.9326047359 94.1458009205
112.8298453139 94.0491219760
112.7272727273 93.9465453550
112.6248864668 93.8431179969
112.5226860254 93.7438959209
112.4206708976 93.6540212413
112.3188405797 93.5787182465
112.2171945701 93.5229639531
112.1157323689 93.4908511815
112.0144534779 93.4847166183
111.9133574007 93.5044709825
111.8124436429 93.5473936541
111.7117117117 93.6086613032
111.6111611161 93.6823390740
111.5107913669 93.7625092713
111.4106019766 93.8441064163
111.3105924596 93.9232506658
111.2107623318 93.9970779511
111.1111111111 94.0631744816
111.0116383169 94.1190073069
110.9123434705 94.1616893070
110.8132260947 94.1882548031
110.7142857143 94.1963666460
110.6155218555 94.1850490699
110.5169340463 94.1552162846
110.4185218166 94.1096963547
110.3202846975 94.0528619300
110.2222222222 93.9900090538
110.1243339254 93.9266866712
110.0266193434 93.8681754643
109.9290780142 93.8190823369
109.8317094774 93.7829713849
109.7345132743 93.7619985606
109.6374889478 93.7565568569
109.5406360424 93.7651944607
109.4439541041 93.7848872912
109.3474426808 93.8117377037
109.2511013216 93.8418921604
109.1549295775 93.8723627297
109.0589270009 93.9014639978
108.9630931459 93.9288189239
108.8674275680 93.9550009330
108.7719298246 93.9810391643
108.6765994741 94.0080366214
108.5814360771 94.0369534911
108.4864391951 94.0685893132
108.3916083916 94.1035844688
108.2969432314 94.1424043173
108.2024432810 94.1853139772
108.1081081081 94.2324497449
108.0139372822 94.2839772211
107.9199303742 94.3402593005
107.8260869565 94.4018434223
107.7324066030 94.4692013370
107.6388888889 94.5424122975
107.5455333912 94.6208608406
107.4523396880 94.7032067971
107.3593073593 94.7874867291
107.2664359862 94.8714319128
107.1737251513 94.9527943695
107.0811744387 95.0297083714
106.9887834340 95.1009264197
106.8965517241 95.1659218144
106.8044788975 95.2248113897
106.7125645439 95.2780667790
106.6208082545 95.3261067406
106.5292096220 95.3689232093
106.4377682403 95.4058512951
106.3464837050 95.4355928335
106.2553556127 95.4564939223
106.1643835616 95.4670078864
106.0735671514 95.4661623635
105.9829059829 95.4539502023
105.8923996584 95.4314225444
105.8020477816 95.4004488104
105.7118499574 95.3632411938
105.6218057922 95.3217573652
105.5319148936 95.2772733649
105.4421768707 95.2303052090
105.3525913339 95.1808783004
105.2631578947 95.1289680793
105.1738761662 95.0749093122
105.0847457627 95.0195939599
104.9957662997 94.9644478995
104.9069373942 94.9112788714
104.8182586644 94.8619733424
104.7297297297 94.8180452469
104.6413502110 94.7801035208
104.5531197302 94.7474310942
104.4650379107 94.7179372861
104.3771043771 94.6886250153
104.2893187553 94.6565881779
104.2016806723 94.6201766130
104.1141897565 94.5798608446
104.0268456376 94.5384843905
103.9396479464 94.5006636898
103.8525963149 94.4715775582
103.7656903766 94.4555088463
103.6789297659 94.4547320151
103.5923141186 94.4690476104
103.5058430718 94.4961389159
103.4195162636 94.5324634492
103.3333333333 94.5742523614
103.2472939217 94.6182999581
103.1613976705 94.6623477398
103.0756442228 94.7051526635
102.9900332226 94.7462628164
102.9045643154 94.7856463324
102.8192371476 94.8232368011
102.7340513670 94.8585766359
102.6490066225 94.8907245689
102.5641025641 94.9183778655
102.4793388430 94.9401976806
102.3947151115 94.9551005611
102.3102310231 94.9625262133
102.2258862325 94.9626276653
102.1416803954 94.9563748807
102.0576131687 94.9454975818
101.9736842105 94.9323063087
101.8898931800 94.9194859347
101.8062397373 94.9100202190
101.7227235439 94.9071844860
101.6393442623 94.9144511320
101.5561015561 94.9350619948
101.4729950900 94.9713419012
101.3900245298 95.0239604259
101.3071895425 95.0915751919
101.2244897959 95.1710449644
101.1419249592 95.2581860601
101.0594947025 95.3487473009
100.9771986971 95.4392140888
100.8950366151 95.5271638356
100.8130081301 95.6111429764
100.7311129163 95.6902191772
100.6493506494 95.7635361255
100.5677210057 95.8301575414
100.4862236629 95.8892264646
100.4048582996 95.9403299493
100.3236245955 95.9837732314
100.2425222312 96.0206797673
100.1615508885 96.0527258221
100.0807102502 96.0817109063
100.0000000000 96.1090569537
99.9194198227 96.1353919060
99.8389694042 96.1604105230
99.7586484312 96.1830472384
99.6784565916 96.2019093760
99.5983935743 96.2158316872
99.5184590690 96.2242562252
99.4386527666 96.2273778020
99.3589743590 96.2259658660
99.2794235388 96.2209505728
99.2000000000 96.2130077381
99.1207034373 96.2021418132
99.0415335463 96.1875306158
98.9624900239 96.1675711081
98.8835725678 96.1401711274
98.8047808765 96.1032986782
98.7261146497 96.0555156074
98.6475735879 95.9964852513
98.5691573927 95.9272186650
98.4908657665 95.8500642886
98.4126984127 95.7685343409
98.3346550357 95.6870619756
98.2567353407 95.6107362284
98.1789390340 95.5449512059
98.1012658228 95.4948948262
98.0237154150 95.4647955039
97.9462875197 95.4571009259
97.8689818469 95.4717379922
97.7917981073 95.5058691025
97.7147360126 95.5542379803
97.6377952756 95.6100476688
97.5609756098 95.6661391447
97.4842767296 95.7161019247
97.4076983504 95.7551032900
97.3312401884 95.7803883307
97.2549019608 95.7914335639
97.1786833856 95.7899564515
97.1025841817 95.7796397711
97.0266040689 95.7656613665
96.9507427678 95.7538702076
96.8750000000 95.7497601538
96.7993754879 95.7573833183
96.7238689548 95.7785759802
96.6484801247 95.8126623976
96.5732087227 95.8568568623
96.4980544747 95.9071070519
96.4230171073 95.9590068115
96.3480963481 96.0085090299
96.2732919255 96.0522337985
96.1986035687 96.0875556507
96.1240310078 96.1126164217
96.0495739737 96.1264667674
95.9752321981 96.1291766607
95.9010054138 96.1218768686
95.8268933539 96.1065236868
95.7528957529 96.0854941371
95.6790123457 96.0610372826
95.6052428682 96.0349332377
95.5315870570 96.0083948536
95.4580446497 95.9822916553
95.3846153846 95.9574825802
95.3112990008 95.9350879259
95.2380952381 95.9164902944
95.1650038373 95.9030836619
95.0920245399 95.8958099108
95.0191570881 95.8947720252
94.9464012251 95.8990815574
94.8737566947 95.9070559894
94.8012232416 95.9166772099
94.7288006112 95.9261087804
94.6564885496 95.9340684973
94.5842868040 95.9398848793
94.5121951220 95.9432946107
94.4402132521 95.9440868354
94.3683409437 95.9417896960
94.2965779468 95.9356135348
94.2249240122 95.9245613385
94.1533788914 95.9077001720
94.0819423369 95.8843788003
94.0106141016 95.8543238015
93.9393939394 95.8176686671
93.8682816048 95.7748850398
93.7972768533 95.7267482072
93.7263794407 95.6742400227
93.6555891239 95.6184738912
93.5849056604 95.5605663763
93.5143288084 95.5015174292
93.4438583271 95.4421171508
93.3734939759 95.3829576747
93.3032355154 95.3244279350
93.2330827068 95.2668579908
93.1630353118 95.2106464013
93.0930930931 95.1563760270
93.0232558140 95.1047285057
92.9535232384 95.0563056250
92.8838951311 95.0113704796
92.8143712575 94.9697442465
92.7449513837 94.9308247067
92.6756352765 94.8938116139
92.6064227035 94.8579678070
92.5373134328 94.8229540140
92.4683072334 94.7890329970
92.3994038748 94.7571717167
92.3306031273 94.7289416587
92.2619047619 94.7061516957
92.1933085502 94.6903771234
92.1248142645 94.6824969583
92.0564216778 94.6824148929
91.9881305638 94.6890933371
91.9199406968 94.7008026743
91.8518518519 94.7154754271
91.7838638046 94.7310430839
91.7159763314 94.7456271385
91.6481892092 94.7576612075
91.5805022157 94.7660183590
91.5129151292 94.7701404971
91.4454277286 94.7701338647
91.3780397937 94.7667772467
91.3107511046 94.7612226292
91.2435614422 94.7545615877
91.1764705882 94.7473907905
91.1094783248 94.7395496571
91.0425844347 94.7301545833
90.9757887014 94.7179475538
90.9090909091 94.7017218297
90.8424908425 94.6807394859
90.7759882870 94.6550462460
90.7095830285 94.6255200421
90.6432748538 94.5936818240
90.5770635500 94.5613280717
90.5109489051 94.5301323505
90.4449307075 94.5014121753
90.3790087464 94.4762036005
90.3131828114 94.4555622452
90.2474526929 94.4409065232
90.1818181818 94.4341745932
90.1162790698 94.4376396849
90.0508351489 94.4535031215
89.9854862119 94.4834408807
89.9202320522 94.5283117398
89.8550724638 94.5880569010
89.7900072411 94.6617947064
89.7250361795 94.7479181449
89.6601590745 94.8442695205
89.5953757225 94.9482902700
89.5306859206 95.0571960862
89.4660894661 95.1681670207
89.4015861572 95.2784893842
89.3371757925 95.3856685117
89.2728581713 95.4874868612
89.2086330935 95.5820528347
89.1445003595 95.6677961055
89.0804597701 95.7434985516
89.0165111271 95.8083109833
88.9526542324 95.8617973098
88.8888888889 95.9039781949
88.8252148997 95.9353476038
88.7616320687 95.9568356669
88.6981402003 95.9696719147
88.6347390994 95.9752361829
88.5714285714 95.9748789466
88.5082084226 95.9697584368
88.4450784593 95.9607182177
88.3820384890 95.9482672406
88.3190883191 95.9326777692
88.2562277580 95.9141606146
88.1934566145 95.8930897707
88.1307746979 95.8701930761
88.0681818182 95.8466827558
88.0056777857 95.8242432638
87.9432624113 95.8049055897
87.8809355067 95.7907665995
87.8186968839 95.7835932119
87.7565463553 95.7844152500
87.6944837341 95.7932067965
87.6325088339 95.8088568360
87.5706214689 95.8294010336
87.5088214538 95.8525843071
87.4471086037 95.8765015255
87.3854827343 95.9001508026
87.3239436620 95.9236226807
87.2624912034 95.9479164776
87.2011251758 95.9744404388
87.1398453970 96.0043936038
87.0786516854 96.0382918615
87.0175438596 96.0756929758
86.9565217391 96.1152119501
86.8955851437 96.1547210901
86.8347338936 96.1917078493
86.7739678097 96.2236114028
86.7132867133 96.2482290061
86.6526904263 96.2639845525
86.5921787709 96.2701719838
86.5317515701 96.2670306120
86.4714086471 96.2556747590
86.4111498258 96.2377976320
86.3509749304 96.2153265780
86.2908837857 96.1899376095
86.2308762170 96.1628212229
86.1709520500 96.1346580719
86.1111111111 96.1058732009
86.0513532269 96.0769720308
85.9916782247 96.0488003792
85.9320859321 96.0225316800
85.8725761773 95.9994978373
85.8131487889 95.9809416518
85.7538035961 95.9677493568
85.6945404285 95.9603218639
85.6353591160 95.9585578988
85.5762594893 95.9620166813
85.5172413793 95.9702277374
85.4583046175 95.9830895860
85.3994490358 96.0010729256
85.3406744666 96.0251807973
85.2819807428 96.0565762831
85.2233676976 96.0959887970
85.1648351648 96.1432034850
85.1063829787 96.1967678674
85.0480109739 96.2540818707
84.9897189856 96.3119038754
84.9315068493 96.3670265932
84.8733744011 96.4168884041
84.8153214774 96.4600196540
84.7573479152 96.4960866884
84.6994535519 96.5257087764
84.6416382253 96.5500457183
84.5839017735 96.5703897247
84.5262440354 96.5878443482
84.4686648501 96.6031843480
84.4111640572 96.6168435872
84.3537414966 96.6289507651
84.2963970088 96.6393796925
84.2391304348 96.6477967547
84.1819416158 96.6537926677
84.1248303935 96.6569717308
84.0677966102 96.6571022536
84.0108401084 96.6541745061
83.9539607312 96.6484584507
83.8971583221 96.6404373602
83.8404327248 96.6307596102
83.7837837838 96.6201353892
83.7272113437 96.6092114374
83.6707152497 96.5984697829
83.6142953473 96.5881803140
83.5579514825 96.5783931406
83.5016835017 96.5689862435
83.4454912517 96.5597392883
83.3893745797 96.5504282929
83.3333333333 96.5408521002
83.2773673606 96.5308428750
83.2214765101 96.5202620010
83.1656606304 96.5089289022
83.1099195710 96.4966499232
83.0542531815 96.4832921639
82.9986613119 96.4689341686
82.9431438127 96.4539781803
82.8877005348 96.4392846960
82.8323313293 96.4262184714
82.7770360481 96.4165691642
82.7218145430 96.4123522111
82.6666666667 96.4154615623
82.6115922718 96.4272368897
82.5565912117 96.4481141065
82.5016633400 96.4773900483
82.4468085106 96.5133353006
82.3920265781 96.5535058646
82.3373173971 96.5952049443
82.2826808228 96.6359441023
82.2281167109 96.6736947357
82.1736249172 96.7070101442
82.1192052980 96.7350414877
82.0648577101 96.7574949296
82.0105820106 96.7745217861
81.9563780568 96.7865694763
81.9022457067 96.7942139607
81.8481848185 96.7979851152
81.7941952507 96.7982344184
81.7402768622 96.7951359805
81.6864295125 96.7887811450
81.6326530612 96.7792803195
81.5789473684 96.7668624786
81.5253122945 96.7518516683
81.4717477004 96.7345607012
81.4182534471 96.7151505464
81.3648293963 96.6935595824
81.3114754098 96.6696120146
81.2581913499 96.6432472091
81.2049770792 96.6148359772
81.1518324607 96.5853712346
81.0987573578 96.5564299888
81.0457516340 96.5299636118
80.9928151535 96.5079396987
80.9399477807 96.4920227303
80.8871493803 96.4833951942
80.8344198175 96.4827218236
80.7817589577 96.4902231792
80.7291666667 96.5058058794
80.6766428107 96.5291958891
80.6241872562 96.5600413623
80.5717998700 96.5979398432
80.5194805195 96.6423718330
80.4672290720 96.6926112365
80.4150453956 96.7475391960
80.3629293584 96.8055729971
80.3108808290 96.8646918604
80.2588996764 96.9225800637
80.2069857697 96.9768683867
80.1551389787 97.0254248286
80.1033591731 97.0665401270
80.0516462234 97.0990909889
80.0000000000 97.1226035223
79.9484203740 97.1372095344
79.8969072165 97.1436000119
79.8454603992 97.1429135295
79.7940797941 97.1366319365
79.7427652733 97.1264379417
79.6915167095 97.1140881344
79.6403339756 97.1012217853
79.5892169448 97.0891838173
79.5381654907 97.0788085975
79.4871794872 97.0703918391
79.4362588085 97.0637883507
79.3854033291 97.0587265112
79.3346129239 97.0551107371
79.2838874680 97.0532667200
79.2332268371 97.0539297729
79.1826309068 97.0580331950
79.1320995533 97.0663868186
79.0816326531 97.0794180752
79.0312300829 97.0970541088
78.9808917197 97.1187412642
78.9306174411 97.1434862377
78.8804071247 97.1700171019
78.8302606484 97.1968807772
78.7801778907 97.2225914778
78.7301587302 97.2457764324
78.6802030457 97.2652754788
78.6303107166 97.2802150663
78.5804816223 97.2899694609
78.5307156428 97.2941850552
78.4810126582 97.2927275128
78.4313725490 97.2857959526
78.3817951960 97.2739728706
78.3322804801 97.2583787710
78.2828282828 97.2406769203
78.2334384858 97.2229876253
78.1841109710 97.2076288323
78.1348456207 97.1967836572
78.0856423174 97.1921423544
78.0365009440 97.1946704964
77.9874213836 97.2045246587
77.9384035198 97.2211134451
77.8894472362 97.2433149820
77.8405524168 97.2697054630
77.7917189460 97.2987940232
77.7429467085 97.3291651064
77.6942355890 97.3596161077
77.6455854728 97.3892591480
77.5969962453 97.4175970308
77.5484677924 97.4444974069
77.5000000000 97.4701544409
77.4515927545 97.4949009772
77.4032459426 97.5190557442
77.3549594510 97.5428162690
77.3067331671 97.5662618005
77.2585669782 97.5893844990
77.2104607721 97.6120944862
77.1624144368 97.6342033004
77.1144278607 97.6553728231
77.0665009323 97.6750747369
77.0186335404 97.6926082979
76.9708255742 97.7071873360
76.9230769231 97.7180933608
76.8753874768 97.7248106706
76.8277571252 97.7271077179
76.7801857585 97.7250912704
76.7326732673 97.7191311737
76.6852195424 97.7098514980
76.6378244747 97.6981089748
76.5904879555 97.6849618782
76.5432098765 97.6716102734
76.4959901295 97.6592646483
76.4488286067 97.6489731103
76.4017252002 97.6414524923
76.3546798030 97.6370612561
76.3076923077 97.6358394604
76.2607626076 97.6376566635
76.2138905962 97.6423954280
76.1670761671 97.6499994597
76.1203192142 97.6604204715
76.0736196319 97.6734514140
76.0269773145 97.6886168180
75.9803921569 97.7051336468
75.9338640539 97.7220521466
75.8873929009 97.7384502109
75.8409785933 97.7535474620
75.7946210269 97.7668214427
75.7483200977 97.7779438766
75.7020757021 97.7867713701
75.6558877364 97.7932738252
75.6097560976 97.7974998433
75.5636806825 97.7996443198
75.5176613886 97.8000944293
75.4716981132 97.7994825817
75.4257907543 97.7986957471
75.3799392097 97.7987711894
75.3341433779 97.8007282399
75.2884031573 97.8054773266
75.2427184466 97.8137104282
75.1970891449 97.8258601249
75.1515151515 97.8420853410
75.1059963658 97.8622294936
75.0605326877 97.8858109856
75.0151240169 97.9120596801
74.9697702539 97.9399581850
74.9244712991 97.9682845441
74.8792270531 97.9957068414
74.8340374170 98.0208787508
74.7889022919 98.0425496884
74.7438215793 98.0596466796
74.6987951807 98.0713520810
74.6538229982 98.0770953936
74.6089049338 98.0766356223
74.5640408900 98.0701152917
74.5192307692 98.0581609571
74.4744744745 98.0419444197
74.4297719088 98.0231641985
74.3851229754 98.0039352942
74.3405275779 97.9865399544
74.2959856201 97.9731475783
74.2514970060 97.9654631570
74.2070616397 97.9645210857
74.1626794258 97.9705861389
74.1183502690 97.9832597435
74.0740740741 98.0016518285
74.0298507463 98.0246232038
73.9856801909 98.0510339743
73.9415623137 98.0798371415
73.8974970203 98.1101281337
73.8534842168 98.1410729025
73.8095238095 98.1718319752
73.7656157049 98.2014670024
73.7217598098 98.2289952660
73.6779560309 98.2534760766
73.6342042755 98.2741400811
73.5905044510 98.2905381119
73.5468564650 98.3025930974
73.5032602253 98.3105414922
73.4597156398 98.3148425869
73.4162226169 98.3160273126
73.3727810651 98.3145620420
73.3293908930 98.3108860062
73.2860520095 98.3054041429
73.2427643237 98.2986621393
73.1995277450 98.2913543427
73.1563421829 98.2843678691
73.1132075472 98.2786607323
73.0701237478 98.2751818843
73.0270906949 98.2747283695
72.9841082990 98.2779263388
72.9411764706 98.2852531060
72.8982951205 98.2970544305
72.8554641598 98.3135572549
72.8126834997 98.3347815253
72.7699530516 98.3604034645
72.7272727273 98.3896189442
72.6846424385 98.4211715061
72.6420620972 98.4534988860
72.5995316159 98.4849423303
72.5570509070 98.5140087700
72.5146198830 98.5394876348
72.4722384570 98.5605229333
72.4299065421 98.5765818911
72.3876240514 98.5874347052
72.3453908985 98.5931336202
72.3032069971 98.5940146601
72.2610722611 98.5906754687
72.2189866045 98.5839416578
72.1769499418 98.5747905701
72.1349621873 98.5642555697
72.0930232558 98.5533069693
72.0511330622 98.5426824272
72.0092915215 98.5328718355
71.9674985490 98.5240721290
71.9257540603 98.5163157136
71.8840579710 98.5095950109
71.8424101970 98.5039960745
71.8008106543 98.4997657116
71.7592592593 98.4972795934
71.7177559283 98.4969949515
71.6763005780 98.4993560304
71.6348931254 98.5047406960
71.5935334873 98.5133933482
71.5522215811 98.5252680974
71.5109573241 98.5399769432
71.4697406340 98.5567299253
71.4285714286 98.5744259077
71.3874496258 98.5918832869
71.3463751438 98.6080647432
71.3053479011 98.6222615498
71.2643678161 98.6341917637
71.2234348076 98.6438660211
71.1825487945 98.6514696672
71.1417096959 98.6571687869
71.1009174312 98.6610406302
71.0601719198 98.6630715821
71.0194730813 98.6632280758
70.9788208357 98.6615536705
70.9382151030 98.6582317454
70.8976558033 98.6535803262
70.8571428571 98.6480780981
70.8166761850 98.6423052218
70.7762557078 98.6369132675
70.7358813463 98.6325343123
70.6955530217 98.6297381619
70.6552706553 98.6289890306
70.6150341686 98.6306384863
70.5748434832 98.6348464697
70.5346985210 98.6415429221
70.4945992041 98.6503152233
70.4545454545 98.6604220953
70.4145371948 98.6708378586
70.3745743473 98.6804514295
70.3346568349 98.6882685811
70.2947845805 98.6936053853
70.2549575071 98.6961973882
70.2151755379 98.6961930076
70.1754385965 98.6940838696
70.1357466063 98.6905292334
70.0960994912 98.6861833385
70.0564971751 98.6815954963
70.0169395822 98.6771088148
69.9774266366 98.6729065226
69.9379582628 98.6690475345
69.8985343856 98.6655574143
69.8591549296 98.6625157899
69.8198198198 98.6601315614
69.7805289814 98.6587137688
69.7412823397 98.6586548894
69.7020798201 98.6603696372
69.6629213483 98.6642269330
69.6238068501 98.6705315695
69.5847362514 98.6794425948
69.5457094784 98.6909289932
69.5067264574 98.7047485578
69.4677871148 98.7204454044
69.4288913774 98.7374157801
69.3900391718 98.7549820944
69.3512304251 98.7724604232
69.3124650643 98.7891800277
69.2737430168 98.8045336618
69.2350642099 98.8179904904
69.1964285714 98.8291528525
69.1578360290 98.8378019564
69.1192865106 98.8439492027
69.0807799443 98.8478452825
69.0423162584 98.8499949032
69.0038953812 98.8510649808
68.9655172414 98.8518105703
68.9271817676 98.8529932663
68.8888888889 98.8552617653
68.8506385341 98.8591064407
68.8124306326 98.8648260064
68.7742651137 98.8724512748
68.7361419069 98.8817794659
68.6980609418 98.8923408988
68.6600221484 98.9034782474
68.6220254566 98.9143885390
68.5840707965 98.9242427389
68.5461580984 98.9322735869
68.5082872928 98.9378669553
68.4704583103 98.9405943095
68.4326710817 98.9402287681
68.3949255378 98.9367081838
68.3572216097 98.9301488594
68.3195592287 98.9207834265
68.2819383260 98.9089474605
68.2443588332 98.8951186620
68.2068206821 98.8798911561
68.1693238043 98.8639643319
68.1318681319 98.8481432760
68.0944535969 98.8332003957
68.0570801317 98.8198491363
68.0197476687 98.8086040501
67.9824561404 98.7997663860
67.9452054795 98.7933778696
67.9079956188 98.7892371617
67.8708264915 98.7869688116
67.8336980306 98.7860779806
67.7966101695 98.7860469385
67.7595628415 98.7863914856
67.7225559803 98.7867133938
67.6855895197 98.7867137413
67.6486633933 98.7862453243
67.6117775354 98.7852945963
67.5749318801 98.7839894537
67.5381263617 98.7825814403
67.5013609145 98.7813446839
67.4646354733 98.7805303317
67.4279499728 98.7803020882
67.3913043478 98.7806834473
67.3546985334 98.7815938428
67.3181324647 98.7828993466
67.2816060770 98.7845013607
67.2451193059 98.7864341229
67.2086720867 98.7889502843
67.1722643554 98.7924918388
67.1358960476 98.7976479235
67.0995670996 98.8049626610
67.0632774473 98.8148446487
67.0270270270 98.8274549198
66.9908157753 98.8426526066
66.9546436285 98.8600491378
66.9185105235 98.8790317306
66.8824163970 98.8989355434
66.8463611860 98.9190768778
66.8103448276 98.9388765737
66.7743672590 98.9578428222
66.7384284177 98.9755588713
66.7025282410 98.9916514353
66.6666666667 99.0058040057
66.6308436325 99.0177626441
66.5950590763 99.0273699860
66.5593129361 99.0345913892
66.5236051502 99.0395556899
66.4879356568 99.0425502038
66.4523043944 99.0439892523
66.4167113016 99.0443762203
66.3811563169 99.0442184510
66.3456393793 99.0439946870
66.3101604278 99.0440621941
66.2747194014 99.0446621709
66.2393162393 99.0459571336
66.2039508809 99.0480377456
66.1686232657 99.0510008543
66.1333333333 99.0549445826
66.0980810235 99.0599093758
66.0628662760 99.0658250466
66.0276890309 99.0724567942
65.9925492283 99.0794161939
65.9574468085 99.0862184242
65.9223817119 99.0923675955
65.8873538789 99.0974759746
65.8523632501 99.1012454408
65.8174097665 99.1035223362
65.7824933687 99.1042715319
65.7476139979 99.1035117541
65.7127715951 99.1013154824
65.6779661017 99.0977628959
65.6431974590 99.0929345702
65.6084656085 99.0869172848
65.5737704918 99.0798373346
65.5391120507 99.0719329752
65.5044902272 99.0635824405
65.4699049630 99.0553581818
65.4353562005 99.0479432615
65.4008438819 99.0420797910
65.3663679494 99.0383766755
65.3319283456 99.0371956771
65.2975250132 99.0385690525
65.2631578947 99.0421626932
65.2288269332 99.0473653791
65.1945320715 99.0534266012
65.1602732528 99.0595419746
65.1260504202 99.0650268293
65.0918635171 99.0693908868
65.0577124869 99.0723879130
65.0235972732 99.0740781617
64.9895178197 99.0747712733
64.9554740702 99.0749549606
64.9214659686 99.0751761897
64.8874934589 99.0759136466
64.8535564854 99.0774622270
64.8196549922 99.0798978561
64.7857889237 99.0831347285
64.7519582245 99.0869181380
64.7181628392 99.0909368763
64.6844027126 99.0948167913
64.6506777894 99.0981604558
64.6169880146 99.1006076148
64.5833333333 99.1018354699
64.5497136908 99.1016667095
64.5161290323 99.1000575007
64.4825793032 99.0971661750
64.4490644491 99.0933141540
64.4155844156 99.0889611850
64.3821391485 99.0846380468
64.3487285937 99.0808257093
64.3153526971 99.0779478258
64.2820114049 99.0762750273
64.2487046632 99.0759509715
64.2154324184 99.0769843065
64.1821946170 99.0792546442
64.1489912054 99.0825521136
64.1158221303 99.0866238991
64.0826873385 99.0912147207
64.0495867769 99.0961150305
64.0165203924 99.1012092835
63.9834881321 99.1063888901
63.9504899433 99.1115727184
63.9175257732 99.1166183986
63.8845955693 99.1213484383
63.8516992791 99.1255771158
63.8188368502 99.1291307833
63.7860082305 99.1319160282
63.7532133676 99.1339075260
63.7204522097 99.1351411922
63.6877247047 99.1357221698
63.6550308008 99.1357765539
63.6223704464 99.1354660893
63.5897435897 99.1349669673
63.5571501794 99.1344495695
63.5245901639 99.1340791163
63.4920634921 99.1339599159
63.4595701126 99.1341416124
63.4271099744 99.1346326358
63.3946830266 99.1354470578
63.3622892182 99.1366256213
63.3299284985 99.1383122749
63.2976008167 99.1407137239
63.2653061224 99.1440804775
63.2330443651 99.1486518150
63.2008154944 99.1545595454
63.1686194600 99.1618061832
63.1364562118 99.1702085769
63.1043256997 99.1794162557
63.0722278739 99.1889789680
63.0401626843 99.1983799004
63.0081300813 99.2071737364
62.9761300152 99.2150363067
62.9441624365 99.2218002783
62.9122272958 99.2274785753
62.8803245436 99.2321892709
62.8484541308 99.2361152276
62.8166160081 99.2394070433
62.7848101266 99.2421403381
62.7530364372 99.2443148607
62.7212948912 99.2458533919
62.6895854398 99.2466419837
62.6579080344 99.2466140037
62.6262626263 99.2458055293
62.5946491671 99.2444055925
62.5630676085 99.2427510026
62.5315179022 99.2413137363
62.5000000000 99.2405917267
62.4685138539 99.2409829172
62.4370594159 99.2426729039
62.4056366381 99.2455488806
62.3742454728 99.2491823343
62.3428858723 99.2529168817
62.3115577889 99.2559846986
62.2802611753 99.2576745553
62.2489959839 99.2574379020
62.2177621676 99.2549397773
62.1865596790 99.2500968634
62.1553884712 99.2430157389
62.1242484970 99.2339381611
62.0931397096 99.2231640366
62.0620620621 99.2110509611
62.0310155078 99.1979995280
62.0000000000 99.1844890968
