124000.0000000000 0.0000873674
62000.0000000000 0.0011396893
41333.3333333333 0.0044202378
31000.0000000000 0.0105565785
24800.0000000000 0.0196903372
20666.6666666667 0.0318391954
17714.2857142857 0.0470537364
15500.0000000000 0.0654547913
13777.7777777778 0.0872359356
12400.0000000000 0.1126611131
11272.7272727273 0.1420650205
10333.3333333333 0.1758569489
9538.4615384615 0.2145281021
8857.1428571429 0.2586616714
8266.6666666667 0.3089461006
7750.0000000000 0.3661909418
7294.1176470588 0.4313453401
6888.8888888889 0.5055194161
6526.3157894737 0.5900071963
6200.0000000000 0.6863110519
5904.7619047619 0.7961645227
5636.3636363636 0.9215501028
5391.3043478261 1.0647054321
5166.6666666667 1.2281083540
4960.0000000000 1.4144239642
4769.2307692308 1.6263940963
4592.5925925926 1.8666400532
4428.5714285714 2.1373489802
4275.8620689655 2.4398212980
4133.3333333333 2.7738798785
4000.0000000000 3.1371956160
3875.0000000000 3.5246593129
3757.5757575758 3.9280027444
3647.0588235294 4.3358934921
3542.8571428571 4.7346470279
3444.4444444444 5.1095279710
3351.3513513514 5.4464456810
3263.1578947368 5.7337742988
3179.4871794872 5.9640150132
3100.0000000000 6.1349731925
3024.3902439024 6.2500454431
2952.3809523810 6.3172965081
2883.7209302326 6.3473643238
2818.1818181818 6.3507436095
2755.5555555556 6.3353253861
2695.6521739130 6.3050285858
2638.2978723404 6.2599646268
2583.3333333333 6.1980136823
2530.6122448980 6.1171311586
2480.0000000000 6.0174008530
2431.3725490196 5.9019752299
2384.6153846154 5.7765725702
2339.6226415094 5.6478468210
2296.2962962963 5.5213476736
2254.5454545455 5.3998050526
2214.2857142857 5.2822542408
2175.4385964912 5.1642273600
2137.9310344828 5.0389767804
2101.6949152542 4.8994165495
2066.6666666667 4.7401981347
2032.7868852459 4.5592315448
2000.0000000000 4.3581552475
1968.2539682540 4.1417127881
1937.5000000000 3.9164336319
1907.6923076923 3.6891955608
1878.7878787879 3.4661160403
1850.7462686567 3.2519513360
1823.5294117647 3.0499497831
1797.1014492754 2.8619997882
1771.4285714286 2.6889112772
1746.4788732394 2.5307203642
1722.2222222222 2.3869549030
1698.6301369863 2.2568435637
1675.6756756757 2.1394659240
1653.3333333333 2.0338542279
1631.5789473684 1.9390545523
1610.3896103896 1.8541633491
1589.7435897436 1.7783392778
1569.6202531646 1.7108047842
1550.0000000000 1.6508399911
1530.8641975309 1.5977741077
1512.1951219512 1.5509785395
1493.9759036145 1.5098697310
1476.1904761905 1.4739152768
1458.8235294118 1.4426553205
1441.8604651163 1.4157264007
1425.2873563218 1.3928908421
1409.0909090909 1.3740541793
1393.2584269663 1.3592688812
1377.7777777778 1.3487154729
1362.6373626374 1.3426724727
1347.8260869565 1.3414827044
1333.3333333333 1.3455322936
1319.1489361702 1.3552377166
1305.2631578947 1.3710459025
1291.6666666667 1.3934401403
1278.3505154639 1.4229508595
1265.3061224490 1.4601638073
1252.5252525253 1.5057219644
1240.0000000000 1.5603066574
1227.7227722772 1.6245934552
1215.6862745098 1.6991665010
1203.8834951456 1.7843921068
1192.3076923077 1.8802529658
1180.9523809524 1.9861576895
1169.8113207547 2.1007699221
1158.8785046729 2.2219155356
1148.1481481481 2.3466455217
1137.6146788991 2.4715195599
1127.2727272727 2.5930866260
1117.1171171171 2.7084503139
1107.1428571429 2.8157207431
1097.3451327434 2.9141862776
1087.7192982456 3.0041826966
1078.2608695652 3.0867786938
1068.9655172414 3.1634471832
1059.8290598291 3.2358126349
1050.8474576271 3.3054610459
1042.0168067227 3.3737759719
1033.3333333333 3.4418335546
1024.7933884298 3.5104201105
1016.3934426230 3.5801595874
1008.1300813008 3.6516404166
1000.0000000000 3.7254079990
992.0000000000 3.8018275967
984.1269841270 3.8809377429
976.3779527559 3.9624152744
968.7500000000 4.0456453599
961.2403100775 4.1297627712
953.8461538462 4.2135738768
946.5648854962 4.2953823508
939.3939393939 4.3728319572
932.3308270677 4.4428254071
925.3731343284 4.5015083223
918.5185185185 4.5442950836
911.7647058824 4.5660021915
905.1094890511 4.5611962037
898.5507246377 4.5248200646
892.0863309353 4.4530502337
885.7142857143 4.3442310169
879.4326241135 4.1995881453
873.2394366197 4.0234308133
867.1328671329 3.8226587156
861.1111111111 3.6056890392
855.1724137931 3.3811453895
849.3150684932 3.1567235018
843.5374149660 2.9385026529
837.8378378378 2.7307430004
832.2147651007 2.5360497481
826.6666666667 2.3557168515
821.1920529801 2.1900973463
815.7894736842 2.0389192570
810.4575163399 1.9015201159
805.1948051948 1.7770094915
800.0000000000 1.6643850394
794.8717948718 1.5626046596
789.8089171975 1.4706446596
784.8101265823 1.3875300657
779.8742138365 1.3123571359
775.0000000000 1.2443031012
770.1863354037 1.1826285479
765.4320987654 1.1266776861
760.7361963190 1.0758713806
756.0975609756 1.0297023106
751.5151515152 0.9877284386
746.9879518072 0.9495670696
742.5149700599 0.9148878469
738.0952380952 0.8834076037
733.7278106509 0.8548860245
729.4117647059 0.8291186291
725.1461988304 0.8059341410
720.9302325581 0.7851892633
716.7630057803 0.7667625758
712.6436781609 0.7505481420
708.5714285714 0.7364470013
704.5454545455 0.7243583208
700.5649717514 0.7141683579
696.6292134831 0.7057359247
692.7374301676 0.6988892456
688.8888888889 0.6934214831
685.0828729282 0.6891070217
681.3186813187 0.6857259666
677.5956284153 0.6831009794
673.9130434783 0.6811333776
670.2702702703 0.6798151303
666.6666666667 0.6792294440
663.1016042781 0.6795198802
659.5744680851 0.6808537813
656.0846560847 0.6833818254
652.6315789474 0.6872089065
649.2146596859 0.6923801588
645.8333333333 0.6988947986
642.4870466321 0.7067319253
639.1752577320 0.7158879963
635.8974358974 0.7263922719
632.6530612245 0.7382946201
629.4416243655 0.7516329818
626.2626262626 0.7664040295
623.1155778894 0.7825642632
620.0000000000 0.8000583978
616.9154228856 0.8188689046
613.8613861386 0.8390359336
610.8374384236 0.8606381179
607.8431372549 0.8837436702
604.8780487805 0.9083622923
601.9417475728 0.9344331176
599.0338164251 0.9618541576
596.1538461538 0.9905169039
593.3014354067 1.0203178795
590.4761904762 1.0511303868
587.6777251185 1.0827645743
584.9056603774 1.1149471234
582.1596244131 1.1473218841
579.4392523364 1.1794416683
576.7441860465 1.2107375453
574.0740740741 1.2404717067
571.4285714286 1.2676966436
568.8073394495 1.2912418116
566.2100456621 1.3097276736
563.6363636364 1.3216161050
561.0859728507 1.3253088071
558.5585585586 1.3193343169
556.0538116592 1.3026060411
553.5714285714 1.2747066003
551.1111111111 1.2361026278
548.6725663717 1.1881907791
546.2555066079 1.1331333350
543.8596491228 1.0735154013
541.4847161572 1.0119433061
539.1304347826 0.9507001348
536.7965367965 0.8915468676
534.4827586207 0.8356627286
532.1888412017 0.7837066255
529.9145299145 0.7359320194
527.6595744681 0.6923194342
525.4237288136 0.6526898288
523.2067510549 0.6167903291
521.0084033613 0.5843443886
518.8284518828 0.5550766862
516.6666666667 0.5287235906
514.5228215768 0.5050312044
512.3966942149 0.4837533176
510.2880658436 0.4646484190
508.1967213115 0.4474800301
506.1224489796 0.4320144406
504.0650406504 0.4180244186
502.0242914980 0.4053042923
500.0000000000 0.3936749283
497.9919678715 0.3830045784
496.0000000000 0.3732099843
494.0239043825 0.3642548160
492.0634920635 0.3561356113
490.1185770751 0.3488700025
488.1889763780 0.3424774742
486.2745098039 0.3369704153
484.3750000000 0.3323449535
482.4902723735 0.3285733869
480.6201550388 0.3256019014
478.7644787645 0.3233427757
476.9230769231 0.3216764981
475.0957854406 0.3204484345
473.2824427481 0.3194875904
471.4828897338 0.3186267458
469.6969696970 0.3177267719
467.9245283019 0.3167033636
466.1654135338 0.3155281189
464.4194756554 0.3142164444
462.6865671642 0.3127943890
460.9665427509 0.3112656576
459.2592592593 0.3095873967
457.5645756458 0.3076721878
455.8823529412 0.3054169474
454.2124542125 0.3027392216
452.5547445255 0.2996220211
450.9090909091 0.2961354133
449.2753623188 0.2924293828
447.6534296029 0.2887089245
446.0431654676 0.2851997289
444.4444444444 0.2821120996
442.8571428571 0.2796218379
441.2811387900 0.2778635984
439.7163120567 0.2769251124
438.1625441696 0.2768512921
436.6197183099 0.2776474496
435.0877192982 0.2792775839
433.5664335664 0.2816606413
432.0557491289 0.2846717834
430.5555555556 0.2881437045
429.0657439446 0.2918893943
427.5862068966 0.2957243523
426.1168384880 0.2995118219
424.6575342466 0.3031945172
423.2081911263 0.3068207718
421.7687074830 0.3105307710
420.3389830508 0.3145310355
418.9189189189 0.3190412372
417.5084175084 0.3242587701
416.1073825503 0.3303194663
414.7157190635 0.3372881066
413.3333333333 0.3451456143
411.9601328904 0.3537961883
410.5960264901 0.3630948222
409.2409240924 0.3728753752
407.8947368421 0.3829930915
406.5573770492 0.3933400041
405.2287581699 0.4038423062
403.9087947883 0.4144220249
402.5974025974 0.4249514831
401.2944983819 0.4352254013
400.0000000000 0.4449466665
398.7138263666 0.4537501008
397.4358974359 0.4612091112
396.1661341853 0.4668622265
394.9044585987 0.4702279482
393.6507936508 0.4708497106
392.4050632911 0.4683671938
391.1671924290 0.4626046096
389.9371069182 0.4536440335
388.7147335423 0.4418431530
387.5000000000 0.4277983933
386.2928348910 0.4122475270
385.0931677019 0.3959600505
383.9009287926 0.3796365563
382.7160493827 0.3638504102
381.5384615385 0.3490110692
380.3680981595 0.3353611254
379.2048929664 0.3229964117
378.0487804878 0.3118866088
376.8996960486 0.3019160701
375.7575757576 0.2929313373
374.6223564955 0.2847756064
373.4939759036 0.2773332342
372.3723723724 0.2705433644
371.2574850299 0.2643972888
370.1492537313 0.2589168187
369.0476190476 0.2541357889
367.9525222552 0.2500681247
366.8639053254 0.2466956004
365.7817109145 0.2439553877
364.7058823529 0.2417405954
363.6363636364 0.2399032447
362.5730994152 0.2382717994
361.5160349854 0.2366678056
360.4651162791 0.2349410411
359.4202898551 0.2329906667
358.3815028902 0.2307818534
357.3487031700 0.2283467646
356.3218390805 0.2257695697
355.3008595989 0.2231563924
354.2857142857 0.2206146067
353.2763532764 0.2182230885
352.2727272727 0.2160317824
351.2747875354 0.2140537897
350.2824858757 0.2122873350
349.2957746479 0.2107268359
348.3146067416 0.2093703944
347.3389355742 0.2082185893
346.3687150838 0.2072681891
345.4038997214 0.2065019537
344.4444444444 0.2058782663
343.4903047091 0.2053333479
342.5414364641 0.2047937438
341.5977961433 0.2041941527
340.6593406593 0.2034878370
339.7260273973 0.2026507565
338.7978142077 0.2016793014
337.8746594005 0.2005840940
336.9565217391 0.1993771838
336.0433604336 0.1980798876
335.1351351351 0.1967281436
334.2318059299 0.1953727085
333.3333333333 0.1940885537
332.4396782842 0.1929593720
331.5508021390 0.1920737171
330.6666666667 0.1915144543
329.7872340426 0.1913467091
328.9124668435 0.1916189468
328.0423280423 0.1923614027
327.1767810026 0.1935804760
326.3157894737 0.1952664689
325.4593175853 0.1973906849
324.6073298429 0.1999065372
323.7597911227 0.2027506792
322.9166666667 0.2058468711
322.0779220779 0.2091112681
321.2435233161 0.2124632449
320.4134366925 0.2158350171
319.5876288660 0.2191855165
318.7660668380 0.2225172191
317.9487179487 0.2258808268
317.1355498721 0.2293689660
316.3265306122 0.2331000942
315.5216284987 0.2371993803
314.7208121827 0.2417806851
313.9240506329 0.2469282734
313.1313131313 0.2526810578
312.3425692695 0.2590250315
311.5577889447 0.2658757793
310.7769423559 0.2730889095
310.0000000000 0.2804537227
309.2269326683 0.2877164997
308.4577114428 0.2946097893
307.6923076923 0.3008863650
306.9306930693 0.3063564990
306.1728395062 0.3109086266
305.4187192118 0.3145074099
304.6683046683 0.3171760000
303.9215686275 0.3189679827
303.1784841076 0.3199475707
302.4390243902 0.3201940694
301.7031630170 0.3198223440
300.9708737864 0.3189890642
300.2421307506 0.3179034055
299.5169082126 0.3168028782
298.7951807229 0.3159243993
298.0769230769 0.3154793256
297.3621103118 0.3156339962
296.6507177033 0.3164958906
295.9427207637 0.3181306142
295.2380952381 0.3205643422
294.5368171021 0.3238070841
293.8388625592 0.3278614144
293.1442080378 0.3327343099
292.4528301887 0.3384386936
291.7647058824 0.3449979909
291.0798122066 0.3524387415
290.3981264637 0.3607785985
289.7196261682 0.3700262265
289.0442890443 0.3801706313
288.3720930233 0.3911824647
287.7030162413 0.4030092884
287.0370370370 0.4155753443
286.3741339492 0.4287737172
285.7142857143 0.4424553573
285.0574712644 0.4564072731
284.4036697248 0.4703595741
283.7528604119 0.4839972036
283.1050228311 0.4970010292
282.4601366743 0.5090693775
281.8181818182 0.5199151046
281.1791383220 0.5292455888
280.5429864253 0.5367409069
279.9097065463 0.5420767822
279.2792792793 0.5450054378
278.6516853933 0.5454640607
278.0269058296 0.5436503685
277.4049217002 0.5400130736
276.7857142857 0.5351778661
276.1692650334 0.5298156536
275.5555555556 0.5245404738
274.9445676275 0.5198391358
274.3362831858 0.5160521961
273.7306843267 0.5133833061
273.1277533040 0.5119422023
272.5274725275 0.5117851343
271.9298245614 0.5129670724
271.3347921225 0.5155737617
270.7423580786 0.5197220282
270.1525054466 0.5255471822
269.5652173913 0.5331789478
268.9804772234 0.5427073858
268.3982683983 0.5541597671
267.8185745140 0.5674739629
267.2413793103 0.5824650766
266.6666666667 0.5987950280
266.0944206009 0.6159451334
265.5246252677 0.6332293146
264.9572649573 0.6498336468
264.3923240938 0.6649383088
263.8297872340 0.6778736256
263.2696390658 0.6882975513
262.7118644068 0.6963009760
262.1564482030 0.7024135902
261.6033755274 0.7074989894
261.0526315789 0.7125738354
260.5042016807 0.7186446659
259.9580712788 0.7265875624
259.4142259414 0.7371014295
258.8726513570 0.7507226438
258.3333333333 0.7678617308
257.7962577963 0.7888590105
257.2614107884 0.8140207112
256.7287784679 0.8436588440
256.1983471074 0.8780943350
255.6701030928 0.9176719742
255.1440329218 0.9627551472
254.6201232033 1.0137238546
254.0983606557 1.0709760532
253.5787321063 1.1349035176
253.0612244898 1.2058573798
252.5458248473 1.2840711488
252.0325203252 1.3695514264
251.5212981744 1.4619433353
251.0121457490 1.5603947465
250.5050505051 1.6634721958
250.0000000000 1.7691895144
249.4969818913 1.8751757366
248.9959839357 1.9790119150
248.4969939880 2.0786615823
248.0000000000 2.1728849585
247.5049900200 2.2615312839
247.0119521912 2.3456053207
246.5208747515 2.4270402150
246.0317460317 2.5082500165
245.5445544554 2.5915399052
245.0592885375 2.6785601881
244.5759368836 2.7699289742
244.0944881890 2.8650811979
243.6149312377 2.9622769902
243.1372549020 3.0587163567
242.6614481409 3.1506771395
242.1875000000 3.2337439008
241.7153996101 3.3032466258
241.2451361868 3.3549452249
240.7766990291 3.3858688672
240.3100775194 3.3950151919
239.8452611219 3.3836298400
239.3822393822 3.3549407082
238.9210019268 3.3134855074
238.4615384615 3.2642677141
238.0038387716 3.2119635566
237.5478927203 3.1602642452
237.0936902486 3.1113812712
236.6412213740 3.0657874008
236.1904761905 3.0222971735
235.7414448669 2.9785435984
235.2941176471 2.9318171922
234.8484848485 2.8800173318
234.4045368620 2.8224231505
233.9622641509 2.7599963759
233.5216572505 2.6951162964
233.0827067669 2.6308689166
232.6454033771 2.5702135500
232.2097378277 2.5152988870
231.7757009346 2.4670563035
231.3432835821 2.4251384554
230.9124767225 2.3881587894
230.4832713755 2.3541571542
230.0556586271 2.3212320856
229.6296296296 2.2881732704
229.2051756007 2.2548941314
228.7822878229 2.2225216279
228.3609576427 2.1931426168
227.9411764706 2.1693551202
227.5229357798 2.1537909190
227.1062271062 2.1487931060
226.6910420475 2.1562616105
226.2773722628 2.1776090405
225.8652094718 2.2137732821
225.4545454545 2.2652245607
225.0453720508 2.3319205648
224.6376811594 2.4132283171
224.2314647378 2.5078373035
223.8267148014 2.6136808515
223.4234234234 2.7278897542
223.0215827338 2.8468125413
222.6211849192 2.9661154328
222.2222222222 3.0809558179
221.8246869410 3.1862176566
221.4285714286 3.2768148282
221.0338680927 3.3481091221
220.6405693950 3.3964681012
220.2486678508 3.4199433727
219.8581560284 3.4188199659
219.4690265487 3.3957823486
219.0812720848 3.3554995754
218.6948853616 3.3037080680
218.3098591549 3.2461301758
217.9261862917 3.1875404180
217.5438596491 3.1312614083
217.1628721541 3.0790615055
216.7832167832 3.0313726521
216.4048865620 2.9876683539
216.0278745645 2.9469050938
215.6521739130 2.9079946840
215.2777777778 2.8702301079
214.9046793761 2.8334974648
214.5328719723 2.7982255737
214.1623488774 2.7650472628
213.7931034483 2.7343814439
213.4251290878 2.7061436309
213.0584192440 2.6797086777
212.6929674099 2.6541064793
212.3287671233 2.6282774458
211.9658119658 2.6012506850
211.6040955631 2.5722356849
211.2436115843 2.5406261874
210.8843537415 2.5059723980
210.5263157895 2.4679627720
210.1694915254 2.4264334941
209.8138747885 2.3814660803
209.4594594595 2.3335587814
209.1062394604 2.2838190932
208.7542087542 2.2340186983
208.4033613445 2.1864572993
208.0536912752 2.1436694579
207.7051926298 2.1081010069
207.3578595318 2.0818464447
207.0116861436 2.0665269188
206.6666666667 2.0632509471
206.3227953411 2.0726741643
205.9800664452 2.0950694826
205.6384742952 2.1304321731
205.2980132450 2.1785295193
204.9586776860 2.2389475972
204.6204620462 2.3110487460
204.2833607908 2.3939317309
203.9473684211 2.4863619136
203.6124794745 2.5867309387
203.2786885246 2.6930335173
202.9459901800 2.8028997997
202.6143790850 2.9136764133
202.2838499184 3.0225798174
201.9543973941 3.1269150207
201.6260162602 3.2242410107
201.2987012987 3.3124672730
200.9724473258 3.3898538037
200.6472491909 3.4548929022
200.3231017771 3.5061952727
200.0000000000 3.5423535239
199.6779388084 3.5619501085
199.3569131833 3.5637534751
199.0369181380 3.5470805043
198.7179487179 3.5122206217
198.4000000000 3.4607090515
198.0830670927 3.3953079543
197.7671451356 3.3196412123
197.4522292994 3.2376095864
197.1383147854 3.1528409608
196.8253968254 3.0682795675
196.5134706815 2.9860631858
196.2025316456 2.9075403166
195.8925750395 2.8333831267
195.5835962145 2.7636884428
195.2755905512 2.6981092490
194.9685534591 2.6360192498
194.6624803768 2.5767493760
194.3573667712 2.5198628298
194.0532081377 2.4654065558
193.7500000000 2.4140519396
193.4477379095 2.3670638545
193.1464174455 2.3260902244
192.8460342146 2.2928341302
192.5465838509 2.2686789864
192.2480620155 2.2544093678
191.9504643963 2.2500348011
191.6537867079 2.2547628704
191.3580246914 2.2671082997
191.0631741140 2.2851035775
190.7692307692 2.3065844594
190.4761904762 2.3295079471
190.1840490798 2.3522560628
189.8928024502 2.3738811817
189.6024464832 2.3942531980
189.3129770992 2.4140507449
189.0243902439 2.4345975440
188.7366818874 2.4575778119
188.4498480243 2.4846915399
188.1638846737 2.5173691862
187.8787878788 2.5565800857
187.5945537065 2.6026892740
187.3111782477 2.6553459085
187.0286576169 2.7133749754
186.7469879518 2.7746879323
186.4661654135 2.8363141354
186.1861861862 2.8945787061
185.9070464768 2.9454565855
185.6287425150 2.9850219625
185.3512705531 3.0100030327
185.0746268657 3.0182849988
184.7988077496 3.0093367083
184.5238095238 2.9843184364
184.2496285290 2.9458577183
183.9762611276 2.8974909238
183.7037037037 2.8430314641
183.4319526627 2.7860968182
183.1610044313 2.7298612968
182.8908554572 2.6770071296
182.6215022091 2.6297781661
182.3529411765 2.5899650808
182.0851688693 2.5588651827
181.8181818182 2.5372056269
181.5519765739 2.5251130047
181.2865497076 2.5221580506
181.0218978102 2.5274347899
180.7580174927 2.5397087120
180.4949053857 2.5575760810
180.2325581395 2.5796383912
179.9709724238 2.6047564015
179.7101449275 2.6322703505
179.4500723589 2.6621836854
179.1907514451 2.6951753617
178.9321789322 2.7323814948
178.6743515850 2.7749869779
178.4172661871 2.8237545505
178.1609195402 2.8785898816
177.9053084648 2.9383210090
177.6504297994 3.0007467276
177.3962804006 3.0630001556
177.1428571429 3.1221285425
176.8901569187 3.1757419874
176.6381766382 3.2225503373
176.3869132290 3.2625943897
176.1363636364 3.2971465217
175.8865248227 3.3283050438
175.6373937677 3.3584031176
175.3889674682 3.3893605522
175.1412429379 3.4221930644
174.8942172073 3.4567882780
174.6478873239 3.4919412909
174.4022503516 3.5256370115
174.1573033708 3.5554576530
173.9130434783 3.5790402246
173.6694677871 3.5945281224
173.4265734266 3.6009005133
173.1843575419 3.5981474328
172.9428172943 3.5872315649
172.7019498607 3.5698913699
172.4617524339 3.5483608708
172.2222222222 3.5250130558
171.9833564494 3.5019842083
171.7451523546 3.4808786764
171.5076071923 3.4626367959
171.2707182320 3.4475521220
171.0344827586 3.4354379124
170.7988980716 3.4257886844
170.5639614856 3.4179052641
170.3296703297 3.4109778081
170.0960219479 3.4042081271
169.8630136986 3.3969595691
169.6306429549 3.3889662289
169.3989071038 3.3804593522
169.1678035471 3.3721349043
168.9373297003 3.3649507679
168.7074829932 3.3598026355
168.4782608696 3.3572600602
168.2496607870 3.3574734198
168.0216802168 3.3603050867
167.7943166441 3.3655818467
167.5675675676 3.3733396201
167.3414304993 3.3839106193
167.1159029650 3.3978611859
166.8909825034 3.4158454043
166.6666666667 3.4384600055
166.4429530201 3.4661451392
166.2198391421 3.4991044759
165.9973226238 3.5372179058
165.7754010695 3.5798853870
165.5540720961 3.6259423952
165.3333333333 3.6736742717
165.1131824234 3.7210699331
164.8936170213 3.7662804132
164.6746347942 3.8081246887
164.4562334218 3.8464658409
164.2384105960 3.8823247029
164.0211640212 3.9177426833
163.8044914135 3.9554117053
163.5883905013 3.9981904149
163.3728590250 4.0485923976
163.1578947368 4.1083835199
162.9434954008 4.1783451452
162.7296587927 4.2582820840
162.5163826999 4.3471794458
162.3036649215 4.4435123992
162.0915032680 4.5455809390
161.8798955614 4.6518408869
161.6688396349 4.7610946929
161.4583333333 4.8724466951
161.2483745124 4.9850467301
161.0389610390 5.0976950919
160.8300907912 5.2085919488
160.6217616580 5.3154012651
160.4139715395 5.4156385718
160.2067183463 5.5072019052
160.0000000000 5.5887116159
159.7938144330 5.6595910163
159.5881595882 5.7198874974
159.3830334190 5.7701203851
159.1784338896 5.8112550945
158.9743589744 5.8447862715
158.7708066581 5.8727220255
158.5677749361 5.8973506543
158.3652618135 5.9207976152
158.1632653061 5.9446210160
157.9617834395 5.9696153948
157.7608142494 5.9960098827
157.5603557814 6.0238936561
157.3604060914 6.0536730188
157.1609632446 6.0862324822
156.9620253165 6.1226380653
156.7635903919 6.1634991639
156.5656565657 6.2083065401
156.3682219420 6.2551198903
156.1712846348 6.3007415518
155.9748427673 6.3413410763
155.7788944724 6.3731892911
155.5834378921 6.3932728649
155.3884711779 6.3996311593
155.1939924906 6.3915090041
155.0000000000 6.3693664136
154.8064918851 6.3348789657
154.6134663342 6.2908187031
154.4209215442 6.2407844730
154.2288557214 6.1887738743
154.0372670807 6.1386266015
153.8461538462 6.0935194874
153.6555142503 6.0555279179
153.4653465347 6.0253734847
153.2756489493 6.0022924376
153.0864197531 5.9840632315
152.8976572133 5.9671918201
152.7093596059 5.9472946630
152.5215252153 5.9197728464
152.3341523342 5.8807157692
152.1472392638 5.8278740064
151.9607843137 5.7612760591
151.7747858017 5.6832094190
151.5892420538 5.5974931123
151.4041514042 5.5083610121
151.2195121951 5.4193800264
151.0353227771 5.3327636873
150.8515815085 5.2491308169
150.6682867558 5.1676559387
150.4854368932 5.0865023164
150.3030303030 5.0034451251
150.1210653753 4.9165633451
149.9395405079 4.8248215358
149.7584541063 4.7283700991
149.5778045838 4.6284521654
149.3975903614 4.5270044808
149.2178098676 4.4261321502
149.0384615385 4.3276125105
148.8595438175 4.2325831599
148.6810551559 4.1415007374
148.5029940120 4.0542928872
148.3253588517 3.9707323028
148.1481481481 3.8907933195
147.9713603819 3.8148773690
147.7949940405 3.7438077390
147.6190476190 3.6785861043
147.4435196195 3.6200560431
147.2684085511 3.5686945933
147.0937129300 3.5245515339
146.9194312796 3.4873364134
146.7455621302 3.4565382002
146.5721040189 3.4314210520
146.3990554900 3.4109728243
146.2264150943 3.3938533673
146.0541813899 3.3784576627
145.8823529412 3.3631284752
145.7109283196 3.3464296189
145.5399061033 3.3273873546
145.3692848769 3.3056123135
145.1990632319 3.2812812607
145.0292397661 3.2549347506
144.8598130841 3.2272275563
144.6907817970 3.1987135671
144.5221445221 3.1697538032
144.3538998836 3.1405861794
144.1860465116 3.1114846695
144.0185830430 3.0829086706
143.8515081206 3.0556050828
143.6848203940 3.0305789929
143.5185185185 3.0089571744
143.3526011561 2.9917402333
143.1870669746 2.9795753813
143.0219146482 2.9725795362
142.8571428571 2.9703615544
142.6927502877 2.9721875434
142.5287356322 2.9772175300
142.3650975890 2.9847002122
142.2018348624 2.9940640476
142.0389461627 3.0048631010
141.8764302059 3.0166612424
141.7142857143 3.0288602377
141.5525114155 3.0405765106
141.3911060433 3.0505755920
141.2300683371 3.0573024351
141.0693970421 3.0590020889
140.9090909091 3.0539165503
140.7491486947 3.0405028205
140.5895691610 3.0176347945
140.4303510759 2.9847515299
140.2714932127 2.9419581787
140.1129943503 2.8900885399
139.9548532731 2.8306547652
139.7970687711 2.7657295489
139.6396396396 2.6977348512
139.4825646794 2.6292300417
139.3258426966 2.5626717334
139.1694725028 2.5002737889
139.0134529148 2.4438371901
138.8577827548 2.3946616326
138.7024608501 2.3534805389
138.5474860335 2.3204538386
138.3928571429 2.2952136135
138.2385730212 2.2769753843
138.0846325167 2.2646301998
137.9310344828 2.2568594384
137.7777777778 2.2522019067
137.6248612653 2.2491334948
137.4722838137 2.2461898284
137.3200442968 2.2421199309
137.1681415929 2.2360865487
137.0165745856 2.2277727102
136.8653421634 2.2173940362
136.7144432194 2.2055853466
136.5638766520 2.1932157349
136.4136413641 2.1812391607
136.2637362637 2.1705251549
136.1141602634 2.1617745929
135.9649122807 2.1554347440
135.8159912377 2.1516447493
135.6673960613 2.1502026236
135.5191256831 2.1505944175
135.3711790393 2.1520953057
135.2235550709 2.1538931895
135.0762527233 2.1552161375
134.9292709467 2.1554324393
134.7826086957 2.1541074926
134.6362649294 2.1510297892
134.4902386117 2.1462152316
134.3445287107 2.1398206840
134.1991341991 2.1320538456
134.0540540541 2.1230007882
133.9092872570 2.1125402673
133.7648327940 2.1003297683
133.6206896552 2.0859080736
133.4768568353 2.0689028180
133.3333333333 2.0492049668
133.1901181525 2.0271259375
133.0472103004 2.0033659585
132.9046087889 1.9789251083
132.7623126338 1.9548829676
132.6203208556 1.9322078968
132.4786324786 1.9115930812
132.3372465315 1.8933678022
132.1961620469 1.8775586151
132.0553780618 1.8639288367
131.9148936170 1.8521181177
131.7747077577 1.8416771331
131.6348195329 1.8321251057
131.4952279958 1.8229980806
131.3559322034 1.8138910653
131.2169312169 1.8045683044
131.0782241015 1.7950031737
130.9398099261 1.7854248505
130.8016877637 1.7762550462
130.6638566913 1.7680052571
130.5263157895 1.7611309160
130.3890641430 1.7559072269
130.2521008403 1.7523856278
130.1154249738 1.7504414058
129.9790356394 1.7499066533
129.8429319372 1.7507499044
129.7071129707 1.7531848747
129.5715778474 1.7576389017
129.4363256785 1.7645997436
129.3013555787 1.7744351492
129.1666666667 1.7872213376
129.0322580645 1.8027252892
128.8981288981 1.8204825921
128.7642782970 1.8399350484
128.6307053942 1.8605524224
128.4974093264 1.8818722370
128.3643892340 1.9034407470
128.2316442606 1.9247041640
128.0991735537 1.9449060334
127.9669762642 1.9630369652
127.8350515464 1.9778896918
127.7033985582 1.9881602784
127.5720164609 1.9925857837
127.4409044193 1.9900823160
127.3100616016 1.9798473839
127.1794871795 1.9614799159
127.0491803279 1.9350953389
126.9191402252 1.9014128132
126.7893660532 1.8617878331
126.6598569969 1.8181424925
126.5306122449 1.7727578975
126.4016309888 1.7280435917
126.2729124236 1.6862561445
126.1444557477 1.6492606673
126.0162601626 1.6183972570
125.8883248731 1.5943970120
125.7606490872 1.5774099195
125.6332320162 1.5670884549
125.5060728745 1.5627069199
125.3791708797 1.5633028198
125.2525252525 1.5678229294
125.1261352170 1.5752361834
125.0000000000 1.5846572039
124.8741188318 1.5954087912
124.7484909457 1.6070776492
124.6231155779 1.6194711464
124.4979919679 1.6325225050
124.3731193581 1.6461647326
124.2484969940 1.6602005565
124.1241241241 1.6742231806
124.0000000000 1.6875744015
123.8761238761 1.6993916686
123.7524950100 1.7087272911
123.6291126620 1.7147229692
123.5059760956 1.7167954061
123.3830845771 1.7147714023
123.2604373757 1.7089310768
123.1380337637 1.6999034759
123.0158730159 1.6885583883
122.8939544103 1.6758940589
122.7722772277 1.6629447859
122.6508407517 1.6507466052
122.5296442688 1.6402608305
122.4086870681 1.6322690340
122.2879684418 1.6272880900
122.1674876847 1.6255195796
122.0472440945 1.6268304992
121.9272369715 1.6308109585
121.8074656189 1.6368708945
121.6879293425 1.6443549090
121.5686274510 1.6526891866
121.4495592556 1.6614975423
121.3307240705 1.6706688878
121.2121212121 1.6803267551
121.0937500000 1.6907600271
120.9756097561 1.7023111414
120.8576998051 1.7152918654
120.7400194742 1.7299197831
120.6225680934 1.7462826930
120.5053449951 1.7643029191
120.3883495146 1.7837438518
120.2715809893 1.8042377433
120.1550387597 1.8253065879
120.0387221684 1.8463689617
119.9226305609 1.8666868084
119.8067632850 1.8853154743
119.6911196911 1.9010957973
119.5756991321 1.9128121048
119.4605009634 1.9194709059
119.3455245428 1.9206304522
119.2307692308 1.9165942385
119.1162343900 1.9084042443
119.0019193858 1.8976288375
118.8878235858 1.8860320608
118.7739463602 1.8752651904
118.6602870813 1.8666375997
118.5468451243 1.8609785581
118.4336198663 1.8585839874
118.3206106870 1.8592527671
118.2078169685 1.8623452435
118.0952380952 1.8669285104
117.9828734539 1.8719405397
117.8707224335 1.8764197232
117.7587844255 1.8796778947
117.6470588235 1.8814525721
117.5355450237 1.8819268345
117.4242424242 1.8816340978
117.3131504257 1.8812686152
117.2022684310 1.8814153760
117.0915958451 1.8823796054
116.9811320755 1.8841093666
116.8708765316 1.8863242667
116.7608286252 1.8887355658
116.6509877705 1.8912675106
116.5413533835 1.8941781715
116.4319248826 1.8979737092
116.3227016886 1.9032493480
116.2136832240 1.9104820841
116.1048689139 1.9199097830
115.9962581852 1.9314863548
115.8878504673 1.9449025871
115.7796451914 1.9597130862
115.6716417910 1.9754784170
115.5638397018 1.9919735620
115.4562383613 2.0093239486
115.3488372093 2.0280174860
115.2416356877 2.0488066718
115.1346332405 2.0725076157
115.0278293135 2.0998092540
114.9212233550 2.1311516654
114.8148148148 2.1666702718
114.7086031452 2.2062282807
114.6025878004 2.2494715066
114.4967682364 2.2958798533
114.3911439114 2.3448116425
114.2857142857 2.3954930181
114.1804788214 2.4470036894
114.0754369825 2.4982332869
113.9705882353 2.5478742007
113.8659320478 2.5944653532
113.7614678899 2.6364977708
113.6571952337 2.6725782440
113.5531135531 2.7015854587
113.4492223239 2.7227531031
113.3455210238 2.7357867349
113.2420091324 2.7409122262
113.1386861314 2.7389477314
113.0355515041 2.7312926987
112.9326047359 2.7197741138
112.8298453139 2.7063370665
112.7272727273 2.6926809511
112.6248864668 2.6799995019
112.5226860254 2.6689331735
112.4206708976 2.6597546163
112.3188405797 2.6526520631
112.2171945701 2.6478847774
112.1157323689 2.6457907989
112.0144534779 2.6465714629
111.9133574007 2.6500523658
111.8124436429 2.6555475990
111.7117117117 2.6618839464
111.6111611161 2.6676678605
111.5107913669 2.6715833743
111.4106019766 2.6727135937
111.3105924596 2.6706692263
111.2107623318 2.6655795314
111.1111111111 2.6579524460
111.0116383169 2.6485116475
110.9123434705 2.6380777551
110.8132260947 2.6275051348
110.7142857143 2.6176068432
110.6155218555 2.6090450244
110.5169340463 2.6022355708
110.4185218166 2.5972182110
110.3202846975 2.5936469322
110.2222222222 2.5908902990
110.1243339254 2.5881930755
110.0266193434 2.5848501340
109.9290780142 2.5803698920
109.8317094774 2.5745057003
109.7345132743 2.5672570191
109.6374889478 2.5588516471
109.5406360424 2.5497088641
109.4439541041 2.5403985467
109.3474426808 2.5316725748
109.2511013216 2.5244313628
109.1549295775 2.5196785167
109.0589270009 2.5184213520
108.9630931459 2.5215054170
108.8674275680 2.5294404320
108.7719298246 2.5422371788
108.6765994741 2.5593557383
108.5814360771 2.5797157708
108.4864391951 2.6018457706
108.3916083916 2.6240789876
108.2969432314 2.6447956929
108.2024432810 2.6626655668
108.1081081081 2.6768365622
108.0139372822 2.6870435634
107.9199303742 2.6935637064
107.8260869565 2.6970640542
107.7324066030 2.6983523928
107.6388888889 2.6981268693
107.5455333912 2.6968248265
107.4523396880 2.6945364973
107.3593073593 2.6910189227
107.2664359862 2.6857874597
107.1737251513 2.6782504307
107.0811744387 2.6679106069
106.9887834340 2.6544939669
106.8965517241 2.6380170892
106.8044788975 2.6186912983
106.7125645439 2.5967598266
106.6208082545 2.5723767934
106.5292096220 2.5455752914
106.4377682403 2.5163921465
106.3464837050 2.4850763173
106.2553556127 2.4522087322
106.1643835616 2.4187168766
106.0735671514 2.3857433752
105.9829059829 2.3544538057
105.8923996584 2.3259256272
105.8020477816 2.3010676250
105.7118499574 2.2806180596
105.6218057922 2.2651826153
105.5319148936 2.2552130808
105.4421768707 2.2509860383
105.3525913339 2.2525338565
105.2631578947 2.2595956160
105.1738761662 2.2715842643
105.0847457627 2.2876699442
104.9957662997 2.3069318638
104.9069373942 2.3285346693
104.8182586644 2.3518851094
104.7297297297 2.3766608459
104.6413502110 2.4027910909
104.5531197302 2.4303129746
104.4650379107 2.4592716189
104.3771043771 2.4895759471
104.2893187553 2.5209704793
104.2016806723 2.5530391750
104.1141897565 2.5853254945
104.0268456376 2.6175207383
103.9396479464 2.6496405445
103.8525963149 2.6821334746
103.7656903766 2.7158253404
103.6789297659 2.7517149492
103.5923141186 2.7906251057
103.5058430718 2.8328532689
103.4195162636 2.8778866085
103.3333333333 2.9243421747
103.2472939217 2.9701079160
103.1613976705 3.0127116603
103.0756442228 3.0498331283
102.9900332226 3.0798189282
102.9045643154 3.1020457589
102.8192371476 3.1170733248
102.7340513670 3.1264469145
102.6490066225 3.1322401205
102.5641025641 3.1364674681
102.4793388430 3.1405943201
102.3947151115 3.1452893188
102.3102310231 3.1505259416
102.2258862325 3.1558781419
102.1416803954 3.1609425664
102.0576131687 3.1656051797
101.9736842105 3.1701232494
101.8898931800 3.1751065582
101.8062397373 3.1814417883
101.7227235439 3.1903135673
101.6393442623 3.2031847537
101.5561015561 3.2217395956
101.4729950900 3.2477083246
101.3900245298 3.2826216686
101.3071895425 3.3276093580
101.2244897959 3.3831870389
101.1419249592 3.4491422008
101.0594947025 3.5243982914
100.9771986971 3.6069707337
100.8950366151 3.6940341113
100.8130081301 3.7820703027
100.7311129163 3.8672483347
100.6493506494 3.9459161178
100.5677210057 4.0152155973
100.4862236629 4.0736782793
100.4048582996 4.1215760983
100.3236245955 4.1608666727
100.2425222312 4.1946690692
100.1615508885 4.2264679141
100.0807102502 4.2592553844
100.0000000000 4.2949597648
99.9194198227 4.3342345662
99.8389694042 4.3766624476
99.7586484312 4.4212096690
99.6784565916 4.4668659976
99.5983935743 4.5131637192
99.5184590690 4.5605111663
99.4386527666 4.6101761832
99.3589743590 4.6639316221
99.2794235388 4.7235357123
99.2000000000 4.7902126564
99.1207034373 4.8643193285
99.0415335463 4.9452710266
98.9624900239 5.0317657098
98.8835725678 5.1220884846
98.8047808765 5.2145104561
98.7261146497 5.3075770154
98.6475735879 5.4002741164
98.5691573927 5.4919783027
98.4908657665 5.5822400550
98.4126984127 5.6704813143
98.3346550357 5.7557026987
98.2567353407 5.8363345774
98.1789390340 5.9103135090
98.1012658228 5.9754057824
98.0237154150 6.0296902416
97.9462875197 6.0719643072
97.8689818469 6.1018665539
97.7917981073 6.1197807227
97.7147360126 6.1265566549
97.6377952756 6.1233471068
97.5609756098 6.1115400309
97.4842767296 6.0927069013
97.4076983504 6.0683799588
97.3312401884 6.0395965138
97.2549019608 6.0063944942
97.1786833856 5.9675015884
97.1025841817 5.9205031740
97.0266040689 5.8624217857
96.9507427678 5.7906736780
96.8750000000 5.7040492518
96.7993754879 5.6034537150
96.7238689548 5.4921740855
96.6484801247 5.3754475642
96.5732087227 5.2595380052
96.4980544747 5.1505186100
96.4230171073 5.0532077159
96.3480963481 4.9704598477
96.2732919255 4.9029723737
96.1986035687 4.8496190584
96.1240310078 4.8081615626
96.0495739737 4.7761610771
95.9752321981 4.7518002414
95.9010054138 4.7342613675
95.8268933539 4.7236222969
95.7528957529 4.7203412290
95.6790123457 4.7246205350
95.6052428682 4.7360218002
95.5315870570 4.7534349966
95.4580446497 4.7753909563
95.3846153846 4.8004544430
95.3112990008 4.8275300839
95.2380952381 4.8558551589
95.1650038373 4.8848583428
95.0920245399 4.9139304072
95.0191570881 4.9422530397
94.9464012251 4.9686231943
94.8737566947 4.9912476542
94.8012232416 5.0076032321
94.7288006112 5.0144996144
94.6564885496 5.0084824254
94.5842868040 4.9864484126
94.5121951220 4.9463470401
94.4402132521 4.8876932665
94.3683409437 4.8117476678
94.2965779468 4.7213321535
94.2249240122 4.6202730581
94.1533788914 4.5127781302
94.0819423369 4.4028050304
94.0106141016 4.2937611827
93.9393939394 4.1883622548
93.8682816048 4.0887790986
93.7972768533 3.9967566295
93.7263794407 3.9137175817
93.6555891239 3.8407946007
93.5849056604 3.7787460293
93.5143288084 3.7279107496
93.4438583271 3.6881464032
93.3734939759 3.6588035418
93.3032355154 3.6387362160
93.2330827068 3.6264060165
93.1630353118 3.6200534013
93.0930930931 3.6179797693
93.0232558140 3.6188699770
92.9535232384 3.6220540724
92.8838951311 3.6276507582
92.8143712575 3.6364425966
92.7449513837 3.6496181213
92.6756352765 3.6683715915
92.6064227035 3.6935012308
92.5373134328 3.7251346212
92.4683072334 3.7626529221
92.3994038748 3.8048672672
92.3306031273 3.8504600554
92.2619047619 3.8984435731
92.1933085502 3.9485296636
92.1248142645 4.0011378516
92.0564216778 4.0570909526
91.9881305638 4.1171703301
91.9199406968 4.1817906093
91.8518518519 4.2509300245
91.7838638046 4.3243639332
91.7159763314 4.4019546265
91.6481892092 4.4837998413
91.5805022157 4.5700701359
91.5129151292 4.6605504133
91.4454277286 4.7540628134
91.3780397937 4.8481468409
91.3107511046 4.9390940224
91.2435614422 5.0224013921
91.1764705882 5.0934126829
91.1094783248 5.1479507885
91.0425844347 5.1827541279
90.9757887014 5.1956922060
90.9090909091 5.1859170107
90.8424908425 5.1539969963
90.7759882870 5.1020488156
90.7095830285 5.0337537202
90.6432748538 4.9541062063
90.5770635500 4.8688592577
90.5109489051 4.7837031947
90.4449307075 4.7034342410
90.3790087464 4.6312419390
90.3131828114 4.5682952139
90.2474526929 4.5137082170
90.1818181818 4.4649381943
90.1162790698 4.4185569633
90.0508351489 4.3711737780
89.9854862119 4.3203436055
89.9202320522 4.2650672391
89.8550724638 4.2058712529
89.7900072411 4.1444454506
89.7250361795 4.0831463148
89.6601590745 4.0245210898
89.5953757225 3.9709560235
89.5306859206 3.9244235505
89.4660894661 3.8862989204
89.4015861572 3.8571892923
89.3371757925 3.8368494197
89.2728581713 3.8241536131
89.2086330935 3.8173067044
89.1445003595 3.8141487477
89.0804597701 3.8125252531
89.0165111271 3.8105944585
88.9526542324 3.8070025460
88.8888888889 3.8009905448
88.8252148997 3.7924971910
88.7616320687 3.7821802236
88.6981402003 3.7713602585
88.6347390994 3.7617853737
88.5714285714 3.7552606482
88.5082084226 3.7532842207
88.4450784593 3.7567272178
88.3820384890 3.7657199589
88.3190883191 3.7797553467
88.2562277580 3.7979457506
88.1934566145 3.8194286532
88.1307746979 3.8437408001
88.0681818182 3.8711187721
88.0056777857 3.9025226064
87.9432624113 3.9394372706
87.8809355067 3.9834978564
87.8186968839 4.0359666512
87.7565463553 4.0973078496
87.6944837341 4.1669352340
87.6325088339 4.2431978504
87.5706214689 4.3236115354
87.5088214538 4.4052231848
87.4471086037 4.4849950948
87.3854827343 4.5600799750
87.3239436620 4.6278959562
87.2624912034 4.6861176652
87.2011251758 4.7325934559
87.1398453970 4.7653126344
87.0786516854 4.7823814854
87.0175438596 4.7820676661
86.9565217391 4.7628539673
86.8955851437 4.7235984955
86.8347338936 4.6638632642
86.7739678097 4.5842959895
86.7132867133 4.4869212730
86.6526904263 4.3751422314
86.5921787709 4.2534315571
86.5317515701 4.1267942884
86.4714086471 4.0002123899
86.4111498258 3.8782374258
86.3509749304 3.7646882081
86.2908837857 3.6624865646
86.2308762170 3.5735376247
86.1709520500 3.4987483275
86.1111111111 3.4380976996
86.0513532269 3.3908267039
85.9916782247 3.3556862892
85.9320859321 3.3311661391
85.8725761773 3.3157166088
85.8131487889 3.3078523575
85.7538035961 3.3062080728
85.6945404285 3.3095602137
85.6353591160 3.3168146238
85.5762594893 3.3269599888
85.5172413793 3.3390303850
85.4583046175 3.3520722604
85.3994490358 3.3651784068
85.3406744666 3.3775651043
85.2819807428 3.3886204493
85.2233676976 3.3978709171
85.1648351648 3.4048466924
85.1063829787 3.4088839127
85.0480109739 3.4090900106
84.9897189856 3.4044340557
84.9315068493 3.3940013287
84.8733744011 3.3773264106
84.8153214774 3.3546367217
84.7573479152 3.3269339776
84.6994535519 3.2958930227
84.6416382253 3.2636390273
84.5839017735 3.2324788588
84.5262440354 3.2046245042
84.4686648501 3.1819230627
84.4111640572 3.1656574736
84.3537414966 3.1563804340
84.2963970088 3.1539441518
84.2391304348 3.1575660012
84.1819416158 3.1659937052
84.1248303935 3.1776473587
84.0677966102 3.1908159209
84.0108401084 3.2038980024
83.9539607312 3.2157064573
83.8971583221 3.2257242927
83.8404327248 3.2342582003
83.7837837838 3.2423325182
83.7272113437 3.2513766389
83.6707152497 3.2628030698
83.6142953473 3.2775937377
83.5579514825 3.2960229715
83.5016835017 3.3176117205
83.4454912517 3.3412744121
83.3893745797 3.3655649286
83.3333333333 3.3891148275
83.2773673606 3.4110076689
83.2214765101 3.4311388171
83.1656606304 3.4503690393
83.1099195710 3.4702893326
83.0542531815 3.4927387682
82.9986613119 3.5191336875
82.9431438127 3.5499438020
82.8877005348 3.5844004136
82.8323313293 3.6204820373
82.7770360481 3.6551324726
82.7218145430 3.6845616895
82.6666666667 3.7046572582
82.6115922718 3.7114661811
82.5565912117 3.7017831287
82.5016633400 3.6737111175
82.4468085106 3.6270369419
82.3920265781 3.5632610601
82.3373173971 3.4853737085
82.2826808228 3.3973659284
82.2281167109 3.3037060148
82.1736249172 3.2088512979
82.1192052980 3.1168337538
82.0648577101 3.0308907217
82.0105820106 2.9532747633
81.9563780568 2.8851976526
81.9022457067 2.8269328289
81.8481848185 2.7780437357
81.7941952507 2.7376221476
81.7402768622 2.7044692478
81.6864295125 2.6772382065
81.6326530612 2.6544759067
81.5789473684 2.6347312071
81.5253122945 2.6166226202
81.4717477004 2.5989622867
81.4182534471 2.5808649259
81.3648293963 2.5618469303
81.3114754098 2.5418540947
81.2581913499 2.5212895919
81.2049770792 2.5009958859
81.1518324607 2.4821643413
81.0987573578 2.4661562947
81.0457516340 2.4543019436
80.9928151535 2.4475943595
80.9399477807 2.4465008920
80.8871493803 2.4508053740
80.8344198175 2.4596319195
80.7817589577 2.4715681794
80.7291666667 2.4848982252
80.6766428107 2.4978255116
80.6241872562 2.5087683985
80.5717998700 2.5165521242
80.5194805195 2.5205907384
80.4672290720 2.5209556858
80.4150453956 2.5183205748
80.3629293584 2.5137659285
80.3108808290 2.5085677477
80.2588996764 2.5039902080
80.2069857697 2.5011865787
80.1551389787 2.5011046456
80.1033591731 2.5044803349
80.0516462234 2.5117373671
80.0000000000 2.5228920259
79.9484203740 2.5374946611
79.8969072165 2.5546029012
79.8454603992 2.5728754357
79.7940797941 2.5908071973
79.7427652733 2.6071058593
79.6915167095 2.6209953939
79.6403339756 2.6325097469
79.5892169448 2.6424052947
79.5381654907 2.6519215818
79.4871794872 2.6622793946
79.4362588085 2.6742664031
79.3854033291 2.6879999953
79.3346129239 2.7029626251
79.2838874680 2.7182684807
79.2332268371 2.7330200209
79.1826309068 2.7466808740
79.1320995533 2.7592602942
79.0816326531 2.7713246774
79.0312300829 2.7837830998
78.9808917197 2.7975565784
78.9306174411 2.8131674908
78.8804071247 2.8304018550
78.8302606484 2.8482081756
78.7801778907 2.8647964619
78.7301587302 2.8779583275
78.6802030457 2.8854657927
78.6303107166 2.8853908698
78.5804816223 2.8763306825
78.5307156428 2.8575230839
78.4810126582 2.8289431456
78.4313725490 2.7912857775
78.3817951960 2.7459768463
78.3322804801 2.6949788061
78.2828282828 2.6404833919
78.2334384858 2.5845634859
78.1841109710 2.5288470795
78.1348456207 2.4743903256
78.0856423174 2.4217848473
78.0365009440 2.3713575468
77.9874213836 2.3234587134
77.9384035198 2.2786344825
77.8894472362 2.2376442868
77.8405524168 2.2014187189
77.7917189460 2.1708813775
77.7429467085 2.1468340515
77.6942355890 2.1298410776
77.6455854728 2.1201295466
77.5969962453 2.1175221653
77.5484677924 2.1214575876
77.5000000000 2.1309898839
77.4515927545 2.1449028425
77.4032459426 2.1618248372
77.3549594510 2.1803928053
77.3067331671 2.1994433827
77.2585669782 2.2181495083
77.2104607721 2.2361243072
77.1624144368 2.2533508115
77.1144278607 2.2701170670
77.0665009323 2.2867768293
77.0186335404 2.3036352139
76.9708255742 2.3207632615
76.9230769231 2.3379812450
76.8753874768 2.3548746851
76.8277571252 2.3709031325
76.7801857585 2.3855854871
76.7326732673 2.3986528553
76.6852195424 2.4102072165
76.6378244747 2.4207166576
76.5904879555 2.4309396633
76.5432098765 2.4417508001
76.4959901295 2.4539603864
76.4488286067 2.4682375800
76.4017252002 2.4850496743
76.3546798030 2.5046779759
76.3076923077 2.5271681264
76.2607626076 2.5522805443
76.2138905962 2.5794410503
76.1670761671 2.6077135764
76.1203192142 2.6358386676
76.0736196319 2.6623540006
76.0269773145 2.6857474235
75.9803921569 2.7046479520
75.9338640539 2.7179234537
75.8873929009 2.7247729818
75.8409785933 2.7247592934
75.7946210269 2.7178695381
75.7483200977 2.7046374736
75.7020757021 2.6861462814
75.6558877364 2.6639937354
75.6097560976 2.6400039846
75.5636806825 2.6159813781
75.5176613886 2.5934178242
75.4716981132 2.5733857381
75.4257907543 2.5564633651
75.3799392097 2.5427651465
75.3341433779 2.5320614128
75.2884031573 2.5238990844
75.2427184466 2.5178176115
75.1970891449 2.5134936947
75.1515151515 2.5107586283
75.1059963658 2.5094987437
75.0605326877 2.5095164143
75.0151240169 2.5103905423
74.9697702539 2.5114647955
74.9244712991 2.5120143211
74.8792270531 2.5114129737
74.8340374170 2.5093066704
74.7889022919 2.5056924156
74.7438215793 2.5009082705
74.6987951807 2.4955338542
74.6538229982 2.4902400544
74.6089049338 2.4856884790
74.5640408900 2.4824360060
74.5192307692 2.4809623545
74.4744744745 2.4816640549
74.4297719088 2.4848877425
74.3851229754 2.4908342813
74.3405275779 2.4994289191
74.2959856201 2.5101912634
74.2514970060 2.5222121174
74.2070616397 2.5342767942
74.1626794258 2.5451012495
74.1183502690 2.5535459025
74.0740740741 2.5587846296
74.0298507463 2.5603162789
73.9856801909 2.5578861253
73.9415623137 2.5514016646
73.8974970203 2.5408482746
73.8534842168 2.5262781799
73.8095238095 2.5077711250
73.7656157049 2.4854742555
73.7217598098 2.4596082473
73.6779560309 2.4304849153
73.6342042755 2.3985136423
73.5905044510 2.3641623368
73.5468564650 2.3279694589
73.5032602253 2.2905332773
73.4597156398 2.2525010052
73.4162226169 2.2146379845
73.3727810651 2.1777826217
73.3293908930 2.1428237866
73.2860520095 2.1106088454
73.2427643237 2.0818278031
73.1995277450 2.0569542225
73.1563421829 2.0361512543
73.1132075472 2.0193102162
73.0701237478 2.0060435114
73.0270906949 1.9958340337
72.9841082990 1.9880812788
72.9411764706 1.9822230284
72.8982951205 1.9777821398
72.8554641598 1.9743032087
72.8126834997 1.9713353461
72.7699530516 1.9683799776
72.7272727273 1.9648907136
72.6846424385 1.9603429601
72.6420620972 1.9543736115
72.5995316159 1.9468455976
72.5570509070 1.9379944035
72.5146198830 1.9284295226
72.4722384570 1.9190834604
72.4299065421 1.9111195224
72.3876240514 1.9057746103
72.3453908985 1.9042361027
72.3032069971 1.9074828332
72.2610722611 1.9161781818
72.2189866045 1.9306158553
72.1769499418 1.9507246629
72.1349621873 1.9760915074
72.0930232558 2.0061138781
72.0511330622 2.0401234191
72.0092915215 2.0774919600
71.9674985490 2.1177139592
71.9257540603 2.1604711123
71.8840579710 2.2055737961
71.8424101970 2.2529902237
71.8008106543 2.3027935652
71.7592592593 2.3550974335
71.7177559283 2.4100090140
71.6763005780 2.4674772766
71.6348931254 2.5271709613
71.5935334873 2.5882405956
71.5522215811 2.6491690206
71.5109573241 2.7077038848
71.4697406340 2.7610048197
71.4285714286 2.8060441596
71.3874496258 2.8400799676
71.3463751438 2.8611270464
71.3053479011 2.8682484484
71.2643678161 2.8615945342
71.2234348076 2.8422484653
71.1825487945 2.8120282844
71.1417096959 2.7731793627
71.1009174312 2.7281532121
71.0601719198 2.6793195203
71.0194730813 2.6286978500
70.9788208357 2.5778148491
70.9382151030 2.5276534128
70.8976558033 2.4787602703
70.8571428571 2.4314550511
70.8166761850 2.3860000009
70.7762557078 2.3427357584
70.7358813463 2.3020640032
70.6955530217 2.2643169532
70.6552706553 2.2296317117
70.6150341686 2.1978535230
70.5748434832 2.1685638021
70.5346985210 2.1412340103
70.4945992041 2.1154105916
70.4545454545 2.0908831643
70.4145371948 2.0677218938
70.3745743473 2.0462670007
70.3346568349 2.0270100008
70.2947845805 2.0104500575
70.2549575071 1.9969494321
70.2151755379 1.9866243127
70.1754385965 1.9792894891
70.1357466063 1.9744633118
70.0960994912 1.9714513088
70.0564971751 1.9694604222
70.0169395822 1.9677559101
69.9774266366 1.9657280901
69.9379582628 1.9630136362
69.8985343856 1.9594600120
69.8591549296 1.9551745375
69.8198198198 1.9504586105
69.7805289814 1.9457780704
69.7412823397 1.9416606493
69.7020798201 1.9386051067
69.6629213483 1.9369838898
69.6238068501 1.9369575772
69.5847362514 1.9384802733
69.5457094784 1.9413172810
69.5067264574 1.9451176842
69.4677871148 1.9494019591
69.4288913774 1.9536530893
69.3900391718 1.9572738458
69.3512304251 1.9596414237
69.3124650643 1.9601560592
69.2737430168 1.9582653151
69.2350642099 1.9535678117
69.1964285714 1.9459051613
69.1578360290 1.9353810369
69.1192865106 1.9224295282
69.0807799443 1.9077615099
69.0423162584 1.8922802119
69.0038953812 1.8768735692
68.9655172414 1.8623036255
68.9271817676 1.8490337510
68.8888888889 1.8372272524
68.8506385341 1.8267399169
68.8124306326 1.8172605536
68.7742651137 1.8084460954
68.7361419069 1.8001005266
68.6980609418 1.7923236889
68.6600221484 1.7855123590
68.6220254566 1.7802561092
68.5840707965 1.7771397848
68.5461580984 1.7765079736
68.5082872928 1.7783278015
68.4704583103 1.7821072958
68.4326710817 1.7869253873
68.3949255378 1.7915862198
68.3572216097 1.7948296230
68.3195592287 1.7955605323
68.2819383260 1.7930788887
68.2443588332 1.7871549587
68.2068206821 1.7779808501
68.1693238043 1.7659914722
68.1318681319 1.7516288529
68.0944535969 1.7351677177
68.0570801317 1.7166649464
68.0197476687 1.6960273683
67.9824561404 1.6731987190
67.9452054795 1.6483226472
67.9079956188 1.6218880150
67.8708264915 1.5947309025
67.8336980306 1.5679361248
67.7966101695 1.5426058543
67.7595628415 1.5197020604
67.7225559803 1.4998562766
67.6855895197 1.4833297168
67.6486633933 1.4700050214
67.6117775354 1.4594857514
67.5749318801 1.4512345842
67.5381263617 1.4447312418
67.5013609145 1.4396120674
67.4646354733 1.4357530527
67.4279499728 1.4332579852
67.3913043478 1.4323703390
67.3546985334 1.4333213093
67.3181324647 1.4362027105
67.2816060770 1.4408585874
67.2451193059 1.4468783094
67.2086720867 1.4536024709
67.1722643554 1.4602242456
67.1358960476 1.4658654722
67.0995670996 1.4697546416
67.0632774473 1.4713160881
67.0270270270 1.4702403169
66.9908157753 1.4665419358
66.9546436285 1.4605350618
66.9185105235 1.4527897105
66.8824163970 1.4440498074
66.8463611860 1.4351316809
66.8103448276 1.4267708400
66.7743672590 1.4194935850
66.7384284177 1.4135841377
66.7025282410 1.4090516758
66.6666666667 1.4056743236
66.6308436325 1.4030690804
66.5950590763 1.4007620513
66.5593129361 1.3982460696
66.5236051502 1.3950513369
66.4879356568 1.3908034112
66.4523043944 1.3852427501
66.4167113016 1.3783345485
66.3811563169 1.3702372325
66.3456393793 1.3613612268
66.3101604278 1.3522472390
66.2747194014 1.3435021599
66.2393162393 1.3356247038
66.2039508809 1.3289273133
66.1686232657 1.3234318462
66.1333333333 1.3188880219
66.0980810235 1.3148568560
66.0628662760 1.3107944471
66.0276890309 1.3062009632
65.9925492283 1.3007246749
65.9574468085 1.2941883821
65.9223817119 1.2865704420
65.8873538789 1.2779467144
65.8523632501 1.2684388116
65.8174097665 1.2581230280
65.7824933687 1.2470888927
65.7476139979 1.2354653388
65.7127715951 1.2234470024
65.6779661017 1.2113337225
65.6431974590 1.1994851604
65.6084656085 1.1882620926
65.5737704918 1.1779936132
65.5391120507 1.1689507283
65.5044902272 1.1613198284
65.4699049630 1.1552220349
65.4353562005 1.1507392208
65.4008438819 1.1479401509
65.3663679494 1.1468672664
65.3319283456 1.1475563371
65.2975250132 1.1499837581
65.2631578947 1.1540861664
65.2288269332 1.1597471882
65.1945320715 1.1667841762
65.1602732528 1.1749745029
65.1260504202 1.1840291549
65.0918635171 1.1936388613
65.0577124869 1.2034807039
65.0235972732 1.2133237758
64.9895178197 1.2230095231
64.9554740702 1.2325509853
64.9214659686 1.2420207152
64.8874934589 1.2515442719
64.8535564854 1.2611283378
64.8196549922 1.2705943558
64.7857889237 1.2795252593
64.7519582245 1.2872650310
64.7181628392 1.2930373813
64.6844027126 1.2960115337
64.6506777894 1.2954343169
64.6169880146 1.2907758269
64.5833333333 1.2818225921
64.5497136908 1.2687182589
64.5161290323 1.2519915959
64.4825793032 1.2324519261
64.4490644491 1.2110575952
64.4155844156 1.1887636966
64.3821391485 1.1664555517
64.3487285937 1.1448415184
64.3153526971 1.1244654549
64.2820114049 1.1057192008
64.2487046632 1.0888685547
64.2154324184 1.0740861389
64.1821946170 1.0614240827
64.1489912054 1.0508403734
64.1158221303 1.0421917867
64.0826873385 1.0352335715
64.0495867769 1.0296662914
64.0165203924 1.0252299998
63.9834881321 1.0217179106
63.9504899433 1.0190709811
63.9175257732 1.0173783649
63.8845955693 1.0168170873
63.8516992791 1.0176522511
63.8188368502 1.0201156164
63.7860082305 1.0243919294
63.7532133676 1.0305714291
63.7204522097 1.0385752249
63.6877247047 1.0481279338
63.6550308008 1.0586965224
63.6223704464 1.0695035465
63.5897435897 1.0795200877
63.5571501794 1.0876481598
63.5245901639 1.0928354829
63.4920634921 1.0943258846
63.4595701126 1.0917950944
63.4271099744 1.0854126586
63.3946830266 1.0757823605
63.3622892182 1.0638148873
63.3299284985 1.0505457399
63.2976008167 1.0370339433
63.2653061224 1.0241919533
63.2330443651 1.0127714011
63.2008154944 1.0033077245
63.1686194600 0.9961328347
63.1364562118 0.9913947539
63.1043256997 0.9891321328
63.0722278739 0.9893080931
63.0401626843 0.9918853049
63.0081300813 0.9968054699
62.9761300152 1.0040166964
62.9441624365 1.0134666910
62.9122272958 1.0250479731
62.8803245436 1.0386183966
62.8484541308 1.0539668889
62.8166160081 1.0707723195
62.7848101266 1.0886240638
62.7530364372 1.1070151647
62.7212948912 1.1253423409
62.6895854398 1.1430088258
62.6579080344 1.1593968910
62.6262626263 1.1739431837
62.5946491671 1.1861523295
62.5630676085 1.1955762037
62.5315179022 1.2018206258
62.5000000000 1.2045864398
62.4685138539 1.2037176238
62.4370594159 1.1991946299
62.4056366381 1.1912173439
62.3742454728 1.1801576690
62.3428858723 1.1665327763
62.3115577889 1.1509438254
62.2802611753 1.1340213212
62.2489959839 1.1163494038
62.2177621676 1.0984450189
62.1865596790 1.0807092019
62.1553884712 1.0634196462
62.1242484970 1.0467370823
62.0931397096 1.0307394596
62.0620620621 1.0154424309
62.0310155078 1.0008755637
62.0000000000 0.9870615255
