124000.0000000000 0.0000210073
62000.0000000000 0.0000902055
41333.3333333333 0.0002066781
31000.0000000000 0.0003717805
24800.0000000000 0.0005875249
20666.6666666667 0.0008566841
17714.2857142857 0.0011827039
15500.0000000000 0.0015698813
13777.7777777778 0.0020234708
12400.0000000000 0.0025497553
11272.7272727273 0.0031563293
10333.3333333333 0.0038521910
9538.4615384615 0.0046479304
8857.1428571429 0.0055562355
8266.6666666667 0.0065920165
7750.0000000000 0.0077727488
7294.1176470588 0.0091191006
6888.8888888889 0.0106551758
6526.3157894737 0.0124089850
6200.0000000000 0.0144128866
5904.7619047619 0.0167036769
5636.3636363636 0.0193223604
5391.3043478261 0.0223133629
5166.6666666667 0.0257225527
4960.0000000000 0.0295935328
4769.2307692308 0.0339617641
4592.5925925926 0.0388451952
4428.5714285714 0.0442316732
4275.8620689655 0.0500640810
4133.3333333333 0.0562254684
4000.0000000000 0.0625305785
3875.0000000000 0.0687318046
3757.5757575758 0.0745465869
3647.0588235294 0.0797039544
3542.8571428571 0.0840000124
3444.4444444444 0.0873368904
3351.3513513514 0.0897285371
3263.1578947368 0.0912683206
3179.4871794872 0.0920768520
3100.0000000000 0.0922541527
3024.3902439024 0.0918575664
2952.3809523810 0.0909110604
2883.7209302326 0.0894352791
2818.1818181818 0.0874803251
2755.5555555556 0.0851441990
2695.6521739130 0.0825672681
2638.2978723404 0.0799132682
2583.3333333333 0.0773428385
2530.6122448980 0.0749948811
2480.0000000000 0.0729748817
2431.3725490196 0.0713527241
2384.6153846154 0.0701633409
2339.6226415094 0.0694092335
2296.2962962963 0.0690631248
2254.5454545455 0.0690696940
2214.2857142857 0.0693489737
2175.4385964912 0.0698041784
2137.9310344828 0.0703336141
2101.6949152542 0.0708447389
2066.6666666667 0.0712657981
2032.7868852459 0.0715500519
2000.0000000000 0.0716707510
1968.2539682540 0.0716102581
1937.5000000000 0.0713540791
1907.6923076923 0.0708895522
1878.7878787879 0.0702156092
1850.7462686567 0.0693515103
1823.5294117647 0.0683414658
1797.1014492754 0.0672497576
1771.4285714286 0.0661520647
1746.4788732394 0.0651204027
1722.2222222222 0.0642177101
1698.6301369863 0.0634899610
1675.6756756757 0.0629694987
1653.3333333333 0.0626737057
1631.5789473684 0.0626103827
1610.3896103896 0.0627795483
1589.7435897436 0.0631751528
1569.6202531646 0.0637866834
1550.0000000000 0.0646006356
1530.8641975309 0.0656006762
1512.1951219512 0.0667701521
1493.9759036145 0.0680942024
1476.1904761905 0.0695614234
1458.8235294118 0.0711665421
1441.8604651163 0.0729123461
1425.2873563218 0.0748083292
1409.0909090909 0.0768723262
1393.2584269663 0.0791278191
1377.7777777778 0.0816038996
1362.6373626374 0.0843316657
1347.8260869565 0.0873459012
1333.3333333333 0.0906819220
1319.1489361702 0.0943775351
1305.2631578947 0.0984727693
1291.6666666667 0.1030106043
1278.3505154639 0.1080380840
1265.3061224490 0.1136071454
1252.5252525253 0.1197719855
1240.0000000000 0.1265894424
1227.7227722772 0.1341147529
1215.6862745098 0.1423959754
1203.8834951456 0.1514670082
1192.3076923077 0.1613343527
1180.9523809524 0.1719646600
1169.8113207547 0.1832712910
1158.8785046729 0.1951051604
1148.1481481481 0.2072581916
1137.6146788991 0.2194805786
1127.2727272727 0.2315189035
1117.1171171171 0.2431637899
1107.1428571429 0.2542937188
1097.3451327434 0.2649022716
1087.7192982456 0.2750936059
1078.2608695652 0.2850640607
1068.9655172414 0.2950703156
1059.8290598291 0.3054002787
1050.8474576271 0.3163440534
1042.0168067227 0.3281701103
1033.3333333333 0.3410926886
1024.7933884298 0.3552466295
1016.3934426230 0.3706577127
1008.1300813008 0.3872208815
1000.0000000000 0.4046785805
992.0000000000 0.4226216744
984.1269841270 0.4405221436
976.3779527559 0.4578241782
968.7500000000 0.4740759358
961.2403100775 0.4890626624
953.8461538462 0.5028848744
946.5648854962 0.5159330021
939.3939393939 0.5287631739
932.3308270677 0.5419162163
925.3731343284 0.5557388087
918.5185185185 0.5702575400
911.7647058824 0.5851266122
905.1094890511 0.5996771090
898.5507246377 0.6130626658
892.0863309353 0.6244914092
885.7142857143 0.6334725771
879.4326241135 0.6400047237
873.2394366197 0.6446154591
867.1328671329 0.6482602637
861.1111111111 0.6521186791
855.1724137931 0.6573935445
849.3150684932 0.6651546176
843.5374149660 0.6762605621
837.8378378378 0.6913354965
832.2147651007 0.7107732163
826.6666666667 0.7347479182
821.1920529801 0.7632164294
815.7894736842 0.7959221602
810.4575163399 0.8324104097
805.1948051948 0.8720838448
800.0000000000 0.9143201137
794.8717948718 0.9586375041
789.8089171975 1.0048774376
784.8101265823 1.0533097435
779.8742138365 1.1046177522
775.0000000000 1.1597330322
770.1863354037 1.2195750758
765.4320987654 1.2847865663
760.7361963190 1.3555336034
756.0975609756 1.4314333214
751.5151515152 1.5116391019
746.9879518072 1.5950808094
742.5149700599 1.6808029113
738.0952380952 1.7682698638
733.7278106509 1.8574836781
729.4117647059 1.9488041859
725.1461988304 2.0424920481
720.9302325581 2.1381062751
716.7630057803 2.2339900381
712.6436781609 2.3270806555
708.5714285714 2.4132079024
704.5454545455 2.4879118395
700.5649717514 2.5475874949
696.6292134831 2.5905602600
692.7374301676 2.6176429198
688.8888888889 2.6319285583
685.0828729282 2.6379445889
681.3186813187 2.6405734269
677.5956284153 2.6441734441
673.9130434783 2.6521493725
670.2702702703 2.6669633215
666.6666666667 2.6904318680
663.1016042781 2.7240844179
659.5744680851 2.7694240197
656.0846560847 2.8280038032
652.6315789474 2.9013340941
649.2146596859 2.9907232337
645.8333333333 3.0971632652
642.4870466321 3.2213069686
639.1752577320 3.3634412441
635.8974358974 3.5233118024
632.6530612245 3.6996543598
629.4416243655 3.8894700639
626.2626262626 4.0872271539
623.1155778894 4.2843471151
620.0000000000 4.4693123207
616.9154228856 4.6286429559
613.8613861386 4.7487405131
610.8374384236 4.8182397214
607.8431372549 4.8302239361
604.8780487805 4.7835816088
601.9417475728 4.6830386505
599.0338164251 4.5379174983
596.1538461538 4.3601524355
593.3014354067 4.1622512365
590.4761904762 3.9557226961
587.6777251185 3.7501248712
584.9056603774 3.5526621590
582.1596244131 3.3681695899
579.4392523364 3.1993725112
576.7441860465 3.0472991733
574.0740740741 2.9117510035
571.4285714286 2.7917097696
568.8073394495 2.6856226464
566.2100456621 2.5915634828
563.6363636364 2.5073487008
561.0859728507 2.4306937903
558.5585585586 2.3594373713
556.0538116592 2.2917903060
553.5714285714 2.2265306665
551.1111111111 2.1630750271
548.6725663717 2.1014388878
546.2555066079 2.0420897214
543.8596491228 1.9857553669
541.4847161572 1.9332425121
539.1304347826 1.8852942910
536.7965367965 1.8425062770
534.4827586207 1.8052772527
532.1888412017 1.7737675898
529.9145299145 1.7478761166
527.6595744681 1.7272466844
525.4237288136 1.7113215921
523.2067510549 1.6994359246
521.0084033613 1.6909636191
518.8284518828 1.6854772149
516.6666666667 1.6828802593
514.5228215768 1.6834311689
512.3966942149 1.6876286636
510.2880658436 1.6959639912
508.1967213115 1.7086552602
506.1224489796 1.7254638768
504.0650406504 1.7456901762
502.0242914980 1.7683843365
500.0000000000 1.7927200299
497.9919678715 1.8184092169
496.0000000000 1.8459903930
494.0239043825 1.8768753848
492.0634920635 1.9131474832
490.1185770751 1.9572046466
488.1889763780 2.0113828090
486.2745098039 2.0776362706
484.3750000000 2.1572703066
482.4902723735 2.2507099048
480.6201550388 2.3572871752
478.7644787645 2.4750684142
476.9230769231 2.6007663232
475.0957854406 2.7297974072
473.2824427481 2.8565248242
471.4828897338 2.9746481285
469.6969696970 3.0776788815
467.9245283019 3.1594299162
466.1654135338 3.2144963975
464.4194756554 3.2387311788
462.6865671642 3.2297080533
460.9665427509 3.1871128683
459.2592592593 3.1129107823
457.5645756458 3.0111679264
455.8823529412 2.8874835859
454.2124542125 2.7481946070
452.5547445255 2.5995700407
450.9090909091 2.4472400316
449.2753623188 2.2959074355
447.6534296029 2.1492898875
446.0431654676 2.0101866775
444.4444444444 1.8805751108
442.8571428571 1.7617113705
441.2811387900 1.6542347226
439.7163120567 1.5582877516
438.1625441696 1.4736381663
436.6197183099 1.3997867973
435.0877192982 1.3360644404
433.5664335664 1.2816957105
432.0557491289 1.2358451756
430.5555555556 1.1976438826
429.0657439446 1.1662125042
427.5862068966 1.1406808952
426.1168384880 1.1201937946
424.6575342466 1.1039093534
423.2081911263 1.0909862377
421.7687074830 1.0805569960
420.3389830508 1.0717355002
418.9189189189 1.0636562540
417.5084175084 1.0555700647
416.1073825503 1.0469643501
414.7157190635 1.0376464027
413.3333333333 1.0277616363
411.9601328904 1.0177138435
410.5960264901 1.0080374878
409.2409240924 0.9992397925
407.8947368421 0.9916817026
406.5573770492 0.9855041036
405.2287581699 0.9806281829
403.9087947883 0.9768189523
402.5974025974 0.9737866050
401.2944983819 0.9712835117
400.0000000000 0.9691416799
398.7138263666 0.9672514166
397.4358974359 0.9654798436
396.1661341853 0.9636084860
394.9044585987 0.9613417391
393.6507936508 0.9584031780
392.4050632911 0.9546843159
391.1671924290 0.9503675823
389.9371069182 0.9459731215
388.7147335423 0.9422965196
387.5000000000 0.9402816590
386.2928348910 0.9408830483
385.0931677019 0.9449555809
383.9009287926 0.9532006011
382.7160493827 0.9661392458
381.5384615385 0.9841160311
380.3680981595 1.0072937051
379.2048929664 1.0356687739
378.0487804878 1.0690716383
376.8996960486 1.1072046813
375.7575757576 1.1496776932
374.6223564955 1.1960656877
373.4939759036 1.2459514399
372.3723723724 1.2989420601
371.2574850299 1.3546753317
370.1492537313 1.4128191273
369.0476190476 1.4730684493
367.9525222552 1.5351435472
366.8639053254 1.5987520081
365.7817109145 1.6635341622
364.7058823529 1.7290126107
363.6363636364 1.7945342685
362.5730994152 1.8592375265
361.5160349854 1.9220049588
360.4651162791 1.9814469596
359.4202898551 2.0359199681
358.3815028902 2.0836006285
357.3487031700 2.1225999594
356.3218390805 2.1511288164
355.3008595989 2.1677265860
354.2857142857 2.1715588180
353.2763532764 2.1627152717
352.2727272727 2.1424181747
351.2747875354 2.1129766195
350.2824858757 2.0774839984
349.2957746479 2.0393103234
348.3146067416 2.0015893721
347.3389355742 1.9668409344
346.3687150838 1.9368240289
345.4038997214 1.9125755790
344.4444444444 1.8945453685
343.4903047091 1.8827249769
342.5414364641 1.8767320167
341.5977961433 1.8758880494
340.6593406593 1.8793356954
339.7260273973 1.8862090267
338.7978142077 1.8958341294
337.8746594005 1.9078862038
336.9565217391 1.9224030956
336.0433604336 1.9396565011
335.1351351351 1.9599176140
334.2318059299 1.9831978699
333.3333333333 2.0090787540
332.4396782842 2.0366666151
331.5508021390 2.0647544997
330.6666666667 2.0921479454
329.7872340426 2.1180930663
328.9124668435 2.1426024946
328.0423280423 2.1664919303
327.1767810026 2.1910907537
326.3157894737 2.2177090107
325.4593175853 2.2471307231
324.6073298429 2.2793246292
323.7597911227 2.3134915029
322.9166666667 2.3484385428
322.0779220779 2.3831104897
321.2435233161 2.4170719713
320.4134366925 2.4506871748
319.5876288660 2.4848921815
318.7660668380 2.5206408609
317.9487179487 2.5582523566
317.1355498721 2.5969526521
316.3265306122 2.6348067914
315.5216284987 2.6691267190
314.7208121827 2.6972023972
313.9240506329 2.7170835837
313.1313131313 2.7280418473
312.3425692695 2.7304936267
311.5577889447 2.7254310769
310.7769423559 2.7136865327
310.0000000000 2.6954105423
309.2269326683 2.6700233440
308.4577114428 2.6366504492
307.6923076923 2.5948393313
306.9306930693 2.5452036667
306.1728395062 2.4897046679
305.4187192118 2.4314704867
304.6683046683 2.3742694156
303.9215686275 2.3219113779
303.1784841076 2.2777414261
302.4390243902 2.2443499078
301.7031630170 2.2234832638
300.9708737864 2.2160585797
300.2421307506 2.2222430577
299.5169082126 2.2415127308
298.7951807229 2.2726672302
298.0769230769 2.3137980694
297.3621103118 2.3622402854
296.6507177033 2.4145670705
295.9427207637 2.4667451151
295.2380952381 2.5145664100
294.5368171021 2.5543211523
293.8388625592 2.5835989659
293.1442080378 2.6018683655
292.4528301887 2.6105883045
291.7647058824 2.6127753895
291.0798122066 2.6122134341
290.3981264637 2.6126471058
289.7196261682 2.6171931627
289.0442890443 2.6280701468
288.3720930233 2.6465697927
287.7030162413 2.6731885413
287.0370370370 2.7077842062
286.3741339492 2.7497331540
285.7142857143 2.7980030952
285.0574712644 2.8511633205
284.4036697248 2.9073342956
283.7528604119 2.9641631851
283.1050228311 3.0188687478
282.4601366743 3.0684211987
281.8181818182 3.1098312766
281.1791383220 3.1404691001
280.5429864253 3.1583307057
279.9097065463 3.1621756092
279.2792792793 3.1515280908
278.6516853933 3.1265794431
278.0269058296 3.0880590394
277.4049217002 3.0372038740
276.7857142857 2.9758429656
276.1692650334 2.9065404624
275.5555555556 2.8326312873
274.9445676275 2.7580062505
274.3362831858 2.6866807213
273.7306843267 2.6222893928
273.1277533040 2.5676544330
272.5274725275 2.5245250551
271.9298245614 2.4934694328
271.3347921225 2.4738811660
270.7423580786 2.4640644899
270.1525054466 2.4614390514
269.5652173913 2.4628798393
268.9804772234 2.4652434178
268.3982683983 2.4659632621
267.8185745140 2.4635621204
267.2413793103 2.4578231932
266.6666666667 2.4495313169
266.0944206009 2.4398591028
265.5246252677 2.4296783261
264.9572649573 2.4190492562
264.3923240938 2.4071031801
263.8297872340 2.3923247135
263.2696390658 2.3731496823
262.7118644068 2.3486368845
262.1564482030 2.3189617705
261.6033755274 2.2855278652
261.0526315789 2.2506935615
260.5042016807 2.2172587926
259.9580712788 2.1879611569
259.4142259414 2.1651194484
258.8726513570 2.1504950757
258.3333333333 2.1453016224
257.7962577963 2.1503152071
257.2614107884 2.1659629865
256.7287784679 2.1924023853
256.1983471074 2.2295578301
255.6701030928 2.2771175854
255.1440329218 2.3345412009
254.6201232033 2.4010331783
254.0983606557 2.4755188030
253.5787321063 2.5566319670
253.0612244898 2.6427296772
252.5458248473 2.7319873551
252.0325203252 2.8225681002
251.5212981744 2.9128179188
251.0121457490 3.0014094626
250.5050505051 3.0873421966
250.0000000000 3.1697660842
249.4969818913 3.2477142275
248.9959839357 3.3198956674
248.4969939880 3.3846469857
248.0000000000 3.4401799077
247.5049900200 3.4850571967
247.0119521912 3.5187459575
246.5208747515 3.5419516182
246.0317460317 3.5565182788
245.5445544554 3.5648986501
245.0592885375 3.5695109812
244.5759368836 3.5723016593
244.0944881890 3.5746913593
243.6149312377 3.5778282922
243.1372549020 3.5828559033
242.6614481409 3.5910437619
242.1875000000 3.6036919895
241.7153996101 3.6219565483
241.2451361868 3.6466726065
240.7766990291 3.6782222763
240.3100775194 3.7164054195
239.8452611219 3.7603276040
239.3822393822 3.8083072265
238.9210019268 3.8579512413
238.4615384615 3.9063657074
238.0038387716 3.9504770654
237.5478927203 3.9873449004
237.0936902486 4.0143845102
236.6412213740 4.0295047192
236.1904761905 4.0312642677
235.7414448669 4.0191292563
235.2941176471 3.9937575943
234.8484848485 3.9571832916
234.4045368620 3.9127106305
233.9622641509 3.8644759661
233.5216572505 3.8167730739
233.0827067669 3.7733388955
232.6454033771 3.7367602781
232.2097378277 3.7081632035
231.7757009346 3.6871596734
231.3432835821 3.6720601139
230.9124767225 3.6602506995
230.4832713755 3.6487200442
230.0556586271 3.6346574112
229.6296296296 3.6160553030
229.2051756007 3.5922018142
228.7822878229 3.5639271942
228.3609576427 3.5335031368
227.9411764706 3.5041843529
227.5229357798 3.4795226328
227.1062271062 3.4625871434
226.6910420475 3.4553058698
226.2773722628 3.4580494565
225.8652094718 3.4694915389
225.4545454545 3.4867484573
225.0453720508 3.5058307352
224.6376811594 3.5223041193
224.2314647378 3.5321065620
223.8267148014 3.5323110442
223.4234234234 3.5216650068
223.0215827338 3.5007154653
222.6211849192 3.4715254611
222.2222222222 3.4370294418
221.8246869410 3.4002675558
221.4285714286 3.3636921769
221.0338680927 3.3287759425
220.6405693950 3.2959986025
220.2486678508 3.2651944031
219.8581560284 3.2360849601
219.4690265487 3.2087020580
219.0812720848 3.1834855338
218.6948853616 3.1609770647
218.3098591549 3.1412865913
217.9261862917 3.1236141417
217.5438596491 3.1061148932
217.1628721541 3.0862302522
216.7832167832 3.0614072414
216.4048865620 3.0299447275
216.0278745645 2.9916563805
215.6521739130 2.9480715021
215.2777777778 2.9021681969
214.9046793761 2.8577904308
214.5328719723 2.8189666655
214.1623488774 2.7893346883
213.7931034483 2.7717128576
213.4251290878 2.7678641559
213.0584192440 2.7783810182
212.6929674099 2.8026672779
212.3287671233 2.8389994205
211.9658119658 2.8846787893
211.6040955631 2.9362597233
211.2436115843 2.9899122245
210.8843537415 3.0418116821
210.5263157895 3.0885899421
210.1694915254 3.1277897392
209.8138747885 3.1582677650
209.4594594595 3.1804997864
209.1062394604 3.1965843961
208.7542087542 3.2099109628
208.4033613445 3.2244859492
208.0536912752 3.2441407074
207.7051926298 3.2717911999
207.3578595318 3.3089289373
207.0116861436 3.3553982786
206.6666666667 3.4094129581
206.3227953411 3.4678368790
205.9800664452 3.5267337594
205.6384742952 3.5820978903
205.2980132450 3.6306536633
204.9586776860 3.6704689441
204.6204620462 3.7011281264
204.2833607908 3.7234530158
203.9473684211 3.7388820323
203.6124794745 3.7488164785
203.2786885246 3.7541294898
202.9459901800 3.7549563949
202.6143790850 3.7508054373
202.2838499184 3.7408900716
201.9543973941 3.7245630532
201.6260162602 3.7016928927
201.2987012987 3.6728391532
200.9724473258 3.6392078972
200.6472491909 3.6024242850
200.3231017771 3.5642123514
200.0000000000 3.5261044304
199.6779388084 3.4892604896
199.3569131833 3.4544673348
199.0369181380 3.4223519694
198.7179487179 3.3937053943
198.4000000000 3.3697507726
198.0830670927 3.3521658407
197.7671451356 3.3428179631
197.4522292994 3.3432537323
197.1383147854 3.3541206330
196.8253968254 3.3746895257
196.5134706815 3.4026337483
196.2025316456 3.4341947126
195.8925750395 3.4647218005
195.5835962145 3.4895624366
195.2755905512 3.5050288888
194.9685534591 3.5091347192
194.6624803768 3.5018731443
194.3573667712 3.4850070264
194.0532081377 3.4615816512
193.7500000000 3.4353498395
193.4477379095 3.4102421141
193.1464174455 3.3899017393
192.8460342146 3.3772558786
192.5465838509 3.3741337847
192.2480620155 3.3809803286
191.9504643963 3.3967647037
191.6537867079 3.4191385798
191.3580246914 3.4448874343
191.0631741140 3.4705996140
190.7692307692 3.4933594064
190.4761904762 3.5112622535
190.1840490798 3.5235416457
189.8928024502 3.5304159321
189.6024464832 3.5327758542
189.3129770992 3.5319676578
189.0243902439 3.5296936335
188.7366818874 3.5279679252
188.4498480243 3.5290366304
188.1638846737 3.5351940303
187.8787878788 3.5485286114
187.5945537065 3.5706401533
187.3111782477 3.6023659605
187.0286576169 3.6435266287
186.7469879518 3.6927627664
186.4661654135 3.7474832480
186.1861861862 3.8040009054
185.9070464768 3.8578713583
185.6287425150 3.9044328304
185.3512705531 3.9394435900
185.0746268657 3.9597228626
184.7988077496 3.9636202634
184.5238095238 3.9511533707
184.2496285290 3.9238045571
183.9762611276 3.8841000763
183.7037037037 3.8352123399
183.4319526627 3.7806972340
183.1610044313 3.7242818265
182.8908554572 3.6696083431
182.6215022091 3.6198460473
182.3529411765 3.5773105550
182.0851688693 3.5432477518
181.8181818182 3.5178840668
181.5519765739 3.5007100032
181.2865497076 3.4908212956
181.0218978102 3.4871565269
180.7580174927 3.4886061226
180.4949053857 3.4940065897
180.2325581395 3.5022184320
179.9709724238 3.5123066803
179.7101449275 3.5238044063
179.4500723589 3.5369255189
179.1907514451 3.5525826324
178.9321789322 3.5722218884
178.6743515850 3.5975232731
178.4172661871 3.6301141878
178.1609195402 3.6713976058
177.9053084648 3.7224847551
177.6504297994 3.7841212243
177.3962804006 3.8565520450
177.1428571429 3.9393035082
176.8901569187 4.0310290163
176.6381766382 4.1294878728
176.3869132290 4.2317199829
176.1363636364 4.3343045189
175.8865248227 4.4335568348
175.6373937677 4.5255920423
175.3889674682 4.6063075130
175.1412429379 4.6715253487
174.8942172073 4.7174405538
174.6478873239 4.7413369704
174.4022503516 4.7422294514
174.1573033708 4.7211427172
173.9130434783 4.6809110445
173.6694677871 4.6256054478
173.4265734266 4.5598521273
173.1843575419 4.4881948604
172.9428172943 4.4146185971
172.7019498607 4.3421995740
172.4617524339 4.2728674886
172.2222222222 4.2073310979
171.9833564494 4.1452169258
171.7451523546 4.0854799794
171.5076071923 4.0269943628
171.2707182320 3.9691512372
171.0344827586 3.9122123413
170.7988980716 3.8573905772
170.5639614856 3.8066594223
170.3296703297 3.7624482199
170.0960219479 3.7272761443
169.8630136986 3.7034275062
169.6306429549 3.6926415700
169.3989071038 3.6959201503
169.1678035471 3.7134659233
168.9373297003 3.7447296750
168.7074829932 3.7885456001
168.4782608696 3.8432673736
168.2496607870 3.9068796291
168.0216802168 3.9771295008
167.7943166441 4.0516796389
167.5675675676 4.1282964539
167.3414304993 4.2049912455
167.1159029650 4.2800734449
166.8909825034 4.3521067191
166.6666666667 4.4198165677
166.4429530201 4.4820506260
166.2198391421 4.5378591957
165.9973226238 4.5866530051
165.7754010695 4.6282750473
165.5540720961 4.6629023360
165.3333333333 4.6908660653
165.1131824234 4.7125317632
164.8936170213 4.7283940182
164.6746347942 4.7393001945
164.4562334218 4.7466542625
164.2384105960 4.7524478981
164.0211640212 4.7591436695
163.8044914135 4.7694519363
163.5883905013 4.7860535985
163.3728590250 4.8112658889
163.1578947368 4.8467664890
162.9434954008 4.8934169876
162.7296587927 4.9512731635
162.5163826999 5.0197077591
162.3036649215 5.0975650731
162.0915032680 5.1832855576
161.8798955614 5.2749726912
161.6688396349 5.3703821850
161.4583333333 5.4668550494
161.2483745124 5.5611724220
161.0389610390 5.6494890703
160.8300907912 5.7275280148
160.6217616580 5.7910826888
160.4139715395 5.8366891041
160.2067183463 5.8622010225
160.0000000000 5.8670075628
159.7938144330 5.8519397507
159.5881595882 5.8189591515
159.3830334190 5.7708503674
159.1784338896 5.7109575996
158.9743589744 5.6429993359
158.7708066581 5.5708960384
158.5677749361 5.4986392500
158.3652618135 5.4301476633
158.1632653061 5.3691198638
157.9617834395 5.3188917998
157.7608142494 5.2823801780
157.5603557814 5.2620921141
157.3604060914 5.2601778976
157.1609632446 5.2783875651
156.9620253165 5.3178382653
156.7635903919 5.3786534648
156.5656565657 5.4595797147
156.3682219420 5.5577946829
156.1712846348 5.6689842411
155.9748427673 5.7876642276
155.7788944724 5.9076672004
155.5834378921 6.0226676934
155.3884711779 6.1267824815
155.1939924906 6.2151990729
155.0000000000 6.2848376814
154.8064918851 6.3348713772
154.6134663342 6.3668646350
154.4209215442 6.3844113641
154.2288557214 6.3923087855
154.0372670807 6.3955474892
153.8461538462 6.3983886664
153.6555142503 6.4037320732
153.4653465347 6.4128693746
153.2756489493 6.4255540531
153.0864197531 6.4403065592
152.8976572133 6.4547828025
152.7093596059 6.4661898193
152.5215252153 6.4717049733
152.3341523342 6.4689841857
152.1472392638 6.4566630554
151.9607843137 6.4346464704
151.7747858017 6.4039842896
151.5892420538 6.3663433776
151.4041514042 6.3233352305
151.2195121951 6.2759596278
151.0353227771 6.2243460735
150.8515815085 6.1678180369
150.6682867558 6.1051879417
150.4854368932 6.0351816989
150.3030303030 5.9570010539
150.1210653753 5.8707821726
149.9395405079 5.7778566249
149.7584541063 5.6806261756
149.5778045838 5.5820989747
149.3975903614 5.4852975585
149.2178098676 5.3927346426
149.0384615385 5.3060857984
148.8595438175 5.2260626254
148.6810551559 5.1524710735
148.5029940120 5.0844485894
148.3253588517 5.0208402924
148.1481481481 4.9606379993
147.9713603819 4.9033399702
147.7949940405 4.8491029829
147.6190476190 4.7986209605
147.4435196195 4.7528498707
147.2684085511 4.7127147423
147.0937129300 4.6788587351
146.9194312796 4.6515225701
146.7455621302 4.6303988145
146.5721040189 4.6145401969
146.3990554900 4.6022708506
146.2264150943 4.5912560217
146.0541813899 4.5787912722
145.8823529412 4.5622603304
145.7109283196 4.5396725604
145.5399061033 4.5101033307
145.3692848769 4.4738810625
145.1990632319 4.4324721297
145.0292397661 4.3881145046
144.8598130841 4.3433253369
144.6907817970 4.3004681622
144.5221445221 4.2614805246
144.3538998836 4.2278263578
144.1860465116 4.2005680097
144.0185830430 4.1805150963
143.8515081206 4.1683613174
143.6848203940 4.1647470005
143.5185185185 4.1702744877
143.3526011561 4.1854758522
143.1870669746 4.2107354986
143.0219146482 4.2462437079
142.8571428571 4.2919646583
142.6927502877 4.3476698392
142.5287356322 4.4130059311
142.3650975890 4.4875828127
142.2018348624 4.5709575408
142.0389461627 4.6625566887
141.8764302059 4.7615009831
141.7142857143 4.8664846200
141.5525114155 4.9757707584
141.3911060433 5.0872656843
141.2300683371 5.1986983744
141.0693970421 5.3077839780
140.9090909091 5.4123265335
140.7491486947 5.5102837233
140.5895691610 5.5997247575
140.4303510759 5.6787683469
140.2714932127 5.7455591719
140.1129943503 5.7983798603
139.9548532731 5.8359209786
139.7970687711 5.8576106314
139.6396396396 5.8639033606
139.4825646794 5.8564078672
139.3258426966 5.8378336834
139.1694725028 5.8117370192
139.0134529148 5.7820495330
138.8577827548 5.7525639838
138.7024608501 5.7264647222
138.5474860335 5.7060450469
138.3928571429 5.6926071557
138.2385730212 5.6864243626
138.0846325167 5.6866712146
137.9310344828 5.6913894428
137.7777777778 5.6975998680
137.6248612653 5.7017410804
137.4722838137 5.7003700203
137.3200442968 5.6909498997
137.1681415929 5.6723586429
137.0165745856 5.6449819824
136.8653421634 5.6103487130
136.7144432194 5.5705534456
136.5638766520 5.5276594552
136.4136413641 5.4832661935
136.2637362637 5.4383037221
136.1141602634 5.3930317164
135.9649122807 5.3471770571
135.8159912377 5.3001368674
135.6673960613 5.2512798817
135.5191256831 5.2002021170
135.3711790393 5.1469421565
135.2235550709 5.0920708548
135.0762527233 5.0366447616
134.9292709467 4.9820208756
134.7826086957 4.9295949668
134.6362649294 4.8805182263
134.4902386117 4.8353390330
134.3445287107 4.7937412719
134.1991341991 4.7543427232
134.0540540541 4.7147031021
133.9092872570 4.6715704540
133.7648327940 4.6213616328
133.6206896552 4.5607955905
133.4768568353 4.4875181718
133.3333333333 4.4005443585
133.1901181525 4.3004281397
133.0472103004 4.1891172294
132.9046087889 4.0695971780
132.7623126338 3.9454113010
132.6203208556 3.8202000735
132.4786324786 3.6973077562
132.3372465315 3.5795690517
132.1961620469 3.4692753742
132.0553780618 3.3682798694
131.9148936170 3.2781329497
131.7747077577 3.2002052923
131.6348195329 3.1357100020
131.4952279958 3.0856470099
131.3559322034 3.0507253236
131.2169312169 3.0313074849
131.0782241015 3.0273518299
130.9398099261 3.0383876902
130.8016877637 3.0635240087
130.6638566913 3.1014535213
130.5263157895 3.1505279844
130.3890641430 3.2088597410
130.2521008403 3.2744709160
130.1154249738 3.3454578579
129.9790356394 3.4201134360
129.8429319372 3.4969220073
129.7071129707 3.5744276268
129.5715778474 3.6510013998
129.4363256785 3.7247538060
129.3013555787 3.7936478335
129.1666666667 3.8559629587
129.0322580645 3.9108583433
128.8981288981 3.9588012057
128.7642782970 4.0016108075
128.6307053942 4.0420268330
128.4974093264 4.0829917118
128.3643892340 4.1269246753
128.2316442606 4.1752517614
128.0991735537 4.2282847122
127.9669762642 4.2854218320
127.8350515464 4.3454789841
127.7033985582 4.4070146736
127.5720164609 4.4684944484
127.4409044193 4.5282661772
127.3100616016 4.5844374470
127.1794871795 4.6348213131
127.0491803279 4.6771383511
126.9191402252 4.7095033106
126.7893660532 4.7310316148
126.6598569969 4.7422671178
126.5306122449 4.7451717422
126.4016309888 4.7426273553
126.2729124236 4.7376332024
126.1444557477 4.7325665116
126.0162601626 4.7288316631
125.8883248731 4.7270380722
125.7606490872 4.7275469733
125.6332320162 4.7310821827
125.5060728745 4.7390585600
125.3791708797 4.7535142088
125.2525252525 4.7767101206
125.1261352170 4.8105072019
125.0000000000 4.8558844582
124.8741188318 4.9126842894
124.7484909457 4.9796824976
124.6231155779 5.0548874176
124.4979919679 5.1358817348
124.3731193581 5.2199859299
124.2484969940 5.3042143402
124.1241241241 5.3851223459
124.0000000000 5.4587563639
123.8761238761 5.5208376488
123.7524950100 5.5671876651
123.6291126620 5.5942597721
123.5059760956 5.5995629787
123.3830845771 5.5818182930
123.2604373757 5.5409074168
123.1380337637 5.4777659134
123.0158730159 5.3943725309
122.8939544103 5.2938156918
122.7722772277 5.1801767950
122.6508407517 5.0580329659
122.5296442688 4.9316660694
122.4086870681 4.8043085954
122.2879684418 4.6777569495
122.1674876847 4.5525703395
122.0472440945 4.4286554823
121.9272369715 4.3059835010
121.8074656189 4.1850677855
121.6879293425 4.0671961389
121.5686274510 3.9543603837
121.4495592556 3.8490525829
121.3307240705 3.7539444131
121.2121212121 3.6715853617
121.0937500000 3.6040809751
120.9756097561 3.5529016066
120.8576998051 3.5187854513
120.7400194742 3.5017658576
120.6225680934 3.5012603681
120.5053449951 3.5161570410
120.3883495146 3.5449582641
120.2715809893 3.5859063891
120.1550387597 3.6372359814
120.0387221684 3.6973885108
119.9226305609 3.7651817074
119.8067632850 3.8397568528
119.6911196911 3.9202913585
119.5756991321 4.0055562724
119.4605009634 4.0934557576
119.3455245428 4.1807314856
119.2307692308 4.2629243752
119.1162343900 4.3346737775
119.0019193858 4.3903258128
118.8878235858 4.4248191255
118.7739463602 4.4346032858
118.6602870813 4.4184420664
118.5468451243 4.3777378100
118.4336198663 4.3163694544
118.3206106870 4.2400047638
118.2078169685 4.1552400348
118.0952380952 4.0686896747
117.9828734539 3.9862996409
117.8707224335 3.9128476525
117.7587844255 3.8517103449
117.6470588235 3.8047552562
117.5355450237 3.7724122470
117.4242424242 3.7538073512
117.3131504257 3.7470427475
117.2022684310 3.7495457295
117.0915958451 3.7585086394
116.9811320755 3.7713446532
116.8708765316 3.7860187114
116.7608286252 3.8011935493
116.6509877705 3.8161661614
116.5413533835 3.8306746008
116.4319248826 3.8446935055
116.3227016886 3.8583336007
116.2136832240 3.8718002212
116.1048689139 3.8854111100
115.9962581852 3.8995128350
115.8878504673 3.9142673477
115.7796451914 3.9293956988
115.6716417910 3.9440189685
115.5638397018 3.9566282881
115.4562383613 3.9652999502
115.3488372093 3.9680545265
115.2416356877 3.9632659918
115.1346332405 3.9500905406
115.0278293135 3.9287548901
114.9212233550 3.9006761906
114.8148148148 3.8683768993
114.7086031452 3.8351310139
114.6025878004 3.8044997532
114.4967682364 3.7797681296
114.3911439114 3.7634915278
114.2857142857 3.7572587030
114.1804788214 3.7616755103
114.0754369825 3.7765831249
113.9705882353 3.8013085429
113.8659320478 3.8349321065
113.7614678899 3.8763852069
113.6571952337 3.9243592748
113.5531135531 3.9771257762
113.4492223239 4.0323458421
113.3455210238 4.0871224426
113.2420091324 4.1383330799
113.1386861314 4.1831491075
113.0355515041 4.2195923314
112.9326047359 4.2468315204
112.8298453139 4.2651675291
112.7272727273 4.2757215542
112.6248864668 4.2800603911
112.5226860254 4.2799212212
112.4206708976 4.2771784079
112.3188405797 4.2739278897
112.2171945701 4.2726717988
112.1157323689 4.2763163222
112.0144534779 4.2880276066
111.9133574007 4.3108905196
111.8124436429 4.3475030905
111.7117117117 4.3996596527
111.6111611161 4.4681724650
111.5107913669 4.5528556449
111.4106019766 4.6525715287
111.3105924596 4.7653244960
111.2107623318 4.8883006349
111.1111111111 5.0178130907
111.0116383169 5.1492307839
110.9123434705 5.2769275040
110.8132260947 5.3944852720
110.7142857143 5.4951912326
110.6155218555 5.5728873180
110.5169340463 5.6229414745
110.4185218166 5.6431084953
110.3202846975 5.6338825177
110.2222222222 5.5982153784
110.1243339254 5.5407047087
110.0266193434 5.4665475945
109.9290780142 5.3807320702
109.8317094774 5.2876160378
109.7345132743 5.1909419035
109.6374889478 5.0940049667
109.5406360424 4.9997780452
109.4439541041 4.9108801914
109.3474426808 4.8294780975
109.2511013216 4.7571344712
109.1549295775 4.6947424593
109.0589270009 4.6425523227
108.9630931459 4.6003215348
108.8674275680 4.5675235140
108.7719298246 4.5435485778
108.6765994741 4.5278481841
108.5814360771 4.5199695916
108.4864391951 4.5195572617
108.3916083916 4.5263392087
108.2969432314 4.5401499766
108.2024432810 4.5609534534
108.1081081081 4.5887619109
108.0139372822 4.6234289338
107.9199303742 4.6643350329
107.8260869565 4.7099851394
107.7324066030 4.7577293785
107.6388888889 4.8037470712
107.5455333912 4.8434209985
107.4523396880 4.8720215600
107.3593073593 4.8855526674
107.2664359862 4.8814194206
107.1737251513 4.8587309852
107.0811744387 4.8181269236
106.9887834340 4.7613059607
106.8965517241 4.6904480276
106.8044788975 4.6078709679
106.7125645439 4.5158360812
106.6208082545 4.4165901539
106.5292096220 4.3124031231
106.4377682403 4.2055332923
106.3464837050 4.0981375921
106.2553556127 3.9921409257
106.1643835616 3.8891863069
106.0735671514 3.7906257012
105.9829059829 3.6975720757
105.8923996584 3.6109562921
105.8020477816 3.5315619251
105.7118499574 3.4600569770
105.6218057922 3.3969796687
105.5319148936 3.3427165261
105.4421768707 3.2973675264
105.3525913339 3.2606650099
105.2631578947 3.2318653565
105.1738761662 3.2097229697
105.0847457627 3.1925473499
104.9957662997 3.1782964233
104.9069373942 3.1647489700
104.8182586644 3.1496618037
104.7297297297 3.1309939860
104.6413502110 3.1071159881
104.5531197302 3.0770319864
104.4650379107 3.0405530766
104.3771043771 2.9983029587
104.2893187553 2.9516140160
104.2016806723 2.9022762020
104.1141897565 2.8522674613
104.0268456376 2.8034766412
103.9396479464 2.7575505430
103.8525963149 2.7157667699
103.7656903766 2.6789813245
103.6789297659 2.6475438304
103.5923141186 2.6212729826
103.5058430718 2.5993842987
103.4195162636 2.5805835444
103.3333333333 2.5631775482
103.2472939217 2.5453677604
103.1613976705 2.5255292346
103.0756442228 2.5025518999
102.9900332226 2.4760299948
102.9045643154 2.4463029880
102.8192371476 2.4143020985
102.7340513670 2.3813062378
102.6490066225 2.3486508936
102.5641025641 2.3175690854
102.4793388430 2.2891043281
102.3947151115 2.2640759587
102.3102310231 2.2430441849
102.2258862325 2.2262955744
102.1416803954 2.2138246317
102.0576131687 2.2053939058
101.9736842105 2.2006113047
101.8898931800 2.1990080684
101.8062397373 2.2000304753
101.7227235439 2.2029819287
101.6393442623 2.2069027306
101.5561015561 2.2105569505
101.4729950900 2.2124936537
101.3900245298 2.2113029472
101.3071895425 2.2058769806
101.2244897959 2.1956264985
101.1419249592 2.1805243159
101.0594947025 2.1609832140
100.9771986971 2.1376419177
100.8950366151 2.1111957705
100.8130081301 2.0822595801
100.7311129163 2.0512543426
100.6493506494 2.0183725215
100.5677210057 1.9835344693
100.4862236629 1.9464915665
100.4048582996 1.9069849905
100.3236245955 1.8650114754
100.2425222312 1.8210072280
100.1615508885 1.7758560034
100.0807102502 1.7307531207
100.0000000000 1.6869829329
99.9194198227 1.6456766663
99.8389694042 1.6076912416
99.7586484312 1.5735851387
99.6784565916 1.5436498338
99.5983935743 1.5179503777
99.5184590690 1.4963365990
99.4386527666 1.4784675636
99.3589743590 1.4638579429
99.2794235388 1.4519377594
99.2000000000 1.4421857918
99.1207034373 1.4342033883
99.0415335463 1.4277584043
98.9624900239 1.4228249616
98.8835725678 1.4194806735
98.8047808765 1.4178594964
98.7261146497 1.4180436829
98.6475735879 1.4200202091
98.5691573927 1.4236370407
98.4908657665 1.4286286977
98.4126984127 1.4346550057
98.3346550357 1.4413096123
98.2567353407 1.4481415741
98.1789390340 1.4546160934
98.1012658228 1.4601185890
98.0237154150 1.4639630641
97.9462875197 1.4654527231
97.8689818469 1.4639712903
97.7917981073 1.4591052854
97.7147360126 1.4507320375
97.6377952756 1.4390996735
97.5609756098 1.4248465881
97.4842767296 1.4089248572
97.4076983504 1.3924837584
97.3312401884 1.3766820740
97.2549019608 1.3625472979
97.1786833856 1.3508469190
97.1025841817 1.3420073441
97.0266040689 1.3360810355
96.9507427678 1.3327535095
96.8750000000 1.3313816290
96.7993754879 1.3310721195
96.7238689548 1.3308092121
96.6484801247 1.3296182195
96.5732087227 1.3267474468
96.4980544747 1.3218242695
96.4230171073 1.3148965882
96.3480963481 1.3064169165
96.2732919255 1.2970618892
96.1986035687 1.2875819875
96.1240310078 1.2786369435
96.0495739737 1.2707506274
95.9752321981 1.2642879678
95.9010054138 1.2594720017
95.8268933539 1.2564010636
95.7528957529 1.2550123728
95.6790123457 1.2550768978
95.6052428682 1.2561718434
95.5315870570 1.2577653026
95.4580446497 1.2592788244
95.3846153846 1.2602401367
95.3112990008 1.2603780094
95.2380952381 1.2596995354
95.1650038373 1.2584776853
95.0920245399 1.2571757069
95.0191570881 1.2563756796
94.9464012251 1.2566389169
94.8737566947 1.2584786684
94.8012232416 1.2622602764
94.7288006112 1.2681642954
94.6564885496 1.2761540763
94.5842868040 1.2859841436
94.5121951220 1.2972268648
94.4402132521 1.3093673387
94.3683409437 1.3218395911
94.2965779468 1.3341309615
94.2249240122 1.3458185995
94.1533788914 1.3566060387
94.0819423369 1.3663234881
94.0106141016 1.3749144970
93.9393939394 1.3823679548
93.8682816048 1.3886635441
93.7972768533 1.3936850725
93.7263794407 1.3971790701
93.6555891239 1.3988181840
93.5849056604 1.3982556419
93.5143288084 1.3953125460
93.4438583271 1.3900333734
93.3734939759 1.3827739635
93.3032355154 1.3741800871
93.2330827068 1.3651017480
93.1630353118 1.3564977865
93.0930930931 1.3493260092
93.0232558140 1.3444417296
92.9535232384 1.3425601315
92.8838951311 1.3441953634
92.8143712575 1.3496778557
92.7449513837 1.3591672627
92.6756352765 1.3726517917
92.6064227035 1.3899615998
92.5373134328 1.4108193743
92.4683072334 1.4348033636
92.3994038748 1.4614121364
92.3306031273 1.4900647700
92.2619047619 1.5201935105
92.1933085502 1.5513179704
92.1248142645 1.5831331792
92.0564216778 1.6155467393
91.9881305638 1.6486419585
91.9199406968 1.6825807890
91.8518518519 1.7174650824
91.7838638046 1.7531515440
91.7159763314 1.7891453289
91.6481892092 1.8246092901
91.5805022157 1.8584887883
91.5129151292 1.8897334493
91.4454277286 1.9175835616
91.3780397937 1.9418011829
91.3107511046 1.9627260112
91.2435614422 1.9812022579
91.1764705882 1.9983158566
91.1094783248 2.0150569943
91.0425844347 2.0320558309
90.9757887014 2.0493730790
90.9090909091 2.0665220491
90.8424908425 2.0826253651
90.7759882870 2.0966740834
90.7095830285 2.1078383727
90.6432748538 2.1157046072
90.5770635500 2.1203785451
90.5109489051 2.1224543437
90.4449307075 2.1228627541
90.3790087464 2.1227328224
90.3131828114 2.1231922432
90.2474526929 2.1252692999
90.1818181818 2.1297988347
90.1162790698 2.1374118834
90.0508351489 2.1485393351
89.9854862119 2.1634391468
89.9202320522 2.1822238018
89.8550724638 2.2047944041
89.7900072411 2.2307374112
89.7250361795 2.2592355466
89.6601590745 2.2890116643
89.5953757225 2.3184880650
89.5306859206 2.3459831303
89.4660894661 2.3700809413
89.4015861572 2.3899072576
89.3371757925 2.4052889387
89.2728581713 2.4167455926
89.2086330935 2.4252943484
89.1445003595 2.4321606306
89.0804597701 2.4384503847
89.0165111271 2.4449243046
88.9526542324 2.4518698132
88.8888888889 2.4591184419
88.8252148997 2.4661904747
88.7616320687 2.4724589636
88.6981402003 2.4773095474
88.6347390994 2.4802111472
88.5714285714 2.4807207779
88.5082084226 2.4784175034
88.4450784593 2.4729353870
88.3820384890 2.4640250023
88.3190883191 2.4516769475
88.2562277580 2.4362083134
88.1934566145 2.4182502723
88.1307746979 2.3986502583
88.0681818182 2.3782926646
88.0056777857 2.3579086806
87.9432624113 2.3379991422
87.8809355067 2.3188474957
87.8186968839 2.3006045458
87.7565463553 2.2834025280
87.6944837341 2.2674890943
87.6325088339 2.2532566457
87.5706214689 2.2412717645
87.5088214538 2.2322086023
87.4471086037 2.2267721103
87.3854827343 2.2256351397
87.3239436620 2.2294184990
87.2624912034 2.2386709088
87.2011251758 2.2538681920
87.1398453970 2.2753643526
87.0786516854 2.3033234175
87.0175438596 2.3376515174
86.9565217391 2.3779486462
86.8955851437 2.4234706395
86.8347338936 2.4731157701
86.7739678097 2.5254406349
86.7132867133 2.5787771508
86.6526904263 2.6313682606
86.5921787709 2.6816037647
86.5317515701 2.7281974254
86.4714086471 2.7703395033
86.4111498258 2.8077579955
86.3509749304 2.8406506758
86.2908837857 2.8695793870
86.2308762170 2.8953359356
86.1709520500 2.9188369982
86.1111111111 2.9410381465
86.0513532269 2.9628524493
85.9916782247 2.9850976450
85.9320859321 3.0084286342
85.8725761773 3.0332890440
85.8131487889 3.0599638257
85.7538035961 3.0885693862
85.6945404285 3.1191449058
85.6353591160 3.1516667492
85.5762594893 3.1860003351
85.5172413793 3.2217942852
85.4583046175 3.2582976306
85.3994490358 3.2942108056
85.3406744666 3.3276375656
85.2819807428 3.3562576549
85.2233676976 3.3776956424
85.1648351648 3.3899996143
85.1063829787 3.3921109000
85.0480109739 3.3841005296
84.9897189856 3.3671925421
84.9315068493 3.3434377747
84.8733744011 3.3153244570
84.8153214774 3.2853036501
84.7573479152 3.2554604190
84.6994535519 3.2273318952
84.6416382253 3.2018935949
84.5839017735 3.1795845987
84.5262440354 3.1604259145
84.4686648501 3.1440912820
84.4111640572 3.1300374206
84.3537414966 3.1175912575
84.2963970088 3.1060866699
84.2391304348 3.0949529311
84.1819416158 3.0837594141
84.1248303935 3.0721917295
84.0677966102 3.0600227715
84.0108401084 3.0470639088
83.9539607312 3.0332094452
83.8971583221 3.0185503532
83.8404327248 3.0034739326
83.7837837838 2.9887196582
83.7272113437 2.9753018448
83.6707152497 2.9643326935
83.6142953473 2.9568192672
83.5579514825 2.9534988447
83.5016835017 2.9547776833
83.4454912517 2.9607988654
83.3893745797 2.9715405829
83.3333333333 2.9868504822
83.2773673606 3.0063660794
83.2214765101 3.0293209915
83.1656606304 3.0543462358
83.1099195710 3.0793808459
83.0542531815 3.1018256576
82.9986613119 3.1189645710
82.9431438127 3.1284943509
82.8877005348 3.1290299854
82.8323313293 3.1203438130
82.7770360481 3.1033291832
82.7218145430 3.0797173486
82.6666666667 3.0517344731
82.6115922718 3.0216965194
82.5565912117 2.9917606922
82.5016633400 2.9637541756
82.4468085106 2.9391765932
82.3920265781 2.9192373307
82.3373173971 2.9049283148
82.2826808228 2.8971275760
82.2281167109 2.8965875164
82.1736249172 2.9039888096
82.1192052980 2.9199340610
82.0648577101 2.9448860309
82.0105820106 2.9791161286
81.9563780568 3.0225524314
81.9022457067 3.0746639325
81.8481848185 3.1342856840
81.7941952507 3.1995766955
81.7402768622 3.2679538582
81.6864295125 3.3362324566
81.6326530612 3.4008252224
81.5789473684 3.4581892347
81.5253122945 3.5053287603
81.4717477004 3.5403657609
81.4182534471 3.5629004618
81.3648293963 3.5740802795
81.3114754098 3.5763327068
81.2581913499 3.5728750657
81.2049770792 3.5671528518
81.1518324607 3.5623093597
81.0987573578 3.5608119469
81.0457516340 3.5642265015
80.9928151535 3.5731474488
80.9399477807 3.5872346442
80.8871493803 3.6052973500
80.8344198175 3.6254704909
80.7817589577 3.6454522018
80.7291666667 3.6628270710
80.6766428107 3.6754342946
80.6241872562 3.6817053061
80.5717998700 3.6808606282
80.5194805195 3.6729818656
80.4672290720 3.6588626866
80.4150453956 3.6397387730
80.3629293584 3.6168950262
80.3108808290 3.5913719261
80.2588996764 3.5636643210
80.2069857697 3.5336827081
80.1551389787 3.5008312485
80.1033591731 3.4642803069
80.0516462234 3.4233740475
80.0000000000 3.3780107893
79.9484203740 3.3288527058
79.8969072165 3.2773067734
79.8454603992 3.2252843257
79.7940797941 3.1748855913
79.7427652733 3.1280594891
79.6915167095 3.0864198552
79.6403339756 3.0511218731
79.5892169448 3.0227948643
79.5381654907 3.0015013842
79.4871794872 2.9867596624
79.4362588085 2.9775882035
79.3854033291 2.9726714757
79.3346129239 2.9705268106
79.2838874680 2.9697189323
79.2332268371 2.9690227228
79.1826309068 2.9675914446
79.1320995533 2.9650102912
79.0816326531 2.9613344349
79.0312300829 2.9569387408
78.9808917197 2.9523983805
78.9306174411 2.9481905287
78.8804071247 2.9445102146
78.8302606484 2.9411168986
78.7801778907 2.9372908498
78.7301587302 2.9319576893
78.6802030457 2.9238975195
78.6303107166 2.9120179277
78.5804816223 2.8956386999
78.5307156428 2.8746779717
78.4810126582 2.8497502891
78.4313725490 2.8220861547
78.3817951960 2.7933667363
78.3322804801 2.7654352579
78.2828282828 2.7399951079
78.2334384858 2.7183530620
78.1841109710 2.7012776982
78.1348456207 2.6889478697
78.0856423174 2.6810669611
78.0365009440 2.6770531966
77.9874213836 2.6762259326
77.9384035198 2.6779340651
77.8894472362 2.6816474239
77.8405524168 2.6869306480
77.7917189460 2.6933419230
77.7429467085 2.7003259908
77.6942355890 2.7071228848
77.6455854728 2.7127352904
77.5969962453 2.7160511633
77.5484677924 2.7159718305
77.5000000000 2.7116047287
77.4515927545 2.7023493696
77.4032459426 2.6879355054
77.3549594510 2.6683865209
77.3067331671 2.6438698648
77.2585669782 2.6146170004
77.2104607721 2.5807888739
77.1624144368 2.5425081229
77.1144278607 2.4998752104
77.0665009323 2.4531041207
77.0186335404 2.4026158732
76.9708255742 2.3491004429
76.9230769231 2.2935194603
76.8753874768 2.2370269981
76.8277571252 2.1809003594
76.7801857585 2.1263491280
76.7326732673 2.0744373224
76.6852195424 2.0259935393
76.6378244747 1.9815532818
76.5904879555 1.9413727341
76.5432098765 1.9054263979
76.4959901295 1.8734549099
76.4488286067 1.8450301969
76.4017252002 1.8196601824
76.3546798030 1.7969165303
76.3076923077 1.7765353823
76.2607626076 1.7584573689
76.2138905962 1.7428231320
76.1670761671 1.7298905865
76.1203192142 1.7198846229
76.0736196319 1.7128795263
76.0269773145 1.7087032860
75.9803921569 1.7069311681
75.9338640539 1.7069578127
75.8873929009 1.7081369095
75.8409785933 1.7098877375
75.7946210269 1.7117459313
75.7483200977 1.7134031288
75.7020757021 1.7146063857
75.6558877364 1.7151246218
75.6097560976 1.7146362570
75.5636806825 1.7127626242
75.5176613886 1.7090789532
75.4716981132 1.7032210872
75.4257907543 1.6949644546
75.3799392097 1.6843429398
75.3341433779 1.6716555564
75.2884031573 1.6574733266
75.2427184466 1.6425331911
75.1970891449 1.6275634114
75.1515151515 1.6131589225
75.1059963658 1.5996332337
75.0605326877 1.5869603497
75.0151240169 1.5748016723
74.9697702539 1.5626638878
74.9244712991 1.5500405989
74.8792270531 1.5366002140
74.8340374170 1.5223291971
74.7889022919 1.5075163550
74.7438215793 1.4927256713
74.6987951807 1.4786089257
74.6538229982 1.4657744416
74.6089049338 1.4546722410
74.5640408900 1.4455416445
74.5192307692 1.4383931013
74.4744744745 1.4330244975
74.4297719088 1.4290204339
74.3851229754 1.4257975665
74.3405275779 1.4226214058
74.2959856201 1.4187209534
74.2514970060 1.4134440124
74.2070616397 1.4064245885
74.1626794258 1.3976991546
74.1183502690 1.3877023959
74.0740740741 1.3771648973
74.0298507463 1.3669352226
73.9856801909 1.3577836768
73.9415623137 1.3503150242
73.8974970203 1.3448807540
73.8534842168 1.3415548059
73.8095238095 1.3401267538
73.7656157049 1.3401880163
73.7217598098 1.3411662222
73.6779560309 1.3424759631
73.6342042755 1.3436293230
73.5905044510 1.3443641836
73.5468564650 1.3446623316
73.5032602253 1.3447501721
73.4597156398 1.3450003704
73.4162226169 1.3458214710
73.3727810651 1.3475354235
73.3293908930 1.3502605106
73.2860520095 1.3539165971
73.2427643237 1.3582070709
73.1995277450 1.3627235784
73.1563421829 1.3670510780
73.1132075472 1.3708205100
73.0701237478 1.3738143075
73.0270906949 1.3759316055
72.9841082990 1.3772061264
72.9411764706 1.3777654935
72.8982951205 1.3777786849
72.8554641598 1.3774326834
72.8126834997 1.3768385145
72.7699530516 1.3760016233
72.7272727273 1.3747803649
72.6846424385 1.3729208693
72.6420620972 1.3701686051
72.5995316159 1.3663508722
72.5570509070 1.3614950297
72.5146198830 1.3558586877
72.4722384570 1.3498596537
72.4299065421 1.3440115066
72.3876240514 1.3387523749
72.3453908985 1.3343972745
72.3032069971 1.3310428502
72.2610722611 1.3285784712
72.2189866045 1.3267211578
72.1769499418 1.3251159635
72.1349621873 1.3234129848
72.0930232558 1.3213505767
72.0511330622 1.3188329208
72.0092915215 1.3159126956
71.9674985490 1.3127201104
71.9257540603 1.3093737985
71.8840579710 1.3058794382
71.8424101970 1.3020995525
71.8008106543 1.2978067529
71.7592592593 1.2927610765
71.7177559283 1.2868474005
71.6763005780 1.2801356762
71.6348931254 1.2729115264
71.5935334873 1.2656051669
71.5522215811 1.2586900408
71.5109573241 1.2525509718
71.4697406340 1.2473637347
71.4285714286 1.2430041753
71.3874496258 1.2391012953
71.3463751438 1.2350545120
71.3053479011 1.2302315393
71.2643678161 1.2240706259
71.2234348076 1.2162434352
71.1825487945 1.2067040415
71.1417096959 1.1957080787
71.1009174312 1.1837837693
71.0601719198 1.1715940449
71.0194730813 1.1598584867
70.9788208357 1.1492081664
70.9382151030 1.1401124462
70.8976558033 1.1328236175
70.8571428571 1.1273517108
70.8166761850 1.1235182787
70.7762557078 1.1210165881
70.7358813463 1.1194721051
70.6955530217 1.1185093099
70.6552706553 1.1177700190
70.6150341686 1.1169134726
70.5748434832 1.1156224858
70.5346985210 1.1135791058
70.4945992041 1.1105317073
70.4545454545 1.1062951551
70.4145371948 1.1008365369
70.3745743473 1.0942756605
70.3346568349 1.0868856021
70.2947845805 1.0790565500
70.2549575071 1.0712349795
70.2151755379 1.0638502697
70.1754385965 1.0572471020
70.1357466063 1.0516789700
70.0960994912 1.0472770791
70.0564971751 1.0440683484
70.0169395822 1.0420181383
69.9774266366 1.0410670041
69.9379582628 1.0411306386
69.8985343856 1.0421183083
69.8591549296 1.0439205220
69.8198198198 1.0464151683
69.7805289814 1.0494551549
69.7412823397 1.0528868928
69.7020798201 1.0565502951
69.6629213483 1.0602849545
69.6238068501 1.0639363331
69.5847362514 1.0673495901
69.5457094784 1.0703943432
69.5067264574 1.0729275527
69.4677871148 1.0747996757
69.4288913774 1.0758732351
69.3900391718 1.0760228315
69.3512304251 1.0751599886
69.3124650643 1.0732394529
69.2737430168 1.0702779587
69.2350642099 1.0663481992
69.1964285714 1.0615603404
69.1578360290 1.0561306740
69.1192865106 1.0503446020
69.0807799443 1.0445631324
69.0423162584 1.0392044225
69.0038953812 1.0346502796
68.9655172414 1.0311772509
68.9271817676 1.0289124608
68.8888888889 1.0277642893
68.8506385341 1.0274780636
68.8124306326 1.0276794700
68.7742651137 1.0279807971
68.7361419069 1.0280687022
68.6980609418 1.0277797047
68.6600221484 1.0271131548
68.6220254566 1.0261751717
68.5840707965 1.0251035435
68.5461580984 1.0239986545
68.5082872928 1.0228415865
68.4704583103 1.0215189500
68.4326710817 1.0197974077
68.3949255378 1.0174241520
68.3572216097 1.0141331266
68.3195592287 1.0097459164
68.2819383260 1.0042035599
68.2443588332 0.9976111609
68.2068206821 0.9902511071
68.1693238043 0.9825457605
68.1318681319 0.9749756694
68.0944535969 0.9679973954
68.0570801317 0.9620116883
68.0197476687 0.9572807350
67.9824561404 0.9539276315
67.9452054795 0.9519867223
67.9079956188 0.9513778900
67.8708264915 0.9519889179
67.8336980306 0.9536754279
67.7966101695 0.9562799294
67.7595628415 0.9596445570
67.7225559803 0.9636238401
67.6855895197 0.9681166319
67.6486633933 0.9730407115
67.6117775354 0.9783838877
67.5749318801 0.9841913863
67.5381263617 0.9905212772
67.5013609145 0.9973933836
67.4646354733 1.0047700296
67.4279499728 1.0124472291
67.3913043478 1.0201055359
67.3546985334 1.0272970192
67.3181324647 1.0335538068
67.2816060770 1.0385288691
67.2451193059 1.0420346503
67.2086720867 1.0441331292
67.1722643554 1.0450466399
67.1358960476 1.0450877459
67.0995670996 1.0445439653
67.0632774473 1.0436263389
67.0270270270 1.0424306712
66.9908157753 1.0409950907
66.9546436285 1.0392934538
66.9185105235 1.0373124278
66.8824163970 1.0350450878
66.8463611860 1.0324909338
66.8103448276 1.0296559116
66.7743672590 1.0265524335
66.7384284177 1.0231864798
66.7025282410 1.0195511182
66.6666666667 1.0156070653
66.6308436325 1.0112825815
66.5950590763 1.0065057380
66.5593129361 1.0011914517
66.5236051502 0.9953127487
66.4879356568 0.9889269003
66.4523043944 0.9821302674
66.4167113016 0.9751169065
66.3811563169 0.9680879036
66.3456393793 0.9612318867
66.3101604278 0.9547054505
66.2747194014 0.9486265246
66.2393162393 0.9430155728
66.2039508809 0.9378604870
66.1686232657 0.9330707993
66.1333333333 0.9285296782
66.0980810235 0.9240807818
66.0628662760 0.9195869852
66.0276890309 0.9149631532
65.9925492283 0.9102090385
65.9574468085 0.9053964489
65.9223817119 0.9006694783
65.8873538789 0.8961922632
65.8523632501 0.8921293508
65.8174097665 0.8886391170
65.7824933687 0.8858343106
65.7476139979 0.8838410649
65.7127715951 0.8827462987
65.6779661017 0.8826304922
65.6431974590 0.8835215609
65.6084656085 0.8854540030
65.5737704918 0.8884227701
65.5391120507 0.8924293297
65.5044902272 0.8974552983
65.4699049630 0.9034491982
65.4353562005 0.9102933929
65.4008438819 0.9177247125
65.3663679494 0.9253606298
65.3319283456 0.9326461795
65.2975250132 0.9389527957
65.2631578947 0.9436574605
65.2288269332 0.9462550649
65.1945320715 0.9464710563
65.1602732528 0.9443082598
65.1260504202 0.9400542478
65.0918635171 0.9341695092
65.0577124869 0.9272483215
65.0235972732 0.9198532593
64.9895178197 0.9124819360
64.9554740702 0.9054936329
64.9214659686 0.8990688752
64.8874934589 0.8932021565
64.8535564854 0.8877279797
64.8196549922 0.8823536974
64.7857889237 0.8767592097
64.7519582245 0.8706569737
64.7181628392 0.8638923155
64.6844027126 0.8564839720
64.6506777894 0.8485644538
64.6169880146 0.8403603605
64.5833333333 0.8321190170
64.5497136908 0.8240549118
64.5161290323 0.8163562864
64.4825793032 0.8091716052
64.4490644491 0.8026228402
64.4155844156 0.7968389825
64.3821391485 0.7919224122
64.3487285937 0.7879487983
64.3153526971 0.7849400646
64.2820114049 0.7828844350
64.2487046632 0.7816958899
64.2154324184 0.7812544429
64.1821946170 0.7813858224
64.1489912054 0.7818816081
64.1158221303 0.7825126715
64.0826873385 0.7830223776
64.0495867769 0.7831603262
64.0165203924 0.7827094218
63.9834881321 0.7815333299
63.9504899433 0.7795292610
63.9175257732 0.7766416045
63.8845955693 0.7728213605
63.8516992791 0.7680057941
63.8188368502 0.7621455389
63.7860082305 0.7552318062
63.7532133676 0.7473237088
63.7204522097 0.7385893210
63.6877247047 0.7292379947
63.6550308008 0.7195341571
63.6223704464 0.7097157095
63.5897435897 0.6999939409
63.5571501794 0.6905602599
63.5245901639 0.6815724465
63.4920634921 0.6731681974
63.4595701126 0.6654855652
63.4271099744 0.6586424031
63.3946830266 0.6527020255
63.3622892182 0.6477141466
63.3299284985 0.6436805331
63.2976008167 0.6405823098
63.2653061224 0.6383936313
63.2330443651 0.6370541914
63.2008154944 0.6365241239
63.1686194600 0.6367221748
63.1364562118 0.6375600066
63.1043256997 0.6389421932
63.0722278739 0.6407524393
63.0401626843 0.6429017740
63.0081300813 0.6453217294
62.9761300152 0.6480126682
62.9441624365 0.6510301477
62.9122272958 0.6544643329
62.8803245436 0.6584538796
62.8484541308 0.6631238508
62.8166160081 0.6685649396
62.7848101266 0.6748264684
62.7530364372 0.6818817194
62.7212948912 0.6896139537
62.6895854398 0.6978093420
62.6579080344 0.7061775845
62.6262626263 0.7143448702
62.5946491671 0.7219091537
62.5630676085 0.7284677980
62.5315179022 0.7336799082
62.5000000000 0.7373010530
62.4685138539 0.7392389131
62.4370594159 0.7395258099
62.4056366381 0.7383606961
62.3742454728 0.7360401256
62.3428858723 0.7329516355
62.3115577889 0.7295253553
62.2802611753 0.7261784745
62.2489959839 0.7232455449
62.2177621676 0.7209573152
62.1865596790 0.7194194895
62.1553884712 0.7185704975
62.1242484970 0.7182369053
62.0931397096 0.7181890141
62.0620620621 0.7182106205
62.0310155078 0.7181619863
62.0000000000 0.7180080169
