0.0100000000 0.0000210073
0.0200000000 0.0000902055
0.0300000000 0.0002066781
0.0400000000 0.0003717805
0.0500000000 0.0005875249
0.0600000000 0.0008566841
0.0700000000 0.0011827039
0.0800000000 0.0015698813
0.0900000000 0.0020234708
0.1000000000 0.0025497553
0.1100000000 0.0031563293
0.1200000000 0.0038521910
0.1300000000 0.0046479304
0.1400000000 0.0055562355
0.1500000000 0.0065920165
0.1600000000 0.0077727488
0.1700000000 0.0091191006
0.1800000000 0.0106551758
0.1900000000 0.0124089850
0.2000000000 0.0144128866
0.2100000000 0.0167036769
0.2200000000 0.0193223604
0.2300000000 0.0223133629
0.2400000000 0.0257225527
0.2500000000 0.0295935328
0.2600000000 0.0339617641
0.2700000000 0.0388451952
0.2800000000 0.0442316732
0.2900000000 0.0500640810
0.3000000000 0.0562254684
0.3100000000 0.0625305785
0.3200000000 0.0687318046
0.3300000000 0.0745465869
0.3400000000 0.0797039544
0.3500000000 0.0840000124
0.3600000000 0.0873368904
0.3700000000 0.0897285371
0.3800000000 0.0912683206
0.3900000000 0.0920768520
0.4000000000 0.0922541527
0.4100000000 0.0918575664
0.4200000000 0.0909110604
0.4300000000 0.0894352791
0.4400000000 0.0874803251
0.4500000000 0.0851441990
0.4600000000 0.0825672681
0.4700000000 0.0799132682
0.4800000000 0.0773428385
0.4900000000 0.0749948811
0.5000000000 0.0729748817
0.5100000000 0.0713527241
0.5200000000 0.0701633409
0.5300000000 0.0694092335
0.5400000000 0.0690631248
0.5500000000 0.0690696940
0.5600000000 0.0693489737
0.5700000000 0.0698041784
0.5800000000 0.0703336141
0.5900000000 0.0708447389
0.6000000000 0.0712657981
0.6100000000 0.0715500519
0.6200000000 0.0716707510
0.6300000000 0.0716102581
0.6400000000 0.0713540791
0.6500000000 0.0708895522
0.6600000000 0.0702156092
0.6700000000 0.0693515103
0.6800000000 0.0683414658
0.6900000000 0.0672497576
0.7000000000 0.0661520647
0.7100000000 0.0651204027
0.7200000000 0.0642177101
0.7300000000 0.0634899610
0.7400000000 0.0629694987
0.7500000000 0.0626737057
0.7600000000 0.0626103827
0.7700000000 0.0627795483
0.7800000000 0.0631751528
0.7900000000 0.0637866834
0.8000000000 0.0646006356
0.8100000000 0.0656006762
0.8200000000 0.0667701521
0.8300000000 0.0680942024
0.8400000000 0.0695614234
0.8500000000 0.0711665421
0.8600000000 0.0729123461
0.8700000000 0.0748083292
0.8800000000 0.0768723262
0.8900000000 0.0791278191
0.9000000000 0.0816038996
0.9100000000 0.0843316657
0.9200000000 0.0873459012
0.9300000000 0.0906819220
0.9400000000 0.0943775351
0.9500000000 0.0984727693
0.9600000000 0.1030106043
0.9700000000 0.1080380840
0.9800000000 0.1136071454
0.9900000000 0.1197719855
1.0000000000 0.1265894424
1.0100000000 0.1341147529
1.0200000000 0.1423959754
1.0300000000 0.1514670082
1.0400000000 0.1613343527
1.0500000000 0.1719646600
1.0600000000 0.1832712910
1.0700000000 0.1951051604
1.0800000000 0.2072581916
1.0900000000 0.2194805786
1.1000000000 0.2315189035
1.1100000000 0.2431637899
1.1200000000 0.2542937188
1.1300000000 0.2649022716
1.1400000000 0.2750936059
1.1500000000 0.2850640607
1.1600000000 0.2950703156
1.1700000000 0.3054002787
1.1800000000 0.3163440534
1.1900000000 0.3281701103
1.2000000000 0.3410926886
1.2100000000 0.3552466295
1.2200000000 0.3706577127
1.2300000000 0.3872208815
1.2400000000 0.4046785805
1.2500000000 0.4226216744
1.2600000000 0.4405221436
1.2700000000 0.4578241782
1.2800000000 0.4740759358
1.2900000000 0.4890626624
1.3000000000 0.5028848744
1.3100000000 0.5159330021
1.3200000000 0.5287631739
1.3300000000 0.5419162163
1.3400000000 0.5557388087
1.3500000000 0.5702575400
1.3600000000 0.5851266122
1.3700000000 0.5996771090
1.3800000000 0.6130626658
1.3900000000 0.6244914092
1.4000000000 0.6334725771
1.4100000000 0.6400047237
1.4200000000 0.6446154591
1.4300000000 0.6482602637
1.4400000000 0.6521186791
1.4500000000 0.6573935445
1.4600000000 0.6651546176
1.4700000000 0.6762605621
1.4800000000 0.6913354965
1.4900000000 0.7107732163
1.5000000000 0.7347479182
1.5100000000 0.7632164294
1.5200000000 0.7959221602
1.5300000000 0.8324104097
1.5400000000 0.8720838448
1.5500000000 0.9143201137
1.5600000000 0.9586375041
1.5700000000 1.0048774376
1.5800000000 1.0533097435
1.5900000000 1.1046177522
1.6000000000 1.1597330322
1.6100000000 1.2195750758
1.6200000000 1.2847865663
1.6300000000 1.3555336034
1.6400000000 1.4314333214
1.6500000000 1.5116391019
1.6600000000 1.5950808094
1.6700000000 1.6808029113
1.6800000000 1.7682698638
1.6900000000 1.8574836781
1.7000000000 1.9488041859
1.7100000000 2.0424920481
1.7200000000 2.1381062751
1.7300000000 2.2339900381
1.7400000000 2.3270806555
1.7500000000 2.4132079024
1.7600000000 2.4879118395
1.7700000000 2.5475874949
1.7800000000 2.5905602600
1.7900000000 2.6176429198
1.8000000000 2.6319285583
1.8100000000 2.6379445889
1.8200000000 2.6405734269
1.8300000000 2.6441734441
1.8400000000 2.6521493725
1.8500000000 2.6669633215
1.8600000000 2.6904318680
1.8700000000 2.7240844179
1.8800000000 2.7694240197
1.8900000000 2.8280038032
1.9000000000 2.9013340941
1.9100000000 2.9907232337
1.9200000000 3.0971632652
1.9300000000 3.2213069686
1.9400000000 3.3634412441
1.9500000000 3.5233118024
1.9600000000 3.6996543598
1.9700000000 3.8894700639
1.9800000000 4.0872271539
1.9900000000 4.2843471151
2.0000000000 4.4693123207
2.0100000000 4.6286429559
2.0200000000 4.7487405131
2.0300000000 4.8182397214
2.0400000000 4.8302239361
2.0500000000 4.7835816088
2.0600000000 4.6830386505
2.0700000000 4.5379174983
2.0800000000 4.3601524355
2.0900000000 4.1622512365
2.1000000000 3.9557226961
2.1100000000 3.7501248712
2.1200000000 3.5526621590
2.1300000000 3.3681695899
2.1400000000 3.1993725112
2.1500000000 3.0472991733
2.1600000000 2.9117510035
2.1700000000 2.7917097696
2.1800000000 2.6856226464
2.1900000000 2.5915634828
2.2000000000 2.5073487008
2.2100000000 2.4306937903
2.2200000000 2.3594373713
2.2300000000 2.2917903060
2.2400000000 2.2265306665
2.2500000000 2.1630750271
2.2600000000 2.1014388878
2.2700000000 2.0420897214
2.2800000000 1.9857553669
2.2900000000 1.9332425121
2.3000000000 1.8852942910
2.3100000000 1.8425062770
2.3200000000 1.8052772527
2.3300000000 1.7737675898
2.3400000000 1.7478761166
2.3500000000 1.7272466844
2.3600000000 1.7113215921
2.3700000000 1.6994359246
2.3800000000 1.6909636191
2.3900000000 1.6854772149
2.4000000000 1.6828802593
2.4100000000 1.6834311689
2.4200000000 1.6876286636
2.4300000000 1.6959639912
2.4400000000 1.7086552602
2.4500000000 1.7254638768
2.4600000000 1.7456901762
2.4700000000 1.7683843365
2.4800000000 1.7927200299
2.4900000000 1.8184092169
2.5000000000 1.8459903930
2.5100000000 1.8768753848
2.5200000000 1.9131474832
2.5300000000 1.9572046466
2.5400000000 2.0113828090
2.5500000000 2.0776362706
2.5600000000 2.1572703066
2.5700000000 2.2507099048
2.5800000000 2.3572871752
2.5900000000 2.4750684142
2.6000000000 2.6007663232
2.6100000000 2.7297974072
2.6200000000 2.8565248242
2.6300000000 2.9746481285
2.6400000000 3.0776788815
2.6500000000 3.1594299162
2.6600000000 3.2144963975
2.6700000000 3.2387311788
2.6800000000 3.2297080533
2.6900000000 3.1871128683
2.7000000000 3.1129107823
2.7100000000 3.0111679264
2.7200000000 2.8874835859
2.7300000000 2.7481946070
2.7400000000 2.5995700407
2.7500000000 2.4472400316
2.7600000000 2.2959074355
2.7700000000 2.1492898875
2.7800000000 2.0101866775
2.7900000000 1.8805751108
2.8000000000 1.7617113705
2.8100000000 1.6542347226
2.8200000000 1.5582877516
2.8300000000 1.4736381663
2.8400000000 1.3997867973
2.8500000000 1.3360644404
2.8600000000 1.2816957105
2.8700000000 1.2358451756
2.8800000000 1.1976438826
2.8900000000 1.1662125042
2.9000000000 1.1406808952
2.9100000000 1.1201937946
2.9200000000 1.1039093534
2.9300000000 1.0909862377
2.9400000000 1.0805569960
2.9500000000 1.0717355002
2.9600000000 1.0636562540
2.9700000000 1.0555700647
2.9800000000 1.0469643501
2.9900000000 1.0376464027
3.0000000000 1.0277616363
3.0100000000 1.0177138435
3.0200000000 1.0080374878
3.0300000000 0.9992397925
3.0400000000 0.9916817026
3.0500000000 0.9855041036
3.0600000000 0.9806281829
3.0700000000 0.9768189523
3.0800000000 0.9737866050
3.0900000000 0.9712835117
3.1000000000 0.9691416799
3.1100000000 0.9672514166
3.1200000000 0.9654798436
3.1300000000 0.9636084860
3.1400000000 0.9613417391
3.1500000000 0.9584031780
3.1600000000 0.9546843159
3.1700000000 0.9503675823
3.1800000000 0.9459731215
3.1900000000 0.9422965196
3.2000000000 0.9402816590
3.2100000000 0.9408830483
3.2200000000 0.9449555809
3.2300000000 0.9532006011
3.2400000000 0.9661392458
3.2500000000 0.9841160311
3.2600000000 1.0072937051
3.2700000000 1.0356687739
3.2800000000 1.0690716383
3.2900000000 1.1072046813
3.3000000000 1.1496776932
3.3100000000 1.1960656877
3.3200000000 1.2459514399
3.3300000000 1.2989420601
3.3400000000 1.3546753317
3.3500000000 1.4128191273
3.3600000000 1.4730684493
3.3700000000 1.5351435472
3.3800000000 1.5987520081
3.3900000000 1.6635341622
3.4000000000 1.7290126107
3.4100000000 1.7945342685
3.4200000000 1.8592375265
3.4300000000 1.9220049588
3.4400000000 1.9814469596
3.4500000000 2.0359199681
3.4600000000 2.0836006285
3.4700000000 2.1225999594
3.4800000000 2.1511288164
3.4900000000 2.1677265860
3.5000000000 2.1715588180
3.5100000000 2.1627152717
3.5200000000 2.1424181747
3.5300000000 2.1129766195
3.5400000000 2.0774839984
3.5500000000 2.0393103234
3.5600000000 2.0015893721
3.5700000000 1.9668409344
3.5800000000 1.9368240289
3.5900000000 1.9125755790
3.6000000000 1.8945453685
3.6100000000 1.8827249769
3.6200000000 1.8767320167
3.6300000000 1.8758880494
3.6400000000 1.8793356954
3.6500000000 1.8862090267
3.6600000000 1.8958341294
3.6700000000 1.9078862038
3.6800000000 1.9224030956
3.6900000000 1.9396565011
3.7000000000 1.9599176140
3.7100000000 1.9831978699
3.7200000000 2.0090787540
3.7300000000 2.0366666151
3.7400000000 2.0647544997
3.7500000000 2.0921479454
3.7600000000 2.1180930663
3.7700000000 2.1426024946
3.7800000000 2.1664919303
3.7900000000 2.1910907537
3.8000000000 2.2177090107
3.8100000000 2.2471307231
3.8200000000 2.2793246292
3.8300000000 2.3134915029
3.8400000000 2.3484385428
3.8500000000 2.3831104897
3.8600000000 2.4170719713
3.8700000000 2.4506871748
3.8800000000 2.4848921815
3.8900000000 2.5206408609
3.9000000000 2.5582523566
3.9100000000 2.5969526521
3.9200000000 2.6348067914
3.9300000000 2.6691267190
3.9400000000 2.6972023972
3.9500000000 2.7170835837
3.9600000000 2.7280418473
3.9700000000 2.7304936267
3.9800000000 2.7254310769
3.9900000000 2.7136865327
4.0000000000 2.6954105423
4.0100000000 2.6700233440
4.0200000000 2.6366504492
4.0300000000 2.5948393313
4.0400000000 2.5452036667
4.0500000000 2.4897046679
4.0600000000 2.4314704867
4.0700000000 2.3742694156
4.0800000000 2.3219113779
4.0900000000 2.2777414261
4.1000000000 2.2443499078
4.1100000000 2.2234832638
4.1200000000 2.2160585797
4.1300000000 2.2222430577
4.1400000000 2.2415127308
4.1500000000 2.2726672302
4.1600000000 2.3137980694
4.1700000000 2.3622402854
4.1800000000 2.4145670705
4.1900000000 2.4667451151
4.2000000000 2.5145664100
4.2100000000 2.5543211523
4.2200000000 2.5835989659
4.2300000000 2.6018683655
4.2400000000 2.6105883045
4.2500000000 2.6127753895
4.2600000000 2.6122134341
4.2700000000 2.6126471058
4.2800000000 2.6171931627
4.2900000000 2.6280701468
4.3000000000 2.6465697927
4.3100000000 2.6731885413
4.3200000000 2.7077842062
4.3300000000 2.7497331540
4.3400000000 2.7980030952
4.3500000000 2.8511633205
4.3600000000 2.9073342956
4.3700000000 2.9641631851
4.3800000000 3.0188687478
4.3900000000 3.0684211987
4.4000000000 3.1098312766
4.4100000000 3.1404691001
4.4200000000 3.1583307057
4.4300000000 3.1621756092
4.4400000000 3.1515280908
4.4500000000 3.1265794431
4.4600000000 3.0880590394
4.4700000000 3.0372038740
4.4800000000 2.9758429656
4.4900000000 2.9065404624
4.5000000000 2.8326312873
4.5100000000 2.7580062505
4.5200000000 2.6866807213
4.5300000000 2.6222893928
4.5400000000 2.5676544330
4.5500000000 2.5245250551
4.5600000000 2.4934694328
4.5700000000 2.4738811660
4.5800000000 2.4640644899
4.5900000000 2.4614390514
4.6000000000 2.4628798393
4.6100000000 2.4652434178
4.6200000000 2.4659632621
4.6300000000 2.4635621204
4.6400000000 2.4578231932
4.6500000000 2.4495313169
4.6600000000 2.4398591028
4.6700000000 2.4296783261
4.6800000000 2.4190492562
4.6900000000 2.4071031801
4.7000000000 2.3923247135
4.7100000000 2.3731496823
4.7200000000 2.3486368845
4.7300000000 2.3189617705
4.7400000000 2.2855278652
4.7500000000 2.2506935615
4.7600000000 2.2172587926
4.7700000000 2.1879611569
4.7800000000 2.1651194484
4.7900000000 2.1504950757
4.8000000000 2.1453016224
4.8100000000 2.1503152071
4.8200000000 2.1659629865
4.8300000000 2.1924023853
4.8400000000 2.2295578301
4.8500000000 2.2771175854
4.8600000000 2.3345412009
4.8700000000 2.4010331783
4.8800000000 2.4755188030
4.8900000000 2.5566319670
4.9000000000 2.6427296772
4.9100000000 2.7319873551
4.9200000000 2.8225681002
4.9300000000 2.9128179188
4.9400000000 3.0014094626
4.9500000000 3.0873421966
4.9600000000 3.1697660842
4.9700000000 3.2477142275
4.9800000000 3.3198956674
4.9900000000 3.3846469857
5.0000000000 3.4401799077
5.0100000000 3.4850571967
5.0200000000 3.5187459575
5.0300000000 3.5419516182
5.0400000000 3.5565182788
5.0500000000 3.5648986501
5.0600000000 3.5695109812
5.0700000000 3.5723016593
5.0800000000 3.5746913593
5.0900000000 3.5778282922
5.1000000000 3.5828559033
5.1100000000 3.5910437619
5.1200000000 3.6036919895
5.1300000000 3.6219565483
5.1400000000 3.6466726065
5.1500000000 3.6782222763
5.1600000000 3.7164054195
5.1700000000 3.7603276040
5.1800000000 3.8083072265
5.1900000000 3.8579512413
5.2000000000 3.9063657074
5.2100000000 3.9504770654
5.2200000000 3.9873449004
5.2300000000 4.0143845102
5.2400000000 4.0295047192
5.2500000000 4.0312642677
5.2600000000 4.0191292563
5.2700000000 3.9937575943
5.2800000000 3.9571832916
5.2900000000 3.9127106305
5.3000000000 3.8644759661
5.3100000000 3.8167730739
5.3200000000 3.7733388955
5.3300000000 3.7367602781
5.3400000000 3.7081632035
5.3500000000 3.6871596734
5.3600000000 3.6720601139
5.3700000000 3.6602506995
5.3800000000 3.6487200442
5.3900000000 3.6346574112
5.4000000000 3.6160553030
5.4100000000 3.5922018142
5.4200000000 3.5639271942
5.4300000000 3.5335031368
5.4400000000 3.5041843529
5.4500000000 3.4795226328
5.4600000000 3.4625871434
5.4700000000 3.4553058698
5.4800000000 3.4580494565
5.4900000000 3.4694915389
5.5000000000 3.4867484573
5.5100000000 3.5058307352
5.5200000000 3.5223041193
5.5300000000 3.5321065620
5.5400000000 3.5323110442
5.5500000000 3.5216650068
5.5600000000 3.5007154653
5.5700000000 3.4715254611
5.5800000000 3.4370294418
5.5900000000 3.4002675558
5.6000000000 3.3636921769
5.6100000000 3.3287759425
5.6200000000 3.2959986025
5.6300000000 3.2651944031
5.6400000000 3.2360849601
5.6500000000 3.2087020580
5.6600000000 3.1834855338
5.6700000000 3.1609770647
5.6800000000 3.1412865913
5.6900000000 3.1236141417
5.7000000000 3.1061148932
5.7100000000 3.0862302522
5.7200000000 3.0614072414
5.7300000000 3.0299447275
5.7400000000 2.9916563805
5.7500000000 2.9480715021
5.7600000000 2.9021681969
5.7700000000 2.8577904308
5.7800000000 2.8189666655
5.7900000000 2.7893346883
5.8000000000 2.7717128576
5.8100000000 2.7678641559
5.8200000000 2.7783810182
5.8300000000 2.8026672779
5.8400000000 2.8389994205
5.8500000000 2.8846787893
5.8600000000 2.9362597233
5.8700000000 2.9899122245
5.8800000000 3.0418116821
5.8900000000 3.0885899421
5.9000000000 3.1277897392
5.9100000000 3.1582677650
5.9200000000 3.1804997864
5.9300000000 3.1965843961
5.9400000000 3.2099109628
5.9500000000 3.2244859492
5.9600000000 3.2441407074
5.9700000000 3.2717911999
5.9800000000 3.3089289373
5.9900000000 3.3553982786
6.0000000000 3.4094129581
6.0100000000 3.4678368790
6.0200000000 3.5267337594
6.0300000000 3.5820978903
6.0400000000 3.6306536633
6.0500000000 3.6704689441
6.0600000000 3.7011281264
6.0700000000 3.7234530158
6.0800000000 3.7388820323
6.0900000000 3.7488164785
6.1000000000 3.7541294898
6.1100000000 3.7549563949
6.1200000000 3.7508054373
6.1300000000 3.7408900716
6.1400000000 3.7245630532
6.1500000000 3.7016928927
6.1600000000 3.6728391532
6.1700000000 3.6392078972
6.1800000000 3.6024242850
6.1900000000 3.5642123514
6.2000000000 3.5261044304
6.2100000000 3.4892604896
6.2200000000 3.4544673348
6.2300000000 3.4223519694
6.2400000000 3.3937053943
6.2500000000 3.3697507726
6.2600000000 3.3521658407
6.2700000000 3.3428179631
6.2800000000 3.3432537323
6.2900000000 3.3541206330
6.3000000000 3.3746895257
6.3100000000 3.4026337483
6.3200000000 3.4341947126
6.3300000000 3.4647218005
6.3400000000 3.4895624366
6.3500000000 3.5050288888
6.3600000000 3.5091347192
6.3700000000 3.5018731443
6.3800000000 3.4850070264
6.3900000000 3.4615816512
6.4000000000 3.4353498395
6.4100000000 3.4102421141
6.4200000000 3.3899017393
6.4300000000 3.3772558786
6.4400000000 3.3741337847
6.4500000000 3.3809803286
6.4600000000 3.3967647037
6.4700000000 3.4191385798
6.4800000000 3.4448874343
6.4900000000 3.4705996140
6.5000000000 3.4933594064
6.5100000000 3.5112622535
6.5200000000 3.5235416457
6.5300000000 3.5304159321
6.5400000000 3.5327758542
6.5500000000 3.5319676578
6.5600000000 3.5296936335
6.5700000000 3.5279679252
6.5800000000 3.5290366304
6.5900000000 3.5351940303
6.6000000000 3.5485286114
6.6100000000 3.5706401533
6.6200000000 3.6023659605
6.6300000000 3.6435266287
6.6400000000 3.6927627664
6.6500000000 3.7474832480
6.6600000000 3.8040009054
6.6700000000 3.8578713583
6.6800000000 3.9044328304
6.6900000000 3.9394435900
6.7000000000 3.9597228626
6.7100000000 3.9636202634
6.7200000000 3.9511533707
6.7300000000 3.9238045571
6.7400000000 3.8841000763
6.7500000000 3.8352123399
6.7600000000 3.7806972340
6.7700000000 3.7242818265
6.7800000000 3.6696083431
6.7900000000 3.6198460473
6.8000000000 3.5773105550
6.8100000000 3.5432477518
6.8200000000 3.5178840668
6.8300000000 3.5007100032
6.8400000000 3.4908212956
6.8500000000 3.4871565269
6.8600000000 3.4886061226
6.8700000000 3.4940065897
6.8800000000 3.5022184320
6.8900000000 3.5123066803
6.9000000000 3.5238044063
6.9100000000 3.5369255189
6.9200000000 3.5525826324
6.9300000000 3.5722218884
6.9400000000 3.5975232731
6.9500000000 3.6301141878
6.9600000000 3.6713976058
6.9700000000 3.7224847551
6.9800000000 3.7841212243
6.9900000000 3.8565520450
7.0000000000 3.9393035082
7.0100000000 4.0310290163
7.0200000000 4.1294878728
7.0300000000 4.2317199829
7.0400000000 4.3343045189
7.0500000000 4.4335568348
7.0600000000 4.5255920423
7.0700000000 4.6063075130
7.0800000000 4.6715253487
7.0900000000 4.7174405538
7.1000000000 4.7413369704
7.1100000000 4.7422294514
7.1200000000 4.7211427172
7.1300000000 4.6809110445
7.1400000000 4.6256054478
7.1500000000 4.5598521273
7.1600000000 4.4881948604
7.1700000000 4.4146185971
7.1800000000 4.3421995740
7.1900000000 4.2728674886
7.2000000000 4.2073310979
7.2100000000 4.1452169258
7.2200000000 4.0854799794
7.2300000000 4.0269943628
7.2400000000 3.9691512372
7.2500000000 3.9122123413
7.2600000000 3.8573905772
7.2700000000 3.8066594223
7.2800000000 3.7624482199
7.2900000000 3.7272761443
7.3000000000 3.7034275062
7.3100000000 3.6926415700
7.3200000000 3.6959201503
7.3300000000 3.7134659233
7.3400000000 3.7447296750
7.3500000000 3.7885456001
7.3600000000 3.8432673736
7.3700000000 3.9068796291
7.3800000000 3.9771295008
7.3900000000 4.0516796389
7.4000000000 4.1282964539
7.4100000000 4.2049912455
7.4200000000 4.2800734449
7.4300000000 4.3521067191
7.4400000000 4.4198165677
7.4500000000 4.4820506260
7.4600000000 4.5378591957
7.4700000000 4.5866530051
7.4800000000 4.6282750473
7.4900000000 4.6629023360
7.5000000000 4.6908660653
7.5100000000 4.7125317632
7.5200000000 4.7283940182
7.5300000000 4.7393001945
7.5400000000 4.7466542625
7.5500000000 4.7524478981
7.5600000000 4.7591436695
7.5700000000 4.7694519363
7.5800000000 4.7860535985
7.5900000000 4.8112658889
7.6000000000 4.8467664890
7.6100000000 4.8934169876
7.6200000000 4.9512731635
7.6300000000 5.0197077591
7.6400000000 5.0975650731
7.6500000000 5.1832855576
7.6600000000 5.2749726912
7.6700000000 5.3703821850
7.6800000000 5.4668550494
7.6900000000 5.5611724220
7.7000000000 5.6494890703
7.7100000000 5.7275280148
7.7200000000 5.7910826888
7.7300000000 5.8366891041
7.7400000000 5.8622010225
7.7500000000 5.8670075628
7.7600000000 5.8519397507
7.7700000000 5.8189591515
7.7800000000 5.7708503674
7.7900000000 5.7109575996
7.8000000000 5.6429993359
7.8100000000 5.5708960384
7.8200000000 5.4986392500
7.8300000000 5.4301476633
7.8400000000 5.3691198638
7.8500000000 5.3188917998
7.8600000000 5.2823801780
7.8700000000 5.2620921141
7.8800000000 5.2601778976
7.8900000000 5.2783875651
7.9000000000 5.3178382653
7.9100000000 5.3786534648
7.9200000000 5.4595797147
7.9300000000 5.5577946829
7.9400000000 5.6689842411
7.9500000000 5.7876642276
7.9600000000 5.9076672004
7.9700000000 6.0226676934
7.9800000000 6.1267824815
7.9900000000 6.2151990729
8.0000000000 6.2848376814
8.0100000000 6.3348713772
8.0200000000 6.3668646350
8.0300000000 6.3844113641
8.0400000000 6.3923087855
8.0500000000 6.3955474892
8.0600000000 6.3983886664
8.0700000000 6.4037320732
8.0800000000 6.4128693746
8.0900000000 6.4255540531
8.1000000000 6.4403065592
8.1100000000 6.4547828025
8.1200000000 6.4661898193
8.1300000000 6.4717049733
8.1400000000 6.4689841857
8.1500000000 6.4566630554
8.1600000000 6.4346464704
8.1700000000 6.4039842896
8.1800000000 6.3663433776
8.1900000000 6.3233352305
8.2000000000 6.2759596278
8.2100000000 6.2243460735
8.2200000000 6.1678180369
8.2300000000 6.1051879417
8.2400000000 6.0351816989
8.2500000000 5.9570010539
8.2600000000 5.8707821726
8.2700000000 5.7778566249
8.2800000000 5.6806261756
8.2900000000 5.5820989747
8.3000000000 5.4852975585
8.3100000000 5.3927346426
8.3200000000 5.3060857984
8.3300000000 5.2260626254
8.3400000000 5.1524710735
8.3500000000 5.0844485894
8.3600000000 5.0208402924
8.3700000000 4.9606379993
8.3800000000 4.9033399702
8.3900000000 4.8491029829
8.4000000000 4.7986209605
8.4100000000 4.7528498707
8.4200000000 4.7127147423
8.4300000000 4.6788587351
8.4400000000 4.6515225701
8.4500000000 4.6303988145
8.4600000000 4.6145401969
8.4700000000 4.6022708506
8.4800000000 4.5912560217
8.4900000000 4.5787912722
8.5000000000 4.5622603304
8.5100000000 4.5396725604
8.5200000000 4.5101033307
8.5300000000 4.4738810625
8.5400000000 4.4324721297
8.5500000000 4.3881145046
8.5600000000 4.3433253369
8.5700000000 4.3004681622
8.5800000000 4.2614805246
8.5900000000 4.2278263578
8.6000000000 4.2005680097
8.6100000000 4.1805150963
8.6200000000 4.1683613174
8.6300000000 4.1647470005
8.6400000000 4.1702744877
8.6500000000 4.1854758522
8.6600000000 4.2107354986
8.6700000000 4.2462437079
8.6800000000 4.2919646583
8.6900000000 4.3476698392
8.7000000000 4.4130059311
8.7100000000 4.4875828127
8.7200000000 4.5709575408
8.7300000000 4.6625566887
8.7400000000 4.7615009831
8.7500000000 4.8664846200
8.7600000000 4.9757707584
8.7700000000 5.0872656843
8.7800000000 5.1986983744
8.7900000000 5.3077839780
8.8000000000 5.4123265335
8.8100000000 5.5102837233
8.8200000000 5.5997247575
8.8300000000 5.6787683469
8.8400000000 5.7455591719
8.8500000000 5.7983798603
8.8600000000 5.8359209786
8.8700000000 5.8576106314
8.8800000000 5.8639033606
8.8900000000 5.8564078672
8.9000000000 5.8378336834
8.9100000000 5.8117370192
8.9200000000 5.7820495330
8.9300000000 5.7525639838
8.9400000000 5.7264647222
8.9500000000 5.7060450469
8.9600000000 5.6926071557
8.9700000000 5.6864243626
8.9800000000 5.6866712146
8.9900000000 5.6913894428
9.0000000000 5.6975998680
9.0100000000 5.7017410804
9.0200000000 5.7003700203
9.0300000000 5.6909498997
9.0400000000 5.6723586429
9.0500000000 5.6449819824
9.0600000000 5.6103487130
9.0700000000 5.5705534456
9.0800000000 5.5276594552
9.0900000000 5.4832661935
9.1000000000 5.4383037221
9.1100000000 5.3930317164
9.1200000000 5.3471770571
9.1300000000 5.3001368674
9.1400000000 5.2512798817
9.1500000000 5.2002021170
9.1600000000 5.1469421565
9.1700000000 5.0920708548
9.1800000000 5.0366447616
9.1900000000 4.9820208756
9.2000000000 4.9295949668
9.2100000000 4.8805182263
9.2200000000 4.8353390330
9.2300000000 4.7937412719
9.2400000000 4.7543427232
9.2500000000 4.7147031021
9.2600000000 4.6715704540
9.2700000000 4.6213616328
9.2800000000 4.5607955905
9.2900000000 4.4875181718
9.3000000000 4.4005443585
9.3100000000 4.3004281397
9.3200000000 4.1891172294
9.3300000000 4.0695971780
9.3400000000 3.9454113010
9.3500000000 3.8202000735
9.3600000000 3.6973077562
9.3700000000 3.5795690517
9.3800000000 3.4692753742
9.3900000000 3.3682798694
9.4000000000 3.2781329497
9.4100000000 3.2002052923
9.4200000000 3.1357100020
9.4300000000 3.0856470099
9.4400000000 3.0507253236
9.4500000000 3.0313074849
9.4600000000 3.0273518299
9.4700000000 3.0383876902
9.4800000000 3.0635240087
9.4900000000 3.1014535213
9.5000000000 3.1505279844
9.5100000000 3.2088597410
9.5200000000 3.2744709160
9.5300000000 3.3454578579
9.5400000000 3.4201134360
9.5500000000 3.4969220073
9.5600000000 3.5744276268
9.5700000000 3.6510013998
9.5800000000 3.7247538060
9.5900000000 3.7936478335
9.6000000000 3.8559629587
9.6100000000 3.9108583433
9.6200000000 3.9588012057
9.6300000000 4.0016108075
9.6400000000 4.0420268330
9.6500000000 4.0829917118
9.6600000000 4.1269246753
9.6700000000 4.1752517614
9.6800000000 4.2282847122
9.6900000000 4.2854218320
9.7000000000 4.3454789841
9.7100000000 4.4070146736
9.7200000000 4.4684944484
9.7300000000 4.5282661772
9.7400000000 4.5844374470
9.7500000000 4.6348213131
9.7600000000 4.6771383511
9.7700000000 4.7095033106
9.7800000000 4.7310316148
9.7900000000 4.7422671178
9.8000000000 4.7451717422
9.8100000000 4.7426273553
9.8200000000 4.7376332024
9.8300000000 4.7325665116
9.8400000000 4.7288316631
9.8500000000 4.7270380722
9.8600000000 4.7275469733
9.8700000000 4.7310821827
9.8800000000 4.7390585600
9.8900000000 4.7535142088
9.9000000000 4.7767101206
9.9100000000 4.8105072019
9.9200000000 4.8558844582
9.9300000000 4.9126842894
9.9400000000 4.9796824976
9.9500000000 5.0548874176
9.9600000000 5.1358817348
9.9700000000 5.2199859299
9.9800000000 5.3042143402
9.9900000000 5.3851223459
10.0000000000 5.4587563639
10.0100000000 5.5208376488
10.0200000000 5.5671876651
10.0300000000 5.5942597721
10.0400000000 5.5995629787
10.0500000000 5.5818182930
10.0600000000 5.5409074168
10.0700000000 5.4777659134
10.0800000000 5.3943725309
10.0900000000 5.2938156918
10.1000000000 5.1801767950
10.1100000000 5.0580329659
10.1200000000 4.9316660694
10.1300000000 4.8043085954
10.1400000000 4.6777569495
10.1500000000 4.5525703395
10.1600000000 4.4286554823
10.1700000000 4.3059835010
10.1800000000 4.1850677855
10.1900000000 4.0671961389
10.2000000000 3.9543603837
10.2100000000 3.8490525829
10.2200000000 3.7539444131
10.2300000000 3.6715853617
10.2400000000 3.6040809751
10.2500000000 3.5529016066
10.2600000000 3.5187854513
10.2700000000 3.5017658576
10.2800000000 3.5012603681
10.2900000000 3.5161570410
10.3000000000 3.5449582641
10.3100000000 3.5859063891
10.3200000000 3.6372359814
10.3300000000 3.6973885108
10.3400000000 3.7651817074
10.3500000000 3.8397568528
10.3600000000 3.9202913585
10.3700000000 4.0055562724
10.3800000000 4.0934557576
10.3900000000 4.1807314856
10.4000000000 4.2629243752
10.4100000000 4.3346737775
10.4200000000 4.3903258128
10.4300000000 4.4248191255
10.4400000000 4.4346032858
10.4500000000 4.4184420664
10.4600000000 4.3777378100
10.4700000000 4.3163694544
10.4800000000 4.2400047638
10.4900000000 4.1552400348
10.5000000000 4.0686896747
10.5100000000 3.9862996409
10.5200000000 3.9128476525
10.5300000000 3.8517103449
10.5400000000 3.8047552562
10.5500000000 3.7724122470
10.5600000000 3.7538073512
10.5700000000 3.7470427475
10.5800000000 3.7495457295
10.5900000000 3.7585086394
10.6000000000 3.7713446532
10.6100000000 3.7860187114
10.6200000000 3.8011935493
10.6300000000 3.8161661614
10.6400000000 3.8306746008
10.6500000000 3.8446935055
10.6600000000 3.8583336007
10.6700000000 3.8718002212
10.6800000000 3.8854111100
10.6900000000 3.8995128350
10.7000000000 3.9142673477
10.7100000000 3.9293956988
10.7200000000 3.9440189685
10.7300000000 3.9566282881
10.7400000000 3.9652999502
10.7500000000 3.9680545265
10.7600000000 3.9632659918
10.7700000000 3.9500905406
10.7800000000 3.9287548901
10.7900000000 3.9006761906
10.8000000000 3.8683768993
10.8100000000 3.8351310139
10.8200000000 3.8044997532
10.8300000000 3.7797681296
10.8400000000 3.7634915278
10.8500000000 3.7572587030
10.8600000000 3.7616755103
10.8700000000 3.7765831249
10.8800000000 3.8013085429
10.8900000000 3.8349321065
10.9000000000 3.8763852069
10.9100000000 3.9243592748
10.9200000000 3.9771257762
10.9300000000 4.0323458421
10.9400000000 4.0871224426
10.9500000000 4.1383330799
10.9600000000 4.1831491075
10.9700000000 4.2195923314
10.9800000000 4.2468315204
10.9900000000 4.2651675291
11.0000000000 4.2757215542
11.0100000000 4.2800603911
11.0200000000 4.2799212212
11.0300000000 4.2771784079
11.0400000000 4.2739278897
11.0500000000 4.2726717988
11.0600000000 4.2763163222
11.0700000000 4.2880276066
11.0800000000 4.3108905196
11.0900000000 4.3475030905
11.1000000000 4.3996596527
11.1100000000 4.4681724650
11.1200000000 4.5528556449
11.1300000000 4.6525715287
11.1400000000 4.7653244960
11.1500000000 4.8883006349
11.1600000000 5.0178130907
11.1700000000 5.1492307839
11.1800000000 5.2769275040
11.1900000000 5.3944852720
11.2000000000 5.4951912326
11.2100000000 5.5728873180
11.2200000000 5.6229414745
11.2300000000 5.6431084953
11.2400000000 5.6338825177
11.2500000000 5.5982153784
11.2600000000 5.5407047087
11.2700000000 5.4665475945
11.2800000000 5.3807320702
11.2900000000 5.2876160378
11.3000000000 5.1909419035
11.3100000000 5.0940049667
11.3200000000 4.9997780452
11.3300000000 4.9108801914
11.3400000000 4.8294780975
11.3500000000 4.7571344712
11.3600000000 4.6947424593
11.3700000000 4.6425523227
11.3800000000 4.6003215348
11.3900000000 4.5675235140
11.4000000000 4.5435485778
11.4100000000 4.5278481841
11.4200000000 4.5199695916
11.4300000000 4.5195572617
11.4400000000 4.5263392087
11.4500000000 4.5401499766
11.4600000000 4.5609534534
11.4700000000 4.5887619109
11.4800000000 4.6234289338
11.4900000000 4.6643350329
11.5000000000 4.7099851394
11.5100000000 4.7577293785
11.5200000000 4.8037470712
11.5300000000 4.8434209985
11.5400000000 4.8720215600
11.5500000000 4.8855526674
11.5600000000 4.8814194206
11.5700000000 4.8587309852
11.5800000000 4.8181269236
11.5900000000 4.7613059607
11.6000000000 4.6904480276
11.6100000000 4.6078709679
11.6200000000 4.5158360812
11.6300000000 4.4165901539
11.6400000000 4.3124031231
11.6500000000 4.2055332923
11.6600000000 4.0981375921
11.6700000000 3.9921409257
11.6800000000 3.8891863069
11.6900000000 3.7906257012
11.7000000000 3.6975720757
11.7100000000 3.6109562921
11.7200000000 3.5315619251
11.7300000000 3.4600569770
11.7400000000 3.3969796687
11.7500000000 3.3427165261
11.7600000000 3.2973675264
11.7700000000 3.2606650099
11.7800000000 3.2318653565
11.7900000000 3.2097229697
11.8000000000 3.1925473499
11.8100000000 3.1782964233
11.8200000000 3.1647489700
11.8300000000 3.1496618037
11.8400000000 3.1309939860
11.8500000000 3.1071159881
11.8600000000 3.0770319864
11.8700000000 3.0405530766
11.8800000000 2.9983029587
11.8900000000 2.9516140160
11.9000000000 2.9022762020
11.9100000000 2.8522674613
11.9200000000 2.8034766412
11.9300000000 2.7575505430
11.9400000000 2.7157667699
11.9500000000 2.6789813245
11.9600000000 2.6475438304
11.9700000000 2.6212729826
11.9800000000 2.5993842987
11.9900000000 2.5805835444
12.0000000000 2.5631775482
12.0100000000 2.5453677604
12.0200000000 2.5255292346
12.0300000000 2.5025518999
12.0400000000 2.4760299948
12.0500000000 2.4463029880
12.0600000000 2.4143020985
12.0700000000 2.3813062378
12.0800000000 2.3486508936
12.0900000000 2.3175690854
12.1000000000 2.2891043281
12.1100000000 2.2640759587
12.1200000000 2.2430441849
12.1300000000 2.2262955744
12.1400000000 2.2138246317
12.1500000000 2.2053939058
12.1600000000 2.2006113047
12.1700000000 2.1990080684
12.1800000000 2.2000304753
12.1900000000 2.2029819287
12.2000000000 2.2069027306
12.2100000000 2.2105569505
12.2200000000 2.2124936537
12.2300000000 2.2113029472
12.2400000000 2.2058769806
12.2500000000 2.1956264985
12.2600000000 2.1805243159
12.2700000000 2.1609832140
12.2800000000 2.1376419177
12.2900000000 2.1111957705
12.3000000000 2.0822595801
12.3100000000 2.0512543426
12.3200000000 2.0183725215
12.3300000000 1.9835344693
12.3400000000 1.9464915665
12.3500000000 1.9069849905
12.3600000000 1.8650114754
12.3700000000 1.8210072280
12.3800000000 1.7758560034
12.3900000000 1.7307531207
12.4000000000 1.6869829329
12.4100000000 1.6456766663
12.4200000000 1.6076912416
12.4300000000 1.5735851387
12.4400000000 1.5436498338
12.4500000000 1.5179503777
12.4600000000 1.4963365990
12.4700000000 1.4784675636
12.4800000000 1.4638579429
12.4900000000 1.4519377594
12.5000000000 1.4421857918
12.5100000000 1.4342033883
12.5200000000 1.4277584043
12.5300000000 1.4228249616
12.5400000000 1.4194806735
12.5500000000 1.4178594964
12.5600000000 1.4180436829
12.5700000000 1.4200202091
12.5800000000 1.4236370407
12.5900000000 1.4286286977
12.6000000000 1.4346550057
12.6100000000 1.4413096123
12.6200000000 1.4481415741
12.6300000000 1.4546160934
12.6400000000 1.4601185890
12.6500000000 1.4639630641
12.6600000000 1.4654527231
12.6700000000 1.4639712903
12.6800000000 1.4591052854
12.6900000000 1.4507320375
12.7000000000 1.4390996735
12.7100000000 1.4248465881
12.7200000000 1.4089248572
12.7300000000 1.3924837584
12.7400000000 1.3766820740
12.7500000000 1.3625472979
12.7600000000 1.3508469190
12.7700000000 1.3420073441
12.7800000000 1.3360810355
12.7900000000 1.3327535095
12.8000000000 1.3313816290
12.8100000000 1.3310721195
12.8200000000 1.3308092121
12.8300000000 1.3296182195
12.8400000000 1.3267474468
12.8500000000 1.3218242695
12.8600000000 1.3148965882
12.8700000000 1.3064169165
12.8800000000 1.2970618892
12.8900000000 1.2875819875
12.9000000000 1.2786369435
12.9100000000 1.2707506274
12.9200000000 1.2642879678
12.9300000000 1.2594720017
12.9400000000 1.2564010636
12.9500000000 1.2550123728
12.9600000000 1.2550768978
12.9700000000 1.2561718434
12.9800000000 1.2577653026
12.9900000000 1.2592788244
13.0000000000 1.2602401367
13.0100000000 1.2603780094
13.0200000000 1.2596995354
13.0300000000 1.2584776853
13.0400000000 1.2571757069
13.0500000000 1.2563756796
13.0600000000 1.2566389169
13.0700000000 1.2584786684
13.0800000000 1.2622602764
13.0900000000 1.2681642954
13.1000000000 1.2761540763
13.1100000000 1.2859841436
13.1200000000 1.2972268648
13.1300000000 1.3093673387
13.1400000000 1.3218395911
13.1500000000 1.3341309615
13.1600000000 1.3458185995
13.1700000000 1.3566060387
13.1800000000 1.3663234881
13.1900000000 1.3749144970
13.2000000000 1.3823679548
13.2100000000 1.3886635441
13.2200000000 1.3936850725
13.2300000000 1.3971790701
13.2400000000 1.3988181840
13.2500000000 1.3982556419
13.2600000000 1.3953125460
13.2700000000 1.3900333734
13.2800000000 1.3827739635
13.2900000000 1.3741800871
13.3000000000 1.3651017480
13.3100000000 1.3564977865
13.3200000000 1.3493260092
13.3300000000 1.3444417296
13.3400000000 1.3425601315
13.3500000000 1.3441953634
13.3600000000 1.3496778557
13.3700000000 1.3591672627
13.3800000000 1.3726517917
13.3900000000 1.3899615998
13.4000000000 1.4108193743
13.4100000000 1.4348033636
13.4200000000 1.4614121364
13.4300000000 1.4900647700
13.4400000000 1.5201935105
13.4500000000 1.5513179704
13.4600000000 1.5831331792
13.4700000000 1.6155467393
13.4800000000 1.6486419585
13.4900000000 1.6825807890
13.5000000000 1.7174650824
13.5100000000 1.7531515440
13.5200000000 1.7891453289
13.5300000000 1.8246092901
13.5400000000 1.8584887883
13.5500000000 1.8897334493
13.5600000000 1.9175835616
13.5700000000 1.9418011829
13.5800000000 1.9627260112
13.5900000000 1.9812022579
13.6000000000 1.9983158566
13.6100000000 2.0150569943
13.6200000000 2.0320558309
13.6300000000 2.0493730790
13.6400000000 2.0665220491
13.6500000000 2.0826253651
13.6600000000 2.0966740834
13.6700000000 2.1078383727
13.6800000000 2.1157046072
13.6900000000 2.1203785451
13.7000000000 2.1224543437
13.7100000000 2.1228627541
13.7200000000 2.1227328224
13.7300000000 2.1231922432
13.7400000000 2.1252692999
13.7500000000 2.1297988347
13.7600000000 2.1374118834
13.7700000000 2.1485393351
13.7800000000 2.1634391468
13.7900000000 2.1822238018
13.8000000000 2.2047944041
13.8100000000 2.2307374112
13.8200000000 2.2592355466
13.8300000000 2.2890116643
13.8400000000 2.3184880650
13.8500000000 2.3459831303
13.8600000000 2.3700809413
13.8700000000 2.3899072576
13.8800000000 2.4052889387
13.8900000000 2.4167455926
13.9000000000 2.4252943484
13.9100000000 2.4321606306
13.9200000000 2.4384503847
13.9300000000 2.4449243046
13.9400000000 2.4518698132
13.9500000000 2.4591184419
13.9600000000 2.4661904747
13.9700000000 2.4724589636
13.9800000000 2.4773095474
13.9900000000 2.4802111472
14.0000000000 2.4807207779
14.0100000000 2.4784175034
14.0200000000 2.4729353870
14.0300000000 2.4640250023
14.0400000000 2.4516769475
14.0500000000 2.4362083134
14.0600000000 2.4182502723
14.0700000000 2.3986502583
14.0800000000 2.3782926646
14.0900000000 2.3579086806
14.1000000000 2.3379991422
14.1100000000 2.3188474957
14.1200000000 2.3006045458
14.1300000000 2.2834025280
14.1400000000 2.2674890943
14.1500000000 2.2532566457
14.1600000000 2.2412717645
14.1700000000 2.2322086023
14.1800000000 2.2267721103
14.1900000000 2.2256351397
14.2000000000 2.2294184990
14.2100000000 2.2386709088
14.2200000000 2.2538681920
14.2300000000 2.2753643526
14.2400000000 2.3033234175
14.2500000000 2.3376515174
14.2600000000 2.3779486462
14.2700000000 2.4234706395
14.2800000000 2.4731157701
14.2900000000 2.5254406349
14.3000000000 2.5787771508
14.3100000000 2.6313682606
14.3200000000 2.6816037647
14.3300000000 2.7281974254
14.3400000000 2.7703395033
14.3500000000 2.8077579955
14.3600000000 2.8406506758
14.3700000000 2.8695793870
14.3800000000 2.8953359356
14.3900000000 2.9188369982
14.4000000000 2.9410381465
14.4100000000 2.9628524493
14.4200000000 2.9850976450
14.4300000000 3.0084286342
14.4400000000 3.0332890440
14.4500000000 3.0599638257
14.4600000000 3.0885693862
14.4700000000 3.1191449058
14.4800000000 3.1516667492
14.4900000000 3.1860003351
14.5000000000 3.2217942852
14.5100000000 3.2582976306
14.5200000000 3.2942108056
14.5300000000 3.3276375656
14.5400000000 3.3562576549
14.5500000000 3.3776956424
14.5600000000 3.3899996143
14.5700000000 3.3921109000
14.5800000000 3.3841005296
14.5900000000 3.3671925421
14.6000000000 3.3434377747
14.6100000000 3.3153244570
14.6200000000 3.2853036501
14.6300000000 3.2554604190
14.6400000000 3.2273318952
14.6500000000 3.2018935949
14.6600000000 3.1795845987
14.6700000000 3.1604259145
14.6800000000 3.1440912820
14.6900000000 3.1300374206
14.7000000000 3.1175912575
14.7100000000 3.1060866699
14.7200000000 3.0949529311
14.7300000000 3.0837594141
14.7400000000 3.0721917295
14.7500000000 3.0600227715
14.7600000000 3.0470639088
14.7700000000 3.0332094452
14.7800000000 3.0185503532
14.7900000000 3.0034739326
14.8000000000 2.9887196582
14.8100000000 2.9753018448
14.8200000000 2.9643326935
14.8300000000 2.9568192672
14.8400000000 2.9534988447
14.8500000000 2.9547776833
14.8600000000 2.9607988654
14.8700000000 2.9715405829
14.8800000000 2.9868504822
14.8900000000 3.0063660794
14.9000000000 3.0293209915
14.9100000000 3.0543462358
14.9200000000 3.0793808459
14.9300000000 3.1018256576
14.9400000000 3.1189645710
14.9500000000 3.1284943509
14.9600000000 3.1290299854
14.9700000000 3.1203438130
14.9800000000 3.1033291832
14.9900000000 3.0797173486
15.0000000000 3.0517344731
15.0100000000 3.0216965194
15.0200000000 2.9917606922
15.0300000000 2.9637541756
15.0400000000 2.9391765932
15.0500000000 2.9192373307
15.0600000000 2.9049283148
15.0700000000 2.8971275760
15.0800000000 2.8965875164
15.0900000000 2.9039888096
15.1000000000 2.9199340610
15.1100000000 2.9448860309
15.1200000000 2.9791161286
15.1300000000 3.0225524314
15.1400000000 3.0746639325
15.1500000000 3.1342856840
15.1600000000 3.1995766955
15.1700000000 3.2679538582
15.1800000000 3.3362324566
15.1900000000 3.4008252224
15.2000000000 3.4581892347
15.2100000000 3.5053287603
15.2200000000 3.5403657609
15.2300000000 3.5629004618
15.2400000000 3.5740802795
15.2500000000 3.5763327068
15.2600000000 3.5728750657
15.2700000000 3.5671528518
15.2800000000 3.5623093597
15.2900000000 3.5608119469
15.3000000000 3.5642265015
15.3100000000 3.5731474488
15.3200000000 3.5872346442
15.3300000000 3.6052973500
15.3400000000 3.6254704909
15.3500000000 3.6454522018
15.3600000000 3.6628270710
15.3700000000 3.6754342946
15.3800000000 3.6817053061
15.3900000000 3.6808606282
15.4000000000 3.6729818656
15.4100000000 3.6588626866
15.4200000000 3.6397387730
15.4300000000 3.6168950262
15.4400000000 3.5913719261
15.4500000000 3.5636643210
15.4600000000 3.5336827081
15.4700000000 3.5008312485
15.4800000000 3.4642803069
15.4900000000 3.4233740475
15.5000000000 3.3780107893
15.5100000000 3.3288527058
15.5200000000 3.2773067734
15.5300000000 3.2252843257
15.5400000000 3.1748855913
15.5500000000 3.1280594891
15.5600000000 3.0864198552
15.5700000000 3.0511218731
15.5800000000 3.0227948643
15.5900000000 3.0015013842
15.6000000000 2.9867596624
15.6100000000 2.9775882035
15.6200000000 2.9726714757
15.6300000000 2.9705268106
15.6400000000 2.9697189323
15.6500000000 2.9690227228
15.6600000000 2.9675914446
15.6700000000 2.9650102912
15.6800000000 2.9613344349
15.6900000000 2.9569387408
15.7000000000 2.9523983805
15.7100000000 2.9481905287
15.7200000000 2.9445102146
15.7300000000 2.9411168986
15.7400000000 2.9372908498
15.7500000000 2.9319576893
15.7600000000 2.9238975195
15.7700000000 2.9120179277
15.7800000000 2.8956386999
15.7900000000 2.8746779717
15.8000000000 2.8497502891
15.8100000000 2.8220861547
15.8200000000 2.7933667363
15.8300000000 2.7654352579
15.8400000000 2.7399951079
15.8500000000 2.7183530620
15.8600000000 2.7012776982
15.8700000000 2.6889478697
15.8800000000 2.6810669611
15.8900000000 2.6770531966
15.9000000000 2.6762259326
15.9100000000 2.6779340651
15.9200000000 2.6816474239
15.9300000000 2.6869306480
15.9400000000 2.6933419230
15.9500000000 2.7003259908
15.9600000000 2.7071228848
15.9700000000 2.7127352904
15.9800000000 2.7160511633
15.9900000000 2.7159718305
16.0000000000 2.7116047287
16.0100000000 2.7023493696
16.0200000000 2.6879355054
16.0300000000 2.6683865209
16.0400000000 2.6438698648
16.0500000000 2.6146170004
16.0600000000 2.5807888739
16.0700000000 2.5425081229
16.0800000000 2.4998752104
16.0900000000 2.4531041207
16.1000000000 2.4026158732
16.1100000000 2.3491004429
16.1200000000 2.2935194603
16.1300000000 2.2370269981
16.1400000000 2.1809003594
16.1500000000 2.1263491280
16.1600000000 2.0744373224
16.1700000000 2.0259935393
16.1800000000 1.9815532818
16.1900000000 1.9413727341
16.2000000000 1.9054263979
16.2100000000 1.8734549099
16.2200000000 1.8450301969
16.2300000000 1.8196601824
16.2400000000 1.7969165303
16.2500000000 1.7765353823
16.2600000000 1.7584573689
16.2700000000 1.7428231320
16.2800000000 1.7298905865
16.2900000000 1.7198846229
16.3000000000 1.7128795263
16.3100000000 1.7087032860
16.3200000000 1.7069311681
16.3300000000 1.7069578127
16.3400000000 1.7081369095
16.3500000000 1.7098877375
16.3600000000 1.7117459313
16.3700000000 1.7134031288
16.3800000000 1.7146063857
16.3900000000 1.7151246218
16.4000000000 1.7146362570
16.4100000000 1.7127626242
16.4200000000 1.7090789532
16.4300000000 1.7032210872
16.4400000000 1.6949644546
16.4500000000 1.6843429398
16.4600000000 1.6716555564
16.4700000000 1.6574733266
16.4800000000 1.6425331911
16.4900000000 1.6275634114
16.5000000000 1.6131589225
16.5100000000 1.5996332337
16.5200000000 1.5869603497
16.5300000000 1.5748016723
16.5400000000 1.5626638878
16.5500000000 1.5500405989
16.5600000000 1.5366002140
16.5700000000 1.5223291971
16.5800000000 1.5075163550
16.5900000000 1.4927256713
16.6000000000 1.4786089257
16.6100000000 1.4657744416
16.6200000000 1.4546722410
16.6300000000 1.4455416445
16.6400000000 1.4383931013
16.6500000000 1.4330244975
16.6600000000 1.4290204339
16.6700000000 1.4257975665
16.6800000000 1.4226214058
16.6900000000 1.4187209534
16.7000000000 1.4134440124
16.7100000000 1.4064245885
16.7200000000 1.3976991546
16.7300000000 1.3877023959
16.7400000000 1.3771648973
16.7500000000 1.3669352226
16.7600000000 1.3577836768
16.7700000000 1.3503150242
16.7800000000 1.3448807540
16.7900000000 1.3415548059
16.8000000000 1.3401267538
16.8100000000 1.3401880163
16.8200000000 1.3411662222
16.8300000000 1.3424759631
16.8400000000 1.3436293230
16.8500000000 1.3443641836
16.8600000000 1.3446623316
16.8700000000 1.3447501721
16.8800000000 1.3450003704
16.8900000000 1.3458214710
16.9000000000 1.3475354235
16.9100000000 1.3502605106
16.9200000000 1.3539165971
16.9300000000 1.3582070709
16.9400000000 1.3627235784
16.9500000000 1.3670510780
16.9600000000 1.3708205100
16.9700000000 1.3738143075
16.9800000000 1.3759316055
16.9900000000 1.3772061264
17.0000000000 1.3777654935
17.0100000000 1.3777786849
17.0200000000 1.3774326834
17.0300000000 1.3768385145
17.0400000000 1.3760016233
17.0500000000 1.3747803649
17.0600000000 1.3729208693
17.0700000000 1.3701686051
17.0800000000 1.3663508722
17.0900000000 1.3614950297
17.1000000000 1.3558586877
17.1100000000 1.3498596537
17.1200000000 1.3440115066
17.1300000000 1.3387523749
17.1400000000 1.3343972745
17.1500000000 1.3310428502
17.1600000000 1.3285784712
17.1700000000 1.3267211578
17.1800000000 1.3251159635
17.1900000000 1.3234129848
17.2000000000 1.3213505767
17.2100000000 1.3188329208
17.2200000000 1.3159126956
17.2300000000 1.3127201104
17.2400000000 1.3093737985
17.2500000000 1.3058794382
17.2600000000 1.3020995525
17.2700000000 1.2978067529
17.2800000000 1.2927610765
17.2900000000 1.2868474005
17.3000000000 1.2801356762
17.3100000000 1.2729115264
17.3200000000 1.2656051669
17.3300000000 1.2586900408
17.3400000000 1.2525509718
17.3500000000 1.2473637347
17.3600000000 1.2430041753
17.3700000000 1.2391012953
17.3800000000 1.2350545120
17.3900000000 1.2302315393
17.4000000000 1.2240706259
17.4100000000 1.2162434352
17.4200000000 1.2067040415
17.4300000000 1.1957080787
17.4400000000 1.1837837693
17.4500000000 1.1715940449
17.4600000000 1.1598584867
17.4700000000 1.1492081664
17.4800000000 1.1401124462
17.4900000000 1.1328236175
17.5000000000 1.1273517108
17.5100000000 1.1235182787
17.5200000000 1.1210165881
17.5300000000 1.1194721051
17.5400000000 1.1185093099
17.5500000000 1.1177700190
17.5600000000 1.1169134726
17.5700000000 1.1156224858
17.5800000000 1.1135791058
17.5900000000 1.1105317073
17.6000000000 1.1062951551
17.6100000000 1.1008365369
17.6200000000 1.0942756605
17.6300000000 1.0868856021
17.6400000000 1.0790565500
17.6500000000 1.0712349795
17.6600000000 1.0638502697
17.6700000000 1.0572471020
17.6800000000 1.0516789700
17.6900000000 1.0472770791
17.7000000000 1.0440683484
17.7100000000 1.0420181383
17.7200000000 1.0410670041
17.7300000000 1.0411306386
17.7400000000 1.0421183083
17.7500000000 1.0439205220
17.7600000000 1.0464151683
17.7700000000 1.0494551549
17.7800000000 1.0528868928
17.7900000000 1.0565502951
17.8000000000 1.0602849545
17.8100000000 1.0639363331
17.8200000000 1.0673495901
17.8300000000 1.0703943432
17.8400000000 1.0729275527
17.8500000000 1.0747996757
17.8600000000 1.0758732351
17.8700000000 1.0760228315
17.8800000000 1.0751599886
17.8900000000 1.0732394529
17.9000000000 1.0702779587
17.9100000000 1.0663481992
17.9200000000 1.0615603404
17.9300000000 1.0561306740
17.9400000000 1.0503446020
17.9500000000 1.0445631324
17.9600000000 1.0392044225
17.9700000000 1.0346502796
17.9800000000 1.0311772509
17.9900000000 1.0289124608
18.0000000000 1.0277642893
18.0100000000 1.0274780636
18.0200000000 1.0276794700
18.0300000000 1.0279807971
18.0400000000 1.0280687022
18.0500000000 1.0277797047
18.0600000000 1.0271131548
18.0700000000 1.0261751717
18.0800000000 1.0251035435
18.0900000000 1.0239986545
18.1000000000 1.0228415865
18.1100000000 1.0215189500
18.1200000000 1.0197974077
18.1300000000 1.0174241520
18.1400000000 1.0141331266
18.1500000000 1.0097459164
18.1600000000 1.0042035599
18.1700000000 0.9976111609
18.1800000000 0.9902511071
18.1900000000 0.9825457605
18.2000000000 0.9749756694
18.2100000000 0.9679973954
18.2200000000 0.9620116883
18.2300000000 0.9572807350
18.2400000000 0.9539276315
18.2500000000 0.9519867223
18.2600000000 0.9513778900
18.2700000000 0.9519889179
18.2800000000 0.9536754279
18.2900000000 0.9562799294
18.3000000000 0.9596445570
18.3100000000 0.9636238401
18.3200000000 0.9681166319
18.3300000000 0.9730407115
18.3400000000 0.9783838877
18.3500000000 0.9841913863
18.3600000000 0.9905212772
18.3700000000 0.9973933836
18.3800000000 1.0047700296
18.3900000000 1.0124472291
18.4000000000 1.0201055359
18.4100000000 1.0272970192
18.4200000000 1.0335538068
18.4300000000 1.0385288691
18.4400000000 1.0420346503
18.4500000000 1.0441331292
18.4600000000 1.0450466399
18.4700000000 1.0450877459
18.4800000000 1.0445439653
18.4900000000 1.0436263389
18.5000000000 1.0424306712
18.5100000000 1.0409950907
18.5200000000 1.0392934538
18.5300000000 1.0373124278
18.5400000000 1.0350450878
18.5500000000 1.0324909338
18.5600000000 1.0296559116
18.5700000000 1.0265524335
18.5800000000 1.0231864798
18.5900000000 1.0195511182
18.6000000000 1.0156070653
18.6100000000 1.0112825815
18.6200000000 1.0065057380
18.6300000000 1.0011914517
18.6400000000 0.9953127487
18.6500000000 0.9889269003
18.6600000000 0.9821302674
18.6700000000 0.9751169065
18.6800000000 0.9680879036
18.6900000000 0.9612318867
18.7000000000 0.9547054505
18.7100000000 0.9486265246
18.7200000000 0.9430155728
18.7300000000 0.9378604870
18.7400000000 0.9330707993
18.7500000000 0.9285296782
18.7600000000 0.9240807818
18.7700000000 0.9195869852
18.7800000000 0.9149631532
18.7900000000 0.9102090385
18.8000000000 0.9053964489
18.8100000000 0.9006694783
18.8200000000 0.8961922632
18.8300000000 0.8921293508
18.8400000000 0.8886391170
18.8500000000 0.8858343106
18.8600000000 0.8838410649
18.8700000000 0.8827462987
18.8800000000 0.8826304922
18.8900000000 0.8835215609
18.9000000000 0.8854540030
18.9100000000 0.8884227701
18.9200000000 0.8924293297
18.9300000000 0.8974552983
18.9400000000 0.9034491982
18.9500000000 0.9102933929
18.9600000000 0.9177247125
18.9700000000 0.9253606298
18.9800000000 0.9326461795
18.9900000000 0.9389527957
19.0000000000 0.9436574605
19.0100000000 0.9462550649
19.0200000000 0.9464710563
19.0300000000 0.9443082598
19.0400000000 0.9400542478
19.0500000000 0.9341695092
19.0600000000 0.9272483215
19.0700000000 0.9198532593
19.0800000000 0.9124819360
19.0900000000 0.9054936329
19.1000000000 0.8990688752
19.1100000000 0.8932021565
19.1200000000 0.8877279797
19.1300000000 0.8823536974
19.1400000000 0.8767592097
19.1500000000 0.8706569737
19.1600000000 0.8638923155
19.1700000000 0.8564839720
19.1800000000 0.8485644538
19.1900000000 0.8403603605
19.2000000000 0.8321190170
19.2100000000 0.8240549118
19.2200000000 0.8163562864
19.2300000000 0.8091716052
19.2400000000 0.8026228402
19.2500000000 0.7968389825
19.2600000000 0.7919224122
19.2700000000 0.7879487983
19.2800000000 0.7849400646
19.2900000000 0.7828844350
19.3000000000 0.7816958899
19.3100000000 0.7812544429
19.3200000000 0.7813858224
19.3300000000 0.7818816081
19.3400000000 0.7825126715
19.3500000000 0.7830223776
19.3600000000 0.7831603262
19.3700000000 0.7827094218
19.3800000000 0.7815333299
19.3900000000 0.7795292610
19.4000000000 0.7766416045
19.4100000000 0.7728213605
19.4200000000 0.7680057941
19.4300000000 0.7621455389
19.4400000000 0.7552318062
19.4500000000 0.7473237088
19.4600000000 0.7385893210
19.4700000000 0.7292379947
19.4800000000 0.7195341571
19.4900000000 0.7097157095
19.5000000000 0.6999939409
19.5100000000 0.6905602599
19.5200000000 0.6815724465
19.5300000000 0.6731681974
19.5400000000 0.6654855652
19.5500000000 0.6586424031
19.5600000000 0.6527020255
19.5700000000 0.6477141466
19.5800000000 0.6436805331
19.5900000000 0.6405823098
19.6000000000 0.6383936313
19.6100000000 0.6370541914
19.6200000000 0.6365241239
19.6300000000 0.6367221748
19.6400000000 0.6375600066
19.6500000000 0.6389421932
19.6600000000 0.6407524393
19.6700000000 0.6429017740
19.6800000000 0.6453217294
19.6900000000 0.6480126682
19.7000000000 0.6510301477
19.7100000000 0.6544643329
19.7200000000 0.6584538796
19.7300000000 0.6631238508
19.7400000000 0.6685649396
19.7500000000 0.6748264684
19.7600000000 0.6818817194
19.7700000000 0.6896139537
19.7800000000 0.6978093420
19.7900000000 0.7061775845
19.8000000000 0.7143448702
19.8100000000 0.7219091537
19.8200000000 0.7284677980
19.8300000000 0.7336799082
19.8400000000 0.7373010530
19.8500000000 0.7392389131
19.8600000000 0.7395258099
19.8700000000 0.7383606961
19.8800000000 0.7360401256
19.8900000000 0.7329516355
19.9000000000 0.7295253553
19.9100000000 0.7261784745
19.9200000000 0.7232455449
19.9300000000 0.7209573152
19.9400000000 0.7194194895
19.9500000000 0.7185704975
19.9600000000 0.7182369053
19.9700000000 0.7181890141
19.9800000000 0.7182106205
19.9900000000 0.7181619863
20.0000000000 0.7180080169
