0.0100000000 0.0000873674
0.0200000000 0.0011396893
0.0300000000 0.0044202378
0.0400000000 0.0105565785
0.0500000000 0.0196903372
0.0600000000 0.0318391954
0.0700000000 0.0470537364
0.0800000000 0.0654547913
0.0900000000 0.0872359356
0.1000000000 0.1126611131
0.1100000000 0.1420650205
0.1200000000 0.1758569489
0.1300000000 0.2145281021
0.1400000000 0.2586616714
0.1500000000 0.3089461006
0.1600000000 0.3661909418
0.1700000000 0.4313453401
0.1800000000 0.5055194161
0.1900000000 0.5900071963
0.2000000000 0.6863110519
0.2100000000 0.7961645227
0.2200000000 0.9215501028
0.2300000000 1.0647054321
0.2400000000 1.2281083540
0.2500000000 1.4144239642
0.2600000000 1.6263940963
0.2700000000 1.8666400532
0.2800000000 2.1373489802
0.2900000000 2.4398212980
0.3000000000 2.7738798785
0.3100000000 3.1371956160
0.3200000000 3.5246593129
0.3300000000 3.9280027444
0.3400000000 4.3358934921
0.3500000000 4.7346470279
0.3600000000 5.1095279710
0.3700000000 5.4464456810
0.3800000000 5.7337742988
0.3900000000 5.9640150132
0.4000000000 6.1349731925
0.4100000000 6.2500454431
0.4200000000 6.3172965081
0.4300000000 6.3473643238
0.4400000000 6.3507436095
0.4500000000 6.3353253861
0.4600000000 6.3050285858
0.4700000000 6.2599646268
0.4800000000 6.1980136823
0.4900000000 6.1171311586
0.5000000000 6.0174008530
0.5100000000 5.9019752299
0.5200000000 5.7765725702
0.5300000000 5.6478468210
0.5400000000 5.5213476736
0.5500000000 5.3998050526
0.5600000000 5.2822542408
0.5700000000 5.1642273600
0.5800000000 5.0389767804
0.5900000000 4.8994165495
0.6000000000 4.7401981347
0.6100000000 4.5592315448
0.6200000000 4.3581552475
0.6300000000 4.1417127881
0.6400000000 3.9164336319
0.6500000000 3.6891955608
0.6600000000 3.4661160403
0.6700000000 3.2519513360
0.6800000000 3.0499497831
0.6900000000 2.8619997882
0.7000000000 2.6889112772
0.7100000000 2.5307203642
0.7200000000 2.3869549030
0.7300000000 2.2568435637
0.7400000000 2.1394659240
0.7500000000 2.0338542279
0.7600000000 1.9390545523
0.7700000000 1.8541633491
0.7800000000 1.7783392778
0.7900000000 1.7108047842
0.8000000000 1.6508399911
0.8100000000 1.5977741077
0.8200000000 1.5509785395
0.8300000000 1.5098697310
0.8400000000 1.4739152768
0.8500000000 1.4426553205
0.8600000000 1.4157264007
0.8700000000 1.3928908421
0.8800000000 1.3740541793
0.8900000000 1.3592688812
0.9000000000 1.3487154729
0.9100000000 1.3426724727
0.9200000000 1.3414827044
0.9300000000 1.3455322936
0.9400000000 1.3552377166
0.9500000000 1.3710459025
0.9600000000 1.3934401403
0.9700000000 1.4229508595
0.9800000000 1.4601638073
0.9900000000 1.5057219644
1.0000000000 1.5603066574
1.0100000000 1.6245934552
1.0200000000 1.6991665010
1.0300000000 1.7843921068
1.0400000000 1.8802529658
1.0500000000 1.9861576895
1.0600000000 2.1007699221
1.0700000000 2.2219155356
1.0800000000 2.3466455217
1.0900000000 2.4715195599
1.1000000000 2.5930866260
1.1100000000 2.7084503139
1.1200000000 2.8157207431
1.1300000000 2.9141862776
1.1400000000 3.0041826966
1.1500000000 3.0867786938
1.1600000000 3.1634471832
1.1700000000 3.2358126349
1.1800000000 3.3054610459
1.1900000000 3.3737759719
1.2000000000 3.4418335546
1.2100000000 3.5104201105
1.2200000000 3.5801595874
1.2300000000 3.6516404166
1.2400000000 3.7254079990
1.2500000000 3.8018275967
1.2600000000 3.8809377429
1.2700000000 3.9624152744
1.2800000000 4.0456453599
1.2900000000 4.1297627712
1.3000000000 4.2135738768
1.3100000000 4.2953823508
1.3200000000 4.3728319572
1.3300000000 4.4428254071
1.3400000000 4.5015083223
1.3500000000 4.5442950836
1.3600000000 4.5660021915
1.3700000000 4.5611962037
1.3800000000 4.5248200646
1.3900000000 4.4530502337
1.4000000000 4.3442310169
1.4100000000 4.1995881453
1.4200000000 4.0234308133
1.4300000000 3.8226587156
1.4400000000 3.6056890392
1.4500000000 3.3811453895
1.4600000000 3.1567235018
1.4700000000 2.9385026529
1.4800000000 2.7307430004
1.4900000000 2.5360497481
1.5000000000 2.3557168515
1.5100000000 2.1900973463
1.5200000000 2.0389192570
1.5300000000 1.9015201159
1.5400000000 1.7770094915
1.5500000000 1.6643850394
1.5600000000 1.5626046596
1.5700000000 1.4706446596
1.5800000000 1.3875300657
1.5900000000 1.3123571359
1.6000000000 1.2443031012
1.6100000000 1.1826285479
1.6200000000 1.1266776861
1.6300000000 1.0758713806
1.6400000000 1.0297023106
1.6500000000 0.9877284386
1.6600000000 0.9495670696
1.6700000000 0.9148878469
1.6800000000 0.8834076037
1.6900000000 0.8548860245
1.7000000000 0.8291186291
1.7100000000 0.8059341410
1.7200000000 0.7851892633
1.7300000000 0.7667625758
1.7400000000 0.7505481420
1.7500000000 0.7364470013
1.7600000000 0.7243583208
1.7700000000 0.7141683579
1.7800000000 0.7057359247
1.7900000000 0.6988892456
1.8000000000 0.6934214831
1.8100000000 0.6891070217
1.8200000000 0.6857259666
1.8300000000 0.6831009794
1.8400000000 0.6811333776
1.8500000000 0.6798151303
1.8600000000 0.6792294440
1.8700000000 0.6795198802
1.8800000000 0.6808537813
1.8900000000 0.6833818254
1.9000000000 0.6872089065
1.9100000000 0.6923801588
1.9200000000 0.6988947986
1.9300000000 0.7067319253
1.9400000000 0.7158879963
1.9500000000 0.7263922719
1.9600000000 0.7382946201
1.9700000000 0.7516329818
1.9800000000 0.7664040295
1.9900000000 0.7825642632
2.0000000000 0.8000583978
2.0100000000 0.8188689046
2.0200000000 0.8390359336
2.0300000000 0.8606381179
2.0400000000 0.8837436702
2.0500000000 0.9083622923
2.0600000000 0.9344331176
2.0700000000 0.9618541576
2.0800000000 0.9905169039
2.0900000000 1.0203178795
2.1000000000 1.0511303868
2.1100000000 1.0827645743
2.1200000000 1.1149471234
2.1300000000 1.1473218841
2.1400000000 1.1794416683
2.1500000000 1.2107375453
2.1600000000 1.2404717067
2.1700000000 1.2676966436
2.1800000000 1.2912418116
2.1900000000 1.3097276736
2.2000000000 1.3216161050
2.2100000000 1.3253088071
2.2200000000 1.3193343169
2.2300000000 1.3026060411
2.2400000000 1.2747066003
2.2500000000 1.2361026278
2.2600000000 1.1881907791
2.2700000000 1.1331333350
2.2800000000 1.0735154013
2.2900000000 1.0119433061
2.3000000000 0.9507001348
2.3100000000 0.8915468676
2.3200000000 0.8356627286
2.3300000000 0.7837066255
2.3400000000 0.7359320194
2.3500000000 0.6923194342
2.3600000000 0.6526898288
2.3700000000 0.6167903291
2.3800000000 0.5843443886
2.3900000000 0.5550766862
2.4000000000 0.5287235906
2.4100000000 0.5050312044
2.4200000000 0.4837533176
2.4300000000 0.4646484190
2.4400000000 0.4474800301
2.4500000000 0.4320144406
2.4600000000 0.4180244186
2.4700000000 0.4053042923
2.4800000000 0.3936749283
2.4900000000 0.3830045784
2.5000000000 0.3732099843
2.5100000000 0.3642548160
2.5200000000 0.3561356113
2.5300000000 0.3488700025
2.5400000000 0.3424774742
2.5500000000 0.3369704153
2.5600000000 0.3323449535
2.5700000000 0.3285733869
2.5800000000 0.3256019014
2.5900000000 0.3233427757
2.6000000000 0.3216764981
2.6100000000 0.3204484345
2.6200000000 0.3194875904
2.6300000000 0.3186267458
2.6400000000 0.3177267719
2.6500000000 0.3167033636
2.6600000000 0.3155281189
2.6700000000 0.3142164444
2.6800000000 0.3127943890
2.6900000000 0.3112656576
2.7000000000 0.3095873967
2.7100000000 0.3076721878
2.7200000000 0.3054169474
2.7300000000 0.3027392216
2.7400000000 0.2996220211
2.7500000000 0.2961354133
2.7600000000 0.2924293828
2.7700000000 0.2887089245
2.7800000000 0.2851997289
2.7900000000 0.2821120996
2.8000000000 0.2796218379
2.8100000000 0.2778635984
2.8200000000 0.2769251124
2.8300000000 0.2768512921
2.8400000000 0.2776474496
2.8500000000 0.2792775839
2.8600000000 0.2816606413
2.8700000000 0.2846717834
2.8800000000 0.2881437045
2.8900000000 0.2918893943
2.9000000000 0.2957243523
2.9100000000 0.2995118219
2.9200000000 0.3031945172
2.9300000000 0.3068207718
2.9400000000 0.3105307710
2.9500000000 0.3145310355
2.9600000000 0.3190412372
2.9700000000 0.3242587701
2.9800000000 0.3303194663
2.9900000000 0.3372881066
3.0000000000 0.3451456143
3.0100000000 0.3537961883
3.0200000000 0.3630948222
3.0300000000 0.3728753752
3.0400000000 0.3829930915
3.0500000000 0.3933400041
3.0600000000 0.4038423062
3.0700000000 0.4144220249
3.0800000000 0.4249514831
3.0900000000 0.4352254013
3.1000000000 0.4449466665
3.1100000000 0.4537501008
3.1200000000 0.4612091112
3.1300000000 0.4668622265
3.1400000000 0.4702279482
3.1500000000 0.4708497106
3.1600000000 0.4683671938
3.1700000000 0.4626046096
3.1800000000 0.4536440335
3.1900000000 0.4418431530
3.2000000000 0.4277983933
3.2100000000 0.4122475270
3.2200000000 0.3959600505
3.2300000000 0.3796365563
3.2400000000 0.3638504102
3.2500000000 0.3490110692
3.2600000000 0.3353611254
3.2700000000 0.3229964117
3.2800000000 0.3118866088
3.2900000000 0.3019160701
3.3000000000 0.2929313373
3.3100000000 0.2847756064
3.3200000000 0.2773332342
3.3300000000 0.2705433644
3.3400000000 0.2643972888
3.3500000000 0.2589168187
3.3600000000 0.2541357889
3.3700000000 0.2500681247
3.3800000000 0.2466956004
3.3900000000 0.2439553877
3.4000000000 0.2417405954
3.4100000000 0.2399032447
3.4200000000 0.2382717994
3.4300000000 0.2366678056
3.4400000000 0.2349410411
3.4500000000 0.2329906667
3.4600000000 0.2307818534
3.4700000000 0.2283467646
3.4800000000 0.2257695697
3.4900000000 0.2231563924
3.5000000000 0.2206146067
3.5100000000 0.2182230885
3.5200000000 0.2160317824
3.5300000000 0.2140537897
3.5400000000 0.2122873350
3.5500000000 0.2107268359
3.5600000000 0.2093703944
3.5700000000 0.2082185893
3.5800000000 0.2072681891
3.5900000000 0.2065019537
3.6000000000 0.2058782663
3.6100000000 0.2053333479
3.6200000000 0.2047937438
3.6300000000 0.2041941527
3.6400000000 0.2034878370
3.6500000000 0.2026507565
3.6600000000 0.2016793014
3.6700000000 0.2005840940
3.6800000000 0.1993771838
3.6900000000 0.1980798876
3.7000000000 0.1967281436
3.7100000000 0.1953727085
3.7200000000 0.1940885537
3.7300000000 0.1929593720
3.7400000000 0.1920737171
3.7500000000 0.1915144543
3.7600000000 0.1913467091
3.7700000000 0.1916189468
3.7800000000 0.1923614027
3.7900000000 0.1935804760
3.8000000000 0.1952664689
3.8100000000 0.1973906849
3.8200000000 0.1999065372
3.8300000000 0.2027506792
3.8400000000 0.2058468711
3.8500000000 0.2091112681
3.8600000000 0.2124632449
3.8700000000 0.2158350171
3.8800000000 0.2191855165
3.8900000000 0.2225172191
3.9000000000 0.2258808268
3.9100000000 0.2293689660
3.9200000000 0.2331000942
3.9300000000 0.2371993803
3.9400000000 0.2417806851
3.9500000000 0.2469282734
3.9600000000 0.2526810578
3.9700000000 0.2590250315
3.9800000000 0.2658757793
3.9900000000 0.2730889095
4.0000000000 0.2804537227
4.0100000000 0.2877164997
4.0200000000 0.2946097893
4.0300000000 0.3008863650
4.0400000000 0.3063564990
4.0500000000 0.3109086266
4.0600000000 0.3145074099
4.0700000000 0.3171760000
4.0800000000 0.3189679827
4.0900000000 0.3199475707
4.1000000000 0.3201940694
4.1100000000 0.3198223440
4.1200000000 0.3189890642
4.1300000000 0.3179034055
4.1400000000 0.3168028782
4.1500000000 0.3159243993
4.1600000000 0.3154793256
4.1700000000 0.3156339962
4.1800000000 0.3164958906
4.1900000000 0.3181306142
4.2000000000 0.3205643422
4.2100000000 0.3238070841
4.2200000000 0.3278614144
4.2300000000 0.3327343099
4.2400000000 0.3384386936
4.2500000000 0.3449979909
4.2600000000 0.3524387415
4.2700000000 0.3607785985
4.2800000000 0.3700262265
4.2900000000 0.3801706313
4.3000000000 0.3911824647
4.3100000000 0.4030092884
4.3200000000 0.4155753443
4.3300000000 0.4287737172
4.3400000000 0.4424553573
4.3500000000 0.4564072731
4.3600000000 0.4703595741
4.3700000000 0.4839972036
4.3800000000 0.4970010292
4.3900000000 0.5090693775
4.4000000000 0.5199151046
4.4100000000 0.5292455888
4.4200000000 0.5367409069
4.4300000000 0.5420767822
4.4400000000 0.5450054378
4.4500000000 0.5454640607
4.4600000000 0.5436503685
4.4700000000 0.5400130736
4.4800000000 0.5351778661
4.4900000000 0.5298156536
4.5000000000 0.5245404738
4.5100000000 0.5198391358
4.5200000000 0.5160521961
4.5300000000 0.5133833061
4.5400000000 0.5119422023
4.5500000000 0.5117851343
4.5600000000 0.5129670724
4.5700000000 0.5155737617
4.5800000000 0.5197220282
4.5900000000 0.5255471822
4.6000000000 0.5331789478
4.6100000000 0.5427073858
4.6200000000 0.5541597671
4.6300000000 0.5674739629
4.6400000000 0.5824650766
4.6500000000 0.5987950280
4.6600000000 0.6159451334
4.6700000000 0.6332293146
4.6800000000 0.6498336468
4.6900000000 0.6649383088
4.7000000000 0.6778736256
4.7100000000 0.6882975513
4.7200000000 0.6963009760
4.7300000000 0.7024135902
4.7400000000 0.7074989894
4.7500000000 0.7125738354
4.7600000000 0.7186446659
4.7700000000 0.7265875624
4.7800000000 0.7371014295
4.7900000000 0.7507226438
4.8000000000 0.7678617308
4.8100000000 0.7888590105
4.8200000000 0.8140207112
4.8300000000 0.8436588440
4.8400000000 0.8780943350
4.8500000000 0.9176719742
4.8600000000 0.9627551472
4.8700000000 1.0137238546
4.8800000000 1.0709760532
4.8900000000 1.1349035176
4.9000000000 1.2058573798
4.9100000000 1.2840711488
4.9200000000 1.3695514264
4.9300000000 1.4619433353
4.9400000000 1.5603947465
4.9500000000 1.6634721958
4.9600000000 1.7691895144
4.9700000000 1.8751757366
4.9800000000 1.9790119150
4.9900000000 2.0786615823
5.0000000000 2.1728849585
5.0100000000 2.2615312839
5.0200000000 2.3456053207
5.0300000000 2.4270402150
5.0400000000 2.5082500165
5.0500000000 2.5915399052
5.0600000000 2.6785601881
5.0700000000 2.7699289742
5.0800000000 2.8650811979
5.0900000000 2.9622769902
5.1000000000 3.0587163567
5.1100000000 3.1506771395
5.1200000000 3.2337439008
5.1300000000 3.3032466258
5.1400000000 3.3549452249
5.1500000000 3.3858688672
5.1600000000 3.3950151919
5.1700000000 3.3836298400
5.1800000000 3.3549407082
5.1900000000 3.3134855074
5.2000000000 3.2642677141
5.2100000000 3.2119635566
5.2200000000 3.1602642452
5.2300000000 3.1113812712
5.2400000000 3.0657874008
5.2500000000 3.0222971735
5.2600000000 2.9785435984
5.2700000000 2.9318171922
5.2800000000 2.8800173318
5.2900000000 2.8224231505
5.3000000000 2.7599963759
5.3100000000 2.6951162964
5.3200000000 2.6308689166
5.3300000000 2.5702135500
5.3400000000 2.5152988870
5.3500000000 2.4670563035
5.3600000000 2.4251384554
5.3700000000 2.3881587894
5.3800000000 2.3541571542
5.3900000000 2.3212320856
5.4000000000 2.2881732704
5.4100000000 2.2548941314
5.4200000000 2.2225216279
5.4300000000 2.1931426168
5.4400000000 2.1693551202
5.4500000000 2.1537909190
5.4600000000 2.1487931060
5.4700000000 2.1562616105
5.4800000000 2.1776090405
5.4900000000 2.2137732821
5.5000000000 2.2652245607
5.5100000000 2.3319205648
5.5200000000 2.4132283171
5.5300000000 2.5078373035
5.5400000000 2.6136808515
5.5500000000 2.7278897542
5.5600000000 2.8468125413
5.5700000000 2.9661154328
5.5800000000 3.0809558179
5.5900000000 3.1862176566
5.6000000000 3.2768148282
5.6100000000 3.3481091221
5.6200000000 3.3964681012
5.6300000000 3.4199433727
5.6400000000 3.4188199659
5.6500000000 3.3957823486
5.6600000000 3.3554995754
5.6700000000 3.3037080680
5.6800000000 3.2461301758
5.6900000000 3.1875404180
5.7000000000 3.1312614083
5.7100000000 3.0790615055
5.7200000000 3.0313726521
5.7300000000 2.9876683539
5.7400000000 2.9469050938
5.7500000000 2.9079946840
5.7600000000 2.8702301079
5.7700000000 2.8334974648
5.7800000000 2.7982255737
5.7900000000 2.7650472628
5.8000000000 2.7343814439
5.8100000000 2.7061436309
5.8200000000 2.6797086777
5.8300000000 2.6541064793
5.8400000000 2.6282774458
5.8500000000 2.6012506850
5.8600000000 2.5722356849
5.8700000000 2.5406261874
5.8800000000 2.5059723980
5.8900000000 2.4679627720
5.9000000000 2.4264334941
5.9100000000 2.3814660803
5.9200000000 2.3335587814
5.9300000000 2.2838190932
5.9400000000 2.2340186983
5.9500000000 2.1864572993
5.9600000000 2.1436694579
5.9700000000 2.1081010069
5.9800000000 2.0818464447
5.9900000000 2.0665269188
6.0000000000 2.0632509471
6.0100000000 2.0726741643
6.0200000000 2.0950694826
6.0300000000 2.1304321731
6.0400000000 2.1785295193
6.0500000000 2.2389475972
6.0600000000 2.3110487460
6.0700000000 2.3939317309
6.0800000000 2.4863619136
6.0900000000 2.5867309387
6.1000000000 2.6930335173
6.1100000000 2.8028997997
6.1200000000 2.9136764133
6.1300000000 3.0225798174
6.1400000000 3.1269150207
6.1500000000 3.2242410107
6.1600000000 3.3124672730
6.1700000000 3.3898538037
6.1800000000 3.4548929022
6.1900000000 3.5061952727
6.2000000000 3.5423535239
6.2100000000 3.5619501085
6.2200000000 3.5637534751
6.2300000000 3.5470805043
6.2400000000 3.5122206217
6.2500000000 3.4607090515
6.2600000000 3.3953079543
6.2700000000 3.3196412123
6.2800000000 3.2376095864
6.2900000000 3.1528409608
6.3000000000 3.0682795675
6.3100000000 2.9860631858
6.3200000000 2.9075403166
6.3300000000 2.8333831267
6.3400000000 2.7636884428
6.3500000000 2.6981092490
6.3600000000 2.6360192498
6.3700000000 2.5767493760
6.3800000000 2.5198628298
6.3900000000 2.4654065558
6.4000000000 2.4140519396
6.4100000000 2.3670638545
6.4200000000 2.3260902244
6.4300000000 2.2928341302
6.4400000000 2.2686789864
6.4500000000 2.2544093678
6.4600000000 2.2500348011
6.4700000000 2.2547628704
6.4800000000 2.2671082997
6.4900000000 2.2851035775
6.5000000000 2.3065844594
6.5100000000 2.3295079471
6.5200000000 2.3522560628
6.5300000000 2.3738811817
6.5400000000 2.3942531980
6.5500000000 2.4140507449
6.5600000000 2.4345975440
6.5700000000 2.4575778119
6.5800000000 2.4846915399
6.5900000000 2.5173691862
6.6000000000 2.5565800857
6.6100000000 2.6026892740
6.6200000000 2.6553459085
6.6300000000 2.7133749754
6.6400000000 2.7746879323
6.6500000000 2.8363141354
6.6600000000 2.8945787061
6.6700000000 2.9454565855
6.6800000000 2.9850219625
6.6900000000 3.0100030327
6.7000000000 3.0182849988
6.7100000000 3.0093367083
6.7200000000 2.9843184364
6.7300000000 2.9458577183
6.7400000000 2.8974909238
6.7500000000 2.8430314641
6.7600000000 2.7860968182
6.7700000000 2.7298612968
6.7800000000 2.6770071296
6.7900000000 2.6297781661
6.8000000000 2.5899650808
6.8100000000 2.5588651827
6.8200000000 2.5372056269
6.8300000000 2.5251130047
6.8400000000 2.5221580506
6.8500000000 2.5274347899
6.8600000000 2.5397087120
6.8700000000 2.5575760810
6.8800000000 2.5796383912
6.8900000000 2.6047564015
6.9000000000 2.6322703505
6.9100000000 2.6621836854
6.9200000000 2.6951753617
6.9300000000 2.7323814948
6.9400000000 2.7749869779
6.9500000000 2.8237545505
6.9600000000 2.8785898816
6.9700000000 2.9383210090
6.9800000000 3.0007467276
6.9900000000 3.0630001556
7.0000000000 3.1221285425
7.0100000000 3.1757419874
7.0200000000 3.2225503373
7.0300000000 3.2625943897
7.0400000000 3.2971465217
7.0500000000 3.3283050438
7.0600000000 3.3584031176
7.0700000000 3.3893605522
7.0800000000 3.4221930644
7.0900000000 3.4567882780
7.1000000000 3.4919412909
7.1100000000 3.5256370115
7.1200000000 3.5554576530
7.1300000000 3.5790402246
7.1400000000 3.5945281224
7.1500000000 3.6009005133
7.1600000000 3.5981474328
7.1700000000 3.5872315649
7.1800000000 3.5698913699
7.1900000000 3.5483608708
7.2000000000 3.5250130558
7.2100000000 3.5019842083
7.2200000000 3.4808786764
7.2300000000 3.4626367959
7.2400000000 3.4475521220
7.2500000000 3.4354379124
7.2600000000 3.4257886844
7.2700000000 3.4179052641
7.2800000000 3.4109778081
7.2900000000 3.4042081271
7.3000000000 3.3969595691
7.3100000000 3.3889662289
7.3200000000 3.3804593522
7.3300000000 3.3721349043
7.3400000000 3.3649507679
7.3500000000 3.3598026355
7.3600000000 3.3572600602
7.3700000000 3.3574734198
7.3800000000 3.3603050867
7.3900000000 3.3655818467
7.4000000000 3.3733396201
7.4100000000 3.3839106193
7.4200000000 3.3978611859
7.4300000000 3.4158454043
7.4400000000 3.4384600055
7.4500000000 3.4661451392
7.4600000000 3.4991044759
7.4700000000 3.5372179058
7.4800000000 3.5798853870
7.4900000000 3.6259423952
7.5000000000 3.6736742717
7.5100000000 3.7210699331
7.5200000000 3.7662804132
7.5300000000 3.8081246887
7.5400000000 3.8464658409
7.5500000000 3.8823247029
7.5600000000 3.9177426833
7.5700000000 3.9554117053
7.5800000000 3.9981904149
7.5900000000 4.0485923976
7.6000000000 4.1083835199
7.6100000000 4.1783451452
7.6200000000 4.2582820840
7.6300000000 4.3471794458
7.6400000000 4.4435123992
7.6500000000 4.5455809390
7.6600000000 4.6518408869
7.6700000000 4.7610946929
7.6800000000 4.8724466951
7.6900000000 4.9850467301
7.7000000000 5.0976950919
7.7100000000 5.2085919488
7.7200000000 5.3154012651
7.7300000000 5.4156385718
7.7400000000 5.5072019052
7.7500000000 5.5887116159
7.7600000000 5.6595910163
7.7700000000 5.7198874974
7.7800000000 5.7701203851
7.7900000000 5.8112550945
7.8000000000 5.8447862715
7.8100000000 5.8727220255
7.8200000000 5.8973506543
7.8300000000 5.9207976152
7.8400000000 5.9446210160
7.8500000000 5.9696153948
7.8600000000 5.9960098827
7.8700000000 6.0238936561
7.8800000000 6.0536730188
7.8900000000 6.0862324822
7.9000000000 6.1226380653
7.9100000000 6.1634991639
7.9200000000 6.2083065401
7.9300000000 6.2551198903
7.9400000000 6.3007415518
7.9500000000 6.3413410763
7.9600000000 6.3731892911
7.9700000000 6.3932728649
7.9800000000 6.3996311593
7.9900000000 6.3915090041
8.0000000000 6.3693664136
8.0100000000 6.3348789657
8.0200000000 6.2908187031
8.0300000000 6.2407844730
8.0400000000 6.1887738743
8.0500000000 6.1386266015
8.0600000000 6.0935194874
8.0700000000 6.0555279179
8.0800000000 6.0253734847
8.0900000000 6.0022924376
8.1000000000 5.9840632315
8.1100000000 5.9671918201
8.1200000000 5.9472946630
8.1300000000 5.9197728464
8.1400000000 5.8807157692
8.1500000000 5.8278740064
8.1600000000 5.7612760591
8.1700000000 5.6832094190
8.1800000000 5.5974931123
8.1900000000 5.5083610121
8.2000000000 5.4193800264
8.2100000000 5.3327636873
8.2200000000 5.2491308169
8.2300000000 5.1676559387
8.2400000000 5.0865023164
8.2500000000 5.0034451251
8.2600000000 4.9165633451
8.2700000000 4.8248215358
8.2800000000 4.7283700991
8.2900000000 4.6284521654
8.3000000000 4.5270044808
8.3100000000 4.4261321502
8.3200000000 4.3276125105
8.3300000000 4.2325831599
8.3400000000 4.1415007374
8.3500000000 4.0542928872
8.3600000000 3.9707323028
8.3700000000 3.8907933195
8.3800000000 3.8148773690
8.3900000000 3.7438077390
8.4000000000 3.6785861043
8.4100000000 3.6200560431
8.4200000000 3.5686945933
8.4300000000 3.5245515339
8.4400000000 3.4873364134
8.4500000000 3.4565382002
8.4600000000 3.4314210520
8.4700000000 3.4109728243
8.4800000000 3.3938533673
8.4900000000 3.3784576627
8.5000000000 3.3631284752
8.5100000000 3.3464296189
8.5200000000 3.3273873546
8.5300000000 3.3056123135
8.5400000000 3.2812812607
8.5500000000 3.2549347506
8.5600000000 3.2272275563
8.5700000000 3.1987135671
8.5800000000 3.1697538032
8.5900000000 3.1405861794
8.6000000000 3.1114846695
8.6100000000 3.0829086706
8.6200000000 3.0556050828
8.6300000000 3.0305789929
8.6400000000 3.0089571744
8.6500000000 2.9917402333
8.6600000000 2.9795753813
8.6700000000 2.9725795362
8.6800000000 2.9703615544
8.6900000000 2.9721875434
8.7000000000 2.9772175300
8.7100000000 2.9847002122
8.7200000000 2.9940640476
8.7300000000 3.0048631010
8.7400000000 3.0166612424
8.7500000000 3.0288602377
8.7600000000 3.0405765106
8.7700000000 3.0505755920
8.7800000000 3.0573024351
8.7900000000 3.0590020889
8.8000000000 3.0539165503
8.8100000000 3.0405028205
8.8200000000 3.0176347945
8.8300000000 2.9847515299
8.8400000000 2.9419581787
8.8500000000 2.8900885399
8.8600000000 2.8306547652
8.8700000000 2.7657295489
8.8800000000 2.6977348512
8.8900000000 2.6292300417
8.9000000000 2.5626717334
8.9100000000 2.5002737889
8.9200000000 2.4438371901
8.9300000000 2.3946616326
8.9400000000 2.3534805389
8.9500000000 2.3204538386
8.9600000000 2.2952136135
8.9700000000 2.2769753843
8.9800000000 2.2646301998
8.9900000000 2.2568594384
9.0000000000 2.2522019067
9.0100000000 2.2491334948
9.0200000000 2.2461898284
9.0300000000 2.2421199309
9.0400000000 2.2360865487
9.0500000000 2.2277727102
9.0600000000 2.2173940362
9.0700000000 2.2055853466
9.0800000000 2.1932157349
9.0900000000 2.1812391607
9.1000000000 2.1705251549
9.1100000000 2.1617745929
9.1200000000 2.1554347440
9.1300000000 2.1516447493
9.1400000000 2.1502026236
9.1500000000 2.1505944175
9.1600000000 2.1520953057
9.1700000000 2.1538931895
9.1800000000 2.1552161375
9.1900000000 2.1554324393
9.2000000000 2.1541074926
9.2100000000 2.1510297892
9.2200000000 2.1462152316
9.2300000000 2.1398206840
9.2400000000 2.1320538456
9.2500000000 2.1230007882
9.2600000000 2.1125402673
9.2700000000 2.1003297683
9.2800000000 2.0859080736
9.2900000000 2.0689028180
9.3000000000 2.0492049668
9.3100000000 2.0271259375
9.3200000000 2.0033659585
9.3300000000 1.9789251083
9.3400000000 1.9548829676
9.3500000000 1.9322078968
9.3600000000 1.9115930812
9.3700000000 1.8933678022
9.3800000000 1.8775586151
9.3900000000 1.8639288367
9.4000000000 1.8521181177
9.4100000000 1.8416771331
9.4200000000 1.8321251057
9.4300000000 1.8229980806
9.4400000000 1.8138910653
9.4500000000 1.8045683044
9.4600000000 1.7950031737
9.4700000000 1.7854248505
9.4800000000 1.7762550462
9.4900000000 1.7680052571
9.5000000000 1.7611309160
9.5100000000 1.7559072269
9.5200000000 1.7523856278
9.5300000000 1.7504414058
9.5400000000 1.7499066533
9.5500000000 1.7507499044
9.5600000000 1.7531848747
9.5700000000 1.7576389017
9.5800000000 1.7645997436
9.5900000000 1.7744351492
9.6000000000 1.7872213376
9.6100000000 1.8027252892
9.6200000000 1.8204825921
9.6300000000 1.8399350484
9.6400000000 1.8605524224
9.6500000000 1.8818722370
9.6600000000 1.9034407470
9.6700000000 1.9247041640
9.6800000000 1.9449060334
9.6900000000 1.9630369652
9.7000000000 1.9778896918
9.7100000000 1.9881602784
9.7200000000 1.9925857837
9.7300000000 1.9900823160
9.7400000000 1.9798473839
9.7500000000 1.9614799159
9.7600000000 1.9350953389
9.7700000000 1.9014128132
9.7800000000 1.8617878331
9.7900000000 1.8181424925
9.8000000000 1.7727578975
9.8100000000 1.7280435917
9.8200000000 1.6862561445
9.8300000000 1.6492606673
9.8400000000 1.6183972570
9.8500000000 1.5943970120
9.8600000000 1.5774099195
9.8700000000 1.5670884549
9.8800000000 1.5627069199
9.8900000000 1.5633028198
9.9000000000 1.5678229294
9.9100000000 1.5752361834
9.9200000000 1.5846572039
9.9300000000 1.5954087912
9.9400000000 1.6070776492
9.9500000000 1.6194711464
9.9600000000 1.6325225050
9.9700000000 1.6461647326
9.9800000000 1.6602005565
9.9900000000 1.6742231806
10.0000000000 1.6875744015
10.0100000000 1.6993916686
10.0200000000 1.7087272911
10.0300000000 1.7147229692
10.0400000000 1.7167954061
10.0500000000 1.7147714023
10.0600000000 1.7089310768
10.0700000000 1.6999034759
10.0800000000 1.6885583883
10.0900000000 1.6758940589
10.1000000000 1.6629447859
10.1100000000 1.6507466052
10.1200000000 1.6402608305
10.1300000000 1.6322690340
10.1400000000 1.6272880900
10.1500000000 1.6255195796
10.1600000000 1.6268304992
10.1700000000 1.6308109585
10.1800000000 1.6368708945
10.1900000000 1.6443549090
10.2000000000 1.6526891866
10.2100000000 1.6614975423
10.2200000000 1.6706688878
10.2300000000 1.6803267551
10.2400000000 1.6907600271
10.2500000000 1.7023111414
10.2600000000 1.7152918654
10.2700000000 1.7299197831
10.2800000000 1.7462826930
10.2900000000 1.7643029191
10.3000000000 1.7837438518
10.3100000000 1.8042377433
10.3200000000 1.8253065879
10.3300000000 1.8463689617
10.3400000000 1.8666868084
10.3500000000 1.8853154743
10.3600000000 1.9010957973
10.3700000000 1.9128121048
10.3800000000 1.9194709059
10.3900000000 1.9206304522
10.4000000000 1.9165942385
10.4100000000 1.9084042443
10.4200000000 1.8976288375
10.4300000000 1.8860320608
10.4400000000 1.8752651904
10.4500000000 1.8666375997
10.4600000000 1.8609785581
10.4700000000 1.8585839874
10.4800000000 1.8592527671
10.4900000000 1.8623452435
10.5000000000 1.8669285104
10.5100000000 1.8719405397
10.5200000000 1.8764197232
10.5300000000 1.8796778947
10.5400000000 1.8814525721
10.5500000000 1.8819268345
10.5600000000 1.8816340978
10.5700000000 1.8812686152
10.5800000000 1.8814153760
10.5900000000 1.8823796054
10.6000000000 1.8841093666
10.6100000000 1.8863242667
10.6200000000 1.8887355658
10.6300000000 1.8912675106
10.6400000000 1.8941781715
10.6500000000 1.8979737092
10.6600000000 1.9032493480
10.6700000000 1.9104820841
10.6800000000 1.9199097830
10.6900000000 1.9314863548
10.7000000000 1.9449025871
10.7100000000 1.9597130862
10.7200000000 1.9754784170
10.7300000000 1.9919735620
10.7400000000 2.0093239486
10.7500000000 2.0280174860
10.7600000000 2.0488066718
10.7700000000 2.0725076157
10.7800000000 2.0998092540
10.7900000000 2.1311516654
10.8000000000 2.1666702718
10.8100000000 2.2062282807
10.8200000000 2.2494715066
10.8300000000 2.2958798533
10.8400000000 2.3448116425
10.8500000000 2.3954930181
10.8600000000 2.4470036894
10.8700000000 2.4982332869
10.8800000000 2.5478742007
10.8900000000 2.5944653532
10.9000000000 2.6364977708
10.9100000000 2.6725782440
10.9200000000 2.7015854587
10.9300000000 2.7227531031
10.9400000000 2.7357867349
10.9500000000 2.7409122262
10.9600000000 2.7389477314
10.9700000000 2.7312926987
10.9800000000 2.7197741138
10.9900000000 2.7063370665
11.0000000000 2.6926809511
11.0100000000 2.6799995019
11.0200000000 2.6689331735
11.0300000000 2.6597546163
11.0400000000 2.6526520631
11.0500000000 2.6478847774
11.0600000000 2.6457907989
11.0700000000 2.6465714629
11.0800000000 2.6500523658
11.0900000000 2.6555475990
11.1000000000 2.6618839464
11.1100000000 2.6676678605
11.1200000000 2.6715833743
11.1300000000 2.6727135937
11.1400000000 2.6706692263
11.1500000000 2.6655795314
11.1600000000 2.6579524460
11.1700000000 2.6485116475
11.1800000000 2.6380777551
11.1900000000 2.6275051348
11.2000000000 2.6176068432
11.2100000000 2.6090450244
11.2200000000 2.6022355708
11.2300000000 2.5972182110
11.2400000000 2.5936469322
11.2500000000 2.5908902990
11.2600000000 2.5881930755
11.2700000000 2.5848501340
11.2800000000 2.5803698920
11.2900000000 2.5745057003
11.3000000000 2.5672570191
11.3100000000 2.5588516471
11.3200000000 2.5497088641
11.3300000000 2.5403985467
11.3400000000 2.5316725748
11.3500000000 2.5244313628
11.3600000000 2.5196785167
11.3700000000 2.5184213520
11.3800000000 2.5215054170
11.3900000000 2.5294404320
11.4000000000 2.5422371788
11.4100000000 2.5593557383
11.4200000000 2.5797157708
11.4300000000 2.6018457706
11.4400000000 2.6240789876
11.4500000000 2.6447956929
11.4600000000 2.6626655668
11.4700000000 2.6768365622
11.4800000000 2.6870435634
11.4900000000 2.6935637064
11.5000000000 2.6970640542
11.5100000000 2.6983523928
11.5200000000 2.6981268693
11.5300000000 2.6968248265
11.5400000000 2.6945364973
11.5500000000 2.6910189227
11.5600000000 2.6857874597
11.5700000000 2.6782504307
11.5800000000 2.6679106069
11.5900000000 2.6544939669
11.6000000000 2.6380170892
11.6100000000 2.6186912983
11.6200000000 2.5967598266
11.6300000000 2.5723767934
11.6400000000 2.5455752914
11.6500000000 2.5163921465
11.6600000000 2.4850763173
11.6700000000 2.4522087322
11.6800000000 2.4187168766
11.6900000000 2.3857433752
11.7000000000 2.3544538057
11.7100000000 2.3259256272
11.7200000000 2.3010676250
11.7300000000 2.2806180596
11.7400000000 2.2651826153
11.7500000000 2.2552130808
11.7600000000 2.2509860383
11.7700000000 2.2525338565
11.7800000000 2.2595956160
11.7900000000 2.2715842643
11.8000000000 2.2876699442
11.8100000000 2.3069318638
11.8200000000 2.3285346693
11.8300000000 2.3518851094
11.8400000000 2.3766608459
11.8500000000 2.4027910909
11.8600000000 2.4303129746
11.8700000000 2.4592716189
11.8800000000 2.4895759471
11.8900000000 2.5209704793
11.9000000000 2.5530391750
11.9100000000 2.5853254945
11.9200000000 2.6175207383
11.9300000000 2.6496405445
11.9400000000 2.6821334746
11.9500000000 2.7158253404
11.9600000000 2.7517149492
11.9700000000 2.7906251057
11.9800000000 2.8328532689
11.9900000000 2.8778866085
12.0000000000 2.9243421747
12.0100000000 2.9701079160
12.0200000000 3.0127116603
12.0300000000 3.0498331283
12.0400000000 3.0798189282
12.0500000000 3.1020457589
12.0600000000 3.1170733248
12.0700000000 3.1264469145
12.0800000000 3.1322401205
12.0900000000 3.1364674681
12.1000000000 3.1405943201
12.1100000000 3.1452893188
12.1200000000 3.1505259416
12.1300000000 3.1558781419
12.1400000000 3.1609425664
12.1500000000 3.1656051797
12.1600000000 3.1701232494
12.1700000000 3.1751065582
12.1800000000 3.1814417883
12.1900000000 3.1903135673
12.2000000000 3.2031847537
12.2100000000 3.2217395956
12.2200000000 3.2477083246
12.2300000000 3.2826216686
12.2400000000 3.3276093580
12.2500000000 3.3831870389
12.2600000000 3.4491422008
12.2700000000 3.5243982914
12.2800000000 3.6069707337
12.2900000000 3.6940341113
12.3000000000 3.7820703027
12.3100000000 3.8672483347
12.3200000000 3.9459161178
12.3300000000 4.0152155973
12.3400000000 4.0736782793
12.3500000000 4.1215760983
12.3600000000 4.1608666727
12.3700000000 4.1946690692
12.3800000000 4.2264679141
12.3900000000 4.2592553844
12.4000000000 4.2949597648
12.4100000000 4.3342345662
12.4200000000 4.3766624476
12.4300000000 4.4212096690
12.4400000000 4.4668659976
12.4500000000 4.5131637192
12.4600000000 4.5605111663
12.4700000000 4.6101761832
12.4800000000 4.6639316221
12.4900000000 4.7235357123
12.5000000000 4.7902126564
12.5100000000 4.8643193285
12.5200000000 4.9452710266
12.5300000000 5.0317657098
12.5400000000 5.1220884846
12.5500000000 5.2145104561
12.5600000000 5.3075770154
12.5700000000 5.4002741164
12.5800000000 5.4919783027
12.5900000000 5.5822400550
12.6000000000 5.6704813143
12.6100000000 5.7557026987
12.6200000000 5.8363345774
12.6300000000 5.9103135090
12.6400000000 5.9754057824
12.6500000000 6.0296902416
12.6600000000 6.0719643072
12.6700000000 6.1018665539
12.6800000000 6.1197807227
12.6900000000 6.1265566549
12.7000000000 6.1233471068
12.7100000000 6.1115400309
12.7200000000 6.0927069013
12.7300000000 6.0683799588
12.7400000000 6.0395965138
12.7500000000 6.0063944942
12.7600000000 5.9675015884
12.7700000000 5.9205031740
12.7800000000 5.8624217857
12.7900000000 5.7906736780
12.8000000000 5.7040492518
12.8100000000 5.6034537150
12.8200000000 5.4921740855
12.8300000000 5.3754475642
12.8400000000 5.2595380052
12.8500000000 5.1505186100
12.8600000000 5.0532077159
12.8700000000 4.9704598477
12.8800000000 4.9029723737
12.8900000000 4.8496190584
12.9000000000 4.8081615626
12.9100000000 4.7761610771
12.9200000000 4.7518002414
12.9300000000 4.7342613675
12.9400000000 4.7236222969
12.9500000000 4.7203412290
12.9600000000 4.7246205350
12.9700000000 4.7360218002
12.9800000000 4.7534349966
12.9900000000 4.7753909563
13.0000000000 4.8004544430
13.0100000000 4.8275300839
13.0200000000 4.8558551589
13.0300000000 4.8848583428
13.0400000000 4.9139304072
13.0500000000 4.9422530397
13.0600000000 4.9686231943
13.0700000000 4.9912476542
13.0800000000 5.0076032321
13.0900000000 5.0144996144
13.1000000000 5.0084824254
13.1100000000 4.9864484126
13.1200000000 4.9463470401
13.1300000000 4.8876932665
13.1400000000 4.8117476678
13.1500000000 4.7213321535
13.1600000000 4.6202730581
13.1700000000 4.5127781302
13.1800000000 4.4028050304
13.1900000000 4.2937611827
13.2000000000 4.1883622548
13.2100000000 4.0887790986
13.2200000000 3.9967566295
13.2300000000 3.9137175817
13.2400000000 3.8407946007
13.2500000000 3.7787460293
13.2600000000 3.7279107496
13.2700000000 3.6881464032
13.2800000000 3.6588035418
13.2900000000 3.6387362160
13.3000000000 3.6264060165
13.3100000000 3.6200534013
13.3200000000 3.6179797693
13.3300000000 3.6188699770
13.3400000000 3.6220540724
13.3500000000 3.6276507582
13.3600000000 3.6364425966
13.3700000000 3.6496181213
13.3800000000 3.6683715915
13.3900000000 3.6935012308
13.4000000000 3.7251346212
13.4100000000 3.7626529221
13.4200000000 3.8048672672
13.4300000000 3.8504600554
13.4400000000 3.8984435731
13.4500000000 3.9485296636
13.4600000000 4.0011378516
13.4700000000 4.0570909526
13.4800000000 4.1171703301
13.4900000000 4.1817906093
13.5000000000 4.2509300245
13.5100000000 4.3243639332
13.5200000000 4.4019546265
13.5300000000 4.4837998413
13.5400000000 4.5700701359
13.5500000000 4.6605504133
13.5600000000 4.7540628134
13.5700000000 4.8481468409
13.5800000000 4.9390940224
13.5900000000 5.0224013921
13.6000000000 5.0934126829
13.6100000000 5.1479507885
13.6200000000 5.1827541279
13.6300000000 5.1956922060
13.6400000000 5.1859170107
13.6500000000 5.1539969963
13.6600000000 5.1020488156
13.6700000000 5.0337537202
13.6800000000 4.9541062063
13.6900000000 4.8688592577
13.7000000000 4.7837031947
13.7100000000 4.7034342410
13.7200000000 4.6312419390
13.7300000000 4.5682952139
13.7400000000 4.5137082170
13.7500000000 4.4649381943
13.7600000000 4.4185569633
13.7700000000 4.3711737780
13.7800000000 4.3203436055
13.7900000000 4.2650672391
13.8000000000 4.2058712529
13.8100000000 4.1444454506
13.8200000000 4.0831463148
13.8300000000 4.0245210898
13.8400000000 3.9709560235
13.8500000000 3.9244235505
13.8600000000 3.8862989204
13.8700000000 3.8571892923
13.8800000000 3.8368494197
13.8900000000 3.8241536131
13.9000000000 3.8173067044
13.9100000000 3.8141487477
13.9200000000 3.8125252531
13.9300000000 3.8105944585
13.9400000000 3.8070025460
13.9500000000 3.8009905448
13.9600000000 3.7924971910
13.9700000000 3.7821802236
13.9800000000 3.7713602585
13.9900000000 3.7617853737
14.0000000000 3.7552606482
14.0100000000 3.7532842207
14.0200000000 3.7567272178
14.0300000000 3.7657199589
14.0400000000 3.7797553467
14.0500000000 3.7979457506
14.0600000000 3.8194286532
14.0700000000 3.8437408001
14.0800000000 3.8711187721
14.0900000000 3.9025226064
14.1000000000 3.9394372706
14.1100000000 3.9834978564
14.1200000000 4.0359666512
14.1300000000 4.0973078496
14.1400000000 4.1669352340
14.1500000000 4.2431978504
14.1600000000 4.3236115354
14.1700000000 4.4052231848
14.1800000000 4.4849950948
14.1900000000 4.5600799750
14.2000000000 4.6278959562
14.2100000000 4.6861176652
14.2200000000 4.7325934559
14.2300000000 4.7653126344
14.2400000000 4.7823814854
14.2500000000 4.7820676661
14.2600000000 4.7628539673
14.2700000000 4.7235984955
14.2800000000 4.6638632642
14.2900000000 4.5842959895
14.3000000000 4.4869212730
14.3100000000 4.3751422314
14.3200000000 4.2534315571
14.3300000000 4.1267942884
14.3400000000 4.0002123899
14.3500000000 3.8782374258
14.3600000000 3.7646882081
14.3700000000 3.6624865646
14.3800000000 3.5735376247
14.3900000000 3.4987483275
14.4000000000 3.4380976996
14.4100000000 3.3908267039
14.4200000000 3.3556862892
14.4300000000 3.3311661391
14.4400000000 3.3157166088
14.4500000000 3.3078523575
14.4600000000 3.3062080728
14.4700000000 3.3095602137
14.4800000000 3.3168146238
14.4900000000 3.3269599888
14.5000000000 3.3390303850
14.5100000000 3.3520722604
14.5200000000 3.3651784068
14.5300000000 3.3775651043
14.5400000000 3.3886204493
14.5500000000 3.3978709171
14.5600000000 3.4048466924
14.5700000000 3.4088839127
14.5800000000 3.4090900106
14.5900000000 3.4044340557
14.6000000000 3.3940013287
14.6100000000 3.3773264106
14.6200000000 3.3546367217
14.6300000000 3.3269339776
14.6400000000 3.2958930227
14.6500000000 3.2636390273
14.6600000000 3.2324788588
14.6700000000 3.2046245042
14.6800000000 3.1819230627
14.6900000000 3.1656574736
14.7000000000 3.1563804340
14.7100000000 3.1539441518
14.7200000000 3.1575660012
14.7300000000 3.1659937052
14.7400000000 3.1776473587
14.7500000000 3.1908159209
14.7600000000 3.2038980024
14.7700000000 3.2157064573
14.7800000000 3.2257242927
14.7900000000 3.2342582003
14.8000000000 3.2423325182
14.8100000000 3.2513766389
14.8200000000 3.2628030698
14.8300000000 3.2775937377
14.8400000000 3.2960229715
14.8500000000 3.3176117205
14.8600000000 3.3412744121
14.8700000000 3.3655649286
14.8800000000 3.3891148275
14.8900000000 3.4110076689
14.9000000000 3.4311388171
14.9100000000 3.4503690393
14.9200000000 3.4702893326
14.9300000000 3.4927387682
14.9400000000 3.5191336875
14.9500000000 3.5499438020
14.9600000000 3.5844004136
14.9700000000 3.6204820373
14.9800000000 3.6551324726
14.9900000000 3.6845616895
15.0000000000 3.7046572582
15.0100000000 3.7114661811
15.0200000000 3.7017831287
15.0300000000 3.6737111175
15.0400000000 3.6270369419
15.0500000000 3.5632610601
15.0600000000 3.4853737085
15.0700000000 3.3973659284
15.0800000000 3.3037060148
15.0900000000 3.2088512979
15.1000000000 3.1168337538
15.1100000000 3.0308907217
15.1200000000 2.9532747633
15.1300000000 2.8851976526
15.1400000000 2.8269328289
15.1500000000 2.7780437357
15.1600000000 2.7376221476
15.1700000000 2.7044692478
15.1800000000 2.6772382065
15.1900000000 2.6544759067
15.2000000000 2.6347312071
15.2100000000 2.6166226202
15.2200000000 2.5989622867
15.2300000000 2.5808649259
15.2400000000 2.5618469303
15.2500000000 2.5418540947
15.2600000000 2.5212895919
15.2700000000 2.5009958859
15.2800000000 2.4821643413
15.2900000000 2.4661562947
15.3000000000 2.4543019436
15.3100000000 2.4475943595
15.3200000000 2.4465008920
15.3300000000 2.4508053740
15.3400000000 2.4596319195
15.3500000000 2.4715681794
15.3600000000 2.4848982252
15.3700000000 2.4978255116
15.3800000000 2.5087683985
15.3900000000 2.5165521242
15.4000000000 2.5205907384
15.4100000000 2.5209556858
15.4200000000 2.5183205748
15.4300000000 2.5137659285
15.4400000000 2.5085677477
15.4500000000 2.5039902080
15.4600000000 2.5011865787
15.4700000000 2.5011046456
15.4800000000 2.5044803349
15.4900000000 2.5117373671
15.5000000000 2.5228920259
15.5100000000 2.5374946611
15.5200000000 2.5546029012
15.5300000000 2.5728754357
15.5400000000 2.5908071973
15.5500000000 2.6071058593
15.5600000000 2.6209953939
15.5700000000 2.6325097469
15.5800000000 2.6424052947
15.5900000000 2.6519215818
15.6000000000 2.6622793946
15.6100000000 2.6742664031
15.6200000000 2.6879999953
15.6300000000 2.7029626251
15.6400000000 2.7182684807
15.6500000000 2.7330200209
15.6600000000 2.7466808740
15.6700000000 2.7592602942
15.6800000000 2.7713246774
15.6900000000 2.7837830998
15.7000000000 2.7975565784
15.7100000000 2.8131674908
15.7200000000 2.8304018550
15.7300000000 2.8482081756
15.7400000000 2.8647964619
15.7500000000 2.8779583275
15.7600000000 2.8854657927
15.7700000000 2.8853908698
15.7800000000 2.8763306825
15.7900000000 2.8575230839
15.8000000000 2.8289431456
15.8100000000 2.7912857775
15.8200000000 2.7459768463
15.8300000000 2.6949788061
15.8400000000 2.6404833919
15.8500000000 2.5845634859
15.8600000000 2.5288470795
15.8700000000 2.4743903256
15.8800000000 2.4217848473
15.8900000000 2.3713575468
15.9000000000 2.3234587134
15.9100000000 2.2786344825
15.9200000000 2.2376442868
15.9300000000 2.2014187189
15.9400000000 2.1708813775
15.9500000000 2.1468340515
15.9600000000 2.1298410776
15.9700000000 2.1201295466
15.9800000000 2.1175221653
15.9900000000 2.1214575876
16.0000000000 2.1309898839
16.0100000000 2.1449028425
16.0200000000 2.1618248372
16.0300000000 2.1803928053
16.0400000000 2.1994433827
16.0500000000 2.2181495083
16.0600000000 2.2361243072
16.0700000000 2.2533508115
16.0800000000 2.2701170670
16.0900000000 2.2867768293
16.1000000000 2.3036352139
16.1100000000 2.3207632615
16.1200000000 2.3379812450
16.1300000000 2.3548746851
16.1400000000 2.3709031325
16.1500000000 2.3855854871
16.1600000000 2.3986528553
16.1700000000 2.4102072165
16.1800000000 2.4207166576
16.1900000000 2.4309396633
16.2000000000 2.4417508001
16.2100000000 2.4539603864
16.2200000000 2.4682375800
16.2300000000 2.4850496743
16.2400000000 2.5046779759
16.2500000000 2.5271681264
16.2600000000 2.5522805443
16.2700000000 2.5794410503
16.2800000000 2.6077135764
16.2900000000 2.6358386676
16.3000000000 2.6623540006
16.3100000000 2.6857474235
16.3200000000 2.7046479520
16.3300000000 2.7179234537
16.3400000000 2.7247729818
16.3500000000 2.7247592934
16.3600000000 2.7178695381
16.3700000000 2.7046374736
16.3800000000 2.6861462814
16.3900000000 2.6639937354
16.4000000000 2.6400039846
16.4100000000 2.6159813781
16.4200000000 2.5934178242
16.4300000000 2.5733857381
16.4400000000 2.5564633651
16.4500000000 2.5427651465
16.4600000000 2.5320614128
16.4700000000 2.5238990844
16.4800000000 2.5178176115
16.4900000000 2.5134936947
16.5000000000 2.5107586283
16.5100000000 2.5094987437
16.5200000000 2.5095164143
16.5300000000 2.5103905423
16.5400000000 2.5114647955
16.5500000000 2.5120143211
16.5600000000 2.5114129737
16.5700000000 2.5093066704
16.5800000000 2.5056924156
16.5900000000 2.5009082705
16.6000000000 2.4955338542
16.6100000000 2.4902400544
16.6200000000 2.4856884790
16.6300000000 2.4824360060
16.6400000000 2.4809623545
16.6500000000 2.4816640549
16.6600000000 2.4848877425
16.6700000000 2.4908342813
16.6800000000 2.4994289191
16.6900000000 2.5101912634
16.7000000000 2.5222121174
16.7100000000 2.5342767942
16.7200000000 2.5451012495
16.7300000000 2.5535459025
16.7400000000 2.5587846296
16.7500000000 2.5603162789
16.7600000000 2.5578861253
16.7700000000 2.5514016646
16.7800000000 2.5408482746
16.7900000000 2.5262781799
16.8000000000 2.5077711250
16.8100000000 2.4854742555
16.8200000000 2.4596082473
16.8300000000 2.4304849153
16.8400000000 2.3985136423
16.8500000000 2.3641623368
16.8600000000 2.3279694589
16.8700000000 2.2905332773
16.8800000000 2.2525010052
16.8900000000 2.2146379845
16.9000000000 2.1777826217
16.9100000000 2.1428237866
16.9200000000 2.1106088454
16.9300000000 2.0818278031
16.9400000000 2.0569542225
16.9500000000 2.0361512543
16.9600000000 2.0193102162
16.9700000000 2.0060435114
16.9800000000 1.9958340337
16.9900000000 1.9880812788
17.0000000000 1.9822230284
17.0100000000 1.9777821398
17.0200000000 1.9743032087
17.0300000000 1.9713353461
17.0400000000 1.9683799776
17.0500000000 1.9648907136
17.0600000000 1.9603429601
17.0700000000 1.9543736115
17.0800000000 1.9468455976
17.0900000000 1.9379944035
17.1000000000 1.9284295226
17.1100000000 1.9190834604
17.1200000000 1.9111195224
17.1300000000 1.9057746103
17.1400000000 1.9042361027
17.1500000000 1.9074828332
17.1600000000 1.9161781818
17.1700000000 1.9306158553
17.1800000000 1.9507246629
17.1900000000 1.9760915074
17.2000000000 2.0061138781
17.2100000000 2.0401234191
17.2200000000 2.0774919600
17.2300000000 2.1177139592
17.2400000000 2.1604711123
17.2500000000 2.2055737961
17.2600000000 2.2529902237
17.2700000000 2.3027935652
17.2800000000 2.3550974335
17.2900000000 2.4100090140
17.3000000000 2.4674772766
17.3100000000 2.5271709613
17.3200000000 2.5882405956
17.3300000000 2.6491690206
17.3400000000 2.7077038848
17.3500000000 2.7610048197
17.3600000000 2.8060441596
17.3700000000 2.8400799676
17.3800000000 2.8611270464
17.3900000000 2.8682484484
17.4000000000 2.8615945342
17.4100000000 2.8422484653
17.4200000000 2.8120282844
17.4300000000 2.7731793627
17.4400000000 2.7281532121
17.4500000000 2.6793195203
17.4600000000 2.6286978500
17.4700000000 2.5778148491
17.4800000000 2.5276534128
17.4900000000 2.4787602703
17.5000000000 2.4314550511
17.5100000000 2.3860000009
17.5200000000 2.3427357584
17.5300000000 2.3020640032
17.5400000000 2.2643169532
17.5500000000 2.2296317117
17.5600000000 2.1978535230
17.5700000000 2.1685638021
17.5800000000 2.1412340103
17.5900000000 2.1154105916
17.6000000000 2.0908831643
17.6100000000 2.0677218938
17.6200000000 2.0462670007
17.6300000000 2.0270100008
17.6400000000 2.0104500575
17.6500000000 1.9969494321
17.6600000000 1.9866243127
17.6700000000 1.9792894891
17.6800000000 1.9744633118
17.6900000000 1.9714513088
17.7000000000 1.9694604222
17.7100000000 1.9677559101
17.7200000000 1.9657280901
17.7300000000 1.9630136362
17.7400000000 1.9594600120
17.7500000000 1.9551745375
17.7600000000 1.9504586105
17.7700000000 1.9457780704
17.7800000000 1.9416606493
17.7900000000 1.9386051067
17.8000000000 1.9369838898
17.8100000000 1.9369575772
17.8200000000 1.9384802733
17.8300000000 1.9413172810
17.8400000000 1.9451176842
17.8500000000 1.9494019591
17.8600000000 1.9536530893
17.8700000000 1.9572738458
17.8800000000 1.9596414237
17.8900000000 1.9601560592
17.9000000000 1.9582653151
17.9100000000 1.9535678117
17.9200000000 1.9459051613
17.9300000000 1.9353810369
17.9400000000 1.9224295282
17.9500000000 1.9077615099
17.9600000000 1.8922802119
17.9700000000 1.8768735692
17.9800000000 1.8623036255
17.9900000000 1.8490337510
18.0000000000 1.8372272524
18.0100000000 1.8267399169
18.0200000000 1.8172605536
18.0300000000 1.8084460954
18.0400000000 1.8001005266
18.0500000000 1.7923236889
18.0600000000 1.7855123590
18.0700000000 1.7802561092
18.0800000000 1.7771397848
18.0900000000 1.7765079736
18.1000000000 1.7783278015
18.1100000000 1.7821072958
18.1200000000 1.7869253873
18.1300000000 1.7915862198
18.1400000000 1.7948296230
18.1500000000 1.7955605323
18.1600000000 1.7930788887
18.1700000000 1.7871549587
18.1800000000 1.7779808501
18.1900000000 1.7659914722
18.2000000000 1.7516288529
18.2100000000 1.7351677177
18.2200000000 1.7166649464
18.2300000000 1.6960273683
18.2400000000 1.6731987190
18.2500000000 1.6483226472
18.2600000000 1.6218880150
18.2700000000 1.5947309025
18.2800000000 1.5679361248
18.2900000000 1.5426058543
18.3000000000 1.5197020604
18.3100000000 1.4998562766
18.3200000000 1.4833297168
18.3300000000 1.4700050214
18.3400000000 1.4594857514
18.3500000000 1.4512345842
18.3600000000 1.4447312418
18.3700000000 1.4396120674
18.3800000000 1.4357530527
18.3900000000 1.4332579852
18.4000000000 1.4323703390
18.4100000000 1.4333213093
18.4200000000 1.4362027105
18.4300000000 1.4408585874
18.4400000000 1.4468783094
18.4500000000 1.4536024709
18.4600000000 1.4602242456
18.4700000000 1.4658654722
18.4800000000 1.4697546416
18.4900000000 1.4713160881
18.5000000000 1.4702403169
18.5100000000 1.4665419358
18.5200000000 1.4605350618
18.5300000000 1.4527897105
18.5400000000 1.4440498074
18.5500000000 1.4351316809
18.5600000000 1.4267708400
18.5700000000 1.4194935850
18.5800000000 1.4135841377
18.5900000000 1.4090516758
18.6000000000 1.4056743236
18.6100000000 1.4030690804
18.6200000000 1.4007620513
18.6300000000 1.3982460696
18.6400000000 1.3950513369
18.6500000000 1.3908034112
18.6600000000 1.3852427501
18.6700000000 1.3783345485
18.6800000000 1.3702372325
18.6900000000 1.3613612268
18.7000000000 1.3522472390
18.7100000000 1.3435021599
18.7200000000 1.3356247038
18.7300000000 1.3289273133
18.7400000000 1.3234318462
18.7500000000 1.3188880219
18.7600000000 1.3148568560
18.7700000000 1.3107944471
18.7800000000 1.3062009632
18.7900000000 1.3007246749
18.8000000000 1.2941883821
18.8100000000 1.2865704420
18.8200000000 1.2779467144
18.8300000000 1.2684388116
18.8400000000 1.2581230280
18.8500000000 1.2470888927
18.8600000000 1.2354653388
18.8700000000 1.2234470024
18.8800000000 1.2113337225
18.8900000000 1.1994851604
18.9000000000 1.1882620926
18.9100000000 1.1779936132
18.9200000000 1.1689507283
18.9300000000 1.1613198284
18.9400000000 1.1552220349
18.9500000000 1.1507392208
18.9600000000 1.1479401509
18.9700000000 1.1468672664
18.9800000000 1.1475563371
18.9900000000 1.1499837581
19.0000000000 1.1540861664
19.0100000000 1.1597471882
19.0200000000 1.1667841762
19.0300000000 1.1749745029
19.0400000000 1.1840291549
19.0500000000 1.1936388613
19.0600000000 1.2034807039
19.0700000000 1.2133237758
19.0800000000 1.2230095231
19.0900000000 1.2325509853
19.1000000000 1.2420207152
19.1100000000 1.2515442719
19.1200000000 1.2611283378
19.1300000000 1.2705943558
19.1400000000 1.2795252593
19.1500000000 1.2872650310
19.1600000000 1.2930373813
19.1700000000 1.2960115337
19.1800000000 1.2954343169
19.1900000000 1.2907758269
19.2000000000 1.2818225921
19.2100000000 1.2687182589
19.2200000000 1.2519915959
19.2300000000 1.2324519261
19.2400000000 1.2110575952
19.2500000000 1.1887636966
19.2600000000 1.1664555517
19.2700000000 1.1448415184
19.2800000000 1.1244654549
19.2900000000 1.1057192008
19.3000000000 1.0888685547
19.3100000000 1.0740861389
19.3200000000 1.0614240827
19.3300000000 1.0508403734
19.3400000000 1.0421917867
19.3500000000 1.0352335715
19.3600000000 1.0296662914
19.3700000000 1.0252299998
19.3800000000 1.0217179106
19.3900000000 1.0190709811
19.4000000000 1.0173783649
19.4100000000 1.0168170873
19.4200000000 1.0176522511
19.4300000000 1.0201156164
19.4400000000 1.0243919294
19.4500000000 1.0305714291
19.4600000000 1.0385752249
19.4700000000 1.0481279338
19.4800000000 1.0586965224
19.4900000000 1.0695035465
19.5000000000 1.0795200877
19.5100000000 1.0876481598
19.5200000000 1.0928354829
19.5300000000 1.0943258846
19.5400000000 1.0917950944
19.5500000000 1.0854126586
19.5600000000 1.0757823605
19.5700000000 1.0638148873
19.5800000000 1.0505457399
19.5900000000 1.0370339433
19.6000000000 1.0241919533
19.6100000000 1.0127714011
19.6200000000 1.0033077245
19.6300000000 0.9961328347
19.6400000000 0.9913947539
19.6500000000 0.9891321328
19.6600000000 0.9893080931
19.6700000000 0.9918853049
19.6800000000 0.9968054699
19.6900000000 1.0040166964
19.7000000000 1.0134666910
19.7100000000 1.0250479731
19.7200000000 1.0386183966
19.7300000000 1.0539668889
19.7400000000 1.0707723195
19.7500000000 1.0886240638
19.7600000000 1.1070151647
19.7700000000 1.1253423409
19.7800000000 1.1430088258
19.7900000000 1.1593968910
19.8000000000 1.1739431837
19.8100000000 1.1861523295
19.8200000000 1.1955762037
19.8300000000 1.2018206258
19.8400000000 1.2045864398
19.8500000000 1.2037176238
19.8600000000 1.1991946299
19.8700000000 1.1912173439
19.8800000000 1.1801576690
19.8900000000 1.1665327763
19.9000000000 1.1509438254
19.9100000000 1.1340213212
19.9200000000 1.1163494038
19.9300000000 1.0984450189
19.9400000000 1.0807092019
19.9500000000 1.0634196462
19.9600000000 1.0467370823
19.9700000000 1.0307394596
19.9800000000 1.0154424309
19.9900000000 1.0008755637
20.0000000000 0.9870615255
