0.0100000000 8.7431964448
0.0200000000 2.3363081012
0.0300000000 1.0498237807
0.0400000000 0.5915108155
0.0500000000 0.3779378279
0.0600000000 0.2615386930
0.0700000000 0.1912231048
0.0800000000 0.1455335012
0.0900000000 0.1141857133
0.1000000000 0.0917518137
0.1100000000 0.0751478782
0.1200000000 0.0625166668
0.1300000000 0.0526855903
0.1400000000 0.0448847976
0.1500000000 0.0385919404
0.1600000000 0.0334425104
0.1700000000 0.0291759048
0.1800000000 0.0256018343
0.1900000000 0.0225787575
0.2000000000 0.0199996667
0.2100000000 0.0177824921
0.2200000000 0.0158634902
0.2300000000 0.0141926088
0.2400000000 0.0127301709
0.2500000000 0.0114444766
0.2600000000 0.0103100218
0.2700000000 0.0093061608
0.2800000000 0.0084160576
0.2900000000 0.0076258235
0.3000000000 0.0069237822
0.3100000000 0.0062998116
0.3200000000 0.0057447827
0.3300000000 0.0052501567
0.3400000000 0.0048078037
0.3500000000 0.0044100876
0.3600000000 0.0040501434
0.3700000000 0.0037221763
0.3800000000 0.0034215964
0.3900000000 0.0031449242
0.4000000000 0.0028894936
0.4100000000 0.0026531042
0.4200000000 0.0024337584
0.4300000000 0.0022295584
0.4400000000 0.0020387545
0.4500000000 0.0018598652
0.4600000000 0.0016917645
0.4700000000 0.0015336996
0.4800000000 0.0013852258
0.4900000000 0.0012461042
0.5000000000 0.0011162017
0.5100000000 0.0009954161
0.5200000000 0.0008836234
0.5300000000 0.0007806571
0.5400000000 0.0006862880
0.5500000000 0.0006002171
0.5600000000 0.0005220683
0.5700000000 0.0004513913
0.5800000000 0.0003876775
0.5900000000 0.0003303911
0.6000000000 0.0002790119
0.6100000000 0.0002330711
0.6200000000 0.0001921692
0.6300000000 0.0001559723
0.6400000000 0.0001241972
0.6500000000 0.0000966008
0.6600000000 0.0000729821
0.6700000000 0.0000531946
0.6800000000 0.0000371538
0.6900000000 0.0000248358
0.7000000000 0.0000162616
0.7100000000 0.0000114736
0.7200000000 0.0000105171
0.7300000000 0.0000134250
0.7400000000 0.0000202137
0.7500000000 0.0000308810
0.7600000000 0.0000454100
0.7700000000 0.0000637727
0.7800000000 0.0000859342
0.7900000000 0.0001118558
0.8000000000 0.0001414996
0.8100000000 0.0001748342
0.8200000000 0.0002118385
0.8300000000 0.0002525083
0.8400000000 0.0002968618
0.8500000000 0.0003449402
0.8600000000 0.0003968088
0.8700000000 0.0004525530
0.8800000000 0.0005122763
0.8900000000 0.0005760928
0.9000000000 0.0006441227
0.9100000000 0.0007164878
0.9200000000 0.0007933107
0.9300000000 0.0008747135
0.9400000000 0.0009608153
0.9500000000 0.0010517299
0.9600000000 0.0011475662
0.9700000000 0.0012484186
0.9800000000 0.0013543556
0.9900000000 0.0014654083
1.0000000000 0.0015815449
1.0100000000 0.0017026494
1.0200000000 0.0018284865
1.0300000000 0.0019586785
1.0400000000 0.0020926676
1.0500000000 0.0022297209
1.0600000000 0.0023689593
1.0700000000 0.0025094420
1.0800000000 0.0026503226
1.0900000000 0.0027910369
1.1000000000 0.0029314991
1.1100000000 0.0030722208
1.1200000000 0.0032142885
1.1300000000 0.0033592160
1.1400000000 0.0035086864
1.1500000000 0.0036643236
1.1600000000 0.0038274922
1.1700000000 0.0039991593
1.1800000000 0.0041797771
1.1900000000 0.0043691941
1.2000000000 0.0045665841
1.2100000000 0.0047704210
1.2200000000 0.0049785160
1.2300000000 0.0051881267
1.2400000000 0.0053962070
1.2500000000 0.0055998513
1.2600000000 0.0057969491
1.2700000000 0.0059869379
1.2800000000 0.0061713159
1.2900000000 0.0063535775
1.3000000000 0.0065384190
1.3100000000 0.0067303938
1.3200000000 0.0069325275
1.3300000000 0.0071453317
1.3400000000 0.0073665854
1.3500000000 0.0075918638
1.3600000000 0.0078157659
1.3700000000 0.0080336368
1.3800000000 0.0082434435
1.3900000000 0.0084473038
1.4000000000 0.0086520057
1.4100000000 0.0088681755
1.4200000000 0.0091083042
1.4300000000 0.0093843447
1.4400000000 0.0097057991
1.4500000000 0.0100787525
1.4600000000 0.0105058011
1.4700000000 0.0109865821
1.4800000000 0.0115184175
1.4900000000 0.0120968697
1.5000000000 0.0127161457
1.5100000000 0.0133694659
1.5200000000 0.0140495833
1.5300000000 0.0147495932
1.5400000000 0.0154642234
1.5500000000 0.0161913030
1.5600000000 0.0169329220
1.5700000000 0.0176956492
1.5800000000 0.0184890810
1.5900000000 0.0193230619
1.6000000000 0.0202043491
1.6100000000 0.0211338438
1.6200000000 0.0221053490
1.6300000000 0.0231061510
1.6400000000 0.0241194493
1.6500000000 0.0251281600
1.6600000000 0.0261190308
1.6700000000 0.0270857095
1.6800000000 0.0280288273
1.6900000000 0.0289523539
1.7000000000 0.0298566502
1.7100000000 0.0307308767
1.7200000000 0.0315476340
1.7300000000 0.0322629613
1.7400000000 0.0328230814
1.7500000000 0.0331774313
1.7600000000 0.0332949134
1.7700000000 0.0331779062
1.7800000000 0.0328678489
1.7900000000 0.0324389885
1.8000000000 0.0319822530
1.8100000000 0.0315859306
1.8200000000 0.0313208342
1.8300000000 0.0312341652
1.8400000000 0.0313519639
1.8500000000 0.0316864038
1.8600000000 0.0322441647
1.8700000000 0.0330322138
1.8800000000 0.0340599711
1.8900000000 0.0353379506
1.9000000000 0.0368745927
1.9100000000 0.0386734770
1.9200000000 0.0407322936
1.9300000000 0.0430429943
1.9400000000 0.0455905203
1.9500000000 0.0483477197
1.9600000000 0.0512653507
1.9700000000 0.0542595861
1.9800000000 0.0572015933
1.9900000000 0.0599154336
2.0000000000 0.0621885712
2.0100000000 0.0637969357
2.0200000000 0.0645414385
2.0300000000 0.0642873548
2.0400000000 0.0629947476
2.0500000000 0.0607292364
2.0600000000 0.0576487440
2.0700000000 0.0539713070
2.0800000000 0.0499357187
2.0900000000 0.0457670565
2.1000000000 0.0416543085
2.1100000000 0.0377402801
2.1200000000 0.0341207384
2.1300000000 0.0308489632
2.1400000000 0.0279436049
2.1500000000 0.0253977229
2.1600000000 0.0231877456
2.1700000000 0.0212806319
2.1800000000 0.0196386143
2.1900000000 0.0182216515
2.2000000000 0.0169888943
2.2100000000 0.0159005265
2.2200000000 0.0149204180
2.2300000000 0.0140190365
2.2400000000 0.0131756109
2.2500000000 0.0123786579
2.2600000000 0.0116250669
2.2700000000 0.0109178944
2.2800000000 0.0102637059
2.2900000000 0.0096701435
2.3000000000 0.0091440736
2.3100000000 0.0086905398
2.3200000000 0.0083122047
2.3300000000 0.0080089704
2.3400000000 0.0077778650
2.3500000000 0.0076132935
2.3600000000 0.0075078019
2.3700000000 0.0074532579
2.3800000000 0.0074424684
2.3900000000 0.0074707901
2.4000000000 0.0075372350
2.4100000000 0.0076442979
2.4200000000 0.0077963399
2.4300000000 0.0079968641
2.4400000000 0.0082459672
2.4500000000 0.0085390780
2.4600000000 0.0088677846
2.4700000000 0.0092228405
2.4800000000 0.0095984705
2.4900000000 0.0099964017
2.5000000000 0.0104279427
2.5100000000 0.0109131304
2.5200000000 0.0114774416
2.5300000000 0.0121473168
2.5400000000 0.0129459463
2.5500000000 0.0138900098
2.5600000000 0.0149870226
2.5700000000 0.0162331395
2.5800000000 0.0176111699
2.5900000000 0.0190892578
2.6000000000 0.0206207519
2.6100000000 0.0221458386
2.6200000000 0.0235952870
2.6300000000 0.0248955607
2.6400000000 0.0259744470
2.6500000000 0.0267664410
2.6600000000 0.0272177731
2.6700000000 0.0272912124
2.6800000000 0.0269706737
2.6900000000 0.0262649171
2.7000000000 0.0252084925
2.7100000000 0.0238586684
2.7200000000 0.0222879527
2.7300000000 0.0205743727
2.7400000000 0.0187920835
2.7500000000 0.0170051471
2.7600000000 0.0152648418
2.7700000000 0.0136097044
2.7800000000 0.0120669651
2.7900000000 0.0106542053
2.8000000000 0.0093809220
2.8100000000 0.0082499543
2.8200000000 0.0072589987
2.8300000000 0.0064020143
2.8400000000 0.0056704772
2.8500000000 0.0050544230
2.8600000000 0.0045431709
2.8700000000 0.0041258099
2.8800000000 0.0037914936
2.8900000000 0.0035296675
2.9000000000 0.0033302328
2.9100000000 0.0031836159
2.9200000000 0.0030807705
2.9300000000 0.0030131059
2.9400000000 0.0029723564
2.9500000000 0.0029506983
2.9600000000 0.0029411109
2.9700000000 0.0029380626
2.9800000000 0.0029382378
2.9900000000 0.0029408901
3.0000000000 0.0029476229
3.0100000000 0.0029615433
3.0200000000 0.0029861630
3.0300000000 0.0030242902
3.0400000000 0.0030773474
3.0500000000 0.0031451282
3.0600000000 0.0032261187
3.0700000000 0.0033181586
3.0800000000 0.0034191988
3.0900000000 0.0035278588
3.1000000000 0.0036434030
3.1100000000 0.0037654212
3.1200000000 0.0038933198
3.1300000000 0.0040262551
3.1400000000 0.0041636362
3.1500000000 0.0043061193
3.1600000000 0.0044564928
3.1700000000 0.0046200145
3.1800000000 0.0048038918
3.1900000000 0.0050161435
3.2000000000 0.0052642978
3.2100000000 0.0055544256
3.2200000000 0.0058905839
3.2300000000 0.0062747892
3.2400000000 0.0067071213
3.2500000000 0.0071859134
3.2600000000 0.0077079618
3.2700000000 0.0082687710
3.2800000000 0.0088628090
3.2900000000 0.0094840398
3.3000000000 0.0101263312
3.3100000000 0.0107839448
3.3200000000 0.0114516441
3.3300000000 0.0121246352
3.3400000000 0.0127984305
3.3500000000 0.0134687693
3.3600000000 0.0141313883
3.3700000000 0.0147818258
3.3800000000 0.0154147407
3.3900000000 0.0160234395
3.4000000000 0.0165994394
3.4100000000 0.0171322676
3.4200000000 0.0176094284
3.4300000000 0.0180164547
3.4400000000 0.0183374734
3.4500000000 0.0185562706
3.4600000000 0.0186579200
3.4700000000 0.0186306541
3.4800000000 0.0184681005
3.4900000000 0.0181719746
3.5000000000 0.0177546379
3.5100000000 0.0172405135
3.5200000000 0.0166652939
3.5300000000 0.0160717669
3.5400000000 0.0155035468
3.5500000000 0.0149983831
3.5600000000 0.0145834639
3.5700000000 0.0142738454
3.5800000000 0.0140737135
3.5900000000 0.0139791403
3.6000000000 0.0139809215
3.6100000000 0.0140665531
3.6200000000 0.0142215056
3.6300000000 0.0144305567
3.6400000000 0.0146795869
3.6500000000 0.0149576071
3.6600000000 0.0152584003
3.6700000000 0.0155807522
3.6800000000 0.0159267608
3.6900000000 0.0162987718
3.7000000000 0.0166961642
3.7100000000 0.0171131371
3.7200000000 0.0175385092
3.7300000000 0.0179575110
3.7400000000 0.0183559627
3.7500000000 0.0187252273
3.7600000000 0.0190664133
3.7700000000 0.0193911684
3.7800000000 0.0197179364
3.7900000000 0.0200650365
3.8000000000 0.0204433190
3.8100000000 0.0208519166
3.8200000000 0.0212786805
3.8300000000 0.0217051049
3.8400000000 0.0221139180
3.8500000000 0.0224959847
3.8600000000 0.0228536601
3.8700000000 0.0231984642
3.8800000000 0.0235436587
3.8900000000 0.0238949789
3.9000000000 0.0242435510
3.9100000000 0.0245642377
3.9200000000 0.0248205145
3.9300000000 0.0249746611
3.9400000000 0.0249993282
3.9500000000 0.0248856325
3.9600000000 0.0246439565
3.9700000000 0.0242968148
3.9800000000 0.0238674684
3.9900000000 0.0233703895
4.0000000000 0.0228080489
4.0100000000 0.0221753843
4.0200000000 0.0214694919
4.0300000000 0.0206998622
4.0400000000 0.0198940882
4.0500000000 0.0190965765
4.0600000000 0.0183612192
4.0700000000 0.0177414125
4.0800000000 0.0172817676
4.0900000000 0.0170128927
4.1000000000 0.0169501001
4.1100000000 0.0170945567
4.1200000000 0.0174353479
4.1300000000 0.0179516338
4.1400000000 0.0186141108
4.1500000000 0.0193856753
4.1600000000 0.0202216864
4.1700000000 0.0210706524
4.1800000000 0.0218763007
4.1900000000 0.0225825901
4.2000000000 0.0231421983
4.2100000000 0.0235265951
4.2200000000 0.0237346561
4.2300000000 0.0237949771
4.2400000000 0.0237600842
4.2500000000 0.0236942577
4.2600000000 0.0236596466
4.2700000000 0.0237057007
4.2800000000 0.0238641466
4.2900000000 0.0241490254
4.3000000000 0.0245595525
4.3100000000 0.0250842072
4.3200000000 0.0257039480
4.3300000000 0.0263947416
4.3400000000 0.0271283484
4.3500000000 0.0278723462
4.3600000000 0.0285896090
4.3700000000 0.0292388665
4.3800000000 0.0297766768
4.3900000000 0.0301613544
4.4000000000 0.0303577770
4.4100000000 0.0303416989
4.4200000000 0.0301021383
4.4300000000 0.0296415336
4.4400000000 0.0289738395
4.4500000000 0.0281217833
4.4600000000 0.0271144655
4.4700000000 0.0259869688
4.4800000000 0.0247815228
4.4900000000 0.0235486008
4.5000000000 0.0223454550
4.5100000000 0.0212307824
4.5200000000 0.0202571938
4.5300000000 0.0194642129
4.5400000000 0.0188736792
4.5500000000 0.0184884050
4.5600000000 0.0182931680
4.5700000000 0.0182571874
4.5800000000 0.0183377197
4.5900000000 0.0184851245
4.6000000000 0.0186495204
4.6100000000 0.0187889929
4.6200000000 0.0188769141
4.6300000000 0.0189060454
4.6400000000 0.0188864504
4.6500000000 0.0188378378
4.6600000000 0.0187789128
4.6700000000 0.0187187206
4.6800000000 0.0186528441
4.6900000000 0.0185661755
4.7000000000 0.0184405948
4.7100000000 0.0182649191
4.7200000000 0.0180430481
4.7300000000 0.0177970257
4.7400000000 0.0175638452
4.7500000000 0.0173877716
4.7600000000 0.0173114534
4.7700000000 0.0173695681
4.7800000000 0.0175857221
4.7900000000 0.0179728871
4.8000000000 0.0185353030
4.8100000000 0.0192709525
4.8200000000 0.0201731790
4.8300000000 0.0212317329
4.8400000000 0.0224330884
4.8500000000 0.0237604023
4.8600000000 0.0251935667
4.8700000000 0.0267089627
4.8800000000 0.0282794336
4.8900000000 0.0298747887
4.9000000000 0.0314629955
4.9100000000 0.0330127426
4.9200000000 0.0344965045
4.9300000000 0.0358929863
4.9400000000 0.0371877126
4.9500000000 0.0383705744
4.9600000000 0.0394313627
4.9700000000 0.0403555612
4.9800000000 0.0411230315
4.9900000000 0.0417106581
5.0000000000 0.0420999647
5.0100000000 0.0422865975
5.0200000000 0.0422879205
5.0300000000 0.0421432382
5.0400000000 0.0419059220
5.0500000000 0.0416300142
5.0600000000 0.0413591858
5.0700000000 0.0411227810
5.0800000000 0.0409393536
5.0900000000 0.0408238776
5.1000000000 0.0407923599
5.1100000000 0.0408625691
5.1200000000 0.0410504025
5.1300000000 0.0413662105
5.1400000000 0.0418117971
5.1500000000 0.0423785772
5.1600000000 0.0430459767
5.1700000000 0.0437804183
5.1800000000 0.0445353587
5.1900000000 0.0452548207
5.2000000000 0.0458792312
5.2100000000 0.0463521681
5.2200000000 0.0466258071
5.2300000000 0.0466639655
5.2400000000 0.0464437455
5.2500000000 0.0459578509
5.2600000000 0.0452188401
5.2700000000 0.0442629002
5.2800000000 0.0431505198
5.2900000000 0.0419609653
5.3000000000 0.0407808515
5.3100000000 0.0396900284
5.3200000000 0.0387487297
5.3300000000 0.0379887952
5.3400000000 0.0374112980
5.3500000000 0.0369892044
5.3600000000 0.0366745101
5.3700000000 0.0364076270
5.3800000000 0.0361285771
5.3900000000 0.0357882855
5.4000000000 0.0353587227
5.4100000000 0.0348396556
5.4200000000 0.0342599155
5.4300000000 0.0336719702
5.4400000000 0.0331405578
5.4500000000 0.0327284953
5.4600000000 0.0324826117
5.4700000000 0.0324233941
5.4800000000 0.0325402279
5.4900000000 0.0327920429
5.5000000000 0.0331130323
5.5100000000 0.0334234802
5.5200000000 0.0336432637
5.5300000000 0.0337067408
5.5400000000 0.0335749200
5.5500000000 0.0332421858
5.5600000000 0.0327349522
5.5700000000 0.0321031907
5.5800000000 0.0314068131
5.5900000000 0.0307015409
5.6000000000 0.0300277831
5.6100000000 0.0294059455
5.6200000000 0.0288387706
5.6300000000 0.0283192877
5.6400000000 0.0278406135
5.6500000000 0.0274023659
5.6600000000 0.0270106553
5.6700000000 0.0266714570
5.6800000000 0.0263814426
5.6900000000 0.0261214510
5.7000000000 0.0258568418
5.7100000000 0.0255457585
5.7200000000 0.0251526247
5.7300000000 0.0246616986
5.7400000000 0.0240854966
5.7500000000 0.0234644840
5.7600000000 0.0228591340
5.7700000000 0.0223379813
5.7800000000 0.0219656407
5.7900000000 0.0217937525
5.8000000000 0.0218552227
5.8100000000 0.0221618930
5.8200000000 0.0227043567
5.8300000000 0.0234533891
5.8400000000 0.0243626373
5.8500000000 0.0253728898
5.8600000000 0.0264175620
5.8700000000 0.0274299088
5.8800000000 0.0283503039
5.8900000000 0.0291337845
5.9000000000 0.0297569064
5.9100000000 0.0302227248
5.9200000000 0.0305628709
5.9300000000 0.0308335133
5.9400000000 0.0311056352
5.9500000000 0.0314508362
5.9600000000 0.0319270591
5.9700000000 0.0325675416
5.9800000000 0.0333750290
5.9900000000 0.0343216466
6.0000000000 0.0353530925
6.0100000000 0.0363971907
6.0200000000 0.0373764532
6.0300000000 0.0382224163
6.0400000000 0.0388888585
6.0500000000 0.0393594308
6.0600000000 0.0396458874
6.0700000000 0.0397786417
6.0800000000 0.0397929854
6.0900000000 0.0397172840
6.1000000000 0.0395658360
6.1100000000 0.0393379724
6.1200000000 0.0390228131
6.1300000000 0.0386072327
6.1400000000 0.0380842598
6.1500000000 0.0374590807
6.1600000000 0.0367503369
6.1700000000 0.0359873934
6.1800000000 0.0352047200
6.1900000000 0.0344354785
6.2000000000 0.0337065830
6.2100000000 0.0330365556
6.2200000000 0.0324369917
6.2300000000 0.0319175565
6.2400000000 0.0314920196
6.2500000000 0.0311818954
6.2600000000 0.0310148240
6.2700000000 0.0310177754
6.2800000000 0.0312068018
6.2900000000 0.0315771159
6.3000000000 0.0320966509
6.3100000000 0.0327054603
6.3200000000 0.0333227405
6.3300000000 0.0338600683
6.3400000000 0.0342394286
6.3500000000 0.0344099917
6.3600000000 0.0343581740
6.3700000000 0.0341081704
6.3800000000 0.0337136817
6.3900000000 0.0332461435
6.4000000000 0.0327827715
6.4100000000 0.0323965448
6.4200000000 0.0321479706
6.4300000000 0.0320780540
6.4400000000 0.0322028877
6.4500000000 0.0325106774
6.4600000000 0.0329631363
6.4700000000 0.0335017283
6.4800000000 0.0340587770
6.4900000000 0.0345711537
6.5000000000 0.0349924395
6.5100000000 0.0352999232
6.5200000000 0.0354937275
6.5300000000 0.0355913081
6.5400000000 0.0356204909
6.5500000000 0.0356153419
6.5600000000 0.0356143246
6.5700000000 0.0356592228
6.5800000000 0.0357928220
6.5900000000 0.0360546657
6.6000000000 0.0364758425
6.6100000000 0.0370737971
6.6200000000 0.0378477260
6.6300000000 0.0387750528
6.6400000000 0.0398100812
6.6500000000 0.0408854116
6.6600000000 0.0419172391
6.6700000000 0.0428142940
6.6800000000 0.0434899646
6.6900000000 0.0438749481
6.7000000000 0.0439283872
6.7100000000 0.0436440791
6.7200000000 0.0430492717
6.7300000000 0.0421972443
6.7400000000 0.0411569567
6.7500000000 0.0400046008
6.7600000000 0.0388185230
6.7700000000 0.0376748337
6.7800000000 0.0366421272
6.7900000000 0.0357740035
6.8000000000 0.0351029726
6.8100000000 0.0346385765
6.8200000000 0.0343710491
6.8300000000 0.0342786685
6.8400000000 0.0343350757
6.8500000000 0.0345135243
6.8600000000 0.0347885543
6.8700000000 0.0351358913
6.8800000000 0.0355345526
6.8900000000 0.0359707821
6.9000000000 0.0364428837
6.9100000000 0.0369638290
6.9200000000 0.0375594776
6.9300000000 0.0382632547
6.9400000000 0.0391092825
6.9500000000 0.0401267885
6.9600000000 0.0413373024
6.9700000000 0.0427538431
6.9800000000 0.0443792279
6.9900000000 0.0462031311
7.0000000000 0.0481979960
7.0100000000 0.0503172908
7.0200000000 0.0524972922
7.0300000000 0.0546624758
7.0400000000 0.0567319421
7.0500000000 0.0586230391
7.0600000000 0.0602522521
7.0700000000 0.0615352212
7.0800000000 0.0623916684
7.0900000000 0.0627572034
7.1000000000 0.0625994116
7.1100000000 0.0619293404
7.1200000000 0.0608030037
7.1300000000 0.0593121024
7.1400000000 0.0575678325
7.1500000000 0.0556844748
7.1600000000 0.0537656785
7.1700000000 0.0518953381
7.1800000000 0.0501319178
7.1900000000 0.0485054633
7.2000000000 0.0470186293
7.2100000000 0.0456525410
7.2200000000 0.0443780596
7.2300000000 0.0431697661
7.2400000000 0.0420183019
7.2500000000 0.0409360132
7.2600000000 0.0399560518
7.2700000000 0.0391260147
7.2800000000 0.0384997239
7.2900000000 0.0381285122
7.3000000000 0.0380540940
7.3100000000 0.0383024772
7.3200000000 0.0388809839
7.3300000000 0.0397783546
7.3400000000 0.0409671818
7.3500000000 0.0424077130
7.3600000000 0.0440513584
7.3700000000 0.0458437302
7.3800000000 0.0477278391
7.3900000000 0.0496479548
7.4000000000 0.0515536116
7.4100000000 0.0534022497
7.4200000000 0.0551591926
7.4300000000 0.0567960550
7.4400000000 0.0582883938
7.4500000000 0.0596155968
7.4600000000 0.0607634260
7.4700000000 0.0617275141
7.4800000000 0.0625139178
7.4900000000 0.0631354983
7.5000000000 0.0636075650
7.5100000000 0.0639460809
7.5200000000 0.0641715372
7.5300000000 0.0643148262
7.5400000000 0.0644212044
7.5500000000 0.0645493323
7.5600000000 0.0647665085
7.5700000000 0.0651420407
7.5800000000 0.0657394205
7.5900000000 0.0666080710
7.6000000000 0.0677771089
7.6100000000 0.0692527301
7.6200000000 0.0710203031
7.6300000000 0.0730487129
7.6400000000 0.0752948678
7.6500000000 0.0777067013
7.6600000000 0.0802246070
7.6700000000 0.0827802833
7.6800000000 0.0852946520
7.6900000000 0.0876737922
7.7000000000 0.0898085979
7.7100000000 0.0915823652
7.7200000000 0.0928867123
7.7300000000 0.0936404071
7.7400000000 0.0938038685
7.7500000000 0.0933820476
7.7600000000 0.0924191893
7.7700000000 0.0909882201
7.7800000000 0.0891816264
7.7900000000 0.0871040850
7.8000000000 0.0848676066
7.8100000000 0.0825870956
7.8200000000 0.0803770100
7.8300000000 0.0783476442
7.8400000000 0.0766012789
7.8500000000 0.0752285667
7.8600000000 0.0743075334
7.8700000000 0.0739042717
7.8800000000 0.0740745790
7.8900000000 0.0748622227
7.9000000000 0.0762915628
7.9100000000 0.0783565662
7.9200000000 0.0810098059
7.9300000000 0.0841575098
7.9400000000 0.0876627902
7.9500000000 0.0913558949
7.9600000000 0.0950489115
7.9700000000 0.0985514293
7.9800000000 0.1016884382
7.9900000000 0.1043193129
8.0000000000 0.1063578881
8.0100000000 0.1077881529
8.0200000000 0.1086680125
8.0300000000 0.1091175308
8.0400000000 0.1092929009
8.0500000000 0.1093550062
8.0600000000 0.1094408556
8.0700000000 0.1096440700
8.0800000000 0.1100073416
8.0900000000 0.1105245563
8.1000000000 0.1111501596
8.1100000000 0.1118102182
8.1200000000 0.1124149193
8.1300000000 0.1128710983
8.1400000000 0.1130982415
8.1500000000 0.1130451974
8.1600000000 0.1127013820
8.1700000000 0.1120950018
8.1800000000 0.1112778447
8.1900000000 0.1103038794
8.2000000000 0.1092102227
8.2100000000 0.1080065804
8.2200000000 0.1066750349
8.2300000000 0.1051771269
8.2400000000 0.1034657319
8.2500000000 0.1015023098
8.2600000000 0.0992727753
8.2700000000 0.0967989236
8.2800000000 0.0941386225
8.2900000000 0.0913747974
8.3000000000 0.0885985094
8.3100000000 0.0858923994
8.3200000000 0.0833186588
8.3300000000 0.0809126980
8.3400000000 0.0786822177
8.3500000000 0.0766116637
8.3600000000 0.0746714461
8.3700000000 0.0728303464
8.3800000000 0.0710675526
8.3900000000 0.0693796448
8.4000000000 0.0677802636
8.4100000000 0.0662941322
8.4200000000 0.0649493625
8.4300000000 0.0637699334
8.4400000000 0.0627716538
8.4500000000 0.0619574874
8.4600000000 0.0613141333
8.4700000000 0.0608081624
8.4800000000 0.0603853347
8.4900000000 0.0599760123
8.5000000000 0.0595055542
8.5100000000 0.0589086238
8.5200000000 0.0581426741
8.5300000000 0.0571960974
8.5400000000 0.0560889413
8.5500000000 0.0548661525
8.5600000000 0.0535860093
8.5700000000 0.0523085753
8.5800000000 0.0510870587
8.5900000000 0.0499646561
8.6000000000 0.0489749121
8.6100000000 0.0481447294
8.6200000000 0.0474976777
8.6300000000 0.0470557868
8.6400000000 0.0468403349
8.6500000000 0.0468712869
8.6600000000 0.0471654815
8.6700000000 0.0477352636
8.6800000000 0.0485874331
8.6900000000 0.0497237248
8.7000000000 0.0511423574
8.7100000000 0.0528403176
8.7200000000 0.0548132067
8.7300000000 0.0570534196
8.7400000000 0.0595454893
8.7500000000 0.0622623633
8.7600000000 0.0651644908
8.7700000000 0.0682010323
8.7800000000 0.0713141428
8.7900000000 0.0744432048
8.8000000000 0.0775276776
8.8100000000 0.0805090465
8.8200000000 0.0833297210
8.8300000000 0.0859310300
8.8400000000 0.0882518986
8.8500000000 0.0902312118
8.8600000000 0.0918151369
8.8700000000 0.0929670896
8.8800000000 0.0936776879
8.8900000000 0.0939708501
8.9000000000 0.0939053424
8.9100000000 0.0935704047
8.9200000000 0.0930742730
8.9300000000 0.0925300269
8.9400000000 0.0920410785
8.9500000000 0.0916911476
8.9600000000 0.0915394700
8.9700000000 0.0916181668
8.9800000000 0.0919282474
8.9900000000 0.0924354268
9.0000000000 0.0930688031
9.0100000000 0.0937291727
9.0200000000 0.0943068165
9.0300000000 0.0947061894
9.0400000000 0.0948658612
9.0500000000 0.0947685316
9.0600000000 0.0944365604
9.0700000000 0.0939187403
9.0800000000 0.0932730745
9.0900000000 0.0925520229
9.1000000000 0.0917930732
9.1100000000 0.0910150544
9.1200000000 0.0902189859
9.1300000000 0.0893917925
9.1400000000 0.0885137672
9.1500000000 0.0875661180
9.1600000000 0.0865388181
9.1700000000 0.0854363513
9.1800000000 0.0842796057
9.1900000000 0.0831037564
9.2000000000 0.0819532153
9.2100000000 0.0808750178
9.2200000000 0.0799086808
9.2300000000 0.0790768226
9.2400000000 0.0783757789
9.2500000000 0.0777697889
9.2600000000 0.0771910605
9.2700000000 0.0765469217
9.2800000000 0.0757339799
9.2900000000 0.0746553151
9.3000000000 0.0732371636
9.3100000000 0.0714401166
9.3200000000 0.0692630393
9.3300000000 0.0667399210
9.3400000000 0.0639312880
9.3500000000 0.0609134833
9.3600000000 0.0577672692
9.3700000000 0.0545693615
9.3800000000 0.0513876493
9.3900000000 0.0482808124
9.4000000000 0.0453001765
9.4100000000 0.0424927329
9.4200000000 0.0399024551
9.4300000000 0.0375700752
9.4400000000 0.0355313007
9.4500000000 0.0338154161
9.4600000000 0.0324433518
9.4700000000 0.0314263992
9.4800000000 0.0307655562
9.4900000000 0.0304507865
9.5000000000 0.0304615501
9.5100000000 0.0307683891
9.5200000000 0.0313354282
9.5300000000 0.0321242116
9.5400000000 0.0330972179
9.5500000000 0.0342192475
9.5600000000 0.0354558184
9.5700000000 0.0367684154
9.5800000000 0.0381109147
9.5900000000 0.0394299680
9.6000000000 0.0406731943
9.6100000000 0.0418021731
9.6200000000 0.0428050470
9.6300000000 0.0437025329
9.6400000000 0.0445430913
9.6500000000 0.0453893597
9.6600000000 0.0463014678
9.6700000000 0.0473233688
9.6800000000 0.0484762293
9.6900000000 0.0497595048
9.7000000000 0.0511564217
9.7100000000 0.0526409324
9.7200000000 0.0541820547
9.7300000000 0.0557436557
9.7400000000 0.0572813154
9.7500000000 0.0587392642
9.7600000000 0.0600530708
9.7700000000 0.0611602912
9.7800000000 0.0620163257
9.7900000000 0.0626091168
9.8000000000 0.0629644618
9.8100000000 0.0631390020
9.8200000000 0.0632022678
9.8300000000 0.0632166392
9.8400000000 0.0632238667
9.8500000000 0.0632446986
9.8600000000 0.0632897418
9.8700000000 0.0633758017
9.8800000000 0.0635378165
9.8900000000 0.0638317732
9.9000000000 0.0643279952
9.9100000000 0.0650961721
9.9200000000 0.0661907516
9.9300000000 0.0676404438
9.9400000000 0.0694457405
9.9500000000 0.0715838066
9.9600000000 0.0740166314
9.9700000000 0.0766960577
9.9800000000 0.0795631589
9.9900000000 0.0825428197
10.0000000000 0.0855392302
10.0100000000 0.0884366754
10.0200000000 0.0911078531
10.0300000000 0.0934280966
10.0400000000 0.0952895399
10.0500000000 0.0966096604
10.0600000000 0.0973333047
10.0700000000 0.0974319611
10.0800000000 0.0969047833
10.0900000000 0.0957844089
10.1000000000 0.0941406765
10.1100000000 0.0920746245
10.1200000000 0.0897005455
10.1300000000 0.0871220300
10.1400000000 0.0844116614
10.1500000000 0.0816053732
10.1600000000 0.0787097081
10.1700000000 0.0757189372
10.1800000000 0.0726311547
10.1900000000 0.0694600915
10.2000000000 0.0662395302
10.2100000000 0.0630224975
10.2200000000 0.0598762267
10.2300000000 0.0568759746
10.2400000000 0.0540960181
10.2500000000 0.0516028893
10.2600000000 0.0494497626
10.2700000000 0.0476741370
10.2800000000 0.0462976270
10.2900000000 0.0453263100
10.3000000000 0.0447527761
10.3100000000 0.0445579370
10.3200000000 0.0447159918
10.3300000000 0.0452006564
10.3400000000 0.0459916832
10.3500000000 0.0470780239
10.3600000000 0.0484551789
10.3700000000 0.0501163026
10.3800000000 0.0520399064
10.3900000000 0.0541777899
10.4000000000 0.0564466278
10.4100000000 0.0587268965
10.4200000000 0.0608697077
10.4300000000 0.0627136750
10.4400000000 0.0641077033
10.4500000000 0.0649365300
10.4600000000 0.0651403062
10.4700000000 0.0647238544
10.4800000000 0.0637521037
10.4900000000 0.0623366192
10.5000000000 0.0606159060
10.5100000000 0.0587371895
10.5200000000 0.0568400946
10.5300000000 0.0550456816
10.5400000000 0.0534479382
10.5500000000 0.0521100634
10.5600000000 0.0510625616
10.5700000000 0.0503049241
10.5800000000 0.0498100745
10.5900000000 0.0495324846
10.6000000000 0.0494187324
10.6100000000 0.0494178673
10.6200000000 0.0494890411
10.6300000000 0.0496043698
10.6400000000 0.0497473989
10.6500000000 0.0499093780
10.6600000000 0.0500867840
10.6700000000 0.0502800633
10.6800000000 0.0504944398
10.6900000000 0.0507394535
10.7000000000 0.0510252596
10.7100000000 0.0513558709
10.7200000000 0.0517230309
10.7300000000 0.0521014003
10.7400000000 0.0524489545
10.7500000000 0.0527124206
10.7600000000 0.0528355664
10.7700000000 0.0527700205
10.7800000000 0.0524857771
10.7900000000 0.0519788823
10.8000000000 0.0512754833
10.8100000000 0.0504292493
10.8200000000 0.0495142186
10.8300000000 0.0486129584
10.8400000000 0.0478037146
10.8500000000 0.0471506889
10.8600000000 0.0466984871
10.8700000000 0.0464730585
10.8800000000 0.0464850434
10.8900000000 0.0467357155
10.9000000000 0.0472206831
10.9100000000 0.0479293529
10.9200000000 0.0488406166
10.9300000000 0.0499164609
10.9400000000 0.0510987191
10.9500000000 0.0523128649
10.9600000000 0.0534777948
10.9700000000 0.0545209153
10.9800000000 0.0553896383
10.9900000000 0.0560574733
11.0000000000 0.0565212929
11.0100000000 0.0567943746
11.0200000000 0.0568993698
11.0300000000 0.0568657451
11.0400000000 0.0567311156
11.0500000000 0.0565467919
11.0600000000 0.0563804965
11.0700000000 0.0563163181
11.0800000000 0.0564486457
11.0900000000 0.0568723921
11.1000000000 0.0576731537
11.1100000000 0.0589196150
11.1200000000 0.0606594324
11.1300000000 0.0629175287
11.1400000000 0.0656964036
11.1500000000 0.0689751760
11.1600000000 0.0727065608
11.1700000000 0.0768114143
11.1800000000 0.0811719196
11.1900000000 0.0856292458
11.2000000000 0.0899889932
11.2100000000 0.0940390834
11.2200000000 0.0975767263
11.2300000000 0.1004405249
11.2400000000 0.1025350090
11.2500000000 0.1038396513
11.2600000000 0.1043997435
11.2700000000 0.1043030499
11.2800000000 0.1036543985
11.2900000000 0.1025573527
11.3000000000 0.1011081920
11.3100000000 0.0993974224
11.3200000000 0.0975135851
11.3300000000 0.0955435475
11.3400000000 0.0935707430
11.3500000000 0.0916689649
11.3600000000 0.0898980350
11.3700000000 0.0883003068
11.3800000000 0.0869011900
11.3900000000 0.0857127917
11.4000000000 0.0847393056
11.4100000000 0.0839822231
11.4200000000 0.0834435057
11.4300000000 0.0831270403
11.4400000000 0.0830388440
11.4500000000 0.0831891047
11.4600000000 0.0835946387
11.4700000000 0.0842800546
11.4800000000 0.0852761041
11.4900000000 0.0866128135
11.5000000000 0.0883064381
11.5100000000 0.0903446626
11.5200000000 0.0926733263
11.5300000000 0.0951934938
11.5400000000 0.0977691490
11.5500000000 0.1002480238
11.5600000000 0.1024862383
11.5700000000 0.1043708862
11.5800000000 0.1058305595
11.5900000000 0.1068341691
11.6000000000 0.1073792032
11.6100000000 0.1074811381
11.6200000000 0.1071633281
11.6300000000 0.1064551996
11.6400000000 0.1053930859
11.6500000000 0.1040209169
11.6600000000 0.1023883730
11.6700000000 0.1005479664
11.6800000000 0.0985508515
11.6900000000 0.0964449526
11.7000000000 0.0942743635
11.7100000000 0.0920798032
11.7200000000 0.0898998754
11.7300000000 0.0877720671
11.7400000000 0.0857340254
11.7500000000 0.0838241914
11.7600000000 0.0820796656
11.7700000000 0.0805342727
11.7800000000 0.0792136145
11.7900000000 0.0781313502
11.8000000000 0.0772863251
11.8100000000 0.0766609298
11.8200000000 0.0762221457
11.8300000000 0.0759228480
11.8400000000 0.0757047489
11.8500000000 0.0755035546
11.8600000000 0.0752552023
11.8700000000 0.0749044413
11.8800000000 0.0744115223
11.8900000000 0.0737571666
11.9000000000 0.0729431696
11.9100000000 0.0719894823
11.9200000000 0.0709291576
11.9300000000 0.0698030008
11.9400000000 0.0686549200
11.9500000000 0.0675290635
11.9600000000 0.0664658173
11.9700000000 0.0654989620
11.9800000000 0.0646505080
11.9900000000 0.0639281504
12.0000000000 0.0633215785
12.0100000000 0.0628039991
12.0200000000 0.0623356353
12.0300000000 0.0618712945
12.0400000000 0.0613686188
12.0500000000 0.0607967999
12.0600000000 0.0601401186
12.0700000000 0.0593988528
12.0800000000 0.0585848685
12.0900000000 0.0577182841
12.1000000000 0.0568226103
12.1100000000 0.0559236965
12.1200000000 0.0550469319
12.1300000000 0.0542164783
12.1400000000 0.0534523847
12.1500000000 0.0527700087
12.1600000000 0.0521803052
12.1700000000 0.0516908706
12.1800000000 0.0513078772
12.1900000000 0.0510359029
12.2000000000 0.0508751531
12.2100000000 0.0508182950
12.2200000000 0.0508474608
12.2300000000 0.0509342923
12.2400000000 0.0510444868
12.2500000000 0.0511438473
12.2600000000 0.0512048014
12.2700000000 0.0512095170
12.2800000000 0.0511498164
12.2900000000 0.0510253070
12.3000000000 0.0508404107
12.3100000000 0.0506013834
12.3200000000 0.0503141278
12.3300000000 0.0499801373
12.3400000000 0.0495949415
12.3500000000 0.0491467347
12.3600000000 0.0486206114
12.3700000000 0.0480032518
12.3800000000 0.0472884224
12.3900000000 0.0464801314
12.4000000000 0.0455922014
12.4100000000 0.0446446219
12.4200000000 0.0436601006
12.4300000000 0.0426605112
12.4400000000 0.0416656143
12.4500000000 0.0406923469
12.4600000000 0.0397543822
12.4700000000 0.0388614697
12.4800000000 0.0380187160
12.4900000000 0.0372266219
12.5000000000 0.0364816389
12.5100000000 0.0357782999
12.5200000000 0.0351108950
12.5300000000 0.0344758844
12.5400000000 0.0338723937
12.5500000000 0.0333024646
12.5600000000 0.0327702015
12.5700000000 0.0322804297
12.5800000000 0.0318374730
12.5900000000 0.0314440224
12.6000000000 0.0311012941
12.6100000000 0.0308088378
12.6200000000 0.0305651508
12.6300000000 0.0303669308
12.6400000000 0.0302089268
12.6500000000 0.0300824306
12.6600000000 0.0299754291
12.6700000000 0.0298726300
12.6800000000 0.0297567503
12.6900000000 0.0296102881
12.7000000000 0.0294180914
12.7100000000 0.0291699914
12.7200000000 0.0288622851
12.7300000000 0.0284990518
12.7400000000 0.0280906247
12.7500000000 0.0276526348
12.7600000000 0.0272029880
12.7700000000 0.0267599181
12.7800000000 0.0263394732
12.7900000000 0.0259542023
12.8000000000 0.0256110356
12.8100000000 0.0253107501
12.8200000000 0.0250475261
12.8300000000 0.0248098055
12.8400000000 0.0245820946
12.8500000000 0.0243485366
12.8600000000 0.0240955729
12.8700000000 0.0238150955
12.8800000000 0.0235049256
12.8900000000 0.0231682662
12.9000000000 0.0228115132
12.9100000000 0.0224426350
12.9200000000 0.0220696780
12.9300000000 0.0217004859
12.9400000000 0.0213423052
12.9500000000 0.0210013733
12.9600000000 0.0206822907
12.9700000000 0.0203868110
12.9800000000 0.0201133747
12.9900000000 0.0198567274
13.0000000000 0.0196091116
13.0100000000 0.0193618900
13.0200000000 0.0191074696
13.0300000000 0.0188412211
13.0400000000 0.0185618595
13.0500000000 0.0182719192
13.0600000000 0.0179764983
13.0700000000 0.0176829304
13.0800000000 0.0173995687
13.0900000000 0.0171346620
13.1000000000 0.0168952388
13.1100000000 0.0166861319
13.1200000000 0.0165093740
13.1300000000 0.0163642821
13.1400000000 0.0162474565
13.1500000000 0.0161539993
13.1600000000 0.0160779350
13.1700000000 0.0160135698
13.1800000000 0.0159557347
13.1900000000 0.0159008042
13.2000000000 0.0158463229
13.2100000000 0.0157908532
13.2200000000 0.0157329567
13.2300000000 0.0156697229
13.2400000000 0.0155962620
13.2500000000 0.0155053163
13.2600000000 0.0153887444
13.2700000000 0.0152388419
13.2800000000 0.0150502398
13.2900000000 0.0148211280
13.3000000000 0.0145537413
13.3100000000 0.0142540320
13.3200000000 0.0139310792
13.3300000000 0.0135955843
13.3400000000 0.0132591870
13.3500000000 0.0129331051
13.3600000000 0.0126276534
13.3700000000 0.0123519308
13.3800000000 0.0121132314
13.3900000000 0.0119171524
13.4000000000 0.0117674839
13.4100000000 0.0116659489
13.4200000000 0.0116122428
13.4300000000 0.0116037759
13.4400000000 0.0116363190
13.4500000000 0.0117047200
13.4600000000 0.0118043086
13.4700000000 0.0119319838
13.4800000000 0.0120872566
13.4900000000 0.0122719683
13.5000000000 0.0124895132
13.5100000000 0.0127424834
13.5200000000 0.0130303589
13.5300000000 0.0133477474
13.5400000000 0.0136840176
13.5500000000 0.0140244715
13.5600000000 0.0143534136
13.5700000000 0.0146580808
13.5800000000 0.0149317158
13.5900000000 0.0151753822
13.6000000000 0.0153970260
13.6100000000 0.0156084576
13.6200000000 0.0158215294
13.6300000000 0.0160438309
13.6400000000 0.0162761403
13.6500000000 0.0165120257
13.6600000000 0.0167391219
13.6700000000 0.0169427276
13.6800000000 0.0171095951
13.6900000000 0.0172310131
13.7000000000 0.0173046656
13.7100000000 0.0173344590
13.7200000000 0.0173296968
13.7300000000 0.0173028821
13.7400000000 0.0172682896
13.7500000000 0.0172401083
13.7600000000 0.0172317338
13.7700000000 0.0172549577
13.7800000000 0.0173203243
13.7900000000 0.0174372751
13.8000000000 0.0176136385
13.8100000000 0.0178541897
13.8200000000 0.0181585056
13.8300000000 0.0185185886
13.8400000000 0.0189187388
13.8500000000 0.0193365970
13.8600000000 0.0197474086
13.8700000000 0.0201288247
13.8800000000 0.0204652920
13.8900000000 0.0207509770
13.9000000000 0.0209898250
13.9100000000 0.0211934047
13.9200000000 0.0213768182
13.9300000000 0.0215546057
13.9400000000 0.0217371898
13.9500000000 0.0219289386
13.9600000000 0.0221284406
13.9700000000 0.0223299573
13.9800000000 0.0225255192
13.9900000000 0.0227068116
14.0000000000 0.0228656222
14.0100000000 0.0229931521
14.0200000000 0.0230800542
14.0300000000 0.0231167266
14.0400000000 0.0230953431
14.0500000000 0.0230117930
14.0600000000 0.0228672509
14.0700000000 0.0226681124
14.0800000000 0.0224243477
14.0900000000 0.0221464589
14.1000000000 0.0218433789
14.1100000000 0.0215213409
14.1200000000 0.0211836968
14.1300000000 0.0208323814
14.1400000000 0.0204697049
14.1500000000 0.0200995679
14.1600000000 0.0197287228
14.1700000000 0.0193665058
14.1800000000 0.0190244306
14.1900000000 0.0187149574
14.2000000000 0.0184511389
14.2100000000 0.0182462976
14.2200000000 0.0181138793
14.2300000000 0.0180671666
14.2400000000 0.0181180279
14.2500000000 0.0182759821
14.2600000000 0.0185465739
14.2700000000 0.0189304722
14.2800000000 0.0194220766
14.2900000000 0.0200087455
14.3000000000 0.0206711612
14.3100000000 0.0213845035
14.3200000000 0.0221214526
14.3300000000 0.0228552693
14.3400000000 0.0235634184
14.3500000000 0.0242299778
14.3600000000 0.0248463178
14.3700000000 0.0254109717
14.3800000000 0.0259280214
14.3900000000 0.0264060071
14.4000000000 0.0268565663
14.4100000000 0.0272931746
14.4200000000 0.0277301369
14.4300000000 0.0281811296
14.4400000000 0.0286579076
14.4500000000 0.0291704196
14.4600000000 0.0297263652
14.4700000000 0.0303324892
14.4800000000 0.0309952543
14.4900000000 0.0317206122
14.5000000000 0.0325126412
14.5100000000 0.0333700685
14.5200000000 0.0342821666
14.5300000000 0.0352247454
14.5400000000 0.0361597744
14.5500000000 0.0370388722
14.5600000000 0.0378108495
14.5700000000 0.0384314889
14.5800000000 0.0388720623
14.5900000000 0.0391248870
14.6000000000 0.0392027305
14.6100000000 0.0391347198
14.6200000000 0.0389588585
14.6300000000 0.0387149078
14.6400000000 0.0384388364
14.6500000000 0.0381596834
14.6600000000 0.0378984526
14.6700000000 0.0376680837
14.6800000000 0.0374741242
14.6900000000 0.0373157058
14.7000000000 0.0371867672
14.7100000000 0.0370783405
14.7200000000 0.0369803740
14.7300000000 0.0368835971
14.7400000000 0.0367799746
14.7500000000 0.0366624303
14.7600000000 0.0365237007
14.7700000000 0.0363563884
14.7800000000 0.0361545484
14.7900000000 0.0359163602
14.8000000000 0.0356469224
14.8100000000 0.0353591007
14.8200000000 0.0350722872
14.8300000000 0.0348089944
14.8400000000 0.0345911998
14.8500000000 0.0344372539
14.8600000000 0.0343616319
14.8700000000 0.0343762291
14.8800000000 0.0344915780
14.8900000000 0.0347166828
14.9000000000 0.0350558631
14.9100000000 0.0355038222
14.9200000000 0.0360397188
14.9300000000 0.0366252701
14.9400000000 0.0372075280
14.9500000000 0.0377270865
14.9600000000 0.0381292512
14.9700000000 0.0383739675
14.9800000000 0.0384409599
14.9900000000 0.0383304927
15.0000000000 0.0380601551
15.0100000000 0.0376584931
15.0200000000 0.0371595902
15.0300000000 0.0365980561
15.0400000000 0.0360064392
15.0500000000 0.0354142495
15.0600000000 0.0348486609
15.0700000000 0.0343356369
15.0800000000 0.0339002105
15.0900000000 0.0335674904
15.1000000000 0.0333634960
15.1100000000 0.0333143002
15.1200000000 0.0334460115
15.1300000000 0.0337822181
15.1400000000 0.0343411604
15.1500000000 0.0351315121
15.1600000000 0.0361485853
15.1700000000 0.0373702631
15.1800000000 0.0387550976
15.1900000000 0.0402418884
15.2000000000 0.0417543783
15.2100000000 0.0432093807
15.2200000000 0.0445298761
15.2300000000 0.0456577002
15.2400000000 0.0465633858
15.2500000000 0.0472494990
15.2600000000 0.0477477183
15.2700000000 0.0481112211
15.2800000000 0.0484041336
15.2900000000 0.0486921673
15.3000000000 0.0490337168
15.3100000000 0.0494744552
15.3200000000 0.0500431936
15.3300000000 0.0507498477
15.3400000000 0.0515846570
15.3500000000 0.0525192118
15.3600000000 0.0535100267
15.3700000000 0.0545055918
15.3800000000 0.0554542710
15.3900000000 0.0563127903
15.4000000000 0.0570527483
15.4100000000 0.0576637299
15.4200000000 0.0581522122
15.4300000000 0.0585359680
15.4400000000 0.0588378233
15.4500000000 0.0590762905
15.4600000000 0.0592594931
15.4700000000 0.0593813493
15.4800000000 0.0594215559
15.4900000000 0.0593514460
15.5000000000 0.0591434533
15.5100000000 0.0587801345
15.5200000000 0.0582612710
15.5300000000 0.0576046966
15.5400000000 0.0568434870
15.5500000000 0.0560200815
15.5600000000 0.0551800424
15.5700000000 0.0543686172
15.5800000000 0.0536261764
15.5900000000 0.0529854437
15.6000000000 0.0524687093
15.6100000000 0.0520856073
15.6200000000 0.0518333353
15.6300000000 0.0516975541
15.6400000000 0.0516559862
15.6500000000 0.0516815328
15.6600000000 0.0517477590
15.6700000000 0.0518323499
15.6800000000 0.0519212928
15.6900000000 0.0520104563
15.7000000000 0.0521054847
15.7100000000 0.0522185029
15.7200000000 0.0523630303
15.7300000000 0.0525486914
15.7400000000 0.0527757234
15.7500000000 0.0530325704
15.7600000000 0.0532958536
15.7700000000 0.0535336679
15.7800000000 0.0537110804
15.7900000000 0.0537968513
15.8000000000 0.0537697824
15.8100000000 0.0536232640
15.8200000000 0.0533667838
15.8300000000 0.0530247563
15.8400000000 0.0526319365
15.8500000000 0.0522273679
15.8600000000 0.0518480590
15.8700000000 0.0515238810
15.8800000000 0.0512744744
15.8900000000 0.0511098223
15.9000000000 0.0510329047
15.9100000000 0.0510422251
15.9200000000 0.0511356320
15.9300000000 0.0513126626
15.9400000000 0.0515740858
15.9500000000 0.0519204811
15.9600000000 0.0523496153
15.9700000000 0.0528528502
15.9800000000 0.0534143066
15.9900000000 0.0540111394
16.0000000000 0.0546177545
16.0100000000 0.0552081421
16.0200000000 0.0557596943
16.0300000000 0.0562557034
16.0400000000 0.0566839672
16.0500000000 0.0570367633
16.0600000000 0.0573070828
16.0700000000 0.0574867976
16.0800000000 0.0575657482
16.0900000000 0.0575320234
16.1000000000 0.0573746449
16.1100000000 0.0570859354
16.1200000000 0.0566641033
16.1300000000 0.0561143676
16.1400000000 0.0554500854
16.1500000000 0.0546903068
16.1600000000 0.0538584985
16.1700000000 0.0529796674
16.1800000000 0.0520778873
16.1900000000 0.0511749150
16.2000000000 0.0502885127
16.2100000000 0.0494313661
16.2200000000 0.0486101411
16.2300000000 0.0478256751
16.2400000000 0.0470751233
16.2500000000 0.0463537634
16.2600000000 0.0456582098
16.2700000000 0.0449881616
16.2800000000 0.0443484422
16.2900000000 0.0437476992
16.3000000000 0.0431970053
16.3100000000 0.0427063092
16.3200000000 0.0422820485
16.3300000000 0.0419254664
16.3400000000 0.0416329130
16.3500000000 0.0413975568
16.3600000000 0.0412115466
16.3700000000 0.0410680414
16.3800000000 0.0409615102
16.3900000000 0.0408878517
16.4000000000 0.0408424881
16.4100000000 0.0408192813
16.4200000000 0.0408088435
16.4300000000 0.0407992260
16.4400000000 0.0407766691
16.4500000000 0.0407279254
16.4600000000 0.0406424660
16.4700000000 0.0405153208
16.4800000000 0.0403479379
16.4900000000 0.0401476798
16.5000000000 0.0399267186
16.5100000000 0.0396980337
16.5200000000 0.0394724933
16.5300000000 0.0392556743
16.5400000000 0.0390468560
16.5500000000 0.0388391151
16.5600000000 0.0386218315
16.5700000000 0.0383842594
16.5800000000 0.0381192160
16.5900000000 0.0378247758
16.6000000000 0.0375053165
16.6100000000 0.0371700867
16.6200000000 0.0368306869
16.6300000000 0.0364996656
16.6400000000 0.0361881388
16.6500000000 0.0359054319
16.6600000000 0.0356574723
16.6700000000 0.0354461370
16.6800000000 0.0352684054
16.6900000000 0.0351149738
16.7000000000 0.0349718981
16.7100000000 0.0348225865
16.7200000000 0.0346515260
16.7300000000 0.0344481466
16.7400000000 0.0342089719
16.7500000000 0.0339377403
16.7600000000 0.0336436147
16.7700000000 0.0333392516
16.7800000000 0.0330383944
16.7900000000 0.0327533212
16.8000000000 0.0324937322
16.8100000000 0.0322650679
16.8200000000 0.0320679952
16.8300000000 0.0318981689
16.8400000000 0.0317476996
16.8500000000 0.0316076975
16.8600000000 0.0314699712
16.8700000000 0.0313297582
16.8800000000 0.0311865127
16.8900000000 0.0310440199
16.9000000000 0.0309090704
16.9100000000 0.0307891137
16.9200000000 0.0306908294
16.9300000000 0.0306175962
16.9400000000 0.0305697139
16.9500000000 0.0305438687
16.9600000000 0.0305344619
16.9700000000 0.0305353830
16.9800000000 0.0305408380
16.9900000000 0.0305462383
17.0000000000 0.0305491729
17.0100000000 0.0305486677
17.0200000000 0.0305460829
17.0300000000 0.0305438068
17.0400000000 0.0305444819
17.0500000000 0.0305492860
17.0600000000 0.0305566304
17.0700000000 0.0305623331
17.0800000000 0.0305594894
17.0900000000 0.0305416648
17.1000000000 0.0305040434
17.1100000000 0.0304454576
17.1200000000 0.0303692093
17.1300000000 0.0302816470
17.1400000000 0.0301910882
17.1500000000 0.0301056600
17.1600000000 0.0300316493
17.1700000000 0.0299723926
17.1800000000 0.0299277810
17.1900000000 0.0298950550
17.2000000000 0.0298695344
17.2100000000 0.0298464645
17.2200000000 0.0298229206
17.2300000000 0.0297984057
17.2400000000 0.0297743725
17.2500000000 0.0297530969
17.2600000000 0.0297355609
17.2700000000 0.0297202531
17.2800000000 0.0297028874
17.2900000000 0.0296775549
17.3000000000 0.0296386356
17.3100000000 0.0295828098
17.3200000000 0.0295103408
17.3300000000 0.0294259905
17.3400000000 0.0293374292
17.3500000000 0.0292540292
17.3600000000 0.0291841041
17.3700000000 0.0291324496
17.3800000000 0.0290990221
17.3900000000 0.0290785036
17.4000000000 0.0290614998
17.4100000000 0.0290363717
17.4200000000 0.0289913363
17.4300000000 0.0289174555
17.4400000000 0.0288096812
17.4500000000 0.0286677666
17.4600000000 0.0284962794
17.4700000000 0.0283032751
17.4800000000 0.0280992099
17.4900000000 0.0278948002
17.5000000000 0.0276995539
17.5100000000 0.0275205504
17.5200000000 0.0273623181
17.5300000000 0.0272263247
17.5400000000 0.0271125130
17.5500000000 0.0270191230
17.5600000000 0.0269436563
17.5700000000 0.0268825307
17.5800000000 0.0268310475
17.5900000000 0.0267833758
17.6000000000 0.0267326492
17.6100000000 0.0266718983
17.6200000000 0.0265950890
17.6300000000 0.0264978693
17.6400000000 0.0263785946
17.6500000000 0.0262383671
17.6600000000 0.0260806356
17.6700000000 0.0259101719
17.6800000000 0.0257328464
17.6900000000 0.0255540504
17.7000000000 0.0253781406
17.7100000000 0.0252088543
17.7200000000 0.0250487531
17.7300000000 0.0248999806
17.7400000000 0.0247641718
17.7500000000 0.0246428585
17.7600000000 0.0245370374
17.7700000000 0.0244472956
17.7800000000 0.0243737219
17.7900000000 0.0243160015
17.8000000000 0.0242734502
17.8100000000 0.0242448643
17.8200000000 0.0242289503
17.8300000000 0.0242242701
17.8400000000 0.0242290500
17.8500000000 0.0242412122
17.8600000000 0.0242581962
17.8700000000 0.0242768674
17.8800000000 0.0242937374
17.8900000000 0.0243051804
17.9000000000 0.0243077129
17.9100000000 0.0242982363
17.9200000000 0.0242735675
17.9300000000 0.0242315298
17.9400000000 0.0241710317
17.9500000000 0.0240926488
17.9600000000 0.0239991689
17.9700000000 0.0238958496
17.9800000000 0.0237892370
17.9900000000 0.0236866679
18.0000000000 0.0235943613
18.0100000000 0.0235163282
18.0200000000 0.0234534990
18.0300000000 0.0234041747
18.0400000000 0.0233643824
18.0500000000 0.0233297212
18.0600000000 0.0232965235
18.0700000000 0.0232632166
18.0800000000 0.0232301250
18.0900000000 0.0231990314
18.1000000000 0.0231719461
18.1100000000 0.0231503203
18.1200000000 0.0231337357
18.1300000000 0.0231201352
18.1400000000 0.0231054909
18.1500000000 0.0230845783
18.1600000000 0.0230512183
18.1700000000 0.0229998614
18.1800000000 0.0229264618
18.1900000000 0.0228294705
18.2000000000 0.0227103428
18.2100000000 0.0225724935
18.2200000000 0.0224214147
18.2300000000 0.0222632778
18.2400000000 0.0221037527
18.2500000000 0.0219478852
18.2600000000 0.0217994428
18.2700000000 0.0216613037
18.2800000000 0.0215351037
18.2900000000 0.0214217818
18.3000000000 0.0213216426
18.3100000000 0.0212342428
18.3200000000 0.0211589922
18.3300000000 0.0210947727
18.3400000000 0.0210413361
18.3500000000 0.0209987175
18.3600000000 0.0209684384
18.3700000000 0.0209527264
18.3800000000 0.0209547684
18.3900000000 0.0209770242
18.4000000000 0.0210206687
18.4100000000 0.0210840188
18.4200000000 0.0211626190
18.4300000000 0.0212496780
18.4400000000 0.0213376755
18.4500000000 0.0214205080
18.4600000000 0.0214941124
18.4700000000 0.0215573671
18.4800000000 0.0216116109
18.4900000000 0.0216587848
18.5000000000 0.0217010591
18.5100000000 0.0217398737
18.5200000000 0.0217759008
18.5300000000 0.0218092529
18.5400000000 0.0218399876
18.5500000000 0.0218679254
18.5600000000 0.0218929192
18.5700000000 0.0219152180
18.5800000000 0.0219349491
18.5900000000 0.0219523593
18.6000000000 0.0219676299
18.6100000000 0.0219803319
18.6200000000 0.0219894938
18.6300000000 0.0219932613
18.6400000000 0.0219894248
18.6500000000 0.0219759031
18.6600000000 0.0219509760
18.6700000000 0.0219142028
18.6800000000 0.0218661673
18.6900000000 0.0218084806
18.7000000000 0.0217434163
18.7100000000 0.0216737001
18.7200000000 0.0216017840
18.7300000000 0.0215298778
18.7400000000 0.0214593766
18.7500000000 0.0213909213
18.7600000000 0.0213238845
18.7700000000 0.0212567306
18.7800000000 0.0211871627
18.7900000000 0.0211129977
18.8000000000 0.0210323773
18.8100000000 0.0209444930
18.8200000000 0.0208495330
18.8300000000 0.0207485919
18.8400000000 0.0206430022
18.8500000000 0.0205346197
18.8600000000 0.0204252600
18.8700000000 0.0203172889
18.8800000000 0.0202130381
18.8900000000 0.0201147897
18.9000000000 0.0200250296
18.9100000000 0.0199460712
18.9200000000 0.0198801659
18.9300000000 0.0198302853
18.9400000000 0.0197994380
18.9500000000 0.0197914157
18.9600000000 0.0198094593
18.9700000000 0.0198555666
18.9800000000 0.0199294452
18.9900000000 0.0200276957
19.0000000000 0.0201436215
19.0100000000 0.0202678116
19.0200000000 0.0203896251
19.0300000000 0.0204990090
19.0400000000 0.0205882387
19.0500000000 0.0206526734
19.0600000000 0.0206917735
19.0700000000 0.0207075469
19.0800000000 0.0207046065
19.0900000000 0.0206890436
19.1000000000 0.0206668962
19.1100000000 0.0206436799
19.1200000000 0.0206230473
19.1300000000 0.0206063899
19.1400000000 0.0205924405
19.1500000000 0.0205779832
19.1600000000 0.0205585406
19.1700000000 0.0205300905
19.1800000000 0.0204896274
19.1900000000 0.0204359919
19.2000000000 0.0203694706
19.2100000000 0.0202913017
19.2200000000 0.0202032447
19.2300000000 0.0201072538
19.2400000000 0.0200050731
19.2500000000 0.0198990155
19.2600000000 0.0197914619
19.2700000000 0.0196852304
19.2800000000 0.0195833816
19.2900000000 0.0194886559
19.3000000000 0.0194035986
19.3100000000 0.0193302597
19.3200000000 0.0192700301
19.3300000000 0.0192238126
19.3400000000 0.0191915309
19.3500000000 0.0191722893
19.3600000000 0.0191642301
19.3700000000 0.0191647270
19.3800000000 0.0191710172
19.3900000000 0.0191802925
19.4000000000 0.0191903854
19.4100000000 0.0191991609
19.4200000000 0.0192044410
19.4300000000 0.0192034685
19.4400000000 0.0191931856
19.4500000000 0.0191703284
19.4600000000 0.0191323861
19.4700000000 0.0190778959
19.4800000000 0.0190066673
19.4900000000 0.0189193084
19.5000000000 0.0188169539
19.5100000000 0.0187012905
19.5200000000 0.0185737817
19.5300000000 0.0184361740
19.5400000000 0.0182903797
19.5500000000 0.0181385901
19.5600000000 0.0179830767
19.5700000000 0.0178260506
19.5800000000 0.0176693798
19.5900000000 0.0175149446
19.6000000000 0.0173639699
19.6100000000 0.0172177450
19.6200000000 0.0170771720
19.6300000000 0.0169431968
19.6400000000 0.0168163853
19.6500000000 0.0166969279
19.6600000000 0.0165844277
19.6700000000 0.0164781412
19.6800000000 0.0163769631
19.6900000000 0.0162795825
19.7000000000 0.0161853066
19.7100000000 0.0160939937
19.7200000000 0.0160063507
19.7300000000 0.0159239026
19.7400000000 0.0158490017
19.7500000000 0.0157842859
19.7600000000 0.0157327290
19.7700000000 0.0156970774
19.7800000000 0.0156794808
19.7900000000 0.0156810511
19.8000000000 0.0157015820
19.8100000000 0.0157391476
19.8200000000 0.0157903672
19.8300000000 0.0158504583
19.8400000000 0.0159135306
19.8500000000 0.0159738009
19.8600000000 0.0160255003
19.8700000000 0.0160642121
19.8800000000 0.0160867987
19.8900000000 0.0160920609
19.9000000000 0.0160803966
19.9100000000 0.0160542871
19.9200000000 0.0160173710
19.9300000000 0.0159741147
19.9400000000 0.0159290562
19.9500000000 0.0158857207
19.9600000000 0.0158465609
19.9700000000 0.0158119606
19.9800000000 0.0157809063
19.9900000000 0.0157514634
20.0000000000 0.0157215554
