124000.0000000000 8.7431964448
62000.0000000000 2.3363081012
41333.3333333333 1.0498237807
31000.0000000000 0.5915108155
24800.0000000000 0.3779378279
20666.6666666667 0.2615386930
17714.2857142857 0.1912231048
15500.0000000000 0.1455335012
13777.7777777778 0.1141857133
12400.0000000000 0.0917518137
11272.7272727273 0.0751478782
10333.3333333333 0.0625166668
9538.4615384615 0.0526855903
8857.1428571429 0.0448847976
8266.6666666667 0.0385919404
7750.0000000000 0.0334425104
7294.1176470588 0.0291759048
6888.8888888889 0.0256018343
6526.3157894737 0.0225787575
6200.0000000000 0.0199996667
5904.7619047619 0.0177824921
5636.3636363636 0.0158634902
5391.3043478261 0.0141926088
5166.6666666667 0.0127301709
4960.0000000000 0.0114444766
4769.2307692308 0.0103100218
4592.5925925926 0.0093061608
4428.5714285714 0.0084160576
4275.8620689655 0.0076258235
4133.3333333333 0.0069237822
4000.0000000000 0.0062998116
3875.0000000000 0.0057447827
3757.5757575758 0.0052501567
3647.0588235294 0.0048078037
3542.8571428571 0.0044100876
3444.4444444444 0.0040501434
3351.3513513514 0.0037221763
3263.1578947368 0.0034215964
3179.4871794872 0.0031449242
3100.0000000000 0.0028894936
3024.3902439024 0.0026531042
2952.3809523810 0.0024337584
2883.7209302326 0.0022295584
2818.1818181818 0.0020387545
2755.5555555556 0.0018598652
2695.6521739130 0.0016917645
2638.2978723404 0.0015336996
2583.3333333333 0.0013852258
2530.6122448980 0.0012461042
2480.0000000000 0.0011162017
2431.3725490196 0.0009954161
2384.6153846154 0.0008836234
2339.6226415094 0.0007806571
2296.2962962963 0.0006862880
2254.5454545455 0.0006002171
2214.2857142857 0.0005220683
2175.4385964912 0.0004513913
2137.9310344828 0.0003876775
2101.6949152542 0.0003303911
2066.6666666667 0.0002790119
2032.7868852459 0.0002330711
2000.0000000000 0.0001921692
1968.2539682540 0.0001559723
1937.5000000000 0.0001241972
1907.6923076923 0.0000966008
1878.7878787879 0.0000729821
1850.7462686567 0.0000531946
1823.5294117647 0.0000371538
1797.1014492754 0.0000248358
1771.4285714286 0.0000162616
1746.4788732394 0.0000114736
1722.2222222222 0.0000105171
1698.6301369863 0.0000134250
1675.6756756757 0.0000202137
1653.3333333333 0.0000308810
1631.5789473684 0.0000454100
1610.3896103896 0.0000637727
1589.7435897436 0.0000859342
1569.6202531646 0.0001118558
1550.0000000000 0.0001414996
1530.8641975309 0.0001748342
1512.1951219512 0.0002118385
1493.9759036145 0.0002525083
1476.1904761905 0.0002968618
1458.8235294118 0.0003449402
1441.8604651163 0.0003968088
1425.2873563218 0.0004525530
1409.0909090909 0.0005122763
1393.2584269663 0.0005760928
1377.7777777778 0.0006441227
1362.6373626374 0.0007164878
1347.8260869565 0.0007933107
1333.3333333333 0.0008747135
1319.1489361702 0.0009608153
1305.2631578947 0.0010517299
1291.6666666667 0.0011475662
1278.3505154639 0.0012484186
1265.3061224490 0.0013543556
1252.5252525253 0.0014654083
1240.0000000000 0.0015815449
1227.7227722772 0.0017026494
1215.6862745098 0.0018284865
1203.8834951456 0.0019586785
1192.3076923077 0.0020926676
1180.9523809524 0.0022297209
1169.8113207547 0.0023689593
1158.8785046729 0.0025094420
1148.1481481481 0.0026503226
1137.6146788991 0.0027910369
1127.2727272727 0.0029314991
1117.1171171171 0.0030722208
1107.1428571429 0.0032142885
1097.3451327434 0.0033592160
1087.7192982456 0.0035086864
1078.2608695652 0.0036643236
1068.9655172414 0.0038274922
1059.8290598291 0.0039991593
1050.8474576271 0.0041797771
1042.0168067227 0.0043691941
1033.3333333333 0.0045665841
1024.7933884298 0.0047704210
1016.3934426230 0.0049785160
1008.1300813008 0.0051881267
1000.0000000000 0.0053962070
992.0000000000 0.0055998513
984.1269841270 0.0057969491
976.3779527559 0.0059869379
968.7500000000 0.0061713159
961.2403100775 0.0063535775
953.8461538462 0.0065384190
946.5648854962 0.0067303938
939.3939393939 0.0069325275
932.3308270677 0.0071453317
925.3731343284 0.0073665854
918.5185185185 0.0075918638
911.7647058824 0.0078157659
905.1094890511 0.0080336368
898.5507246377 0.0082434435
892.0863309353 0.0084473038
885.7142857143 0.0086520057
879.4326241135 0.0088681755
873.2394366197 0.0091083042
867.1328671329 0.0093843447
861.1111111111 0.0097057991
855.1724137931 0.0100787525
849.3150684932 0.0105058011
843.5374149660 0.0109865821
837.8378378378 0.0115184175
832.2147651007 0.0120968697
826.6666666667 0.0127161457
821.1920529801 0.0133694659
815.7894736842 0.0140495833
810.4575163399 0.0147495932
805.1948051948 0.0154642234
800.0000000000 0.0161913030
794.8717948718 0.0169329220
789.8089171975 0.0176956492
784.8101265823 0.0184890810
779.8742138365 0.0193230619
775.0000000000 0.0202043491
770.1863354037 0.0211338438
765.4320987654 0.0221053490
760.7361963190 0.0231061510
756.0975609756 0.0241194493
751.5151515152 0.0251281600
746.9879518072 0.0261190308
742.5149700599 0.0270857095
738.0952380952 0.0280288273
733.7278106509 0.0289523539
729.4117647059 0.0298566502
725.1461988304 0.0307308767
720.9302325581 0.0315476340
716.7630057803 0.0322629613
712.6436781609 0.0328230814
708.5714285714 0.0331774313
704.5454545455 0.0332949134
700.5649717514 0.0331779062
696.6292134831 0.0328678489
692.7374301676 0.0324389885
688.8888888889 0.0319822530
685.0828729282 0.0315859306
681.3186813187 0.0313208342
677.5956284153 0.0312341652
673.9130434783 0.0313519639
670.2702702703 0.0316864038
666.6666666667 0.0322441647
663.1016042781 0.0330322138
659.5744680851 0.0340599711
656.0846560847 0.0353379506
652.6315789474 0.0368745927
649.2146596859 0.0386734770
645.8333333333 0.0407322936
642.4870466321 0.0430429943
639.1752577320 0.0455905203
635.8974358974 0.0483477197
632.6530612245 0.0512653507
629.4416243655 0.0542595861
626.2626262626 0.0572015933
623.1155778894 0.0599154336
620.0000000000 0.0621885712
616.9154228856 0.0637969357
613.8613861386 0.0645414385
610.8374384236 0.0642873548
607.8431372549 0.0629947476
604.8780487805 0.0607292364
601.9417475728 0.0576487440
599.0338164251 0.0539713070
596.1538461538 0.0499357187
593.3014354067 0.0457670565
590.4761904762 0.0416543085
587.6777251185 0.0377402801
584.9056603774 0.0341207384
582.1596244131 0.0308489632
579.4392523364 0.0279436049
576.7441860465 0.0253977229
574.0740740741 0.0231877456
571.4285714286 0.0212806319
568.8073394495 0.0196386143
566.2100456621 0.0182216515
563.6363636364 0.0169888943
561.0859728507 0.0159005265
558.5585585586 0.0149204180
556.0538116592 0.0140190365
553.5714285714 0.0131756109
551.1111111111 0.0123786579
548.6725663717 0.0116250669
546.2555066079 0.0109178944
543.8596491228 0.0102637059
541.4847161572 0.0096701435
539.1304347826 0.0091440736
536.7965367965 0.0086905398
534.4827586207 0.0083122047
532.1888412017 0.0080089704
529.9145299145 0.0077778650
527.6595744681 0.0076132935
525.4237288136 0.0075078019
523.2067510549 0.0074532579
521.0084033613 0.0074424684
518.8284518828 0.0074707901
516.6666666667 0.0075372350
514.5228215768 0.0076442979
512.3966942149 0.0077963399
510.2880658436 0.0079968641
508.1967213115 0.0082459672
506.1224489796 0.0085390780
504.0650406504 0.0088677846
502.0242914980 0.0092228405
500.0000000000 0.0095984705
497.9919678715 0.0099964017
496.0000000000 0.0104279427
494.0239043825 0.0109131304
492.0634920635 0.0114774416
490.1185770751 0.0121473168
488.1889763780 0.0129459463
486.2745098039 0.0138900098
484.3750000000 0.0149870226
482.4902723735 0.0162331395
480.6201550388 0.0176111699
478.7644787645 0.0190892578
476.9230769231 0.0206207519
475.0957854406 0.0221458386
473.2824427481 0.0235952870
471.4828897338 0.0248955607
469.6969696970 0.0259744470
467.9245283019 0.0267664410
466.1654135338 0.0272177731
464.4194756554 0.0272912124
462.6865671642 0.0269706737
460.9665427509 0.0262649171
459.2592592593 0.0252084925
457.5645756458 0.0238586684
455.8823529412 0.0222879527
454.2124542125 0.0205743727
452.5547445255 0.0187920835
450.9090909091 0.0170051471
449.2753623188 0.0152648418
447.6534296029 0.0136097044
446.0431654676 0.0120669651
444.4444444444 0.0106542053
442.8571428571 0.0093809220
441.2811387900 0.0082499543
439.7163120567 0.0072589987
438.1625441696 0.0064020143
436.6197183099 0.0056704772
435.0877192982 0.0050544230
433.5664335664 0.0045431709
432.0557491289 0.0041258099
430.5555555556 0.0037914936
429.0657439446 0.0035296675
427.5862068966 0.0033302328
426.1168384880 0.0031836159
424.6575342466 0.0030807705
423.2081911263 0.0030131059
421.7687074830 0.0029723564
420.3389830508 0.0029506983
418.9189189189 0.0029411109
417.5084175084 0.0029380626
416.1073825503 0.0029382378
414.7157190635 0.0029408901
413.3333333333 0.0029476229
411.9601328904 0.0029615433
410.5960264901 0.0029861630
409.2409240924 0.0030242902
407.8947368421 0.0030773474
406.5573770492 0.0031451282
405.2287581699 0.0032261187
403.9087947883 0.0033181586
402.5974025974 0.0034191988
401.2944983819 0.0035278588
400.0000000000 0.0036434030
398.7138263666 0.0037654212
397.4358974359 0.0038933198
396.1661341853 0.0040262551
394.9044585987 0.0041636362
393.6507936508 0.0043061193
392.4050632911 0.0044564928
391.1671924290 0.0046200145
389.9371069182 0.0048038918
388.7147335423 0.0050161435
387.5000000000 0.0052642978
386.2928348910 0.0055544256
385.0931677019 0.0058905839
383.9009287926 0.0062747892
382.7160493827 0.0067071213
381.5384615385 0.0071859134
380.3680981595 0.0077079618
379.2048929664 0.0082687710
378.0487804878 0.0088628090
376.8996960486 0.0094840398
375.7575757576 0.0101263312
374.6223564955 0.0107839448
373.4939759036 0.0114516441
372.3723723724 0.0121246352
371.2574850299 0.0127984305
370.1492537313 0.0134687693
369.0476190476 0.0141313883
367.9525222552 0.0147818258
366.8639053254 0.0154147407
365.7817109145 0.0160234395
364.7058823529 0.0165994394
363.6363636364 0.0171322676
362.5730994152 0.0176094284
361.5160349854 0.0180164547
360.4651162791 0.0183374734
359.4202898551 0.0185562706
358.3815028902 0.0186579200
357.3487031700 0.0186306541
356.3218390805 0.0184681005
355.3008595989 0.0181719746
354.2857142857 0.0177546379
353.2763532764 0.0172405135
352.2727272727 0.0166652939
351.2747875354 0.0160717669
350.2824858757 0.0155035468
349.2957746479 0.0149983831
348.3146067416 0.0145834639
347.3389355742 0.0142738454
346.3687150838 0.0140737135
345.4038997214 0.0139791403
344.4444444444 0.0139809215
343.4903047091 0.0140665531
342.5414364641 0.0142215056
341.5977961433 0.0144305567
340.6593406593 0.0146795869
339.7260273973 0.0149576071
338.7978142077 0.0152584003
337.8746594005 0.0155807522
336.9565217391 0.0159267608
336.0433604336 0.0162987718
335.1351351351 0.0166961642
334.2318059299 0.0171131371
333.3333333333 0.0175385092
332.4396782842 0.0179575110
331.5508021390 0.0183559627
330.6666666667 0.0187252273
329.7872340426 0.0190664133
328.9124668435 0.0193911684
328.0423280423 0.0197179364
327.1767810026 0.0200650365
326.3157894737 0.0204433190
325.4593175853 0.0208519166
324.6073298429 0.0212786805
323.7597911227 0.0217051049
322.9166666667 0.0221139180
322.0779220779 0.0224959847
321.2435233161 0.0228536601
320.4134366925 0.0231984642
319.5876288660 0.0235436587
318.7660668380 0.0238949789
317.9487179487 0.0242435510
317.1355498721 0.0245642377
316.3265306122 0.0248205145
315.5216284987 0.0249746611
314.7208121827 0.0249993282
313.9240506329 0.0248856325
313.1313131313 0.0246439565
312.3425692695 0.0242968148
311.5577889447 0.0238674684
310.7769423559 0.0233703895
310.0000000000 0.0228080489
309.2269326683 0.0221753843
308.4577114428 0.0214694919
307.6923076923 0.0206998622
306.9306930693 0.0198940882
306.1728395062 0.0190965765
305.4187192118 0.0183612192
304.6683046683 0.0177414125
303.9215686275 0.0172817676
303.1784841076 0.0170128927
302.4390243902 0.0169501001
301.7031630170 0.0170945567
300.9708737864 0.0174353479
300.2421307506 0.0179516338
299.5169082126 0.0186141108
298.7951807229 0.0193856753
298.0769230769 0.0202216864
297.3621103118 0.0210706524
296.6507177033 0.0218763007
295.9427207637 0.0225825901
295.2380952381 0.0231421983
294.5368171021 0.0235265951
293.8388625592 0.0237346561
293.1442080378 0.0237949771
292.4528301887 0.0237600842
291.7647058824 0.0236942577
291.0798122066 0.0236596466
290.3981264637 0.0237057007
289.7196261682 0.0238641466
289.0442890443 0.0241490254
288.3720930233 0.0245595525
287.7030162413 0.0250842072
287.0370370370 0.0257039480
286.3741339492 0.0263947416
285.7142857143 0.0271283484
285.0574712644 0.0278723462
284.4036697248 0.0285896090
283.7528604119 0.0292388665
283.1050228311 0.0297766768
282.4601366743 0.0301613544
281.8181818182 0.0303577770
281.1791383220 0.0303416989
280.5429864253 0.0301021383
279.9097065463 0.0296415336
279.2792792793 0.0289738395
278.6516853933 0.0281217833
278.0269058296 0.0271144655
277.4049217002 0.0259869688
276.7857142857 0.0247815228
276.1692650334 0.0235486008
275.5555555556 0.0223454550
274.9445676275 0.0212307824
274.3362831858 0.0202571938
273.7306843267 0.0194642129
273.1277533040 0.0188736792
272.5274725275 0.0184884050
271.9298245614 0.0182931680
271.3347921225 0.0182571874
270.7423580786 0.0183377197
270.1525054466 0.0184851245
269.5652173913 0.0186495204
268.9804772234 0.0187889929
268.3982683983 0.0188769141
267.8185745140 0.0189060454
267.2413793103 0.0188864504
266.6666666667 0.0188378378
266.0944206009 0.0187789128
265.5246252677 0.0187187206
264.9572649573 0.0186528441
264.3923240938 0.0185661755
263.8297872340 0.0184405948
263.2696390658 0.0182649191
262.7118644068 0.0180430481
262.1564482030 0.0177970257
261.6033755274 0.0175638452
261.0526315789 0.0173877716
260.5042016807 0.0173114534
259.9580712788 0.0173695681
259.4142259414 0.0175857221
258.8726513570 0.0179728871
258.3333333333 0.0185353030
257.7962577963 0.0192709525
257.2614107884 0.0201731790
256.7287784679 0.0212317329
256.1983471074 0.0224330884
255.6701030928 0.0237604023
255.1440329218 0.0251935667
254.6201232033 0.0267089627
254.0983606557 0.0282794336
253.5787321063 0.0298747887
253.0612244898 0.0314629955
252.5458248473 0.0330127426
252.0325203252 0.0344965045
251.5212981744 0.0358929863
251.0121457490 0.0371877126
250.5050505051 0.0383705744
250.0000000000 0.0394313627
249.4969818913 0.0403555612
248.9959839357 0.0411230315
248.4969939880 0.0417106581
248.0000000000 0.0420999647
247.5049900200 0.0422865975
247.0119521912 0.0422879205
246.5208747515 0.0421432382
246.0317460317 0.0419059220
245.5445544554 0.0416300142
245.0592885375 0.0413591858
244.5759368836 0.0411227810
244.0944881890 0.0409393536
243.6149312377 0.0408238776
243.1372549020 0.0407923599
242.6614481409 0.0408625691
242.1875000000 0.0410504025
241.7153996101 0.0413662105
241.2451361868 0.0418117971
240.7766990291 0.0423785772
240.3100775194 0.0430459767
239.8452611219 0.0437804183
239.3822393822 0.0445353587
238.9210019268 0.0452548207
238.4615384615 0.0458792312
238.0038387716 0.0463521681
237.5478927203 0.0466258071
237.0936902486 0.0466639655
236.6412213740 0.0464437455
236.1904761905 0.0459578509
235.7414448669 0.0452188401
235.2941176471 0.0442629002
234.8484848485 0.0431505198
234.4045368620 0.0419609653
233.9622641509 0.0407808515
233.5216572505 0.0396900284
233.0827067669 0.0387487297
232.6454033771 0.0379887952
232.2097378277 0.0374112980
231.7757009346 0.0369892044
231.3432835821 0.0366745101
230.9124767225 0.0364076270
230.4832713755 0.0361285771
230.0556586271 0.0357882855
229.6296296296 0.0353587227
229.2051756007 0.0348396556
228.7822878229 0.0342599155
228.3609576427 0.0336719702
227.9411764706 0.0331405578
227.5229357798 0.0327284953
227.1062271062 0.0324826117
226.6910420475 0.0324233941
226.2773722628 0.0325402279
225.8652094718 0.0327920429
225.4545454545 0.0331130323
225.0453720508 0.0334234802
224.6376811594 0.0336432637
224.2314647378 0.0337067408
223.8267148014 0.0335749200
223.4234234234 0.0332421858
223.0215827338 0.0327349522
222.6211849192 0.0321031907
222.2222222222 0.0314068131
221.8246869410 0.0307015409
221.4285714286 0.0300277831
221.0338680927 0.0294059455
220.6405693950 0.0288387706
220.2486678508 0.0283192877
219.8581560284 0.0278406135
219.4690265487 0.0274023659
219.0812720848 0.0270106553
218.6948853616 0.0266714570
218.3098591549 0.0263814426
217.9261862917 0.0261214510
217.5438596491 0.0258568418
217.1628721541 0.0255457585
216.7832167832 0.0251526247
216.4048865620 0.0246616986
216.0278745645 0.0240854966
215.6521739130 0.0234644840
215.2777777778 0.0228591340
214.9046793761 0.0223379813
214.5328719723 0.0219656407
214.1623488774 0.0217937525
213.7931034483 0.0218552227
213.4251290878 0.0221618930
213.0584192440 0.0227043567
212.6929674099 0.0234533891
212.3287671233 0.0243626373
211.9658119658 0.0253728898
211.6040955631 0.0264175620
211.2436115843 0.0274299088
210.8843537415 0.0283503039
210.5263157895 0.0291337845
210.1694915254 0.0297569064
209.8138747885 0.0302227248
209.4594594595 0.0305628709
209.1062394604 0.0308335133
208.7542087542 0.0311056352
208.4033613445 0.0314508362
208.0536912752 0.0319270591
207.7051926298 0.0325675416
207.3578595318 0.0333750290
207.0116861436 0.0343216466
206.6666666667 0.0353530925
206.3227953411 0.0363971907
205.9800664452 0.0373764532
205.6384742952 0.0382224163
205.2980132450 0.0388888585
204.9586776860 0.0393594308
204.6204620462 0.0396458874
204.2833607908 0.0397786417
203.9473684211 0.0397929854
203.6124794745 0.0397172840
203.2786885246 0.0395658360
202.9459901800 0.0393379724
202.6143790850 0.0390228131
202.2838499184 0.0386072327
201.9543973941 0.0380842598
201.6260162602 0.0374590807
201.2987012987 0.0367503369
200.9724473258 0.0359873934
200.6472491909 0.0352047200
200.3231017771 0.0344354785
200.0000000000 0.0337065830
199.6779388084 0.0330365556
199.3569131833 0.0324369917
199.0369181380 0.0319175565
198.7179487179 0.0314920196
198.4000000000 0.0311818954
198.0830670927 0.0310148240
197.7671451356 0.0310177754
197.4522292994 0.0312068018
197.1383147854 0.0315771159
196.8253968254 0.0320966509
196.5134706815 0.0327054603
196.2025316456 0.0333227405
195.8925750395 0.0338600683
195.5835962145 0.0342394286
195.2755905512 0.0344099917
194.9685534591 0.0343581740
194.6624803768 0.0341081704
194.3573667712 0.0337136817
194.0532081377 0.0332461435
193.7500000000 0.0327827715
193.4477379095 0.0323965448
193.1464174455 0.0321479706
192.8460342146 0.0320780540
192.5465838509 0.0322028877
192.2480620155 0.0325106774
191.9504643963 0.0329631363
191.6537867079 0.0335017283
191.3580246914 0.0340587770
191.0631741140 0.0345711537
190.7692307692 0.0349924395
190.4761904762 0.0352999232
190.1840490798 0.0354937275
189.8928024502 0.0355913081
189.6024464832 0.0356204909
189.3129770992 0.0356153419
189.0243902439 0.0356143246
188.7366818874 0.0356592228
188.4498480243 0.0357928220
188.1638846737 0.0360546657
187.8787878788 0.0364758425
187.5945537065 0.0370737971
187.3111782477 0.0378477260
187.0286576169 0.0387750528
186.7469879518 0.0398100812
186.4661654135 0.0408854116
186.1861861862 0.0419172391
185.9070464768 0.0428142940
185.6287425150 0.0434899646
185.3512705531 0.0438749481
185.0746268657 0.0439283872
184.7988077496 0.0436440791
184.5238095238 0.0430492717
184.2496285290 0.0421972443
183.9762611276 0.0411569567
183.7037037037 0.0400046008
183.4319526627 0.0388185230
183.1610044313 0.0376748337
182.8908554572 0.0366421272
182.6215022091 0.0357740035
182.3529411765 0.0351029726
182.0851688693 0.0346385765
181.8181818182 0.0343710491
181.5519765739 0.0342786685
181.2865497076 0.0343350757
181.0218978102 0.0345135243
180.7580174927 0.0347885543
180.4949053857 0.0351358913
180.2325581395 0.0355345526
179.9709724238 0.0359707821
179.7101449275 0.0364428837
179.4500723589 0.0369638290
179.1907514451 0.0375594776
178.9321789322 0.0382632547
178.6743515850 0.0391092825
178.4172661871 0.0401267885
178.1609195402 0.0413373024
177.9053084648 0.0427538431
177.6504297994 0.0443792279
177.3962804006 0.0462031311
177.1428571429 0.0481979960
176.8901569187 0.0503172908
176.6381766382 0.0524972922
176.3869132290 0.0546624758
176.1363636364 0.0567319421
175.8865248227 0.0586230391
175.6373937677 0.0602522521
175.3889674682 0.0615352212
175.1412429379 0.0623916684
174.8942172073 0.0627572034
174.6478873239 0.0625994116
174.4022503516 0.0619293404
174.1573033708 0.0608030037
173.9130434783 0.0593121024
173.6694677871 0.0575678325
173.4265734266 0.0556844748
173.1843575419 0.0537656785
172.9428172943 0.0518953381
172.7019498607 0.0501319178
172.4617524339 0.0485054633
172.2222222222 0.0470186293
171.9833564494 0.0456525410
171.7451523546 0.0443780596
171.5076071923 0.0431697661
171.2707182320 0.0420183019
171.0344827586 0.0409360132
170.7988980716 0.0399560518
170.5639614856 0.0391260147
170.3296703297 0.0384997239
170.0960219479 0.0381285122
169.8630136986 0.0380540940
169.6306429549 0.0383024772
169.3989071038 0.0388809839
169.1678035471 0.0397783546
168.9373297003 0.0409671818
168.7074829932 0.0424077130
168.4782608696 0.0440513584
168.2496607870 0.0458437302
168.0216802168 0.0477278391
167.7943166441 0.0496479548
167.5675675676 0.0515536116
167.3414304993 0.0534022497
167.1159029650 0.0551591926
166.8909825034 0.0567960550
166.6666666667 0.0582883938
166.4429530201 0.0596155968
166.2198391421 0.0607634260
165.9973226238 0.0617275141
165.7754010695 0.0625139178
165.5540720961 0.0631354983
165.3333333333 0.0636075650
165.1131824234 0.0639460809
164.8936170213 0.0641715372
164.6746347942 0.0643148262
164.4562334218 0.0644212044
164.2384105960 0.0645493323
164.0211640212 0.0647665085
163.8044914135 0.0651420407
163.5883905013 0.0657394205
163.3728590250 0.0666080710
163.1578947368 0.0677771089
162.9434954008 0.0692527301
162.7296587927 0.0710203031
162.5163826999 0.0730487129
162.3036649215 0.0752948678
162.0915032680 0.0777067013
161.8798955614 0.0802246070
161.6688396349 0.0827802833
161.4583333333 0.0852946520
161.2483745124 0.0876737922
161.0389610390 0.0898085979
160.8300907912 0.0915823652
160.6217616580 0.0928867123
160.4139715395 0.0936404071
160.2067183463 0.0938038685
160.0000000000 0.0933820476
159.7938144330 0.0924191893
159.5881595882 0.0909882201
159.3830334190 0.0891816264
159.1784338896 0.0871040850
158.9743589744 0.0848676066
158.7708066581 0.0825870956
158.5677749361 0.0803770100
158.3652618135 0.0783476442
158.1632653061 0.0766012789
157.9617834395 0.0752285667
157.7608142494 0.0743075334
157.5603557814 0.0739042717
157.3604060914 0.0740745790
157.1609632446 0.0748622227
156.9620253165 0.0762915628
156.7635903919 0.0783565662
156.5656565657 0.0810098059
156.3682219420 0.0841575098
156.1712846348 0.0876627902
155.9748427673 0.0913558949
155.7788944724 0.0950489115
155.5834378921 0.0985514293
155.3884711779 0.1016884382
155.1939924906 0.1043193129
155.0000000000 0.1063578881
154.8064918851 0.1077881529
154.6134663342 0.1086680125
154.4209215442 0.1091175308
154.2288557214 0.1092929009
154.0372670807 0.1093550062
153.8461538462 0.1094408556
153.6555142503 0.1096440700
153.4653465347 0.1100073416
153.2756489493 0.1105245563
153.0864197531 0.1111501596
152.8976572133 0.1118102182
152.7093596059 0.1124149193
152.5215252153 0.1128710983
152.3341523342 0.1130982415
152.1472392638 0.1130451974
151.9607843137 0.1127013820
151.7747858017 0.1120950018
151.5892420538 0.1112778447
151.4041514042 0.1103038794
151.2195121951 0.1092102227
151.0353227771 0.1080065804
150.8515815085 0.1066750349
150.6682867558 0.1051771269
150.4854368932 0.1034657319
150.3030303030 0.1015023098
150.1210653753 0.0992727753
149.9395405079 0.0967989236
149.7584541063 0.0941386225
149.5778045838 0.0913747974
149.3975903614 0.0885985094
149.2178098676 0.0858923994
149.0384615385 0.0833186588
148.8595438175 0.0809126980
148.6810551559 0.0786822177
148.5029940120 0.0766116637
148.3253588517 0.0746714461
148.1481481481 0.0728303464
147.9713603819 0.0710675526
147.7949940405 0.0693796448
147.6190476190 0.0677802636
147.4435196195 0.0662941322
147.2684085511 0.0649493625
147.0937129300 0.0637699334
146.9194312796 0.0627716538
146.7455621302 0.0619574874
146.5721040189 0.0613141333
146.3990554900 0.0608081624
146.2264150943 0.0603853347
146.0541813899 0.0599760123
145.8823529412 0.0595055542
145.7109283196 0.0589086238
145.5399061033 0.0581426741
145.3692848769 0.0571960974
145.1990632319 0.0560889413
145.0292397661 0.0548661525
144.8598130841 0.0535860093
144.6907817970 0.0523085753
144.5221445221 0.0510870587
144.3538998836 0.0499646561
144.1860465116 0.0489749121
144.0185830430 0.0481447294
143.8515081206 0.0474976777
143.6848203940 0.0470557868
143.5185185185 0.0468403349
143.3526011561 0.0468712869
143.1870669746 0.0471654815
143.0219146482 0.0477352636
142.8571428571 0.0485874331
142.6927502877 0.0497237248
142.5287356322 0.0511423574
142.3650975890 0.0528403176
142.2018348624 0.0548132067
142.0389461627 0.0570534196
141.8764302059 0.0595454893
141.7142857143 0.0622623633
141.5525114155 0.0651644908
141.3911060433 0.0682010323
141.2300683371 0.0713141428
141.0693970421 0.0744432048
140.9090909091 0.0775276776
140.7491486947 0.0805090465
140.5895691610 0.0833297210
140.4303510759 0.0859310300
140.2714932127 0.0882518986
140.1129943503 0.0902312118
139.9548532731 0.0918151369
139.7970687711 0.0929670896
139.6396396396 0.0936776879
139.4825646794 0.0939708501
139.3258426966 0.0939053424
139.1694725028 0.0935704047
139.0134529148 0.0930742730
138.8577827548 0.0925300269
138.7024608501 0.0920410785
138.5474860335 0.0916911476
138.3928571429 0.0915394700
138.2385730212 0.0916181668
138.0846325167 0.0919282474
137.9310344828 0.0924354268
137.7777777778 0.0930688031
137.6248612653 0.0937291727
137.4722838137 0.0943068165
137.3200442968 0.0947061894
137.1681415929 0.0948658612
137.0165745856 0.0947685316
136.8653421634 0.0944365604
136.7144432194 0.0939187403
136.5638766520 0.0932730745
136.4136413641 0.0925520229
136.2637362637 0.0917930732
136.1141602634 0.0910150544
135.9649122807 0.0902189859
135.8159912377 0.0893917925
135.6673960613 0.0885137672
135.5191256831 0.0875661180
135.3711790393 0.0865388181
135.2235550709 0.0854363513
135.0762527233 0.0842796057
134.9292709467 0.0831037564
134.7826086957 0.0819532153
134.6362649294 0.0808750178
134.4902386117 0.0799086808
134.3445287107 0.0790768226
134.1991341991 0.0783757789
134.0540540541 0.0777697889
133.9092872570 0.0771910605
133.7648327940 0.0765469217
133.6206896552 0.0757339799
133.4768568353 0.0746553151
133.3333333333 0.0732371636
133.1901181525 0.0714401166
133.0472103004 0.0692630393
132.9046087889 0.0667399210
132.7623126338 0.0639312880
132.6203208556 0.0609134833
132.4786324786 0.0577672692
132.3372465315 0.0545693615
132.1961620469 0.0513876493
132.0553780618 0.0482808124
131.9148936170 0.0453001765
131.7747077577 0.0424927329
131.6348195329 0.0399024551
131.4952279958 0.0375700752
131.3559322034 0.0355313007
131.2169312169 0.0338154161
131.0782241015 0.0324433518
130.9398099261 0.0314263992
130.8016877637 0.0307655562
130.6638566913 0.0304507865
130.5263157895 0.0304615501
130.3890641430 0.0307683891
130.2521008403 0.0313354282
130.1154249738 0.0321242116
129.9790356394 0.0330972179
129.8429319372 0.0342192475
129.7071129707 0.0354558184
129.5715778474 0.0367684154
129.4363256785 0.0381109147
129.3013555787 0.0394299680
129.1666666667 0.0406731943
129.0322580645 0.0418021731
128.8981288981 0.0428050470
128.7642782970 0.0437025329
128.6307053942 0.0445430913
128.4974093264 0.0453893597
128.3643892340 0.0463014678
128.2316442606 0.0473233688
128.0991735537 0.0484762293
127.9669762642 0.0497595048
127.8350515464 0.0511564217
127.7033985582 0.0526409324
127.5720164609 0.0541820547
127.4409044193 0.0557436557
127.3100616016 0.0572813154
127.1794871795 0.0587392642
127.0491803279 0.0600530708
126.9191402252 0.0611602912
126.7893660532 0.0620163257
126.6598569969 0.0626091168
126.5306122449 0.0629644618
126.4016309888 0.0631390020
126.2729124236 0.0632022678
126.1444557477 0.0632166392
126.0162601626 0.0632238667
125.8883248731 0.0632446986
125.7606490872 0.0632897418
125.6332320162 0.0633758017
125.5060728745 0.0635378165
125.3791708797 0.0638317732
125.2525252525 0.0643279952
125.1261352170 0.0650961721
125.0000000000 0.0661907516
124.8741188318 0.0676404438
124.7484909457 0.0694457405
124.6231155779 0.0715838066
124.4979919679 0.0740166314
124.3731193581 0.0766960577
124.2484969940 0.0795631589
124.1241241241 0.0825428197
124.0000000000 0.0855392302
123.8761238761 0.0884366754
123.7524950100 0.0911078531
123.6291126620 0.0934280966
123.5059760956 0.0952895399
123.3830845771 0.0966096604
123.2604373757 0.0973333047
123.1380337637 0.0974319611
123.0158730159 0.0969047833
122.8939544103 0.0957844089
122.7722772277 0.0941406765
122.6508407517 0.0920746245
122.5296442688 0.0897005455
122.4086870681 0.0871220300
122.2879684418 0.0844116614
122.1674876847 0.0816053732
122.0472440945 0.0787097081
121.9272369715 0.0757189372
121.8074656189 0.0726311547
121.6879293425 0.0694600915
121.5686274510 0.0662395302
121.4495592556 0.0630224975
121.3307240705 0.0598762267
121.2121212121 0.0568759746
121.0937500000 0.0540960181
120.9756097561 0.0516028893
120.8576998051 0.0494497626
120.7400194742 0.0476741370
120.6225680934 0.0462976270
120.5053449951 0.0453263100
120.3883495146 0.0447527761
120.2715809893 0.0445579370
120.1550387597 0.0447159918
120.0387221684 0.0452006564
119.9226305609 0.0459916832
119.8067632850 0.0470780239
119.6911196911 0.0484551789
119.5756991321 0.0501163026
119.4605009634 0.0520399064
119.3455245428 0.0541777899
119.2307692308 0.0564466278
119.1162343900 0.0587268965
119.0019193858 0.0608697077
118.8878235858 0.0627136750
118.7739463602 0.0641077033
118.6602870813 0.0649365300
118.5468451243 0.0651403062
118.4336198663 0.0647238544
118.3206106870 0.0637521037
118.2078169685 0.0623366192
118.0952380952 0.0606159060
117.9828734539 0.0587371895
117.8707224335 0.0568400946
117.7587844255 0.0550456816
117.6470588235 0.0534479382
117.5355450237 0.0521100634
117.4242424242 0.0510625616
117.3131504257 0.0503049241
117.2022684310 0.0498100745
117.0915958451 0.0495324846
116.9811320755 0.0494187324
116.8708765316 0.0494178673
116.7608286252 0.0494890411
116.6509877705 0.0496043698
116.5413533835 0.0497473989
116.4319248826 0.0499093780
116.3227016886 0.0500867840
116.2136832240 0.0502800633
116.1048689139 0.0504944398
115.9962581852 0.0507394535
115.8878504673 0.0510252596
115.7796451914 0.0513558709
115.6716417910 0.0517230309
115.5638397018 0.0521014003
115.4562383613 0.0524489545
115.3488372093 0.0527124206
115.2416356877 0.0528355664
115.1346332405 0.0527700205
115.0278293135 0.0524857771
114.9212233550 0.0519788823
114.8148148148 0.0512754833
114.7086031452 0.0504292493
114.6025878004 0.0495142186
114.4967682364 0.0486129584
114.3911439114 0.0478037146
114.2857142857 0.0471506889
114.1804788214 0.0466984871
114.0754369825 0.0464730585
113.9705882353 0.0464850434
113.8659320478 0.0467357155
113.7614678899 0.0472206831
113.6571952337 0.0479293529
113.5531135531 0.0488406166
113.4492223239 0.0499164609
113.3455210238 0.0510987191
113.2420091324 0.0523128649
113.1386861314 0.0534777948
113.0355515041 0.0545209153
112.9326047359 0.0553896383
112.8298453139 0.0560574733
112.7272727273 0.0565212929
112.6248864668 0.0567943746
112.5226860254 0.0568993698
112.4206708976 0.0568657451
112.3188405797 0.0567311156
112.2171945701 0.0565467919
112.1157323689 0.0563804965
112.0144534779 0.0563163181
111.9133574007 0.0564486457
111.8124436429 0.0568723921
111.7117117117 0.0576731537
111.6111611161 0.0589196150
111.5107913669 0.0606594324
111.4106019766 0.0629175287
111.3105924596 0.0656964036
111.2107623318 0.0689751760
111.1111111111 0.0727065608
111.0116383169 0.0768114143
110.9123434705 0.0811719196
110.8132260947 0.0856292458
110.7142857143 0.0899889932
110.6155218555 0.0940390834
110.5169340463 0.0975767263
110.4185218166 0.1004405249
110.3202846975 0.1025350090
110.2222222222 0.1038396513
110.1243339254 0.1043997435
110.0266193434 0.1043030499
109.9290780142 0.1036543985
109.8317094774 0.1025573527
109.7345132743 0.1011081920
109.6374889478 0.0993974224
109.5406360424 0.0975135851
109.4439541041 0.0955435475
109.3474426808 0.0935707430
109.2511013216 0.0916689649
109.1549295775 0.0898980350
109.0589270009 0.0883003068
108.9630931459 0.0869011900
108.8674275680 0.0857127917
108.7719298246 0.0847393056
108.6765994741 0.0839822231
108.5814360771 0.0834435057
108.4864391951 0.0831270403
108.3916083916 0.0830388440
108.2969432314 0.0831891047
108.2024432810 0.0835946387
108.1081081081 0.0842800546
108.0139372822 0.0852761041
107.9199303742 0.0866128135
107.8260869565 0.0883064381
107.7324066030 0.0903446626
107.6388888889 0.0926733263
107.5455333912 0.0951934938
107.4523396880 0.0977691490
107.3593073593 0.1002480238
107.2664359862 0.1024862383
107.1737251513 0.1043708862
107.0811744387 0.1058305595
106.9887834340 0.1068341691
106.8965517241 0.1073792032
106.8044788975 0.1074811381
106.7125645439 0.1071633281
106.6208082545 0.1064551996
106.5292096220 0.1053930859
106.4377682403 0.1040209169
106.3464837050 0.1023883730
106.2553556127 0.1005479664
106.1643835616 0.0985508515
106.0735671514 0.0964449526
105.9829059829 0.0942743635
105.8923996584 0.0920798032
105.8020477816 0.0898998754
105.7118499574 0.0877720671
105.6218057922 0.0857340254
105.5319148936 0.0838241914
105.4421768707 0.0820796656
105.3525913339 0.0805342727
105.2631578947 0.0792136145
105.1738761662 0.0781313502
105.0847457627 0.0772863251
104.9957662997 0.0766609298
104.9069373942 0.0762221457
104.8182586644 0.0759228480
104.7297297297 0.0757047489
104.6413502110 0.0755035546
104.5531197302 0.0752552023
104.4650379107 0.0749044413
104.3771043771 0.0744115223
104.2893187553 0.0737571666
104.2016806723 0.0729431696
104.1141897565 0.0719894823
104.0268456376 0.0709291576
103.9396479464 0.0698030008
103.8525963149 0.0686549200
103.7656903766 0.0675290635
103.6789297659 0.0664658173
103.5923141186 0.0654989620
103.5058430718 0.0646505080
103.4195162636 0.0639281504
103.3333333333 0.0633215785
103.2472939217 0.0628039991
103.1613976705 0.0623356353
103.0756442228 0.0618712945
102.9900332226 0.0613686188
102.9045643154 0.0607967999
102.8192371476 0.0601401186
102.7340513670 0.0593988528
102.6490066225 0.0585848685
102.5641025641 0.0577182841
102.4793388430 0.0568226103
102.3947151115 0.0559236965
102.3102310231 0.0550469319
102.2258862325 0.0542164783
102.1416803954 0.0534523847
102.0576131687 0.0527700087
101.9736842105 0.0521803052
101.8898931800 0.0516908706
101.8062397373 0.0513078772
101.7227235439 0.0510359029
101.6393442623 0.0508751531
101.5561015561 0.0508182950
101.4729950900 0.0508474608
101.3900245298 0.0509342923
101.3071895425 0.0510444868
101.2244897959 0.0511438473
101.1419249592 0.0512048014
101.0594947025 0.0512095170
100.9771986971 0.0511498164
100.8950366151 0.0510253070
100.8130081301 0.0508404107
100.7311129163 0.0506013834
100.6493506494 0.0503141278
100.5677210057 0.0499801373
100.4862236629 0.0495949415
100.4048582996 0.0491467347
100.3236245955 0.0486206114
100.2425222312 0.0480032518
100.1615508885 0.0472884224
100.0807102502 0.0464801314
100.0000000000 0.0455922014
99.9194198227 0.0446446219
99.8389694042 0.0436601006
99.7586484312 0.0426605112
99.6784565916 0.0416656143
99.5983935743 0.0406923469
99.5184590690 0.0397543822
99.4386527666 0.0388614697
99.3589743590 0.0380187160
99.2794235388 0.0372266219
99.2000000000 0.0364816389
99.1207034373 0.0357782999
99.0415335463 0.0351108950
98.9624900239 0.0344758844
98.8835725678 0.0338723937
98.8047808765 0.0333024646
98.7261146497 0.0327702015
98.6475735879 0.0322804297
98.5691573927 0.0318374730
98.4908657665 0.0314440224
98.4126984127 0.0311012941
98.3346550357 0.0308088378
98.2567353407 0.0305651508
98.1789390340 0.0303669308
98.1012658228 0.0302089268
98.0237154150 0.0300824306
97.9462875197 0.0299754291
97.8689818469 0.0298726300
97.7917981073 0.0297567503
97.7147360126 0.0296102881
97.6377952756 0.0294180914
97.5609756098 0.0291699914
97.4842767296 0.0288622851
97.4076983504 0.0284990518
97.3312401884 0.0280906247
97.2549019608 0.0276526348
97.1786833856 0.0272029880
97.1025841817 0.0267599181
97.0266040689 0.0263394732
96.9507427678 0.0259542023
96.8750000000 0.0256110356
96.7993754879 0.0253107501
96.7238689548 0.0250475261
96.6484801247 0.0248098055
96.5732087227 0.0245820946
96.4980544747 0.0243485366
96.4230171073 0.0240955729
96.3480963481 0.0238150955
96.2732919255 0.0235049256
96.1986035687 0.0231682662
96.1240310078 0.0228115132
96.0495739737 0.0224426350
95.9752321981 0.0220696780
95.9010054138 0.0217004859
95.8268933539 0.0213423052
95.7528957529 0.0210013733
95.6790123457 0.0206822907
95.6052428682 0.0203868110
95.5315870570 0.0201133747
95.4580446497 0.0198567274
95.3846153846 0.0196091116
95.3112990008 0.0193618900
95.2380952381 0.0191074696
95.1650038373 0.0188412211
95.0920245399 0.0185618595
95.0191570881 0.0182719192
94.9464012251 0.0179764983
94.8737566947 0.0176829304
94.8012232416 0.0173995687
94.7288006112 0.0171346620
94.6564885496 0.0168952388
94.5842868040 0.0166861319
94.5121951220 0.0165093740
94.4402132521 0.0163642821
94.3683409437 0.0162474565
94.2965779468 0.0161539993
94.2249240122 0.0160779350
94.1533788914 0.0160135698
94.0819423369 0.0159557347
94.0106141016 0.0159008042
93.9393939394 0.0158463229
93.8682816048 0.0157908532
93.7972768533 0.0157329567
93.7263794407 0.0156697229
93.6555891239 0.0155962620
93.5849056604 0.0155053163
93.5143288084 0.0153887444
93.4438583271 0.0152388419
93.3734939759 0.0150502398
93.3032355154 0.0148211280
93.2330827068 0.0145537413
93.1630353118 0.0142540320
93.0930930931 0.0139310792
93.0232558140 0.0135955843
92.9535232384 0.0132591870
92.8838951311 0.0129331051
92.8143712575 0.0126276534
92.7449513837 0.0123519308
92.6756352765 0.0121132314
92.6064227035 0.0119171524
92.5373134328 0.0117674839
92.4683072334 0.0116659489
92.3994038748 0.0116122428
92.3306031273 0.0116037759
92.2619047619 0.0116363190
92.1933085502 0.0117047200
92.1248142645 0.0118043086
92.0564216778 0.0119319838
91.9881305638 0.0120872566
91.9199406968 0.0122719683
91.8518518519 0.0124895132
91.7838638046 0.0127424834
91.7159763314 0.0130303589
91.6481892092 0.0133477474
91.5805022157 0.0136840176
91.5129151292 0.0140244715
91.4454277286 0.0143534136
91.3780397937 0.0146580808
91.3107511046 0.0149317158
91.2435614422 0.0151753822
91.1764705882 0.0153970260
91.1094783248 0.0156084576
91.0425844347 0.0158215294
90.9757887014 0.0160438309
90.9090909091 0.0162761403
90.8424908425 0.0165120257
90.7759882870 0.0167391219
90.7095830285 0.0169427276
90.6432748538 0.0171095951
90.5770635500 0.0172310131
90.5109489051 0.0173046656
90.4449307075 0.0173344590
90.3790087464 0.0173296968
90.3131828114 0.0173028821
90.2474526929 0.0172682896
90.1818181818 0.0172401083
90.1162790698 0.0172317338
90.0508351489 0.0172549577
89.9854862119 0.0173203243
89.9202320522 0.0174372751
89.8550724638 0.0176136385
89.7900072411 0.0178541897
89.7250361795 0.0181585056
89.6601590745 0.0185185886
89.5953757225 0.0189187388
89.5306859206 0.0193365970
89.4660894661 0.0197474086
89.4015861572 0.0201288247
89.3371757925 0.0204652920
89.2728581713 0.0207509770
89.2086330935 0.0209898250
89.1445003595 0.0211934047
89.0804597701 0.0213768182
89.0165111271 0.0215546057
88.9526542324 0.0217371898
88.8888888889 0.0219289386
88.8252148997 0.0221284406
88.7616320687 0.0223299573
88.6981402003 0.0225255192
88.6347390994 0.0227068116
88.5714285714 0.0228656222
88.5082084226 0.0229931521
88.4450784593 0.0230800542
88.3820384890 0.0231167266
88.3190883191 0.0230953431
88.2562277580 0.0230117930
88.1934566145 0.0228672509
88.1307746979 0.0226681124
88.0681818182 0.0224243477
88.0056777857 0.0221464589
87.9432624113 0.0218433789
87.8809355067 0.0215213409
87.8186968839 0.0211836968
87.7565463553 0.0208323814
87.6944837341 0.0204697049
87.6325088339 0.0200995679
87.5706214689 0.0197287228
87.5088214538 0.0193665058
87.4471086037 0.0190244306
87.3854827343 0.0187149574
87.3239436620 0.0184511389
87.2624912034 0.0182462976
87.2011251758 0.0181138793
87.1398453970 0.0180671666
87.0786516854 0.0181180279
87.0175438596 0.0182759821
86.9565217391 0.0185465739
86.8955851437 0.0189304722
86.8347338936 0.0194220766
86.7739678097 0.0200087455
86.7132867133 0.0206711612
86.6526904263 0.0213845035
86.5921787709 0.0221214526
86.5317515701 0.0228552693
86.4714086471 0.0235634184
86.4111498258 0.0242299778
86.3509749304 0.0248463178
86.2908837857 0.0254109717
86.2308762170 0.0259280214
86.1709520500 0.0264060071
86.1111111111 0.0268565663
86.0513532269 0.0272931746
85.9916782247 0.0277301369
85.9320859321 0.0281811296
85.8725761773 0.0286579076
85.8131487889 0.0291704196
85.7538035961 0.0297263652
85.6945404285 0.0303324892
85.6353591160 0.0309952543
85.5762594893 0.0317206122
85.5172413793 0.0325126412
85.4583046175 0.0333700685
85.3994490358 0.0342821666
85.3406744666 0.0352247454
85.2819807428 0.0361597744
85.2233676976 0.0370388722
85.1648351648 0.0378108495
85.1063829787 0.0384314889
85.0480109739 0.0388720623
84.9897189856 0.0391248870
84.9315068493 0.0392027305
84.8733744011 0.0391347198
84.8153214774 0.0389588585
84.7573479152 0.0387149078
84.6994535519 0.0384388364
84.6416382253 0.0381596834
84.5839017735 0.0378984526
84.5262440354 0.0376680837
84.4686648501 0.0374741242
84.4111640572 0.0373157058
84.3537414966 0.0371867672
84.2963970088 0.0370783405
84.2391304348 0.0369803740
84.1819416158 0.0368835971
84.1248303935 0.0367799746
84.0677966102 0.0366624303
84.0108401084 0.0365237007
83.9539607312 0.0363563884
83.8971583221 0.0361545484
83.8404327248 0.0359163602
83.7837837838 0.0356469224
83.7272113437 0.0353591007
83.6707152497 0.0350722872
83.6142953473 0.0348089944
83.5579514825 0.0345911998
83.5016835017 0.0344372539
83.4454912517 0.0343616319
83.3893745797 0.0343762291
83.3333333333 0.0344915780
83.2773673606 0.0347166828
83.2214765101 0.0350558631
83.1656606304 0.0355038222
83.1099195710 0.0360397188
83.0542531815 0.0366252701
82.9986613119 0.0372075280
82.9431438127 0.0377270865
82.8877005348 0.0381292512
82.8323313293 0.0383739675
82.7770360481 0.0384409599
82.7218145430 0.0383304927
82.6666666667 0.0380601551
82.6115922718 0.0376584931
82.5565912117 0.0371595902
82.5016633400 0.0365980561
82.4468085106 0.0360064392
82.3920265781 0.0354142495
82.3373173971 0.0348486609
82.2826808228 0.0343356369
82.2281167109 0.0339002105
82.1736249172 0.0335674904
82.1192052980 0.0333634960
82.0648577101 0.0333143002
82.0105820106 0.0334460115
81.9563780568 0.0337822181
81.9022457067 0.0343411604
81.8481848185 0.0351315121
81.7941952507 0.0361485853
81.7402768622 0.0373702631
81.6864295125 0.0387550976
81.6326530612 0.0402418884
81.5789473684 0.0417543783
81.5253122945 0.0432093807
81.4717477004 0.0445298761
81.4182534471 0.0456577002
81.3648293963 0.0465633858
81.3114754098 0.0472494990
81.2581913499 0.0477477183
81.2049770792 0.0481112211
81.1518324607 0.0484041336
81.0987573578 0.0486921673
81.0457516340 0.0490337168
80.9928151535 0.0494744552
80.9399477807 0.0500431936
80.8871493803 0.0507498477
80.8344198175 0.0515846570
80.7817589577 0.0525192118
80.7291666667 0.0535100267
80.6766428107 0.0545055918
80.6241872562 0.0554542710
80.5717998700 0.0563127903
80.5194805195 0.0570527483
80.4672290720 0.0576637299
80.4150453956 0.0581522122
80.3629293584 0.0585359680
80.3108808290 0.0588378233
80.2588996764 0.0590762905
80.2069857697 0.0592594931
80.1551389787 0.0593813493
80.1033591731 0.0594215559
80.0516462234 0.0593514460
80.0000000000 0.0591434533
79.9484203740 0.0587801345
79.8969072165 0.0582612710
79.8454603992 0.0576046966
79.7940797941 0.0568434870
79.7427652733 0.0560200815
79.6915167095 0.0551800424
79.6403339756 0.0543686172
79.5892169448 0.0536261764
79.5381654907 0.0529854437
79.4871794872 0.0524687093
79.4362588085 0.0520856073
79.3854033291 0.0518333353
79.3346129239 0.0516975541
79.2838874680 0.0516559862
79.2332268371 0.0516815328
79.1826309068 0.0517477590
79.1320995533 0.0518323499
79.0816326531 0.0519212928
79.0312300829 0.0520104563
78.9808917197 0.0521054847
78.9306174411 0.0522185029
78.8804071247 0.0523630303
78.8302606484 0.0525486914
78.7801778907 0.0527757234
78.7301587302 0.0530325704
78.6802030457 0.0532958536
78.6303107166 0.0535336679
78.5804816223 0.0537110804
78.5307156428 0.0537968513
78.4810126582 0.0537697824
78.4313725490 0.0536232640
78.3817951960 0.0533667838
78.3322804801 0.0530247563
78.2828282828 0.0526319365
78.2334384858 0.0522273679
78.1841109710 0.0518480590
78.1348456207 0.0515238810
78.0856423174 0.0512744744
78.0365009440 0.0511098223
77.9874213836 0.0510329047
77.9384035198 0.0510422251
77.8894472362 0.0511356320
77.8405524168 0.0513126626
77.7917189460 0.0515740858
77.7429467085 0.0519204811
77.6942355890 0.0523496153
77.6455854728 0.0528528502
77.5969962453 0.0534143066
77.5484677924 0.0540111394
77.5000000000 0.0546177545
77.4515927545 0.0552081421
77.4032459426 0.0557596943
77.3549594510 0.0562557034
77.3067331671 0.0566839672
77.2585669782 0.0570367633
77.2104607721 0.0573070828
77.1624144368 0.0574867976
77.1144278607 0.0575657482
77.0665009323 0.0575320234
77.0186335404 0.0573746449
76.9708255742 0.0570859354
76.9230769231 0.0566641033
76.8753874768 0.0561143676
76.8277571252 0.0554500854
76.7801857585 0.0546903068
76.7326732673 0.0538584985
76.6852195424 0.0529796674
76.6378244747 0.0520778873
76.5904879555 0.0511749150
76.5432098765 0.0502885127
76.4959901295 0.0494313661
76.4488286067 0.0486101411
76.4017252002 0.0478256751
76.3546798030 0.0470751233
76.3076923077 0.0463537634
76.2607626076 0.0456582098
76.2138905962 0.0449881616
76.1670761671 0.0443484422
76.1203192142 0.0437476992
76.0736196319 0.0431970053
76.0269773145 0.0427063092
75.9803921569 0.0422820485
75.9338640539 0.0419254664
75.8873929009 0.0416329130
75.8409785933 0.0413975568
75.7946210269 0.0412115466
75.7483200977 0.0410680414
75.7020757021 0.0409615102
75.6558877364 0.0408878517
75.6097560976 0.0408424881
75.5636806825 0.0408192813
75.5176613886 0.0408088435
75.4716981132 0.0407992260
75.4257907543 0.0407766691
75.3799392097 0.0407279254
75.3341433779 0.0406424660
75.2884031573 0.0405153208
75.2427184466 0.0403479379
75.1970891449 0.0401476798
75.1515151515 0.0399267186
75.1059963658 0.0396980337
75.0605326877 0.0394724933
75.0151240169 0.0392556743
74.9697702539 0.0390468560
74.9244712991 0.0388391151
74.8792270531 0.0386218315
74.8340374170 0.0383842594
74.7889022919 0.0381192160
74.7438215793 0.0378247758
74.6987951807 0.0375053165
74.6538229982 0.0371700867
74.6089049338 0.0368306869
74.5640408900 0.0364996656
74.5192307692 0.0361881388
74.4744744745 0.0359054319
74.4297719088 0.0356574723
74.3851229754 0.0354461370
74.3405275779 0.0352684054
74.2959856201 0.0351149738
74.2514970060 0.0349718981
74.2070616397 0.0348225865
74.1626794258 0.0346515260
74.1183502690 0.0344481466
74.0740740741 0.0342089719
74.0298507463 0.0339377403
73.9856801909 0.0336436147
73.9415623137 0.0333392516
73.8974970203 0.0330383944
73.8534842168 0.0327533212
73.8095238095 0.0324937322
73.7656157049 0.0322650679
73.7217598098 0.0320679952
73.6779560309 0.0318981689
73.6342042755 0.0317476996
73.5905044510 0.0316076975
73.5468564650 0.0314699712
73.5032602253 0.0313297582
73.4597156398 0.0311865127
73.4162226169 0.0310440199
73.3727810651 0.0309090704
73.3293908930 0.0307891137
73.2860520095 0.0306908294
73.2427643237 0.0306175962
73.1995277450 0.0305697139
73.1563421829 0.0305438687
73.1132075472 0.0305344619
73.0701237478 0.0305353830
73.0270906949 0.0305408380
72.9841082990 0.0305462383
72.9411764706 0.0305491729
72.8982951205 0.0305486677
72.8554641598 0.0305460829
72.8126834997 0.0305438068
72.7699530516 0.0305444819
72.7272727273 0.0305492860
72.6846424385 0.0305566304
72.6420620972 0.0305623331
72.5995316159 0.0305594894
72.5570509070 0.0305416648
72.5146198830 0.0305040434
72.4722384570 0.0304454576
72.4299065421 0.0303692093
72.3876240514 0.0302816470
72.3453908985 0.0301910882
72.3032069971 0.0301056600
72.2610722611 0.0300316493
72.2189866045 0.0299723926
72.1769499418 0.0299277810
72.1349621873 0.0298950550
72.0930232558 0.0298695344
72.0511330622 0.0298464645
72.0092915215 0.0298229206
71.9674985490 0.0297984057
71.9257540603 0.0297743725
71.8840579710 0.0297530969
71.8424101970 0.0297355609
71.8008106543 0.0297202531
71.7592592593 0.0297028874
71.7177559283 0.0296775549
71.6763005780 0.0296386356
71.6348931254 0.0295828098
71.5935334873 0.0295103408
71.5522215811 0.0294259905
71.5109573241 0.0293374292
71.4697406340 0.0292540292
71.4285714286 0.0291841041
71.3874496258 0.0291324496
71.3463751438 0.0290990221
71.3053479011 0.0290785036
71.2643678161 0.0290614998
71.2234348076 0.0290363717
71.1825487945 0.0289913363
71.1417096959 0.0289174555
71.1009174312 0.0288096812
71.0601719198 0.0286677666
71.0194730813 0.0284962794
70.9788208357 0.0283032751
70.9382151030 0.0280992099
70.8976558033 0.0278948002
70.8571428571 0.0276995539
70.8166761850 0.0275205504
70.7762557078 0.0273623181
70.7358813463 0.0272263247
70.6955530217 0.0271125130
70.6552706553 0.0270191230
70.6150341686 0.0269436563
70.5748434832 0.0268825307
70.5346985210 0.0268310475
70.4945992041 0.0267833758
70.4545454545 0.0267326492
70.4145371948 0.0266718983
70.3745743473 0.0265950890
70.3346568349 0.0264978693
70.2947845805 0.0263785946
70.2549575071 0.0262383671
70.2151755379 0.0260806356
70.1754385965 0.0259101719
70.1357466063 0.0257328464
70.0960994912 0.0255540504
70.0564971751 0.0253781406
70.0169395822 0.0252088543
69.9774266366 0.0250487531
69.9379582628 0.0248999806
69.8985343856 0.0247641718
69.8591549296 0.0246428585
69.8198198198 0.0245370374
69.7805289814 0.0244472956
69.7412823397 0.0243737219
69.7020798201 0.0243160015
69.6629213483 0.0242734502
69.6238068501 0.0242448643
69.5847362514 0.0242289503
69.5457094784 0.0242242701
69.5067264574 0.0242290500
69.4677871148 0.0242412122
69.4288913774 0.0242581962
69.3900391718 0.0242768674
69.3512304251 0.0242937374
69.3124650643 0.0243051804
69.2737430168 0.0243077129
69.2350642099 0.0242982363
69.1964285714 0.0242735675
69.1578360290 0.0242315298
69.1192865106 0.0241710317
69.0807799443 0.0240926488
69.0423162584 0.0239991689
69.0038953812 0.0238958496
68.9655172414 0.0237892370
68.9271817676 0.0236866679
68.8888888889 0.0235943613
68.8506385341 0.0235163282
68.8124306326 0.0234534990
68.7742651137 0.0234041747
68.7361419069 0.0233643824
68.6980609418 0.0233297212
68.6600221484 0.0232965235
68.6220254566 0.0232632166
68.5840707965 0.0232301250
68.5461580984 0.0231990314
68.5082872928 0.0231719461
68.4704583103 0.0231503203
68.4326710817 0.0231337357
68.3949255378 0.0231201352
68.3572216097 0.0231054909
68.3195592287 0.0230845783
68.2819383260 0.0230512183
68.2443588332 0.0229998614
68.2068206821 0.0229264618
68.1693238043 0.0228294705
68.1318681319 0.0227103428
68.0944535969 0.0225724935
68.0570801317 0.0224214147
68.0197476687 0.0222632778
67.9824561404 0.0221037527
67.9452054795 0.0219478852
67.9079956188 0.0217994428
67.8708264915 0.0216613037
67.8336980306 0.0215351037
67.7966101695 0.0214217818
67.7595628415 0.0213216426
67.7225559803 0.0212342428
67.6855895197 0.0211589922
67.6486633933 0.0210947727
67.6117775354 0.0210413361
67.5749318801 0.0209987175
67.5381263617 0.0209684384
67.5013609145 0.0209527264
67.4646354733 0.0209547684
67.4279499728 0.0209770242
67.3913043478 0.0210206687
67.3546985334 0.0210840188
67.3181324647 0.0211626190
67.2816060770 0.0212496780
67.2451193059 0.0213376755
67.2086720867 0.0214205080
67.1722643554 0.0214941124
67.1358960476 0.0215573671
67.0995670996 0.0216116109
67.0632774473 0.0216587848
67.0270270270 0.0217010591
66.9908157753 0.0217398737
66.9546436285 0.0217759008
66.9185105235 0.0218092529
66.8824163970 0.0218399876
66.8463611860 0.0218679254
66.8103448276 0.0218929192
66.7743672590 0.0219152180
66.7384284177 0.0219349491
66.7025282410 0.0219523593
66.6666666667 0.0219676299
66.6308436325 0.0219803319
66.5950590763 0.0219894938
66.5593129361 0.0219932613
66.5236051502 0.0219894248
66.4879356568 0.0219759031
66.4523043944 0.0219509760
66.4167113016 0.0219142028
66.3811563169 0.0218661673
66.3456393793 0.0218084806
66.3101604278 0.0217434163
66.2747194014 0.0216737001
66.2393162393 0.0216017840
66.2039508809 0.0215298778
66.1686232657 0.0214593766
66.1333333333 0.0213909213
66.0980810235 0.0213238845
66.0628662760 0.0212567306
66.0276890309 0.0211871627
65.9925492283 0.0211129977
65.9574468085 0.0210323773
65.9223817119 0.0209444930
65.8873538789 0.0208495330
65.8523632501 0.0207485919
65.8174097665 0.0206430022
65.7824933687 0.0205346197
65.7476139979 0.0204252600
65.7127715951 0.0203172889
65.6779661017 0.0202130381
65.6431974590 0.0201147897
65.6084656085 0.0200250296
65.5737704918 0.0199460712
65.5391120507 0.0198801659
65.5044902272 0.0198302853
65.4699049630 0.0197994380
65.4353562005 0.0197914157
65.4008438819 0.0198094593
65.3663679494 0.0198555666
65.3319283456 0.0199294452
65.2975250132 0.0200276957
65.2631578947 0.0201436215
65.2288269332 0.0202678116
65.1945320715 0.0203896251
65.1602732528 0.0204990090
65.1260504202 0.0205882387
65.0918635171 0.0206526734
65.0577124869 0.0206917735
65.0235972732 0.0207075469
64.9895178197 0.0207046065
64.9554740702 0.0206890436
64.9214659686 0.0206668962
64.8874934589 0.0206436799
64.8535564854 0.0206230473
64.8196549922 0.0206063899
64.7857889237 0.0205924405
64.7519582245 0.0205779832
64.7181628392 0.0205585406
64.6844027126 0.0205300905
64.6506777894 0.0204896274
64.6169880146 0.0204359919
64.5833333333 0.0203694706
64.5497136908 0.0202913017
64.5161290323 0.0202032447
64.4825793032 0.0201072538
64.4490644491 0.0200050731
64.4155844156 0.0198990155
64.3821391485 0.0197914619
64.3487285937 0.0196852304
64.3153526971 0.0195833816
64.2820114049 0.0194886559
64.2487046632 0.0194035986
64.2154324184 0.0193302597
64.1821946170 0.0192700301
64.1489912054 0.0192238126
64.1158221303 0.0191915309
64.0826873385 0.0191722893
64.0495867769 0.0191642301
64.0165203924 0.0191647270
63.9834881321 0.0191710172
63.9504899433 0.0191802925
63.9175257732 0.0191903854
63.8845955693 0.0191991609
63.8516992791 0.0192044410
63.8188368502 0.0192034685
63.7860082305 0.0191931856
63.7532133676 0.0191703284
63.7204522097 0.0191323861
63.6877247047 0.0190778959
63.6550308008 0.0190066673
63.6223704464 0.0189193084
63.5897435897 0.0188169539
63.5571501794 0.0187012905
63.5245901639 0.0185737817
63.4920634921 0.0184361740
63.4595701126 0.0182903797
63.4271099744 0.0181385901
63.3946830266 0.0179830767
63.3622892182 0.0178260506
63.3299284985 0.0176693798
63.2976008167 0.0175149446
63.2653061224 0.0173639699
63.2330443651 0.0172177450
63.2008154944 0.0170771720
63.1686194600 0.0169431968
63.1364562118 0.0168163853
63.1043256997 0.0166969279
63.0722278739 0.0165844277
63.0401626843 0.0164781412
63.0081300813 0.0163769631
62.9761300152 0.0162795825
62.9441624365 0.0161853066
62.9122272958 0.0160939937
62.8803245436 0.0160063507
62.8484541308 0.0159239026
62.8166160081 0.0158490017
62.7848101266 0.0157842859
62.7530364372 0.0157327290
62.7212948912 0.0156970774
62.6895854398 0.0156794808
62.6579080344 0.0156810511
62.6262626263 0.0157015820
62.5946491671 0.0157391476
62.5630676085 0.0157903672
62.5315179022 0.0158504583
62.5000000000 0.0159135306
62.4685138539 0.0159738009
62.4370594159 0.0160255003
62.4056366381 0.0160642121
62.3742454728 0.0160867987
62.3428858723 0.0160920609
62.3115577889 0.0160803966
62.2802611753 0.0160542871
62.2489959839 0.0160173710
62.2177621676 0.0159741147
62.1865596790 0.0159290562
62.1553884712 0.0158857207
62.1242484970 0.0158465609
62.0931397096 0.0158119606
62.0620620621 0.0157809063
62.0310155078 0.0157514634
62.0000000000 0.0157215554
