0.0100000000 92.2912841118
0.0200000000 74.9374988239
0.0300000000 57.0193689951
0.0400000000 42.6748281461
0.0500000000 32.2012713129
0.0600000000 24.7306301829
0.0700000000 19.3732814895
0.0800000000 15.4676746583
0.0900000000 12.5631999642
0.1000000000 10.3594137162
0.1100000000 8.6552576130
0.1200000000 7.3143193893
0.1300000000 6.2424094197
0.1400000000 5.3732778214
0.1500000000 4.6594738697
0.1600000000 4.0664230154
0.1700000000 3.5685282993
0.1800000000 3.1465612121
0.1900000000 2.7858864269
0.2000000000 2.4752349835
0.2100000000 2.2058441955
0.2200000000 1.9708470182
0.2300000000 1.7648338158
0.2400000000 1.5835349770
0.2500000000 1.4235893564
0.2600000000 1.2823731898
0.2700000000 1.1578708130
0.2800000000 1.0485712813
0.2900000000 0.9533767920
0.3000000000 0.8715092215
0.3100000000 0.8024037497
0.3200000000 0.7455834792
0.3300000000 0.7005202616
0.3400000000 0.6664997949
0.3500000000 0.6425189619
0.3600000000 0.6272417534
0.3700000000 0.6190266600
0.3800000000 0.6160227647
0.3900000000 0.6163230092
0.4000000000 0.6181568453
0.4100000000 0.6200899595
0.4200000000 0.6211789967
0.4300000000 0.6210250054
0.4400000000 0.6196966834
0.4500000000 0.6175426839
0.4600000000 0.6149558025
0.4700000000 0.6121699807
0.4800000000 0.6091587291
0.4900000000 0.6056644090
0.5000000000 0.6013354599
0.5100000000 0.5959038814
0.5200000000 0.5893237499
0.5300000000 0.5818171800
0.5400000000 0.5738196318
0.5500000000 0.5658535082
0.5600000000 0.5583750431
0.5700000000 0.5516389626
0.5800000000 0.5456185041
0.5900000000 0.5400051769
0.6000000000 0.5342906689
0.6100000000 0.5279045137
0.6200000000 0.5203580096
0.6300000000 0.5113459575
0.6400000000 0.5007810706
0.6500000000 0.4887674368
0.6600000000 0.4755392683
0.6700000000 0.4613937107
0.6800000000 0.4466363034
0.6900000000 0.4315458118
0.7000000000 0.4163568716
0.7100000000 0.4012553181
0.7200000000 0.3863810543
0.7300000000 0.3718345102
0.7400000000 0.3576840826
0.7500000000 0.3439734056
0.7600000000 0.3307275315
0.7700000000 0.3179581186
0.7800000000 0.3056672761
0.7900000000 0.2938504403
0.8000000000 0.2824981356
0.8100000000 0.2715971198
0.8200000000 0.2611308051
0.8300000000 0.2510794542
0.8400000000 0.2414202007
0.8500000000 0.2321274390
0.8600000000 0.2231735423
0.8700000000 0.2145302749
0.8800000000 0.2061707068
0.8900000000 0.1980712906
0.9000000000 0.1902133902
0.9100000000 0.1825840437
0.9200000000 0.1751757143
0.9300000000 0.1679856364
0.9400000000 0.1610151577
0.9500000000 0.1542691908
0.9600000000 0.1477561551
0.9700000000 0.1414883091
0.9800000000 0.1354826383
0.9900000000 0.1297620955
1.0000000000 0.1243571634
1.0100000000 0.1193073080
1.0200000000 0.1146616189
1.0300000000 0.1104781086
1.0400000000 0.1068205628
1.0500000000 0.1037524663
1.0600000000 0.1013275428
1.0700000000 0.0995778154
1.0800000000 0.0985012928
1.0900000000 0.0980539432
1.1000000000 0.0981499187
1.1100000000 0.0986728978
1.1200000000 0.0994955747
1.1300000000 0.1005008044
1.1400000000 0.1015966578
1.1500000000 0.1027221726
1.1600000000 0.1038457323
1.1700000000 0.1049604595
1.1800000000 0.1060790704
1.1900000000 0.1072276076
1.2000000000 0.1084381215
1.2100000000 0.1097428810
1.2200000000 0.1111732799
1.2300000000 0.1127635759
1.2400000000 0.1145549022
1.2500000000 0.1165948847
1.2600000000 0.1189327289
1.2700000000 0.1216142061
1.2800000000 0.1246806976
1.2900000000 0.1281714574
1.3000000000 0.1321245499
1.3100000000 0.1365727856
1.3200000000 0.1415356946
1.3300000000 0.1470105977
1.3400000000 0.1529638154
1.3500000000 0.1593204936
1.3600000000 0.1659532852
1.3700000000 0.1726729690
1.3800000000 0.1792274852
1.3900000000 0.1853149138
1.4000000000 0.1906134519
1.4100000000 0.1948256666
1.4200000000 0.1977265446
1.4300000000 0.1992003444
1.4400000000 0.1992533480
1.4500000000 0.1979994236
1.4600000000 0.1956263454
1.4700000000 0.1923558702
1.4800000000 0.1884100384
1.4900000000 0.1839888293
1.5000000000 0.1792601468
1.5100000000 0.1743581876
1.5200000000 0.1693866304
1.5300000000 0.1644234022
1.5400000000 0.1595255837
1.5500000000 0.1547336039
1.5600000000 0.1500747399
1.5700000000 0.1455661165
1.5800000000 0.1412172298
1.5900000000 0.1370318120
1.6000000000 0.1330096124
1.6100000000 0.1291474597
1.6200000000 0.1254403706
1.6300000000 0.1218821106
1.6400000000 0.1184658767
1.6500000000 0.1151845199
1.6600000000 0.1120309304
1.6700000000 0.1089981241
1.6800000000 0.1060795067
1.6900000000 0.1032688809
1.7000000000 0.1005605718
1.7100000000 0.0979495158
1.7200000000 0.0954312906
1.7300000000 0.0930021668
1.7400000000 0.0906591811
1.7500000000 0.0884001136
1.7600000000 0.0862233601
1.7700000000 0.0841279126
1.7800000000 0.0821128502
1.7900000000 0.0801769849
1.8000000000 0.0783182332
1.8100000000 0.0765330296
1.8200000000 0.0748160431
1.8300000000 0.0731603895
1.8400000000 0.0715584255
1.8500000000 0.0700028691
1.8600000000 0.0684879082
1.8700000000 0.0670099204
1.8800000000 0.0655677133
1.8900000000 0.0641621038
1.9000000000 0.0627951680
1.9100000000 0.0614692339
1.9200000000 0.0601860150
1.9300000000 0.0589462838
1.9400000000 0.0577501537
1.9500000000 0.0565978492
1.9600000000 0.0554904690
1.9700000000 0.0544300629
1.9800000000 0.0534189839
1.9900000000 0.0524590288
2.0000000000 0.0515509201
2.0100000000 0.0506947274
2.0200000000 0.0498910767
2.0300000000 0.0491420866
2.0400000000 0.0484516925
2.0500000000 0.0478247905
2.0600000000 0.0472661480
2.0700000000 0.0467797989
2.0800000000 0.0463694481
2.0900000000 0.0460392850
2.1000000000 0.0457944287
2.1100000000 0.0456407145
2.1200000000 0.0455840833
2.1300000000 0.0456301371
2.1400000000 0.0457842290
2.1500000000 0.0460513290
2.1600000000 0.0464352146
2.1700000000 0.0469369500
2.1800000000 0.0475530429
2.1900000000 0.0482734092
2.2000000000 0.0490794202
2.2100000000 0.0499418463
2.2200000000 0.0508198999
2.2300000000 0.0516624876
2.2400000000 0.0524124973
2.2500000000 0.0530142183
2.2600000000 0.0534219518
2.2700000000 0.0536072551
2.2800000000 0.0535624573
2.2900000000 0.0532992588
2.3000000000 0.0528438818
2.3100000000 0.0522304366
2.3200000000 0.0514948263
2.3300000000 0.0506704014
2.3400000000 0.0497854497
2.3500000000 0.0488625052
2.3600000000 0.0479186442
2.3700000000 0.0469665142
2.3800000000 0.0460154686
2.3900000000 0.0450724612
2.4000000000 0.0441427455
2.4100000000 0.0432303654
2.4200000000 0.0423383637
2.4300000000 0.0414689940
2.4400000000 0.0406236802
2.4500000000 0.0398031500
2.4600000000 0.0390072713
2.4700000000 0.0382351357
2.4800000000 0.0374851729
2.4900000000 0.0367554050
2.5000000000 0.0360438293
2.5100000000 0.0353487868
2.5200000000 0.0346691553
2.5300000000 0.0340044951
2.5400000000 0.0333550013
2.5500000000 0.0327213293
2.5600000000 0.0321044735
2.5700000000 0.0315056531
2.5800000000 0.0309261119
2.5900000000 0.0303670437
2.6000000000 0.0298292631
2.6100000000 0.0293130049
2.6200000000 0.0288176787
2.6300000000 0.0283417880
2.6400000000 0.0278830903
2.6500000000 0.0274390194
2.6600000000 0.0270071399
2.6700000000 0.0265857425
2.6800000000 0.0261739378
2.6900000000 0.0257714897
2.7000000000 0.0253782251
2.7100000000 0.0249935216
2.7200000000 0.0246157986
2.7300000000 0.0242424937
2.7400000000 0.0238704544
2.7500000000 0.0234966019
2.7600000000 0.0231185862
2.7700000000 0.0227351975
2.7800000000 0.0223465200
2.7900000000 0.0219536993
2.8000000000 0.0215586204
2.8100000000 0.0211635792
2.8200000000 0.0207710782
2.8300000000 0.0203836102
2.8400000000 0.0200035739
2.8500000000 0.0196332011
2.8600000000 0.0192743831
2.8700000000 0.0189285644
2.8800000000 0.0185964041
2.8900000000 0.0182776126
2.9000000000 0.0179708642
2.9100000000 0.0176738560
2.9200000000 0.0173837732
2.9300000000 0.0170979686
2.9400000000 0.0168145840
2.9500000000 0.0165330162
2.9600000000 0.0162539927
2.9700000000 0.0159793728
2.9800000000 0.0157118094
2.9900000000 0.0154542624
3.0000000000 0.0152095837
3.0100000000 0.0149801539
3.0200000000 0.0147675259
3.0300000000 0.0145724304
3.0400000000 0.0143949542
3.0500000000 0.0142350442
3.0600000000 0.0140929733
3.0700000000 0.0139695762
3.0800000000 0.0138660938
3.0900000000 0.0137837167
3.1000000000 0.0137230829
3.1100000000 0.0136839078
3.1200000000 0.0136647631
3.1300000000 0.0136629253
3.1400000000 0.0136741380
3.1500000000 0.0136923615
3.1600000000 0.0137098561
3.1700000000 0.0137176252
3.1800000000 0.0137066598
3.1900000000 0.0136692189
3.2000000000 0.0136000287
3.2100000000 0.0134969611
3.2200000000 0.0133608883
3.2300000000 0.0131951487
3.2400000000 0.0130046854
3.2500000000 0.0127951623
3.2600000000 0.0125722187
3.2700000000 0.0123410259
3.2800000000 0.0121057481
3.2900000000 0.0118694207
3.3000000000 0.0116339102
3.3100000000 0.0114000515
3.3200000000 0.0111680010
3.3300000000 0.0109376325
3.3400000000 0.0107089352
3.3500000000 0.0104822437
3.3600000000 0.0102582606
3.3700000000 0.0100380162
3.3800000000 0.0098226547
3.3900000000 0.0096132865
3.4000000000 0.0094108033
3.4100000000 0.0092156580
3.4200000000 0.0090277958
3.4300000000 0.0088465304
3.4400000000 0.0086706952
3.4500000000 0.0084987502
3.4600000000 0.0083291364
3.4700000000 0.0081605208
3.4800000000 0.0079920471
3.4900000000 0.0078233532
3.5000000000 0.0076545961
3.5100000000 0.0074862207
3.5200000000 0.0073187889
3.5300000000 0.0071527984
3.5400000000 0.0069886021
3.5500000000 0.0068264143
3.5600000000 0.0066663844
3.5700000000 0.0065087301
3.5800000000 0.0063537077
3.5900000000 0.0062016196
3.6000000000 0.0060527223
3.6100000000 0.0059070827
3.6200000000 0.0057645402
3.6300000000 0.0056247340
3.6400000000 0.0054871611
3.6500000000 0.0053513109
3.6600000000 0.0052167300
3.6700000000 0.0050830615
3.6800000000 0.0049499842
3.6900000000 0.0048171924
3.7000000000 0.0046844201
3.7100000000 0.0045514317
3.7200000000 0.0044181445
3.7300000000 0.0042846502
3.7400000000 0.0041512025
3.7500000000 0.0040182147
3.7600000000 0.0038862127
3.7700000000 0.0037557455
3.7800000000 0.0036273717
3.7900000000 0.0035016023
3.8000000000 0.0033789074
3.8100000000 0.0032596817
3.8200000000 0.0031441939
3.8300000000 0.0030326225
3.8400000000 0.0029249821
3.8500000000 0.0028211384
3.8600000000 0.0027207941
3.8700000000 0.0026235256
3.8800000000 0.0025288054
3.8900000000 0.0024361275
3.9000000000 0.0023451137
3.9100000000 0.0022555898
3.9200000000 0.0021676679
3.9300000000 0.0020816987
3.9400000000 0.0019982431
3.9500000000 0.0019180091
3.9600000000 0.0018417281
3.9700000000 0.0017701112
3.9800000000 0.0017037102
3.9900000000 0.0016428472
4.0000000000 0.0015875006
4.0100000000 0.0015372711
4.0200000000 0.0014913947
4.0300000000 0.0014487949
4.0400000000 0.0014082642
4.0500000000 0.0013686301
4.0600000000 0.0013289118
4.0700000000 0.0012883785
4.0800000000 0.0012465154
4.0900000000 0.0012029574
4.1000000000 0.0011574165
4.1100000000 0.0011097425
4.1200000000 0.0010599336
4.1300000000 0.0010082657
4.1400000000 0.0009552567
4.1500000000 0.0009016620
4.1600000000 0.0008483421
4.1700000000 0.0007961759
4.1800000000 0.0007459486
4.1900000000 0.0006983230
4.2000000000 0.0006538206
4.2100000000 0.0006128405
4.2200000000 0.0005756991
4.2300000000 0.0005426628
4.2400000000 0.0005139786
4.2500000000 0.0004899010
4.2600000000 0.0004706807
4.2700000000 0.0004565395
4.2800000000 0.0004476699
4.2900000000 0.0004441911
4.3000000000 0.0004461455
4.3100000000 0.0004534759
4.3200000000 0.0004660217
4.3300000000 0.0004834921
4.3400000000 0.0005054318
4.3500000000 0.0005311522
4.3600000000 0.0005597350
4.3700000000 0.0005900597
4.3800000000 0.0006209270
4.3900000000 0.0006511455
4.4000000000 0.0006795545
4.4100000000 0.0007049933
4.4200000000 0.0007262656
4.4300000000 0.0007422414
4.4400000000 0.0007521400
4.4500000000 0.0007558918
4.4600000000 0.0007543815
4.4700000000 0.0007493967
4.4800000000 0.0007433447
4.4900000000 0.0007387923
4.5000000000 0.0007380975
4.5100000000 0.0007431718
4.5200000000 0.0007554203
4.5300000000 0.0007757892
4.5400000000 0.0008049289
4.5500000000 0.0008433381
4.5600000000 0.0008915379
4.5700000000 0.0009501222
4.5800000000 0.0010197342
4.5900000000 0.0011009373
4.6000000000 0.0011941051
4.6100000000 0.0012992682
4.6200000000 0.0014160024
4.6300000000 0.0015433144
4.6400000000 0.0016795569
4.6500000000 0.0018223716
4.6600000000 0.0019687587
4.6700000000 0.0021154078
4.6800000000 0.0022591955
4.6900000000 0.0023980439
4.7000000000 0.0025317325
4.7100000000 0.0026625376
4.7200000000 0.0027952423
4.7300000000 0.0029365131
4.7400000000 0.0030938282
4.7500000000 0.0032743753
4.7600000000 0.0034843113
4.7700000000 0.0037284383
4.7800000000 0.0040103615
4.7900000000 0.0043328412
4.8000000000 0.0046982009
4.8100000000 0.0051086667
4.8200000000 0.0055665243
4.8300000000 0.0060742477
4.8400000000 0.0066344156
4.8500000000 0.0072496538
4.8600000000 0.0079225192
4.8700000000 0.0086553812
4.8800000000 0.0094501140
4.8900000000 0.0103077423
4.9000000000 0.0112277202
4.9100000000 0.0122069673
4.9200000000 0.0132387159
4.9300000000 0.0143114905
4.9400000000 0.0154085940
4.9500000000 0.0165084612
4.9600000000 0.0175866981
4.9700000000 0.0186194573
4.9800000000 0.0195879384
4.9900000000 0.0204829206
5.0000000000 0.0213077821
5.0100000000 0.0220791162
5.0200000000 0.0228242681
5.0300000000 0.0235757704
5.0400000000 0.0243642922
5.0500000000 0.0252114197
5.0600000000 0.0261245572
5.0700000000 0.0270948046
5.0800000000 0.0280976522
5.0900000000 0.0290950070
5.1000000000 0.0300378417
5.1100000000 0.0308688781
5.1200000000 0.0315265869
5.1300000000 0.0319523821
5.1400000000 0.0321005408
5.1500000000 0.0319489867
5.1600000000 0.0315063714
5.1700000000 0.0308121167
5.1800000000 0.0299290705
5.1900000000 0.0289318239
5.2000000000 0.0278943100
5.2100000000 0.0268795050
5.2200000000 0.0259317819
5.2300000000 0.0250718627
5.2400000000 0.0242952162
5.2500000000 0.0235751484
5.2600000000 0.0228710450
5.2700000000 0.0221409362
5.2800000000 0.0213546025
5.2900000000 0.0205032385
5.3000000000 0.0196020945
5.3100000000 0.0186853195
5.3200000000 0.0177952220
5.3300000000 0.0169706660
5.3400000000 0.0162381809
5.3500000000 0.0156072668
5.3600000000 0.0150704906
5.3700000000 0.0146075007
5.3800000000 0.0141917794
5.3900000000 0.0137991721
5.4000000000 0.0134159307
5.4100000000 0.0130437188
5.4200000000 0.0126999644
5.4300000000 0.0124138425
5.4400000000 0.0122200459
5.4500000000 0.0121525792
5.4600000000 0.0122407750
5.4700000000 0.0125075401
5.4800000000 0.0129689668
5.4900000000 0.0136345561
5.5000000000 0.0145072241
5.5100000000 0.0155826440
5.5200000000 0.0168481143
5.5300000000 0.0182814141
5.5400000000 0.0198498429
5.5500000000 0.0215097161
5.5600000000 0.0232069070
5.5700000000 0.0248784530
5.5800000000 0.0264551317
5.5900000000 0.0278648697
5.6000000000 0.0290371269
5.6100000000 0.0299090363
5.6200000000 0.0304335727
5.6300000000 0.0305894063
5.6400000000 0.0303884392
5.6500000000 0.0298773900
5.6600000000 0.0291307228
5.6700000000 0.0282364460
5.6800000000 0.0272800577
5.6900000000 0.0263311032
5.7000000000 0.0254364280
5.7100000000 0.0246193233
5.7200000000 0.0238832887
5.7300000000 0.0232178774
5.7400000000 0.0226052672
5.7500000000 0.0220272182
5.7600000000 0.0214713138
5.7700000000 0.0209341668
5.7800000000 0.0204208640
5.7900000000 0.0199401178
5.8000000000 0.0194981928
5.8100000000 0.0190945044
5.8200000000 0.0187208219
5.8300000000 0.0183638852
5.8400000000 0.0180089808
5.8500000000 0.0176425565
5.8600000000 0.0172536207
5.8700000000 0.0168338514
5.8800000000 0.0163772636
5.8900000000 0.0158799560
5.9000000000 0.0153401701
5.9100000000 0.0147595126
5.9200000000 0.0141451228
5.9300000000 0.0135121634
5.9400000000 0.0128845560
5.9500000000 0.0122931988
5.9600000000 0.0117721171
5.9700000000 0.0113541930
5.9800000000 0.0110676727
5.9900000000 0.0109344978
6.0000000000 0.0109697845
6.0100000000 0.0111825510
6.0200000000 0.0115766639
6.0300000000 0.0121521219
6.0400000000 0.0129057015
6.0500000000 0.0138314262
6.0600000000 0.0149199458
6.0700000000 0.0161579427
6.0800000000 0.0175271601
6.0900000000 0.0190038979
6.1000000000 0.0205587764
6.1100000000 0.0221572837
6.1200000000 0.0237611271
6.1300000000 0.0253305315
6.1400000000 0.0268274929
6.1500000000 0.0282179673
6.1600000000 0.0294730839
6.1700000000 0.0305688891
6.1800000000 0.0314842931
6.1900000000 0.0321993320
6.2000000000 0.0326929513
6.2100000000 0.0329432362
6.2200000000 0.0329305585
6.2300000000 0.0326433136
6.2400000000 0.0320846441
6.2500000000 0.0312768164
6.2600000000 0.0302611128
6.2700000000 0.0290923259
6.2800000000 0.0278297580
6.2900000000 0.0265287989
6.3000000000 0.0252344672
6.3100000000 0.0239795168
6.3200000000 0.0227847092
6.3300000000 0.0216605869
6.3400000000 0.0206090422
6.3500000000 0.0196252438
6.3600000000 0.0186998976
6.3700000000 0.0178226330
6.3800000000 0.0169858644
6.3900000000 0.0161885084
6.4000000000 0.0154381351
6.4100000000 0.0147508063
6.4200000000 0.0141483333
6.4300000000 0.0136537754
6.4400000000 0.0132862354
6.4500000000 0.0130568345
6.4600000000 0.0129661744
6.4700000000 0.0130038571
6.4800000000 0.0131499330
6.4900000000 0.0133778049
6.5000000000 0.0136581945
6.5100000000 0.0139635645
6.5200000000 0.0142723092
6.5300000000 0.0145721093
6.5400000000 0.0148618585
6.5500000000 0.0151513906
6.5600000000 0.0154590800
6.5700000000 0.0158077775
6.5800000000 0.0162200391
6.5900000000 0.0167141775
6.6000000000 0.0173016458
6.6100000000 0.0179850149
6.6200000000 0.0187564078
6.6300000000 0.0195960499
6.6400000000 0.0204711642
6.6500000000 0.0213368213
6.6600000000 0.0221388459
6.6700000000 0.0228192921
6.6800000000 0.0233231173
6.6900000000 0.0236062881
6.7000000000 0.0236428294
6.7100000000 0.0234305929
6.7200000000 0.0229920623
6.7300000000 0.0223703549
6.7400000000 0.0216205387
6.7500000000 0.0208002756
6.7600000000 0.0199631240
6.7700000000 0.0191552505
6.7800000000 0.0184149903
6.7900000000 0.0177737507
6.8000000000 0.0172558334
6.8100000000 0.0168778792
6.8200000000 0.0166478631
6.8300000000 0.0165648678
6.8400000000 0.0166199636
6.8500000000 0.0167976516
6.8600000000 0.0170782311
6.8700000000 0.0174403886
6.8800000000 0.0178639472
6.8900000000 0.0183336689
6.9000000000 0.0188422905
6.9100000000 0.0193926998
6.9200000000 0.0199971399
6.9300000000 0.0206730214
6.9400000000 0.0214360867
6.9500000000 0.0222931365
6.9600000000 0.0232360383
6.9700000000 0.0242395194
6.9800000000 0.0252634249
6.9900000000 0.0262599016
7.0000000000 0.0271833924
7.0100000000 0.0280008927
7.0200000000 0.0286995799
7.0300000000 0.0292889140
7.0400000000 0.0297971905
7.0500000000 0.0302634818
7.0600000000 0.0307270119
7.0700000000 0.0312165751
7.0800000000 0.0317431685
7.0900000000 0.0322976703
7.1000000000 0.0328529049
7.1100000000 0.0333695477
7.1200000000 0.0338038510
7.1300000000 0.0341157151
7.1400000000 0.0342763343
7.1500000000 0.0342732010
7.1600000000 0.0341122972
7.1700000000 0.0338164482
7.1800000000 0.0334210714
7.1900000000 0.0329687137
7.2000000000 0.0325024802
7.2100000000 0.0320594322
7.2200000000 0.0316657347
7.2300000000 0.0313349915
7.2400000000 0.0310691853
7.2500000000 0.0308621375
7.2600000000 0.0307026070
7.2700000000 0.0305765773
7.2800000000 0.0304688314
7.2900000000 0.0303652471
7.3000000000 0.0302555734
7.3100000000 0.0301370426
7.3200000000 0.0300161795
7.3300000000 0.0299075966
7.3400000000 0.0298297373
7.3500000000 0.0297988137
7.3600000000 0.0298243931
7.3700000000 0.0299083599
7.3800000000 0.0300480441
7.3900000000 0.0302410588
7.4000000000 0.0304896257
7.4100000000 0.0308015400
7.4200000000 0.0311884832
7.4300000000 0.0316629293
7.4400000000 0.0322354137
7.4500000000 0.0329126349
7.4600000000 0.0336959103
7.4700000000 0.0345793918
7.4800000000 0.0355472972
7.4900000000 0.0365728825
7.5000000000 0.0376200173
7.5100000000 0.0386495779
7.5200000000 0.0396295168
7.5300000000 0.0405449282
7.5400000000 0.0414045355
7.5500000000 0.0422413475
7.5600000000 0.0431079630
7.5700000000 0.0440675512
7.5800000000 0.0451828033
7.5900000000 0.0465050794
7.6000000000 0.0480664912
7.6100000000 0.0498761198
7.6200000000 0.0519216046
7.6300000000 0.0541737678
7.6400000000 0.0565944063
7.6500000000 0.0591440051
7.6600000000 0.0617888597
7.6700000000 0.0645043417
7.6800000000 0.0672720608
7.6900000000 0.0700722417
7.7000000000 0.0728736518
7.7100000000 0.0756283557
7.7200000000 0.0782750313
7.7300000000 0.0807502760
7.7400000000 0.0830026799
7.7500000000 0.0850007124
7.7600000000 0.0867336025
7.7700000000 0.0882058577
7.7800000000 0.0894333640
7.7900000000 0.0904435147
7.8000000000 0.0912783373
7.8100000000 0.0919943493
7.8200000000 0.0926560515
7.8300000000 0.0933231115
7.8400000000 0.0940387835
7.8500000000 0.0948242581
7.8600000000 0.0956847711
7.8700000000 0.0966225541
7.8800000000 0.0976511891
7.8900000000 0.0988014102
7.9000000000 0.1001129004
7.9100000000 0.1016148588
7.9200000000 0.1033043276
7.9300000000 0.1051339092
7.9400000000 0.1070138074
7.9500000000 0.1088285688
7.9600000000 0.1104584933
7.9700000000 0.1117988923
7.9800000000 0.1127716446
7.9900000000 0.1133313670
8.0000000000 0.1134674570
8.0100000000 0.1132066765
8.0200000000 0.1126126217
8.0300000000 0.1117813062
8.0400000000 0.1108310977
8.0500000000 0.1098874775
8.0600000000 0.1090675565
8.0700000000 0.1084649194
8.0800000000 0.1081389652
8.0900000000 0.1081068311
8.1000000000 0.1083391226
8.1100000000 0.1087595846
8.1200000000 0.1092496697
8.1300000000 0.1096628179
8.1400000000 0.1098484883
8.1500000000 0.1096847909
8.1600000000 0.1091080947
8.1700000000 0.1081275804
8.1800000000 0.1068177088
8.1900000000 0.1052922494
8.2000000000 0.1036712141
8.2100000000 0.1020529506
8.2200000000 0.1004968065
8.2300000000 0.0990170297
8.2400000000 0.0975864516
8.2500000000 0.0961482687
8.2600000000 0.0946340533
8.2700000000 0.0929839987
8.2800000000 0.0911633624
8.2900000000 0.0891702361
8.3000000000 0.0870323117
8.3100000000 0.0847967186
8.3200000000 0.0825155921
8.3300000000 0.0802333807
8.3400000000 0.0779790044
8.3500000000 0.0757634152
8.3600000000 0.0735853335
8.3700000000 0.0714401518
8.3800000000 0.0693298171
8.3900000000 0.0672685496
8.4000000000 0.0652818733
8.4100000000 0.0634001000
8.4200000000 0.0616509760
8.4300000000 0.0600547396
8.4400000000 0.0586234845
8.4500000000 0.0573631709
8.4600000000 0.0562744573
8.4700000000 0.0553514023
8.4800000000 0.0545788518
8.4900000000 0.0539303959
8.5000000000 0.0533702157
8.5100000000 0.0528582406
8.5200000000 0.0523565790
8.5300000000 0.0518357962
8.5400000000 0.0512790356
8.5500000000 0.0506813392
8.5600000000 0.0500461709
8.5700000000 0.0493799989
8.5800000000 0.0486876288
8.5900000000 0.0479706691
8.6000000000 0.0472290976
8.6100000000 0.0464645786
8.6200000000 0.0456843204
8.6300000000 0.0449034899
8.6400000000 0.0441451509
8.6500000000 0.0434373236
8.6600000000 0.0428077383
8.6700000000 0.0422778889
8.6800000000 0.0418593571
8.6900000000 0.0415534400
8.7000000000 0.0413544837
8.7100000000 0.0412541410
8.7200000000 0.0412454582
8.7300000000 0.0413242154
8.7400000000 0.0414887984
8.7500000000 0.0417371553
8.7600000000 0.0420637027
8.7700000000 0.0424560242
8.7800000000 0.0428926684
8.7900000000 0.0433427500
8.8000000000 0.0437676486
8.8100000000 0.0441241380
8.8200000000 0.0443686793
8.8300000000 0.0444614330
8.8400000000 0.0443701823
8.8500000000 0.0440740547
8.8600000000 0.0435658578
8.8700000000 0.0428533955
8.8800000000 0.0419582113
8.8900000000 0.0409131800
8.9000000000 0.0397585851
8.9100000000 0.0385391473
8.9200000000 0.0373002118
8.9300000000 0.0360845607
8.9400000000 0.0349295039
8.9500000000 0.0338644330
8.9600000000 0.0329096429
8.9700000000 0.0320761069
8.9800000000 0.0313660135
8.9900000000 0.0307740790
9.0000000000 0.0302881739
9.0100000000 0.0298899891
9.0200000000 0.0295563382
9.0300000000 0.0292608998
9.0400000000 0.0289780142
9.0500000000 0.0286865792
9.0600000000 0.0283732280
9.0700000000 0.0280331903
9.0800000000 0.0276695708
9.0900000000 0.0272917058
9.1000000000 0.0269123735
9.1100000000 0.0265460238
9.1200000000 0.0262067435
9.1300000000 0.0259063789
9.1400000000 0.0256527196
9.1500000000 0.0254481479
9.1600000000 0.0252896816
9.1700000000 0.0251695759
9.1800000000 0.0250772994
9.1900000000 0.0250012830
9.2000000000 0.0249304942
9.2100000000 0.0248560059
9.2200000000 0.0247720429
9.2300000000 0.0246762787
9.2400000000 0.0245694376
9.2500000000 0.0244530676
9.2600000000 0.0243271629
9.2700000000 0.0241880804
9.2800000000 0.0240279399
9.2900000000 0.0238361425
9.3000000000 0.0236023045
9.3100000000 0.0233195465
9.3200000000 0.0229869197
9.3300000000 0.0226104135
9.3400000000 0.0222015070
9.3500000000 0.0217749708
9.3600000000 0.0213457520
9.3700000000 0.0209263451
9.3800000000 0.0205255474
9.3900000000 0.0201478948
9.4000000000 0.0197946556
9.4100000000 0.0194643240
9.4200000000 0.0191532093
9.4300000000 0.0188559916
9.4400000000 0.0185660742
9.4500000000 0.0182770233
9.4600000000 0.0179836519
9.4700000000 0.0176838070
9.4800000000 0.0173787922
9.4900000000 0.0170731691
9.5000000000 0.0167732932
9.5100000000 0.0164853525
9.5200000000 0.0162136611
9.5300000000 0.0159595429
9.5400000000 0.0157220016
9.5500000000 0.0154996111
9.5600000000 0.0152931073
9.5700000000 0.0151066025
9.5800000000 0.0149474974
9.5900000000 0.0148245561
9.6000000000 0.0147451617
9.6100000000 0.0147136234
9.6200000000 0.0147305788
9.6300000000 0.0147939243
9.6400000000 0.0149004771
9.6500000000 0.0150472495
9.6600000000 0.0152317056
9.6700000000 0.0154509435
9.6800000000 0.0157001113
9.6900000000 0.0159708371
9.7000000000 0.0162506655
9.7100000000 0.0165232233
9.7200000000 0.0167693129
9.7300000000 0.0169683834
9.7400000000 0.0170999542
9.7500000000 0.0171451840
9.7600000000 0.0170888849
9.7700000000 0.0169216824
9.7800000000 0.0166419870
9.7900000000 0.0162573608
9.8000000000 0.0157837545
9.8100000000 0.0152442793
9.8200000000 0.0146661817
9.8300000000 0.0140776066
9.8400000000 0.0135047468
9.8500000000 0.0129693541
9.8600000000 0.0124873717
9.8700000000 0.0120685077
9.8800000000 0.0117164416
9.8900000000 0.0114297384
9.9000000000 0.0112030841
9.9100000000 0.0110287185
9.9200000000 0.0108980068
9.9300000000 0.0108026981
9.9400000000 0.0107364187
9.9500000000 0.0106952336
9.9600000000 0.0106773507
9.9700000000 0.0106823560
9.9800000000 0.0107096633
9.9900000000 0.0107572300
10.0000000000 0.0108201948
10.0100000000 0.0108904962
10.0200000000 0.0109572483
10.0300000000 0.0110079554
10.0400000000 0.0110306800
10.0500000000 0.0110161723
10.0600000000 0.0109595973
10.0700000000 0.0108605434
10.0800000000 0.0107225698
10.0900000000 0.0105522625
10.1000000000 0.0103582131
10.1100000000 0.0101507073
10.1200000000 0.0099409602
10.1300000000 0.0097399964
10.1400000000 0.0095574400
10.1500000000 0.0094004909
10.1600000000 0.0092729501
10.1700000000 0.0091751425
10.1800000000 0.0091043641
10.1900000000 0.0090556554
10.2000000000 0.0090233226
10.2100000000 0.0090023645
10.2200000000 0.0089898524
10.2300000000 0.0089852653
10.2400000000 0.0089904095
10.2500000000 0.0090084686
10.2600000000 0.0090432315
10.2700000000 0.0090982402
10.2800000000 0.0091762476
10.2900000000 0.0092786004
10.3000000000 0.0094050433
10.3100000000 0.0095537683
10.3200000000 0.0097215432
10.3300000000 0.0099038469
10.3400000000 0.0100943203
10.3500000000 0.0102838848
10.3600000000 0.0104601391
10.3700000000 0.0106081583
10.3800000000 0.0107130056
10.3900000000 0.0107634874
10.4000000000 0.0107553260
10.4100000000 0.0106926376
10.4200000000 0.0105870077
10.4300000000 0.0104547412
10.4400000000 0.0103136562
10.4500000000 0.0101801467
10.4600000000 0.0100670559
10.4700000000 0.0099823006
10.4800000000 0.0099285208
10.4900000000 0.0099030352
10.5000000000 0.0098988329
10.5100000000 0.0099059570
10.5200000000 0.0099138364
10.5300000000 0.0099134331
10.5400000000 0.0098993337
10.5500000000 0.0098707648
10.5600000000 0.0098313026
10.5700000000 0.0097873963
10.5800000000 0.0097455720
10.5900000000 0.0097102729
10.6000000000 0.0096823100
10.6100000000 0.0096595817
10.6200000000 0.0096390482
10.6300000000 0.0096192390
10.6400000000 0.0096020507
10.6500000000 0.0095924089
10.6600000000 0.0095969203
10.6700000000 0.0096216244
10.6800000000 0.0096704718
10.6900000000 0.0097444244
10.7000000000 0.0098414045
10.7100000000 0.0099573529
10.7200000000 0.0100877110
10.7300000000 0.0102297814
10.7400000000 0.0103845069
10.7500000000 0.0105570426
10.7600000000 0.0107559939
10.7700000000 0.0109913365
10.7800000000 0.0112722080
10.7900000000 0.0116053286
10.8000000000 0.0119941001
10.8100000000 0.0124387464
10.8200000000 0.0129367771
10.8300000000 0.0134834960
10.8400000000 0.0140724624
10.8500000000 0.0146953203
10.8600000000 0.0153415547
10.8700000000 0.0159978485
10.8800000000 0.0166478408
10.8900000000 0.0172725154
10.9000000000 0.0178514058
10.9100000000 0.0183646554
10.9200000000 0.0187951171
10.9300000000 0.0191295498
10.9400000000 0.0193604149
10.9500000000 0.0194867605
10.9600000000 0.0195155835
10.9700000000 0.0194622167
10.9800000000 0.0193488181
10.9900000000 0.0192005655
11.0000000000 0.0190407043
11.0100000000 0.0188865632
11.0200000000 0.0187482527
11.0300000000 0.0186306852
11.0400000000 0.0185373020
11.0500000000 0.0184725372
11.0600000000 0.0184423437
11.0700000000 0.0184515216
11.0800000000 0.0185002675
11.0900000000 0.0185817133
11.1000000000 0.0186815374
11.1100000000 0.0187810698
11.1200000000 0.0188611558
11.1300000000 0.0189069313
11.1400000000 0.0189101925
11.1500000000 0.0188698878
11.1600000000 0.0187906819
11.1700000000 0.0186809048
11.1800000000 0.0185508756
11.1900000000 0.0184121111
11.2000000000 0.0182762272
11.2100000000 0.0181535563
11.2200000000 0.0180516280
11.2300000000 0.0179731379
11.2400000000 0.0179153226
11.2500000000 0.0178708798
11.2600000000 0.0178299012
11.2700000000 0.0177822903
11.2800000000 0.0177201741
11.2900000000 0.0176386978
11.3000000000 0.0175362589
11.3100000000 0.0174144459
11.3200000000 0.0172776912
11.3300000000 0.0171327437
11.3400000000 0.0169891388
11.3500000000 0.0168589414
11.3600000000 0.0167562862
11.3700000000 0.0166962245
11.3800000000 0.0166924625
11.3900000000 0.0167549286
11.4000000000 0.0168871641
11.4100000000 0.0170851502
11.4200000000 0.0173369347
11.4300000000 0.0176242030
11.4400000000 0.0179246907
11.4500000000 0.0182154559
11.4600000000 0.0184763375
11.4700000000 0.0186929498
11.4800000000 0.0188587029
11.4900000000 0.0189747918
11.5000000000 0.0190485793
11.5100000000 0.0190903722
11.5200000000 0.0191098736
11.5300000000 0.0191138601
11.5400000000 0.0191045647
11.5500000000 0.0190795224
11.5600000000 0.0190325252
11.5700000000 0.0189552414
11.5800000000 0.0188400475
11.5900000000 0.0186819900
11.6000000000 0.0184801199
11.6100000000 0.0182365073
11.6200000000 0.0179541287
11.6300000000 0.0176350348
11.6400000000 0.0172795673
11.6500000000 0.0168877838
11.6600000000 0.0164622166
11.6700000000 0.0160098132
11.6800000000 0.0155424693
11.6900000000 0.0150755329
11.7000000000 0.0146253063
11.7100000000 0.0142073784
11.7200000000 0.0138353260
11.7300000000 0.0135205818
11.7400000000 0.0132727078
11.7500000000 0.0130991812
11.7600000000 0.0130050105
11.7700000000 0.0129918532
11.7800000000 0.0130572767
11.7900000000 0.0131943295
11.8000000000 0.0133925799
11.8100000000 0.0136401445
11.8200000000 0.0139260691
11.8300000000 0.0142424714
11.8400000000 0.0145849836
11.8500000000 0.0149524887
11.8600000000 0.0153452345
11.8700000000 0.0157634244
11.8800000000 0.0162053622
11.8900000000 0.0166670930
11.9000000000 0.0171426192
11.9100000000 0.0176257566
11.9200000000 0.0181127924
11.9300000000 0.0186049673
11.9400000000 0.0191097413
11.9500000000 0.0196395278
11.9600000000 0.0202083963
11.9700000000 0.0208265902
11.9800000000 0.0214954705
11.9900000000 0.0222034979
12.0000000000 0.0229260030
12.0100000000 0.0236280113
12.0200000000 0.0242705897
12.0300000000 0.0248190187
12.0400000000 0.0252508173
12.0500000000 0.0255608893
12.0600000000 0.0257630189
12.0700000000 0.0258857757
12.0800000000 0.0259644142
12.0900000000 0.0260312521
12.1000000000 0.0261082046
12.1100000000 0.0262036984
12.1200000000 0.0263153471
12.1300000000 0.0264355927
12.1400000000 0.0265587487
12.1500000000 0.0266852163
12.1600000000 0.0268222882
12.1700000000 0.0269835442
12.1800000000 0.0271875203
12.1900000000 0.0274580088
12.2000000000 0.0278234161
12.2100000000 0.0283152252
12.2200000000 0.0289644385
12.2300000000 0.0297967961
12.2400000000 0.0308290775
12.2500000000 0.0320653057
12.2600000000 0.0334945857
12.2700000000 0.0350889103
12.2800000000 0.0368026958
12.2900000000 0.0385748794
12.3000000000 0.0403327173
12.3100000000 0.0420001672
12.3200000000 0.0435086230
12.3300000000 0.0448094548
12.3400000000 0.0458854129
12.3500000000 0.0467561619
12.3600000000 0.0474748088
12.3700000000 0.0481147642
12.3800000000 0.0487521097
12.3900000000 0.0494476082
12.4000000000 0.0502360558
12.4100000000 0.0511238139
12.4200000000 0.0520952894
12.4300000000 0.0531242590
12.4400000000 0.0541888152
12.4500000000 0.0552825255
12.4600000000 0.0564209858
12.4700000000 0.0576398458
12.4800000000 0.0589851562
12.4900000000 0.0605004919
12.5000000000 0.0622146342
12.5100000000 0.0641341419
12.5200000000 0.0662424623
12.5300000000 0.0685062261
12.5400000000 0.0708830225
12.5500000000 0.0733315637
12.5600000000 0.0758186668
12.5700000000 0.0783231323
12.5800000000 0.0808338372
12.5900000000 0.0833436710
12.6000000000 0.0858409747
12.6100000000 0.0883012937
12.6200000000 0.0906829929
12.6300000000 0.0929289828
12.6400000000 0.0949755481
12.6500000000 0.0967660003
12.6600000000 0.0982626431
12.6700000000 0.0994507841
12.6800000000 0.1003366851
12.6900000000 0.1009397990
12.7000000000 0.1012885515
12.7100000000 0.1014191544
12.7200000000 0.1013755376
12.7300000000 0.1012043278
12.7400000000 0.1009420749
12.7500000000 0.1005987914
12.7600000000 0.1001448686
12.7700000000 0.0995107573
12.7800000000 0.0985989849
12.7900000000 0.0973096320
12.8000000000 0.0955694308
12.8100000000 0.0933585554
12.8200000000 0.0907264434
12.8300000000 0.0877885446
12.8400000000 0.0847072148
12.8500000000 0.0816597255
12.8600000000 0.0788060994
12.8700000000 0.0762629507
12.8800000000 0.0740899234
12.8900000000 0.0722909245
12.9000000000 0.0708276506
12.9100000000 0.0696424523
12.9200000000 0.0686836962
12.9300000000 0.0679223056
12.9400000000 0.0673559874
12.9500000000 0.0670001191
12.9600000000 0.0668709597
12.9700000000 0.0669718586
12.9800000000 0.0672875886
12.9900000000 0.0677890057
13.0000000000 0.0684427013
13.0100000000 0.0692212164
13.0200000000 0.0701061493
13.0300000000 0.0710863883
13.0400000000 0.0721531657
13.0500000000 0.0732954483
13.0600000000 0.0744947771
13.0700000000 0.0757183782
13.0800000000 0.0769119676
13.0900000000 0.0779958018
13.1000000000 0.0788697057
13.1100000000 0.0794258552
13.1200000000 0.0795677753
13.1300000000 0.0792286426
13.1400000000 0.0783837563
13.1500000000 0.0770541558
13.1600000000 0.0752991395
13.1700000000 0.0732033105
13.1800000000 0.0708593337
13.1900000000 0.0683564986
13.2000000000 0.0657731042
13.2100000000 0.0631762500
13.2200000000 0.0606237300
13.2300000000 0.0581666259
13.2400000000 0.0558507183
13.2500000000 0.0537149615
13.2600000000 0.0517898473
13.2700000000 0.0500953371
13.2800000000 0.0486389196
13.2900000000 0.0474141881
13.3000000000 0.0464009547
13.3100000000 0.0455676064
13.3200000000 0.0448760130
13.3300000000 0.0442892551
13.3400000000 0.0437797908
13.3500000000 0.0433361192
13.3600000000 0.0429646792
13.3700000000 0.0426871313
13.3800000000 0.0425331647
13.3900000000 0.0425306894
13.4000000000 0.0426969435
13.4100000000 0.0430327719
13.4200000000 0.0435219913
13.4300000000 0.0441386877
13.4400000000 0.0448576954
13.4500000000 0.0456657463
13.4600000000 0.0465666811
13.4700000000 0.0475783725
13.4800000000 0.0487236952
13.4900000000 0.0500214829
13.5000000000 0.0514818080
13.5100000000 0.0531092807
13.5200000000 0.0549098904
13.5300000000 0.0568970557
13.5400000000 0.0590913296
13.5500000000 0.0615109559
13.5600000000 0.0641561402
13.5700000000 0.0669957673
13.5800000000 0.0699608689
13.5900000000 0.0729491217
13.6000000000 0.0758374355
13.6100000000 0.0784974464
13.6200000000 0.0808089987
13.6300000000 0.0826683788
13.6400000000 0.0839952818
13.6500000000 0.0847389400
13.6600000000 0.0848866017
13.6700000000 0.0844705665
13.6800000000 0.0835704757
13.6900000000 0.0823070967
13.7000000000 0.0808258225
13.7100000000 0.0792757869
13.7200000000 0.0777864164
13.7300000000 0.0764473923
13.7400000000 0.0752962461
13.7500000000 0.0743161442
13.7600000000 0.0734454432
13.7700000000 0.0725974767
13.7800000000 0.0716856363
13.7900000000 0.0706453443
13.8000000000 0.0694469325
13.8100000000 0.0680960899
13.8200000000 0.0666275885
13.8300000000 0.0650945222
13.8400000000 0.0635589470
13.8500000000 0.0620845730
13.8600000000 0.0607298448
13.8700000000 0.0595418996
13.8800000000 0.0585504158
13.8900000000 0.0577627280
13.9000000000 0.0571634222
13.9100000000 0.0567177324
13.9200000000 0.0563791300
13.9300000000 0.0560976297
13.9400000000 0.0558260275
13.9500000000 0.0555248541
13.9600000000 0.0551673589
13.9700000000 0.0547433812
13.9800000000 0.0542620003
13.9900000000 0.0537508790
14.0000000000 0.0532500025
14.0100000000 0.0528033309
14.0200000000 0.0524484143
14.0300000000 0.0522090118
14.0400000000 0.0520920396
14.0500000000 0.0520886882
14.0600000000 0.0521820784
14.0700000000 0.0523561986
14.0800000000 0.0526071914
14.0900000000 0.0529495632
14.1000000000 0.0534178862
14.1100000000 0.0540623721
14.1200000000 0.0549382608
14.1300000000 0.0560934770
14.1400000000 0.0575574128
14.1500000000 0.0593338866
14.1600000000 0.0614004677
14.1700000000 0.0637128143
14.1800000000 0.0662132439
14.1900000000 0.0688385653
14.2000000000 0.0715246410
14.2100000000 0.0742081456
14.2200000000 0.0768252637
14.2300000000 0.0793108139
14.2400000000 0.0815964253
14.2500000000 0.0836105964
14.2600000000 0.0852778612
14.2700000000 0.0865201701
14.2800000000 0.0872628232
14.2900000000 0.0874459915
14.3000000000 0.0870378025
14.3100000000 0.0860443854
14.3200000000 0.0845126997
14.3300000000 0.0825237679
14.3400000000 0.0801812061
14.3500000000 0.0776003680
14.3600000000 0.0748970824
14.3700000000 0.0721808038
14.3800000000 0.0695466769
14.3900000000 0.0670714810
14.4000000000 0.0648099444
14.4100000000 0.0627946848
14.4200000000 0.0610393403
14.4300000000 0.0595421982
14.4400000000 0.0582920922
14.4500000000 0.0572721248
14.4600000000 0.0564632206
14.4700000000 0.0558453756
14.4800000000 0.0553993200
14.4900000000 0.0551062964
14.5000000000 0.0549472605
14.5100000000 0.0549022572
14.5200000000 0.0549496691
14.5300000000 0.0550680371
14.5400000000 0.0552382722
14.5500000000 0.0554449169
14.5600000000 0.0556750601
14.5700000000 0.0559132229
14.5800000000 0.0561374116
14.5900000000 0.0563165329
14.6000000000 0.0564124329
14.6100000000 0.0563870102
14.6200000000 0.0562099838
14.6300000000 0.0558662841
14.6400000000 0.0553593934
14.6500000000 0.0547112661
14.6600000000 0.0539596585
14.6700000000 0.0531530847
14.6800000000 0.0523451469
14.6900000000 0.0515878605
14.7000000000 0.0509248603
14.7100000000 0.0503873011
14.7200000000 0.0499909724
14.7300000000 0.0497367757
14.7400000000 0.0496112437
14.7500000000 0.0495882202
14.7600000000 0.0496324111
14.7700000000 0.0497056676
14.7800000000 0.0497750675
14.7900000000 0.0498214755
14.8000000000 0.0498445157
14.8100000000 0.0498626124
14.8200000000 0.0499071354
14.8300000000 0.0500130887
14.8400000000 0.0502091472
14.8500000000 0.0505103226
14.8600000000 0.0509146916
14.8700000000 0.0514033353
14.8800000000 0.0519460892
14.8900000000 0.0525101275
14.9000000000 0.0530708126
14.9100000000 0.0536236693
14.9200000000 0.0541893867
14.9300000000 0.0548114593
14.9400000000 0.0555449150
14.9500000000 0.0564422621
14.9600000000 0.0575390431
14.9700000000 0.0588447860
14.9800000000 0.0603385916
14.9900000000 0.0619681996
15.0000000000 0.0636527884
15.0100000000 0.0652882342
15.0200000000 0.0667584137
15.0300000000 0.0679498020
15.0400000000 0.0687682930
15.0500000000 0.0691517626
15.0600000000 0.0690771098
15.0700000000 0.0685595851
15.0800000000 0.0676471686
15.0900000000 0.0664118401
15.1000000000 0.0649408683
15.1100000000 0.0633258431
15.1200000000 0.0616532673
15.1300000000 0.0599966342
15.1400000000 0.0584115701
15.1500000000 0.0569356648
15.1600000000 0.0555904812
15.1700000000 0.0543845368
15.1800000000 0.0533161764
15.1900000000 0.0523753553
15.2000000000 0.0515442098
15.2100000000 0.0507992238
15.2200000000 0.0501125276
15.2300000000 0.0494552676
15.2400000000 0.0488007455
15.2500000000 0.0481270233
15.2600000000 0.0474197531
15.2700000000 0.0466747274
15.2800000000 0.0458994505
15.2900000000 0.0451130942
15.3000000000 0.0443446008
15.3100000000 0.0436281423
15.3200000000 0.0429973096
15.3300000000 0.0424784808
15.3400000000 0.0420860735
15.3500000000 0.0418199881
15.3600000000 0.0416658529
15.3700000000 0.0415971286
15.3800000000 0.0415792645
15.3900000000 0.0415749321
15.4000000000 0.0415492309
15.4100000000 0.0414754295
15.4200000000 0.0413388645
15.4300000000 0.0411370978
15.4400000000 0.0408788968
15.4500000000 0.0405802811
15.4600000000 0.0402623159
15.4700000000 0.0399482181
15.4800000000 0.0396624476
15.4900000000 0.0394289334
15.5000000000 0.0392680211
15.5100000000 0.0391940590
15.5200000000 0.0392109427
15.5300000000 0.0393099372
15.5400000000 0.0394699855
15.5500000000 0.0396615255
15.5600000000 0.0398536603
15.5700000000 0.0400237716
15.5800000000 0.0401635206
15.5900000000 0.0402816252
15.6000000000 0.0403991040
15.6100000000 0.0405406183
15.6200000000 0.0407255117
15.6300000000 0.0409612897
15.6400000000 0.0412427246
15.6500000000 0.0415547934
15.6600000000 0.0418803582
15.6700000000 0.0422070622
15.6800000000 0.0425338792
15.6900000000 0.0428727536
15.7000000000 0.0432470489
15.7100000000 0.0436844149
15.7200000000 0.0442083918
15.7300000000 0.0448296303
15.7400000000 0.0455408120
15.7500000000 0.0463158077
15.7600000000 0.0471142577
15.7700000000 0.0478875923
15.7800000000 0.0485847427
15.7900000000 0.0491574478
15.8000000000 0.0495648182
15.8100000000 0.0497766715
15.8200000000 0.0497782677
15.8300000000 0.0495718420
15.8400000000 0.0491756611
15.8500000000 0.0486193986
15.8600000000 0.0479358872
15.8700000000 0.0471541739
15.8800000000 0.0462955156
15.8900000000 0.0453724860
15.9000000000 0.0443934251
15.9100000000 0.0433663826
15.9200000000 0.0423034223
15.9300000000 0.0412222229
15.9400000000 0.0401452991
15.9500000000 0.0390987649
15.9600000000 0.0381098259
15.9700000000 0.0372042487
15.9800000000 0.0364034390
15.9900000000 0.0357230687
16.0000000000 0.0351703976
16.0100000000 0.0347438959
16.0200000000 0.0344335430
16.0300000000 0.0342219685
16.0400000000 0.0340876230
16.0500000000 0.0340083428
16.0600000000 0.0339652541
16.0700000000 0.0339457089
16.0800000000 0.0339443649
16.0900000000 0.0339618658
16.1000000000 0.0340026019
16.1100000000 0.0340709792
16.1200000000 0.0341689214
16.1300000000 0.0342933192
16.1400000000 0.0344356743
16.1500000000 0.0345835292
16.1600000000 0.0347231742
16.1700000000 0.0348437506
16.1800000000 0.0349405045
16.1900000000 0.0350163477
16.2000000000 0.0350812018
16.2100000000 0.0351494496
16.2200000000 0.0352374313
16.2300000000 0.0353620050
16.2400000000 0.0355395852
16.2500000000 0.0357853884
16.2600000000 0.0361120195
16.2700000000 0.0365276348
16.2800000000 0.0370336422
16.2900000000 0.0376228339
16.3000000000 0.0382789959
16.3100000000 0.0389780115
16.3200000000 0.0396908197
16.3300000000 0.0403854749
16.3400000000 0.0410300709
16.3500000000 0.0415941217
16.3600000000 0.0420504172
16.3700000000 0.0423783439
16.3800000000 0.0425675985
16.3900000000 0.0426214319
16.4000000000 0.0425559434
16.4100000000 0.0423974296
16.4200000000 0.0421767371
16.4300000000 0.0419245564
16.4400000000 0.0416678089
16.4500000000 0.0414264491
16.4600000000 0.0412127245
16.4700000000 0.0410313896
16.4800000000 0.0408820130
16.4900000000 0.0407629645
16.5000000000 0.0406741264
16.5100000000 0.0406181268
16.5200000000 0.0405981958
16.5300000000 0.0406152139
16.5400000000 0.0406637634
16.5500000000 0.0407327898
16.5600000000 0.0408069774
16.5700000000 0.0408703667
16.5800000000 0.0409102293
16.5900000000 0.0409198322
16.6000000000 0.0408989950
16.6100000000 0.0408533908
16.6200000000 0.0407924795
16.6300000000 0.0407276017
16.6400000000 0.0406709803
16.6500000000 0.0406353030
16.6600000000 0.0406351811
16.6700000000 0.0406867068
16.6800000000 0.0408052898
16.6900000000 0.0410019992
16.7000000000 0.0412797469
16.7100000000 0.0416308256
16.7200000000 0.0420390892
16.7300000000 0.0424827780
16.7400000000 0.0429394942
16.7500000000 0.0433894897
16.7600000000 0.0438164271
16.7700000000 0.0442078307
16.7800000000 0.0445529604
16.7900000000 0.0448430738
16.8000000000 0.0450696510
16.8100000000 0.0452250883
16.8200000000 0.0453027536
16.8300000000 0.0452973793
16.8400000000 0.0452057205
16.8500000000 0.0450259524
16.8600000000 0.0447584269
16.8700000000 0.0444051180
16.8800000000 0.0439693790
16.8900000000 0.0434574345
16.9000000000 0.0428790615
16.9100000000 0.0422479195
16.9200000000 0.0415814497
16.9300000000 0.0408994323
16.9400000000 0.0402220641
16.9500000000 0.0395674150
16.9600000000 0.0389498913
16.9700000000 0.0383784547
16.9800000000 0.0378571408
16.9900000000 0.0373851163
17.0000000000 0.0369590527
17.0100000000 0.0365745033
17.0200000000 0.0362265494
17.0300000000 0.0359100097
17.0400000000 0.0356176697
17.0500000000 0.0353397371
17.0600000000 0.0350630487
17.0700000000 0.0347725167
17.0800000000 0.0344523965
17.0900000000 0.0340898431
17.1000000000 0.0336769931
17.1100000000 0.0332134219
17.1200000000 0.0327064584
17.1300000000 0.0321704761
17.1400000000 0.0316261074
17.1500000000 0.0310970902
17.1600000000 0.0306078205
17.1700000000 0.0301807996
17.1800000000 0.0298340940
17.1900000000 0.0295795858
17.2000000000 0.0294231871
17.2100000000 0.0293658161
17.2200000000 0.0294048586
17.2300000000 0.0295366669
17.2400000000 0.0297582320
17.2500000000 0.0300682627
17.2600000000 0.0304683581
17.2700000000 0.0309632055
17.2800000000 0.0315612361
17.2900000000 0.0322744964
17.3000000000 0.0331176158
17.3100000000 0.0341065346
17.3200000000 0.0352535209
17.3300000000 0.0365625245
17.3400000000 0.0380221237
17.3500000000 0.0396013353
17.3600000000 0.0412500205
17.3700000000 0.0429036047
17.3800000000 0.0444922239
17.3900000000 0.0459509086
17.4000000000 0.0472272094
17.4100000000 0.0482852742
17.4200000000 0.0491076705
17.4300000000 0.0496938187
17.4400000000 0.0500584600
17.4500000000 0.0502280652
17.4600000000 0.0502351743
17.4700000000 0.0501131036
17.4800000000 0.0498905900
17.4900000000 0.0495891154
17.5000000000 0.0492234380
17.5100000000 0.0488041863
17.5200000000 0.0483418399
17.5300000000 0.0478488512
17.5400000000 0.0473397594
17.5500000000 0.0468296926
17.5600000000 0.0463298867
17.5700000000 0.0458453210
17.5800000000 0.0453743572
17.5900000000 0.0449101794
17.6000000000 0.0444451012
17.6100000000 0.0439735159
17.6200000000 0.0434951205
17.6300000000 0.0430154623
17.6400000000 0.0425452880
17.6500000000 0.0420986091
17.6600000000 0.0416898498
17.6700000000 0.0413308081
17.6800000000 0.0410285754
17.6900000000 0.0407838044
17.7000000000 0.0405909167
17.7100000000 0.0404397951
17.7200000000 0.0403172146
17.7300000000 0.0402099766
17.7400000000 0.0401059416
17.7500000000 0.0399962090
17.7600000000 0.0398755199
17.7700000000 0.0397436713
17.7800000000 0.0396051452
17.7900000000 0.0394684339
17.8000000000 0.0393444496
17.8100000000 0.0392438733
17.8200000000 0.0391760358
17.8300000000 0.0391472712
17.8400000000 0.0391612007
17.8500000000 0.0392184053
17.8600000000 0.0393167756
17.8700000000 0.0394512045
17.8800000000 0.0396137886
17.8900000000 0.0397935314
17.9000000000 0.0399762239
17.9100000000 0.0401460657
17.9200000000 0.0402870520
17.9300000000 0.0403844042
17.9400000000 0.0404276987
17.9500000000 0.0404128445
17.9600000000 0.0403428096
17.9700000000 0.0402273443
17.9800000000 0.0400803363
17.9900000000 0.0399170547
18.0000000000 0.0397504316
18.0100000000 0.0395889455
18.0200000000 0.0394354974
18.0300000000 0.0392873124
18.0400000000 0.0391388760
18.0500000000 0.0389853436
18.0600000000 0.0388266182
18.0700000000 0.0386697251
18.0800000000 0.0385280510
18.0900000000 0.0384192828
18.1000000000 0.0383607948
18.1100000000 0.0383663106
18.1200000000 0.0384411035
18.1300000000 0.0385810407
18.1400000000 0.0387723163
18.1500000000 0.0389942025
18.1600000000 0.0392230042
18.1700000000 0.0394375468
18.1800000000 0.0396231728
18.1900000000 0.0397725142
18.2000000000 0.0398842621
18.2100000000 0.0399592336
18.2200000000 0.0399970590
18.2300000000 0.0399929165
18.2400000000 0.0399378325
18.2500000000 0.0398210032
18.2600000000 0.0396334101
18.2700000000 0.0393718684
18.2800000000 0.0390412582
18.2900000000 0.0386540472
18.3000000000 0.0382287394
18.3100000000 0.0377859423
18.3200000000 0.0373453973
18.3300000000 0.0369222308
18.3400000000 0.0365261919
18.3500000000 0.0361602320
18.3600000000 0.0358225117
18.3700000000 0.0355081111
18.3800000000 0.0352124443
18.3900000000 0.0349337303
18.4000000000 0.0346746740
18.4100000000 0.0344421248
18.4200000000 0.0342451399
18.4300000000 0.0340927594
18.4400000000 0.0339917409
18.4500000000 0.0339442991
18.4600000000 0.0339475249
18.4700000000 0.0339925215
18.4800000000 0.0340658036
18.4900000000 0.0341513707
18.5000000000 0.0342320814
18.5100000000 0.0342930211
18.5200000000 0.0343221787
18.5300000000 0.0343126444
18.5400000000 0.0342634444
18.5500000000 0.0341793626
18.5600000000 0.0340699735
18.5700000000 0.0339474296
18.5800000000 0.0338244854
18.5900000000 0.0337119681
18.6000000000 0.0336177819
18.6100000000 0.0335459740
18.6200000000 0.0334966809
18.6300000000 0.0334670876
18.6400000000 0.0334510271
18.6500000000 0.0334405885
18.6600000000 0.0334263463
18.6700000000 0.0333989698
18.6800000000 0.0333507538
18.6900000000 0.0332772017
18.7000000000 0.0331785147
18.7100000000 0.0330598169
18.7200000000 0.0329298927
18.7300000000 0.0327999162
18.7400000000 0.0326800248
18.7500000000 0.0325775937
18.7600000000 0.0324958149
18.7700000000 0.0324328235
18.7800000000 0.0323831086
18.7900000000 0.0323390580
18.8000000000 0.0322932103
18.8100000000 0.0322393301
18.8200000000 0.0321730183
18.8300000000 0.0320919312
18.8400000000 0.0319935493
18.8500000000 0.0318756564
18.8600000000 0.0317354987
18.8700000000 0.0315707142
18.8800000000 0.0313804405
18.8900000000 0.0311655760
18.9000000000 0.0309290840
18.9100000000 0.0306753502
18.9200000000 0.0304096965
18.9300000000 0.0301371366
18.9400000000 0.0298624983
18.9500000000 0.0295902495
18.9600000000 0.0293243267
18.9700000000 0.0290688235
18.9800000000 0.0288279889
18.9900000000 0.0286061456
19.0000000000 0.0284073667
19.0100000000 0.0282351901
19.0200000000 0.0280926488
19.0300000000 0.0279816790
19.0400000000 0.0279031848
19.0500000000 0.0278564625
19.0600000000 0.0278390390
19.0700000000 0.0278477168
19.0800000000 0.0278785813
19.0900000000 0.0279292775
19.1000000000 0.0279996152
19.1100000000 0.0280923808
19.1200000000 0.0282120979
19.1300000000 0.0283639930
19.1400000000 0.0285513537
19.1500000000 0.0287739294
19.1600000000 0.0290267470
19.1700000000 0.0292996367
19.1800000000 0.0295781167
19.1900000000 0.0298444619
19.2000000000 0.0300802546
19.2100000000 0.0302680732
19.2200000000 0.0303948601
19.2300000000 0.0304532051
19.2400000000 0.0304416387
19.2500000000 0.0303636417
19.2600000000 0.0302269754
19.2700000000 0.0300407918
19.2800000000 0.0298154359
19.2900000000 0.0295604516
19.3000000000 0.0292849822
19.3100000000 0.0289978550
19.3200000000 0.0287066831
19.3300000000 0.0284184618
19.3400000000 0.0281387791
19.3500000000 0.0278708580
19.3600000000 0.0276159311
19.3700000000 0.0273729760
19.3800000000 0.0271394518
19.3900000000 0.0269125288
19.4000000000 0.0266905821
19.4100000000 0.0264737300
19.4200000000 0.0262645545
19.4300000000 0.0260679000
19.4400000000 0.0258901481
19.4500000000 0.0257390696
19.4600000000 0.0256231180
19.4700000000 0.0255501275
19.4800000000 0.0255263670
19.4900000000 0.0255543153
19.5000000000 0.0256312752
19.5100000000 0.0257479402
19.5200000000 0.0258886905
19.5300000000 0.0260335349
19.5400000000 0.0261610050
19.5500000000 0.0262517984
19.5600000000 0.0262921044
19.5700000000 0.0262742783
19.5800000000 0.0261972484
19.5900000000 0.0260656761
19.6000000000 0.0258876172
19.6100000000 0.0256737273
19.6200000000 0.0254354172
19.6300000000 0.0251834602
19.6400000000 0.0249271659
19.6500000000 0.0246743394
19.6600000000 0.0244309427
19.6700000000 0.0242022953
19.6800000000 0.0239927799
19.6900000000 0.0238067999
19.7000000000 0.0236490520
19.7100000000 0.0235241533
19.7200000000 0.0234371369
19.7300000000 0.0233925705
19.7400000000 0.0233943370
19.7500000000 0.0234455222
19.7600000000 0.0235471695
19.7700000000 0.0236983624
19.7800000000 0.0238958717
19.7900000000 0.0241347020
19.8000000000 0.0244081038
19.8100000000 0.0247083555
19.8200000000 0.0250270487
19.8300000000 0.0253544043
19.8400000000 0.0256797934
19.8500000000 0.0259922021
19.8600000000 0.0262804723
19.8700000000 0.0265350183
19.8800000000 0.0267480588
19.8900000000 0.0269149441
19.9000000000 0.0270337145
19.9100000000 0.0271056764
19.9200000000 0.0271341571
19.9300000000 0.0271245418
19.9400000000 0.0270826367
19.9500000000 0.0270145594
19.9600000000 0.0269259342
19.9700000000 0.0268208863
19.9800000000 0.0267028147
19.9900000000 0.0265742241
20.0000000000 0.0264375973
