0.0100000000 7.7086285208
0.0200000000 25.0613614868
0.0300000000 42.9762107670
0.0400000000 57.3146152754
0.0500000000 67.7790383499
0.0600000000 75.2375306218
0.0700000000 80.5796647741
0.0800000000 84.4668705505
0.0900000000 87.3495641002
0.1000000000 89.5279251707
0.1100000000 91.2026773666
0.1200000000 92.5098236619
0.1300000000 93.5430624783
0.1400000000 94.3680605072
0.1500000000 95.0315800297
0.1600000000 95.5673860428
0.1700000000 96.0001263606
0.1800000000 96.3479193718
0.1900000000 96.6241063769
0.2000000000 96.8384539646
0.2100000000 96.9979912818
0.2200000000 97.1076028790
0.2300000000 97.1704607521
0.2400000000 97.1883566690
0.2500000000 97.1619866794
0.2600000000 97.0912327139
0.2700000000 96.9754891338
0.2800000000 96.8140797386
0.2900000000 96.6068019100
0.3000000000 96.3546109000
0.3100000000 96.0604006343
0.3200000000 95.7297572079
0.3300000000 95.3714769939
0.3400000000 94.9976067130
0.3500000000 94.6228340102
0.3600000000 94.2632302756
0.3700000000 93.9345276590
0.3800000000 93.6502029365
0.3900000000 93.4196619776
0.4000000000 93.2468699622
0.4100000000 93.1298645974
0.4200000000 93.0615244952
0.4300000000 93.0316106707
0.4400000000 93.0295597071
0.4500000000 93.0471319300
0.4600000000 93.0800156117
0.4700000000 93.1278653925
0.4800000000 93.1928275886
0.4900000000 93.2772044323
0.5000000000 93.3812636871
0.5100000000 93.5021208887
0.5200000000 93.6341036799
0.5300000000 93.7703359991
0.5400000000 93.9048326947
0.5500000000 94.0343414391
0.5600000000 94.1593707161
0.5700000000 94.2841336774
0.5800000000 94.4154047155
0.5900000000 94.5605782736
0.6000000000 94.7255111964
0.6100000000 94.9128639415
0.6200000000 95.1214867428
0.6300000000 95.3469412543
0.6400000000 95.5827852975
0.6500000000 95.8220370025
0.6600000000 96.0583446914
0.6700000000 96.2866549533
0.6800000000 96.5034139135
0.6900000000 96.7064544001
0.7000000000 96.8947318512
0.7100000000 97.0680243177
0.7200000000 97.2266640427
0.7300000000 97.3713219261
0.7400000000 97.5028499934
0.7500000000 97.6221723665
0.7600000000 97.7302179162
0.7700000000 97.8278785323
0.7800000000 97.9159934461
0.7900000000 97.9953447755
0.8000000000 98.0666618733
0.8100000000 98.1306287725
0.8200000000 98.1878906555
0.8300000000 98.2390508147
0.8400000000 98.2846645225
0.8500000000 98.3252172405
0.8600000000 98.3611000569
0.8700000000 98.3925788830
0.8800000000 98.4197751139
0.8900000000 98.4426598282
0.9000000000 98.4610711369
0.9100000000 98.4747434835
0.9200000000 98.4833415812
0.9300000000 98.4864820701
0.9400000000 98.4837471256
0.9500000000 98.4746849067
0.9600000000 98.4588037047
0.9700000000 98.4355608314
0.9800000000 98.4043535543
0.9900000000 98.3645159401
1.0000000000 98.3153361792
1.0100000000 98.2560992368
1.0200000000 98.1861718801
1.0300000000 98.1051297846
1.0400000000 98.0129264715
1.0500000000 97.9100898441
1.0600000000 97.7979025351
1.0700000000 97.6785066490
1.0800000000 97.5548531855
1.0900000000 97.4304264969
1.1000000000 97.3087634553
1.1100000000 97.1928767883
1.1200000000 97.0847836822
1.1300000000 96.9853129180
1.1400000000 96.8942206456
1.1500000000 96.8104991336
1.1600000000 96.7327070845
1.1700000000 96.6592269056
1.1800000000 96.5884598837
1.1900000000 96.5189964206
1.2000000000 96.4497283239
1.2100000000 96.3798370085
1.2200000000 96.3086671327
1.2300000000 96.2355960075
1.2400000000 96.1600370987
1.2500000000 96.0815775186
1.2600000000 96.0001295282
1.2700000000 95.9159705195
1.2800000000 95.8296739426
1.2900000000 95.7420657714
1.3000000000 95.6543015733
1.3100000000 95.5680448636
1.3200000000 95.4856323481
1.3300000000 95.4101639952
1.3400000000 95.3455278623
1.3500000000 95.2963844228
1.3600000000 95.2680445233
1.3700000000 95.2661308273
1.3800000000 95.2959524502
1.3900000000 95.3616348525
1.4000000000 95.4651555312
1.4100000000 95.6055861882
1.4200000000 95.7788426421
1.4300000000 95.9781409401
1.4400000000 96.1950576129
1.4500000000 96.4208551869
1.4600000000 96.6476501528
1.4700000000 96.8691414769
1.4800000000 97.0808469612
1.4900000000 97.2799614226
1.5000000000 97.4650230017
1.5100000000 97.6355444661
1.5200000000 97.7916941127
1.5300000000 97.9340564819
1.5400000000 98.0634649248
1.5500000000 98.1808813567
1.5600000000 98.2873206006
1.5700000000 98.3837892239
1.5800000000 98.4712527045
1.5900000000 98.5506110521
1.6000000000 98.6226872864
1.6100000000 98.6882239924
1.6200000000 98.7478819433
1.6300000000 98.8022465088
1.6400000000 98.8518318127
1.6500000000 98.8970870415
1.6600000000 98.9384020000
1.6700000000 98.9761140290
1.6800000000 99.0105128897
1.6900000000 99.0418450946
1.7000000000 99.0703207991
1.7100000000 99.0961163432
1.7200000000 99.1193794461
1.7300000000 99.1402352574
1.7400000000 99.1587926769
1.7500000000 99.1751528851
1.7600000000 99.1894183192
1.7700000000 99.2017037294
1.7800000000 99.2121512251
1.7900000000 99.2209337695
1.8000000000 99.2282602837
1.8100000000 99.2343599486
1.8200000000 99.2394579903
1.8300000000 99.2437386311
1.8400000000 99.2473081968
1.8500000000 99.2501820006
1.8600000000 99.2522826478
1.8700000000 99.2534701994
1.8800000000 99.2535785054
1.8900000000 99.2524560707
1.9000000000 99.2499959255
1.9100000000 99.2461506073
1.9200000000 99.2409191864
1.9300000000 99.2343217910
1.9400000000 99.2263618500
1.9500000000 99.2170098789
1.9600000000 99.2062149110
1.9700000000 99.1939369553
1.9800000000 99.1801769866
1.9900000000 99.1649767080
2.0000000000 99.1483906822
2.0100000000 99.1304363680
2.0200000000 99.1110729897
2.0300000000 99.0902197955
2.0400000000 99.0678046373
2.0500000000 99.0438129172
2.0600000000 99.0183007344
2.0700000000 98.9913660435
2.0800000000 98.9631136480
2.0900000000 98.9336428355
2.1000000000 98.9030751845
2.1100000000 98.8715947112
2.1200000000 98.8394687933
2.1300000000 98.8070479787
2.1400000000 98.7747741027
2.1500000000 98.7432111257
2.1600000000 98.7130930788
2.1700000000 98.6853664064
2.1800000000 98.6612051455
2.1900000000 98.6419989172
2.2000000000 98.6293044749
2.2100000000 98.6247493466
2.2200000000 98.6298457832
2.2300000000 98.6457314713
2.2400000000 98.6728809024
2.2500000000 98.7108831539
2.2600000000 98.7583872691
2.2700000000 98.8132594100
2.2800000000 98.8729221414
2.2900000000 98.9347574351
2.3000000000 98.9964559834
2.3100000000 99.0562226958
2.3200000000 99.1128424450
2.3300000000 99.1656229731
2.3400000000 99.2142825309
2.3500000000 99.2588180606
2.3600000000 99.2993915270
2.3700000000 99.3362431568
2.3800000000 99.3696401427
2.3900000000 99.3998508526
2.4000000000 99.4271336639
2.4100000000 99.4517384302
2.4200000000 99.4739083187
2.4300000000 99.4938825870
2.4400000000 99.5118962897
2.4500000000 99.5281824094
2.4600000000 99.5429683101
2.4700000000 99.5564605720
2.4800000000 99.5688398988
2.4900000000 99.5802400165
2.5000000000 99.5907461864
2.5100000000 99.6003963972
2.5200000000 99.6091952334
2.5300000000 99.6171255024
2.5400000000 99.6241675245
2.5500000000 99.6303082555
2.5600000000 99.6355505731
2.5700000000 99.6399209600
2.5800000000 99.6434719867
2.5900000000 99.6462901806
2.6000000000 99.6484942388
2.6100000000 99.6502385606
2.6200000000 99.6516947309
2.6300000000 99.6530314662
2.6400000000 99.6543901378
2.6500000000 99.6558576170
2.6600000000 99.6574647412
2.6700000000 99.6591978130
2.6800000000 99.6610316732
2.6900000000 99.6629628526
2.7000000000 99.6650343782
2.7100000000 99.6673342905
2.7200000000 99.6699672540
2.7300000000 99.6730182847
2.7400000000 99.6765075245
2.7500000000 99.6803679849
2.7600000000 99.6844520310
2.7700000000 99.6885558780
2.7800000000 99.6924537511
2.7900000000 99.6959342011
2.8000000000 99.6988195417
2.8100000000 99.7009728224
2.8200000000 99.7023038094
2.8300000000 99.7027650977
2.8400000000 99.7023489765
2.8500000000 99.7010892150
2.8600000000 99.6990649755
2.8700000000 99.6963996521
2.8800000000 99.6932598913
2.8900000000 99.6898329931
2.9000000000 99.6863047835
2.9100000000 99.6828143221
2.9200000000 99.6794217096
2.9300000000 99.6760812596
2.9400000000 99.6726546450
2.9500000000 99.6689359483
2.9600000000 99.6647047701
2.9700000000 99.6597618571
2.9800000000 99.6539687243
2.9900000000 99.6472576310
3.0000000000 99.6396448020
3.0100000000 99.6312236579
3.0200000000 99.6221376519
3.0300000000 99.6125521943
3.0400000000 99.6026119543
3.0500000000 99.5924249517
3.0600000000 99.5820647205
3.0700000000 99.5716083989
3.0800000000 99.5611824231
3.0900000000 99.5509908820
3.1000000000 99.5413302506
3.1100000000 99.5325659914
3.1200000000 99.5251261257
3.1300000000 99.5194748481
3.1400000000 99.5160979138
3.1500000000 99.5154579278
3.1600000000 99.5179229501
3.1700000000 99.5236777652
3.1800000000 99.5326493067
3.1900000000 99.5444876282
3.2000000000 99.5586015780
3.2100000000 99.5742555118
3.2200000000 99.5906790612
3.2300000000 99.6071682950
3.2400000000 99.6231449044
3.2500000000 99.6381937685
3.2600000000 99.6520666560
3.2700000000 99.6646625624
3.2800000000 99.6760076431
3.2900000000 99.6862145092
3.3000000000 99.6954347525
3.3100000000 99.7038243421
3.3200000000 99.7114987648
3.3300000000 99.7185190031
3.3400000000 99.7248937760
3.3500000000 99.7306009376
3.3600000000 99.7356059505
3.3700000000 99.7398938592
3.3800000000 99.7434817449
3.3900000000 99.7464313258
3.4000000000 99.7488486013
3.4100000000 99.7508810973
3.4200000000 99.7527004048
3.4300000000 99.7544856640
3.4400000000 99.7563882638
3.4500000000 99.7585105831
3.4600000000 99.7608890102
3.4700000000 99.7634927146
3.4800000000 99.7662383831
3.4900000000 99.7690202544
3.5000000000 99.7717307972
3.5100000000 99.7742906909
3.5200000000 99.7766494287
3.5300000000 99.7787934119
3.5400000000 99.7807240629
3.5500000000 99.7824467498
3.5600000000 99.7839632212
3.5700000000 99.7852726806
3.5800000000 99.7863781032
3.5900000000 99.7872964267
3.6000000000 99.7880690114
3.6100000000 99.7887595694
3.6200000000 99.7894417160
3.6300000000 99.7901811133
3.6400000000 99.7910250019
3.6500000000 99.7919979326
3.6600000000 99.7931039686
3.6700000000 99.7943328445
3.6800000000 99.7956728321
3.6900000000 99.7971029200
3.7000000000 99.7985874363
3.7100000000 99.8000758598
3.7200000000 99.8014933018
3.7300000000 99.8027559779
3.7400000000 99.8037750804
3.7500000000 99.8044673310
3.7600000000 99.8047670782
3.7700000000 99.8046253076
3.7800000000 99.8040112256
3.7900000000 99.8029179217
3.8000000000 99.8013546237
3.8100000000 99.7993496334
3.8200000000 99.7969492689
3.8300000000 99.7942166983
3.8400000000 99.7912281468
3.8500000000 99.7880675935
3.8600000000 99.7848159610
3.8700000000 99.7815414573
3.8800000000 99.7782856781
3.8900000000 99.7750466534
3.9000000000 99.7717740596
3.9100000000 99.7683754441
3.9200000000 99.7647322379
3.9300000000 99.7607189210
3.9400000000 99.7562210718
3.9500000000 99.7511537175
3.9600000000 99.7454772141
3.9700000000 99.7392048573
3.9800000000 99.7324205105
3.9900000000 99.7252682433
4.0000000000 99.7179587766
4.0100000000 99.7107462292
4.0200000000 99.7038988160
4.0300000000 99.6976648401
4.0400000000 99.6922352368
4.0500000000 99.6877227433
4.0600000000 99.6841636783
4.0700000000 99.6815356215
4.0800000000 99.6797855019
4.0900000000 99.6788494719
4.1000000000 99.6786485141
4.1100000000 99.6790679135
4.1200000000 99.6799510022
4.1300000000 99.6810883288
4.1400000000 99.6822418651
4.1500000000 99.6831739387
4.1600000000 99.6836723324
4.1700000000 99.6835698279
4.1800000000 99.6827581608
4.1900000000 99.6811710628
4.2000000000 99.6787818372
4.2100000000 99.6755800754
4.2200000000 99.6715628865
4.2300000000 99.6667230272
4.2400000000 99.6610473278
4.2500000000 99.6545121081
4.2600000000 99.6470905778
4.2700000000 99.6387648620
4.2800000000 99.6295261036
4.2900000000 99.6193851776
4.3000000000 99.6083713898
4.3100000000 99.5965372357
4.3200000000 99.5839586340
4.3300000000 99.5707427906
4.3400000000 99.5570392110
4.3500000000 99.5430615747
4.3600000000 99.5290806910
4.3700000000 99.5154127367
4.3800000000 99.5023780438
4.3900000000 99.4902794770
4.4000000000 99.4794053409
4.4100000000 99.4700494179
4.4200000000 99.4625328275
4.4300000000 99.4571809765
4.4400000000 99.4542424223
4.4500000000 99.4537800475
4.4600000000 99.4555952500
4.4700000000 99.4592375298
4.4800000000 99.4640787892
4.4900000000 99.4694455542
4.5000000000 99.4747214287
4.5100000000 99.4794176924
4.5200000000 99.4831923836
4.5300000000 99.4858409047
4.5400000000 99.4872528687
4.5500000000 99.4873715276
4.5600000000 99.4861413897
4.5700000000 99.4834761161
4.5800000000 99.4792582377
4.5900000000 99.4733518805
4.6000000000 99.4656269471
4.6100000000 99.4559933460
4.6200000000 99.4444242305
4.6300000000 99.4309827227
4.6400000000 99.4158553664
4.6500000000 99.3993826004
4.6600000000 99.3820861079
4.6700000000 99.3646552776
4.6800000000 99.3479071577
4.6900000000 99.3326636473
4.7000000000 99.3195946419
4.7100000000 99.3090399110
4.7200000000 99.3009037817
4.7300000000 99.2946498967
4.7400000000 99.2894071824
4.7500000000 99.2841517894
4.7600000000 99.2778710228
4.7700000000 99.2696839994
4.7800000000 99.2588882090
4.7900000000 99.2449445151
4.8000000000 99.2274400683
4.8100000000 99.2060323228
4.8200000000 99.1804127646
4.8300000000 99.1502669083
4.8400000000 99.1152712494
4.8500000000 99.0750783719
4.8600000000 99.0293223336
4.8700000000 98.9776207642
4.8800000000 98.9195738329
4.8900000000 98.8547887401
4.9000000000 98.7829149000
4.9100000000 98.7037218840
4.9200000000 98.6172098578
4.9300000000 98.5237451741
4.9400000000 98.4241966594
4.9500000000 98.3200193430
4.9600000000 98.2132237875
4.9700000000 98.1062048061
4.9800000000 98.0014001466
4.9900000000 97.9008554971
5.0000000000 97.8058072595
5.0100000000 97.7163895999
5.0200000000 97.6315704112
5.0300000000 97.5493840146
5.0400000000 97.4673856913
5.0500000000 97.3832486752
5.0600000000 97.2953152547
5.0700000000 97.2029762212
5.0800000000 97.1068211498
5.0900000000 97.0086280028
5.1000000000 96.9112458015
5.1100000000 96.8184539824
5.1200000000 96.7347295122
5.1300000000 96.6648009921
5.1400000000 96.6129542343
5.1500000000 96.5821821461
5.1600000000 96.5734784367
5.1700000000 96.5855580433
5.1800000000 96.6151302212
5.1900000000 96.6575826688
5.2000000000 96.7078379759
5.2100000000 96.7611569383
5.2200000000 96.8138039729
5.2300000000 96.8635468661
5.2400000000 96.9099173830
5.2500000000 96.9541276782
5.2600000000 96.9985853566
5.2700000000 97.0460418716
5.2800000000 97.0986280657
5.2900000000 97.1570736111
5.3000000000 97.2204015295
5.3100000000 97.2861983841
5.3200000000 97.3513358614
5.3300000000 97.4128157840
5.3400000000 97.4684629321
5.3500000000 97.5173364296
5.3600000000 97.5597910539
5.3700000000 97.5972337099
5.3800000000 97.6316510664
5.3900000000 97.6649687423
5.4000000000 97.6984107989
5.4100000000 97.7320621498
5.4200000000 97.7647784077
5.4300000000 97.7944435406
5.4400000000 97.8184248340
5.4500000000 97.8340565019
5.4600000000 97.8389661190
5.4700000000 97.8312308494
5.4800000000 97.8094219927
5.4900000000 97.7725921618
5.5000000000 97.7202682152
5.5100000000 97.6524967911
5.5200000000 97.5699235686
5.5300000000 97.4738812824
5.5400000000 97.3664693056
5.5500000000 97.2506005297
5.5600000000 97.1299805517
5.5700000000 97.0090061142
5.5800000000 96.8925890504
5.5900000000 96.7859174737
5.6000000000 96.6941480449
5.6100000000 96.6219818416
5.6200000000 96.5730983261
5.6300000000 96.5494672209
5.6400000000 96.5507915949
5.6500000000 96.5743402614
5.6600000000 96.6153697018
5.6700000000 96.6680554860
5.6800000000 96.7265897665
5.6900000000 96.7861284788
5.7000000000 96.8433021638
5.7100000000 96.8963191713
5.7200000000 96.9447440592
5.7300000000 96.9891137687
5.7400000000 97.0304896390
5.7500000000 97.0699780978
5.7600000000 97.1082985784
5.7700000000 97.1455683684
5.7800000000 97.1813535623
5.7900000000 97.2150126194
5.8000000000 97.2461203633
5.8100000000 97.2747618647
5.8200000000 97.3015705003
5.8300000000 97.3275296354
5.8400000000 97.3537135735
5.8500000000 97.3811067585
5.8600000000 97.4105106944
5.8700000000 97.4425399612
5.8800000000 97.4776503383
5.8900000000 97.5161572720
5.9000000000 97.5582263358
5.9100000000 97.6037744071
5.9200000000 97.6522960958
5.9300000000 97.7026687435
5.9400000000 97.7530967457
5.9500000000 97.8012495019
5.9600000000 97.8445584250
5.9700000000 97.8805448002
5.9800000000 97.9070858826
5.9900000000 97.9225385834
6.0000000000 97.9257792684
6.0100000000 97.9161432847
6.0200000000 97.8933538535
6.0300000000 97.8574157050
6.0400000000 97.8085647792
6.0500000000 97.7472209766
6.0600000000 97.6740313082
6.0700000000 97.5899103264
6.0800000000 97.4961109263
6.0900000000 97.3942651634
6.1000000000 97.2864077063
6.1100000000 97.1749429166
6.1200000000 97.0625624596
6.1300000000 96.9520896510
6.1400000000 96.8462574863
6.1500000000 96.7475410220
6.1600000000 96.6580596431
6.1700000000 96.5795773071
6.1800000000 96.5136228047
6.1900000000 96.4616053953
6.2000000000 96.4249535249
6.2100000000 96.4051066553
6.2200000000 96.4033159664
6.2300000000 96.4202761821
6.2400000000 96.4556947341
6.2500000000 96.5080141321
6.2600000000 96.5744309330
6.2700000000 96.6512664618
6.2800000000 96.7345606556
6.2900000000 96.8206302403
6.3000000000 96.9064859653
6.3100000000 96.9899572974
6.3200000000 97.0696749742
6.3300000000 97.1449562864
6.3400000000 97.2157025150
6.3500000000 97.2822655072
6.3600000000 97.3452808525
6.3700000000 97.4054279910
6.3800000000 97.4631513057
6.3900000000 97.5184049359
6.4000000000 97.5705099253
6.4100000000 97.6181853392
6.4200000000 97.6597614423
6.4300000000 97.6935120944
6.4400000000 97.7180347782
6.4500000000 97.7325337977
6.4600000000 97.7369990245
6.4700000000 97.7322332725
6.4800000000 97.7197417673
6.4900000000 97.7015186176
6.5000000000 97.6797573461
6.5100000000 97.6565284884
6.5200000000 97.6334716280
6.5300000000 97.6115467090
6.5400000000 97.5908849435
6.5500000000 97.5707978645
6.5600000000 97.5499433760
6.5700000000 97.5266144106
6.5800000000 97.4990884209
6.5900000000 97.4659166363
6.6000000000 97.4261182685
6.6100000000 97.3793257111
6.6200000000 97.3258976837
6.6300000000 97.2670289747
6.6400000000 97.2048409036
6.6500000000 97.1423490433
6.6600000000 97.0832824480
6.6700000000 97.0317241223
6.6800000000 96.9916549202
6.6900000000 96.9663906791
6.7000000000 96.9580721718
6.7100000000 96.9672326988
6.7200000000 96.9926895014
6.7300000000 97.0317719268
6.7400000000 97.0808885374
6.7500000000 97.1361682603
6.7600000000 97.1939400578
6.7700000000 97.2509834527
6.7800000000 97.3045778801
6.7900000000 97.3524480833
6.8000000000 97.3927790857
6.8100000000 97.4242569381
6.8200000000 97.4461465100
6.8300000000 97.4583221275
6.8400000000 97.4612219858
6.8500000000 97.4557675584
6.8600000000 97.4432130569
6.8700000000 97.4249835304
6.8800000000 97.4024976615
6.8900000000 97.3769099296
6.9000000000 97.3488873590
6.9100000000 97.3184236148
6.9200000000 97.2848274984
6.9300000000 97.2469454838
6.9400000000 97.2035769354
6.9500000000 97.1539523131
6.9600000000 97.0981740801
6.9700000000 97.0374394716
6.9800000000 96.9739898475
6.9900000000 96.9107399427
7.0000000000 96.8506880651
7.0100000000 96.7962571198
7.0200000000 96.7487500828
7.0300000000 96.7081166964
7.0400000000 96.6730562879
7.0500000000 96.6414314744
7.0600000000 96.6108698705
7.0700000000 96.5794228727
7.0800000000 96.5460637671
7.0900000000 96.5109140517
7.1000000000 96.4752058042
7.1100000000 96.4409934407
7.1200000000 96.4107384959
7.1300000000 96.3868440602
7.1400000000 96.3711955433
7.1500000000 96.3648262857
7.1600000000 96.3677402700
7.1700000000 96.3789519869
7.1800000000 96.3966875587
7.1900000000 96.4186704156
7.2000000000 96.4424844640
7.2100000000 96.4659563595
7.2200000000 96.4874555889
7.2300000000 96.5060282127
7.2400000000 96.5213786927
7.2500000000 96.5336999500
7.2600000000 96.5435087086
7.2700000000 96.5515181586
7.2800000000 96.5585533604
7.2900000000 96.5654266258
7.3000000000 96.5727848575
7.3100000000 96.5808967286
7.3200000000 96.5895244684
7.3300000000 96.5979574991
7.3400000000 96.6052194947
7.3500000000 96.6103985508
7.3600000000 96.6129155467
7.3700000000 96.6126182203
7.3800000000 96.6096468693
7.3900000000 96.6041770945
7.4000000000 96.5961707542
7.4100000000 96.5852878407
7.4200000000 96.5709503309
7.4300000000 96.5524916664
7.4400000000 96.5293045808
7.4500000000 96.5009422258
7.4600000000 96.4671996138
7.4700000000 96.4282027024
7.4800000000 96.3845673158
7.4900000000 96.3374847223
7.5000000000 96.2887057110
7.5100000000 96.2402804890
7.5200000000 96.1940900700
7.5300000000 96.1513303830
7.5400000000 96.1121296236
7.5500000000 96.0754339496
7.5600000000 96.0391493537
7.5700000000 96.0005207435
7.5800000000 95.9566267818
7.5900000000 95.9049025230
7.6000000000 95.8435499889
7.6100000000 95.7717787350
7.6200000000 95.6897963114
7.6300000000 95.5986467864
7.6400000000 95.4998931946
7.6500000000 95.3952750559
7.6600000000 95.2863702534
7.6700000000 95.1744009654
7.6800000000 95.0602812441
7.6900000000 94.9448810282
7.7000000000 94.8294312564
7.7100000000 94.7157796954
7.7200000000 94.6063237036
7.7300000000 94.5036111522
7.7400000000 94.4097954149
7.7500000000 94.3262876717
7.7600000000 94.2536753812
7.7700000000 94.1919066449
7.7800000000 94.1404462510
7.7900000000 94.0983013909
7.8000000000 94.0639353912
7.8100000000 94.0352836252
7.8200000000 94.0099932942
7.8300000000 93.9858792734
7.8400000000 93.9613402006
7.8500000000 93.9355603471
7.8600000000 93.9083053462
7.8700000000 93.8794837899
7.8800000000 93.8486757921
7.8900000000 93.8149661076
7.9000000000 93.7772490342
7.9100000000 93.7348859773
7.9200000000 93.6883891324
7.9300000000 93.6397462005
7.9400000000 93.5922446408
7.9500000000 93.5498303549
7.9600000000 93.5163522156
7.9700000000 93.4949282428
7.9800000000 93.4875971961
7.9900000000 93.4951596289
8.0000000000 93.5171661294
8.0100000000 93.5519143578
8.0200000000 93.5965686753
8.0300000000 93.6474342209
8.0400000000 93.7003950281
8.0500000000 93.7514859210
8.0600000000 93.7974129560
8.0700000000 93.8360071627
8.0800000000 93.8664875501
8.0900000000 93.8896007313
8.1000000000 93.9075976460
8.1100000000 93.9240485953
8.1200000000 93.9434556673
8.1300000000 93.9705643357
8.1400000000 94.0094357425
8.1500000000 94.0624412027
8.1600000000 94.1296158462
8.1700000000 94.2086630006
8.1800000000 94.2956891789
8.1900000000 94.3863467385
8.2000000000 94.4769487594
8.2100000000 94.5651833621
8.2200000000 94.6503723765
8.2300000000 94.7333270316
8.2400000000 94.8159112320
8.2500000000 94.9004066062
8.2600000000 94.9888026015
8.2700000000 95.0821944655
8.2800000000 95.1804665385
8.2900000000 95.2823775985
8.3000000000 95.3859632076
8.3100000000 95.4890711312
8.3200000000 95.5898718974
8.3300000000 95.6871834593
8.3400000000 95.7805202583
8.3500000000 95.8699436976
8.3600000000 95.9556823638
8.3700000000 96.0377665287
8.3800000000 96.1157928139
8.3900000000 96.1889237114
8.4000000000 96.2561320225
8.4100000000 96.3165438568
8.4200000000 96.3696544307
8.4300000000 96.4153937265
8.4400000000 96.4540401021
8.4500000000 96.4860986288
8.4600000000 96.5123044906
8.4700000000 96.5336757733
8.4800000000 96.5515677809
8.4900000000 96.5676119414
8.5000000000 96.5835013091
8.5100000000 96.6007121405
8.5200000000 96.6202560664
8.5300000000 96.6425518903
8.5400000000 96.6674397037
8.5500000000 96.6943839101
8.5600000000 96.7227262728
8.5700000000 96.7519064340
8.5800000000 96.7815585680
8.5900000000 96.8114431515
8.6000000000 96.8412862330
8.6100000000 96.8706267508
8.6200000000 96.8987105968
8.6300000000 96.9245175172
8.6400000000 96.9468976748
8.6500000000 96.9648224431
8.6600000000 96.9776168804
8.6700000000 96.9851425749
8.6800000000 96.9877790885
8.6900000000 96.9862590167
8.7000000000 96.9814279863
8.7100000000 96.9740456468
8.7200000000 96.9646904941
8.7300000000 96.9538126836
8.7400000000 96.9418499592
8.7500000000 96.9294026070
8.7600000000 96.9173597868
8.7700000000 96.9069683839
8.7800000000 96.8998048965
8.7900000000 96.8976551611
8.8000000000 96.9023158011
8.8100000000 96.9153730415
8.8200000000 96.9379965262
8.8300000000 96.9707870371
8.8400000000 97.0136716390
8.8500000000 97.0658374053
8.8600000000 97.1257793769
8.8700000000 97.1914170556
8.8800000000 97.2603069374
8.8900000000 97.3298567782
8.9000000000 97.3975696816
8.9100000000 97.4611870638
8.9200000000 97.5188625981
8.9300000000 97.5692538067
8.9400000000 97.6115899572
8.9500000000 97.6456817284
8.9600000000 97.6718767436
8.9700000000 97.6909485088
8.9800000000 97.7040037867
8.9900000000 97.7123664827
9.0000000000 97.7175099195
9.0100000000 97.7209765161
9.0200000000 97.7242538333
9.0300000000 97.7286191692
9.0400000000 97.7349354371
9.0500000000 97.7435407105
9.0600000000 97.7542327358
9.0700000000 97.7663814631
9.0800000000 97.7791146943
9.0900000000 97.7914691334
9.1000000000 97.8025624716
9.1100000000 97.8116793833
9.1200000000 97.8183585125
9.1300000000 97.8224488718
9.1400000000 97.8241446568
9.1500000000 97.8239574345
9.1600000000 97.8226150127
9.1700000000 97.8209372345
9.1800000000 97.8197065631
9.1900000000 97.8195662777
9.2000000000 97.8209620132
9.2100000000 97.8241142049
9.2200000000 97.8290127255
9.2300000000 97.8355030373
9.2400000000 97.8433767169
9.2500000000 97.8525461443
9.2600000000 97.8631325698
9.2700000000 97.8754821512
9.2800000000 97.8900639865
9.2900000000 97.9072610394
9.3000000000 97.9271927287
9.3100000000 97.9495545160
9.3200000000 97.9736471218
9.3300000000 97.9984644783
9.3400000000 98.0229155254
9.3500000000 98.0460171324
9.3600000000 98.0670611667
9.3700000000 98.0857058527
9.3800000000 98.1019158375
9.3900000000 98.1159232685
9.4000000000 98.1280872268
9.4100000000 98.1388585430
9.4200000000 98.1487216850
9.4300000000 98.1581459277
9.4400000000 98.1675428606
9.4500000000 98.1771546722
9.4600000000 98.1870131744
9.4700000000 98.1968913425
9.4800000000 98.2063661616
9.4900000000 98.2149215738
9.5000000000 98.2220957908
9.5100000000 98.2276074206
9.5200000000 98.2314007111
9.5300000000 98.2335990513
9.5400000000 98.2343713451
9.5500000000 98.2337504845
9.5600000000 98.2315220180
9.5700000000 98.2272544958
9.5800000000 98.2204527590
9.5900000000 98.2107402948
9.6000000000 98.1980335007
9.6100000000 98.1825610874
9.6200000000 98.1647868291
9.6300000000 98.1452710273
9.6400000000 98.1245471005
9.6500000000 98.1030805135
9.6600000000 98.0813275474
9.6700000000 98.0598448926
9.6800000000 98.0393938553
9.6900000000 98.0209921976
9.7000000000 98.0058596427
9.7100000000 97.9953164983
9.7200000000 97.9906449034
9.7300000000 97.9929493006
9.7400000000 98.0030526619
9.7500000000 98.0213749001
9.7600000000 98.0478157761
9.7700000000 98.0816655043
9.7800000000 98.1215701799
9.7900000000 98.1656001467
9.8000000000 98.2114583480
9.8100000000 98.2567121290
9.8200000000 98.2990776738
9.8300000000 98.3366617261
9.8400000000 98.3680979962
9.8500000000 98.3926336339
9.8600000000 98.4101027088
9.8700000000 98.4208430375
9.8800000000 98.4255766385
9.8900000000 98.4252674418
9.9000000000 98.4209739865
9.9100000000 98.4137350980
9.9200000000 98.4044447894
9.9300000000 98.3937885107
9.9400000000 98.3821859321
9.9500000000 98.3698336199
9.9600000000 98.3568001444
9.9700000000 98.3431529114
9.9800000000 98.3290897802
9.9900000000 98.3150195894
10.0000000000 98.3016054038
10.0100000000 98.2897178351
10.0200000000 98.2803154607
10.0300000000 98.2742690755
10.0400000000 98.2721739140
10.0500000000 98.2742124253
10.0600000000 98.2801093259
10.0700000000 98.2892359808
10.0800000000 98.3007190419
10.0900000000 98.3135536786
10.1000000000 98.3266970010
10.1100000000 98.3391026875
10.1200000000 98.3497982094
10.1300000000 98.3579909696
10.1400000000 98.3631544700
10.1500000000 98.3650799295
10.1600000000 98.3638965507
10.1700000000 98.3600138990
10.1800000000 98.3540247414
10.1900000000 98.3465894356
10.2000000000 98.3382874909
10.2100000000 98.3295000932
10.2200000000 98.3203412598
10.2300000000 98.3106879796
10.2400000000 98.3002495633
10.2500000000 98.2886803901
10.2600000000 98.2756649031
10.2700000000 98.2609819767
10.2800000000 98.2445410594
10.2900000000 98.2264184806
10.3000000000 98.2068511049
10.3100000000 98.1862084884
10.3200000000 98.1649718689
10.3300000000 98.1437271914
10.3400000000 98.1232188714
10.3500000000 98.1044006409
10.3600000000 98.0884440636
10.3700000000 98.0765797369
10.3800000000 98.0698160885
10.3900000000 98.0686060604
10.4000000000 98.0726504355
10.4100000000 98.0809031181
10.4200000000 98.0917841548
10.4300000000 98.1035131979
10.4400000000 98.1144211533
10.4500000000 98.1231822536
10.4600000000 98.1289543860
10.4700000000 98.1314337120
10.4800000000 98.1308187121
10.4900000000 98.1277517213
10.5000000000 98.1231726567
10.5100000000 98.1181535032
10.5200000000 98.1136664404
10.5300000000 98.1104086722
10.5400000000 98.1086480942
10.5500000000 98.1082024007
10.5600000000 98.1085345996
10.5700000000 98.1089439884
10.5800000000 98.1088390520
10.5900000000 98.1079101217
10.6000000000 98.1062083234
10.6100000000 98.1040161517
10.6200000000 98.1016253860
10.6300000000 98.0991132505
10.6400000000 98.0962197777
10.6500000000 98.0924338819
10.6600000000 98.0871537317
10.6700000000 98.0798962915
10.6800000000 98.0704197451
10.6900000000 98.0587692209
10.7000000000 98.0452560085
10.7100000000 98.0303295609
10.7200000000 98.0144338721
10.7300000000 97.9977966567
10.7400000000 97.9802915445
10.7500000000 97.9614254714
10.7600000000 97.9404373344
10.7700000000 97.9165010478
10.7800000000 97.8889185380
10.7900000000 97.8572430060
10.8000000000 97.8213356281
10.8100000000 97.7813329729
10.8200000000 97.7375917163
10.8300000000 97.6906366507
10.8400000000 97.6411158951
10.8500000000 97.5898116616
10.8600000000 97.5376547559
10.8700000000 97.4857688646
10.8800000000 97.4354779585
10.8900000000 97.3882621314
10.9000000000 97.3456508234
10.9100000000 97.3090571006
10.9200000000 97.2796194242
10.9300000000 97.2581173472
10.9400000000 97.2448528501
10.9500000000 97.2396010133
10.9600000000 97.2415366850
10.9700000000 97.2492450846
10.9800000000 97.2608770681
10.9900000000 97.2744623680
11.0000000000 97.2882783446
11.0100000000 97.3011139349
11.0200000000 97.3123185738
11.0300000000 97.3216146986
11.0400000000 97.3288106349
11.0500000000 97.3336426854
11.0600000000 97.3357668574
11.0700000000 97.3349770154
11.0800000000 97.3314473667
11.0900000000 97.3258706877
11.1000000000 97.3194345162
11.1100000000 97.3135510697
11.1200000000 97.3095554700
11.1300000000 97.3083794750
11.1400000000 97.3104205812
11.1500000000 97.3155505808
11.1600000000 97.3232568721
11.1700000000 97.3328074477
11.1800000000 97.3433713693
11.1900000000 97.3540827541
11.2000000000 97.3641169297
11.2100000000 97.3728014193
11.2200000000 97.3797128012
11.2300000000 97.3848086510
11.2400000000 97.3884377452
11.2500000000 97.3912388212
11.2600000000 97.3939770233
11.2700000000 97.3973675758
11.2800000000 97.4019099339
11.2900000000 97.4078556019
11.3000000000 97.4152067221
11.3100000000 97.4237339069
11.3200000000 97.4330134447
11.3300000000 97.4424687097
11.3400000000 97.4513382864
11.3500000000 97.4587096958
11.3600000000 97.4635651972
11.3700000000 97.4648824235
11.3800000000 97.4618021205
11.3900000000 97.4538046394
11.4000000000 97.4408756571
11.4100000000 97.4235591115
11.4200000000 97.4029472946
11.4300000000 97.3805300264
11.4400000000 97.3579963217
11.4500000000 97.3369888512
11.4600000000 97.3188580956
11.4700000000 97.3044704880
11.4800000000 97.2940977337
11.4900000000 97.2874615019
11.5000000000 97.2838873665
11.5100000000 97.2825572350
11.5200000000 97.2827632571
11.5300000000 97.2840613134
11.5400000000 97.2863589380
11.5500000000 97.2899015549
11.5600000000 97.2951800152
11.5700000000 97.3027943279
11.5800000000 97.3132493457
11.5900000000 97.3268240431
11.6000000000 97.3435027909
11.6100000000 97.3630721944
11.6200000000 97.3852860446
11.6300000000 97.4099881718
11.6400000000 97.4371451413
11.6500000000 97.4667200697
11.6600000000 97.4984614661
11.6700000000 97.5317814546
11.6800000000 97.5657406541
11.6900000000 97.5991810920
11.7000000000 97.6309208880
11.7100000000 97.6598669944
11.7200000000 97.6850970489
11.7300000000 97.7058613586
11.7400000000 97.7215446769
11.7500000000 97.7316877380
11.7600000000 97.7360089512
11.7700000000 97.7344742903
11.7800000000 97.7273471072
11.7900000000 97.7152214062
11.8000000000 97.6989374759
11.8100000000 97.6794279918
11.8200000000 97.6575392616
11.8300000000 97.6338724192
11.8400000000 97.6087541705
11.8500000000 97.5822564204
11.8600000000 97.5543417909
11.8700000000 97.5249649567
11.8800000000 97.4942186907
11.8900000000 97.4623624276
11.9000000000 97.4298182057
11.9100000000 97.3970487489
11.9200000000 97.3643664693
11.9300000000 97.3317544882
11.9400000000 97.2987567841
11.9500000000 97.2645351318
11.9600000000 97.2280766545
11.9700000000 97.1885483041
11.9800000000 97.1456512606
11.9900000000 97.0999098936
12.0000000000 97.0527318223
12.0100000000 97.0062640727
12.0200000000 96.9630177500
12.0300000000 96.9253478530
12.0400000000 96.8949302545
12.0500000000 96.8723933519
12.0600000000 96.8571636564
12.0700000000 96.8476673097
12.0800000000 96.8417954654
12.0900000000 96.8375012798
12.1000000000 96.8332974754
12.1100000000 96.8285069828
12.1200000000 96.8231587113
12.1300000000 96.8176862654
12.1400000000 96.8124986849
12.1500000000 96.8077096041
12.1600000000 96.8030544625
12.1700000000 96.7979098977
12.1800000000 96.7913706914
12.1900000000 96.7822284238
12.2000000000 96.7689918301
12.2100000000 96.7499451792
12.2200000000 96.7233272369
12.2300000000 96.6875815353
12.2400000000 96.6415615645
12.2500000000 96.5847476554
12.2600000000 96.5173632135
12.2700000000 96.4405127984
12.2800000000 96.3562265705
12.2900000000 96.2673910092
12.3000000000 96.1775969800
12.3100000000 96.0907514980
12.3200000000 96.0105752592
12.3300000000 95.9399749479
12.3400000000 95.8804363078
12.3500000000 95.8316677398
12.3600000000 95.7916585184
12.3700000000 95.7572161666
12.3800000000 95.7247799762
12.3900000000 95.6912970074
12.4000000000 95.6548041794
12.4100000000 95.6146416199
12.4200000000 95.5712422630
12.4300000000 95.5256660720
12.4400000000 95.4789451871
12.4500000000 95.4315537554
12.4600000000 95.3830678479
12.4700000000 95.3321839710
12.4800000000 95.2770832217
12.4900000000 95.2159637958
12.5000000000 95.1475727094
12.5100000000 95.0715465296
12.5200000000 94.9884865111
12.5300000000 94.8997280641
12.5400000000 94.8070284930
12.5500000000 94.7121579802
12.5600000000 94.6166043178
12.5700000000 94.5214027512
12.5800000000 94.4271878601
12.5900000000 94.3344162740
12.6000000000 94.2436777110
12.6100000000 94.1559960076
12.6200000000 94.0729824297
12.6300000000 93.9967575083
12.6400000000 93.9296186695
12.6500000000 93.8735437581
12.6600000000 93.8297730496
12.6700000000 93.7986826620
12.6800000000 93.7798825922
12.6900000000 93.7725035462
12.7000000000 93.7753643417
12.7100000000 93.7870408146
12.7200000000 93.8059175610
12.7300000000 93.8304157133
12.7400000000 93.8594614113
12.7500000000 93.8930067143
12.7600000000 93.9323535430
12.7700000000 93.9799860687
12.7800000000 94.0389792294
12.7900000000 94.1120166901
12.8000000000 94.2003813173
12.8100000000 94.3031877296
12.8200000000 94.4170994710
12.8300000000 94.5367638913
12.8400000000 94.6557547800
12.8500000000 94.7678216645
12.8600000000 94.8679861847
12.8700000000 94.9532772016
12.8800000000 95.0229377029
12.8900000000 95.0780900171
12.9000000000 95.1210107869
12.9100000000 95.1541964706
12.9200000000 95.1795160624
12.9300000000 95.1978163269
12.9400000000 95.2090217157
12.9500000000 95.2126586520
12.9600000000 95.2085085053
12.9700000000 95.1970063412
12.9800000000 95.1792774148
12.9900000000 95.1568200380
13.0000000000 95.1311028557
13.0100000000 95.1032486997
13.0200000000 95.0740386918
13.0300000000 95.0440552689
13.0400000000 95.0139164271
13.0500000000 94.9844515120
13.0600000000 94.9568820287
13.0700000000 94.9330339676
13.0800000000 94.9154848003
13.0900000000 94.9075045838
13.1000000000 94.9126478689
13.1100000000 94.9341257322
13.1200000000 94.9740851847
13.1300000000 95.0330780909
13.1400000000 95.1098685758
13.1500000000 95.2016136907
13.1600000000 95.3044278025
13.1700000000 95.4140185593
13.1800000000 95.5263356358
13.1900000000 95.6378823187
13.2000000000 95.7458646411
13.2100000000 95.8480446514
13.2200000000 95.9426196405
13.2300000000 96.0281157923
13.2400000000 96.1033546810
13.2500000000 96.1675390091
13.2600000000 96.2202994031
13.2700000000 96.2617582597
13.2800000000 96.2925575386
13.2900000000 96.3138495960
13.3000000000 96.3271930289
13.3100000000 96.3343789923
13.3200000000 96.3371442177
13.3300000000 96.3368407679
13.3400000000 96.3341661368
13.3500000000 96.3290131226
13.3600000000 96.3205927242
13.3700000000 96.3076947475
13.3800000000 96.2890952439
13.3900000000 96.2639680797
13.4000000000 96.2321684354
13.4100000000 96.1943143060
13.4200000000 96.1516107415
13.4300000000 96.1054012569
13.4400000000 96.0566987315
13.4500000000 96.0058045902
13.4600000000 95.9522954672
13.4700000000 95.8953306749
13.4800000000 95.8341059747
13.4900000000 95.7681879078
13.5000000000 95.6975881675
13.5100000000 95.6225267861
13.5200000000 95.5431354831
13.5300000000 95.4593031029
13.5400000000 95.3708385345
13.5500000000 95.2779386308
13.5600000000 95.1817810464
13.5700000000 95.0848573917
13.5800000000 94.9909451088
13.5900000000 94.9046494862
13.6000000000 94.8307498815
13.6100000000 94.7735517651
13.6200000000 94.7364368734
13.6300000000 94.7216394153
13.6400000000 94.7300877075
13.6500000000 94.7612640636
13.6600000000 94.8130645827
13.6700000000 94.8817757133
13.6800000000 94.9623233180
13.6900000000 95.0488336457
13.7000000000 95.1354709828
13.7100000000 95.2172899721
13.7200000000 95.2909716447
13.7300000000 95.3552573938
13.7400000000 95.4109955369
13.7500000000 95.4607456615
13.7600000000 95.5079975936
13.7700000000 95.5562287454
13.7800000000 95.6079707582
13.7900000000 95.6642874166
13.8000000000 95.7246818146
13.8100000000 95.7874584594
13.8200000000 95.8502260968
13.8300000000 95.9103843881
13.8400000000 95.9654850294
13.8500000000 96.0134918765
13.8600000000 96.0529712347
13.8700000000 96.0832688081
13.8800000000 96.1046001646
13.8900000000 96.1180836589
13.9000000000 96.1255298734
13.9100000000 96.1291335199
13.9200000000 96.1310956168
13.9300000000 96.1333079118
13.9400000000 96.1371714265
13.9500000000 96.1434846011
13.9600000000 96.1523354501
13.9700000000 96.1630763952
13.9800000000 96.1743777412
13.9900000000 96.1844637473
14.0000000000 96.1914893493
14.0100000000 96.1939124484
14.0200000000 96.1908243679
14.0300000000 96.1820710293
14.0400000000 96.1681526137
14.0500000000 96.1499655612
14.0600000000 96.1283892684
14.0700000000 96.1039030014
14.0800000000 96.0762740365
14.0900000000 96.0445278304
14.1000000000 96.0071448433
14.1100000000 95.9624397715
14.1200000000 95.9090950880
14.1300000000 95.8465986735
14.1400000000 95.7755073532
14.1500000000 95.6974682630
14.1600000000 95.6149879969
14.1700000000 95.5310640008
14.1800000000 95.4487916613
14.1900000000 95.3710814596
14.2000000000 95.3005794028
14.2100000000 95.2396741892
14.2200000000 95.1905812804
14.2300000000 95.1553765517
14.2400000000 95.1360220893
14.2500000000 95.1343217376
14.2600000000 95.1518681715
14.2700000000 95.1898813344
14.2800000000 95.2488739126
14.2900000000 95.3282580190
14.3000000000 95.4260409244
14.3100000000 95.5388133833
14.3200000000 95.6620557432
14.3300000000 95.7906819436
14.3400000000 95.9196064040
14.3500000000 96.0441622062
14.3600000000 96.1604147095
14.3700000000 96.2653326316
14.3800000000 96.3569156984
14.3900000000 96.4341801915
14.4000000000 96.4970923560
14.4100000000 96.5463786114
14.4200000000 96.5832743706
14.4300000000 96.6092916627
14.4400000000 96.6259912990
14.4500000000 96.6348755177
14.4600000000 96.6373287066
14.4700000000 96.6345944107
14.4800000000 96.6277860562
14.4900000000 96.6179337147
14.5000000000 96.6060223545
14.5100000000 96.5930254824
14.5200000000 96.5798719241
14.5300000000 96.5673668586
14.5400000000 96.5561412785
14.5500000000 96.5466841660
14.5600000000 96.5394782476
14.5700000000 96.5352028644
14.5800000000 96.5347725778
14.5900000000 96.5392494114
14.6000000000 96.5495862384
14.6100000000 96.5662865792
14.6200000000 96.5891532945
14.6300000000 96.6171997383
14.6400000000 96.6487475839
14.6500000000 96.6816497066
14.6600000000 96.7135614827
14.6700000000 96.7422224110
14.6800000000 96.7657317903
14.6900000000 96.7827546658
14.7000000000 96.7926947057
14.7100000000 96.7956685472
14.7200000000 96.7924430264
14.7300000000 96.7842695190
14.7400000000 96.7727413977
14.7500000000 96.7595958589
14.7600000000 96.7464695865
14.7700000000 96.7345878751
14.7800000000 96.7245006398
14.7900000000 96.7159203241
14.8000000000 96.7078229661
14.8100000000 96.6987607486
14.8200000000 96.6872897948
14.8300000000 96.6723931736
14.8400000000 96.6537678812
14.8500000000 96.6318779569
14.8600000000 96.6078108963
14.8700000000 96.5830317361
14.8800000000 96.5589390833
14.8900000000 96.5364822036
14.9000000000 96.5157903703
14.9100000000 96.4960072914
14.9200000000 96.4755212807
14.9300000000 96.4524497726
14.9400000000 96.4253213974
14.9500000000 96.3936139360
14.9600000000 96.3580605433
14.9700000000 96.3206731767
14.9800000000 96.2845289358
14.9900000000 96.2534701108
15.0000000000 96.2316899535
15.0100000000 96.2232455847
15.0200000000 96.2314584575
15.0300000000 96.2583390805
15.0400000000 96.3041947651
15.0500000000 96.3675871773
15.0600000000 96.4455491817
15.0700000000 96.5340744865
15.0800000000 96.6286468166
15.0900000000 96.7247368620
15.1000000000 96.8182253779
15.1100000000 96.9057834352
15.1200000000 96.9850719695
15.1300000000 97.0548057132
15.1400000000 97.1146556010
15.1500000000 97.1650205995
15.1600000000 97.2067873713
15.1700000000 97.2411462155
15.1800000000 97.2694456171
15.1900000000 97.2931487380
15.2000000000 97.3137245831
15.2100000000 97.3325781559
15.2200000000 97.3509251857
15.2300000000 97.3696798065
15.2400000000 97.3893523241
15.2500000000 97.4100188820
15.2600000000 97.4312906550
15.2700000000 97.4523293867
15.2800000000 97.4719362082
15.2900000000 97.4887306111
15.3000000000 97.5013534556
15.3100000000 97.5087774982
15.3200000000 97.5105017984
15.3300000000 97.5067161452
15.3400000000 97.4982820070
15.3500000000 97.4866118325
15.3600000000 97.4734359219
15.3700000000 97.4605773598
15.3800000000 97.4496523370
15.3900000000 97.4418729438
15.4000000000 97.4378600307
15.4100000000 97.4375688846
15.4200000000 97.4403405607
15.4300000000 97.4450969737
15.4400000000 97.4505533555
15.4500000000 97.4554295109
15.4600000000 97.4585511054
15.4700000000 97.4589471363
15.4800000000 97.4558572175
15.4900000000 97.4488336996
15.5000000000 97.4378399531
15.5100000000 97.4233112800
15.5200000000 97.4061861561
15.5300000000 97.3878146271
15.5400000000 97.3697228172
15.5500000000 97.3532326152
15.5600000000 97.3391509457
15.5700000000 97.3274664815
15.5800000000 97.3174311846
15.5900000000 97.3077967929
15.6000000000 97.2973215014
15.6100000000 97.2851929787
15.6200000000 97.2712744931
15.6300000000 97.2560760852
15.6400000000 97.2404887947
15.6500000000 97.2254251858
15.6600000000 97.2114387678
15.6700000000 97.1985326436
15.6800000000 97.1861414434
15.6900000000 97.1733441466
15.7000000000 97.1591963727
15.7100000000 97.1431480943
15.7200000000 97.1253897532
15.7300000000 97.1069621941
15.7400000000 97.0896627261
15.7500000000 97.0757258648
15.7600000000 97.0674199496
15.7700000000 97.0667215379
15.7800000000 97.0750845748
15.7900000000 97.0933194683
15.8000000000 97.1214920362
15.8100000000 97.1589375509
15.8200000000 97.2042448860
15.8300000000 97.2554493519
15.8400000000 97.3103409469
15.8500000000 97.3668171155
15.8600000000 97.4232170333
15.8700000000 97.4784555005
15.8800000000 97.5319196370
15.8900000000 97.5832699672
15.9000000000 97.6321478615
15.9100000000 97.6779991349
15.9200000000 97.7200522909
15.9300000000 97.7573590582
15.9400000000 97.7889733235
15.9500000000 97.8140671836
15.9600000000 97.8320490965
15.9700000000 97.8426662047
15.9800000000 97.8460743956
15.9900000000 97.8428193437
16.0000000000 97.8338397186
16.0100000000 97.8203532616
16.0200000000 97.8037416198
16.0300000000 97.7853852262
16.0400000000 97.7664689942
16.0500000000 97.7478421489
16.0600000000 97.7299104388
16.0700000000 97.7127034795
16.0800000000 97.6959385681
16.0900000000 97.6792613049
16.1000000000 97.6623621842
16.1100000000 97.6451657594
16.1200000000 97.6278498335
16.1300000000 97.6108319957
16.1400000000 97.5946611932
16.1500000000 97.5798309837
16.1600000000 97.5666239705
16.1700000000 97.5549490329
16.1800000000 97.5443428379
16.1900000000 97.5340439890
16.2000000000 97.5231679981
16.2100000000 97.5108901640
16.2200000000 97.4965249887
16.2300000000 97.4795883207
16.2400000000 97.4597824389
16.2500000000 97.4370464852
16.2600000000 97.4116074363
16.2700000000 97.3840313149
16.2800000000 97.3552527814
16.2900000000 97.3265384985
16.3000000000 97.2993670035
16.3100000000 97.2752745649
16.3200000000 97.2556612283
16.3300000000 97.2416910714
16.3400000000 97.2341969474
16.3500000000 97.2336465849
16.3600000000 97.2400800447
16.3700000000 97.2529841825
16.3800000000 97.2712861201
16.3900000000 97.2933848327
16.4000000000 97.3174400720
16.4100000000 97.3416211923
16.4200000000 97.3644054388
16.4300000000 97.3846897055
16.4400000000 97.4018688260
16.4500000000 97.4158084044
16.4600000000 97.4267258626
16.4700000000 97.4350695260
16.4800000000 97.4413003755
16.4900000000 97.4457433408
16.5000000000 97.4485672454
16.5100000000 97.4498831296
16.5200000000 97.4498853900
16.5300000000 97.4489942438
16.5400000000 97.4478714411
16.5500000000 97.4472528891
16.5600000000 97.4477800489
16.5700000000 97.4498229629
16.5800000000 97.4533973551
16.5900000000 97.4581718974
16.6000000000 97.4635671508
16.6100000000 97.4689065548
16.6200000000 97.4735190414
16.6300000000 97.4768363923
16.6400000000 97.4783666653
16.6500000000 97.4777006421
16.6600000000 97.4744770764
16.6700000000 97.4684790119
16.6800000000 97.4597657911
16.6900000000 97.4488067375
16.7000000000 97.4365081357
16.7100000000 97.4240923802
16.7200000000 97.4128596614
16.7300000000 97.4039713195
16.7400000000 97.3982758763
16.7500000000 97.3962942314
16.7600000000 97.3982974476
16.7700000000 97.4043905047
16.7800000000 97.4145987650
16.7900000000 97.4288787463
16.8000000000 97.4471592241
16.8100000000 97.4693006562
16.8200000000 97.4950889992
16.8300000000 97.5242177054
16.8400000000 97.5562806373
16.8500000000 97.5908117108
16.8600000000 97.6272721143
16.8700000000 97.6650616047
16.8800000000 97.7035296158
16.8900000000 97.7419045810
16.9000000000 97.7793383169
16.9100000000 97.8149282939
16.9200000000 97.8478097049
16.9300000000 97.8772727646
16.9400000000 97.9028237134
16.9500000000 97.9242813307
16.9600000000 97.9417398926
16.9700000000 97.9555780339
16.9800000000 97.9663088255
16.9900000000 97.9745336049
17.0000000000 97.9808179189
17.0100000000 97.9856433569
17.0200000000 97.9894702418
17.0300000000 97.9927546442
17.0400000000 97.9960023528
17.0500000000 97.9997695493
17.0600000000 98.0045939913
17.0700000000 98.0108538718
17.0800000000 98.0187020060
17.0900000000 98.0279157535
17.1000000000 98.0378934843
17.1100000000 98.0477031178
17.1200000000 98.0561740192
17.1300000000 98.0620549136
17.1400000000 98.0641377899
17.1500000000 98.0614200767
17.1600000000 98.0532139977
17.1700000000 98.0392033450
17.1800000000 98.0194412431
17.1900000000 97.9943289067
17.2000000000 97.9644629347
17.2100000000 97.9305107649
17.2200000000 97.8931031814
17.2300000000 97.8527493739
17.2400000000 97.8097706557
17.2500000000 97.7643579412
17.2600000000 97.7165414182
17.2700000000 97.6662432293
17.2800000000 97.6133413304
17.2900000000 97.5577164896
17.3000000000 97.4994051076
17.3100000000 97.4387225041
17.3200000000 97.3765058834
17.3300000000 97.3142684549
17.3400000000 97.2542739915
17.3500000000 97.1993938450
17.3600000000 97.1527058199
17.3700000000 97.1170164277
17.3800000000 97.0943807297
17.3900000000 97.0858006430
17.4000000000 97.0911782564
17.4100000000 97.1094662605
17.4200000000 97.1388640451
17.4300000000 97.1771268186
17.4400000000 97.2217883279
17.4500000000 97.2704524145
17.4600000000 97.3210669757
17.4700000000 97.3720720473
17.4800000000 97.4224559972
17.4900000000 97.4716506142
17.5000000000 97.5193215108
17.5100000000 97.5651958128
17.5200000000 97.6089224017
17.5300000000 97.6500871456
17.5400000000 97.6883432874
17.5500000000 97.7235385957
17.5600000000 97.7558165903
17.5700000000 97.7855908769
17.5800000000 97.8133916326
17.5900000000 97.8396792290
17.6000000000 97.8646717345
17.6100000000 97.8883045903
17.6200000000 97.9102378789
17.6300000000 97.9299745369
17.6400000000 97.9470046545
17.6500000000 97.9609519588
17.6600000000 97.9716858374
17.6700000000 97.9793797028
17.6800000000 97.9845081128
17.6900000000 97.9877648868
17.7000000000 97.9899486611
17.7100000000 97.9918042948
17.7200000000 97.9939546953
17.7300000000 97.9967763872
17.7400000000 98.0004340464
17.7500000000 98.0048292535
17.7600000000 98.0096658696
17.7700000000 98.0144782583
17.7800000000 98.0187342055
17.7900000000 98.0219264595
17.8000000000 98.0236716606
17.8100000000 98.0237985495
17.8200000000 98.0223436909
17.8300000000 98.0195354478
17.8400000000 98.0157211151
17.8500000000 98.0113796356
17.8600000000 98.0070301351
17.8700000000 98.0032749497
17.8800000000 98.0007447877
17.8900000000 98.0000504093
17.9000000000 98.0017584611
17.9100000000 98.0062861226
17.9200000000 98.0138077867
17.9300000000 98.0242345589
17.9400000000 98.0371427731
17.9500000000 98.0518256456
17.9600000000 98.0673769785
17.9700000000 98.0828990866
17.9800000000 98.0976160382
17.9900000000 98.1110491943
18.0000000000 98.1230223160
18.0100000000 98.1336711376
18.0200000000 98.1433039490
18.0300000000 98.1522665922
18.0400000000 98.1607605974
18.0500000000 98.1686909675
18.0600000000 98.1756610228
18.0700000000 98.1810741657
18.0800000000 98.1843321641
18.0900000000 98.1850727436
18.1000000000 98.1833114037
18.1100000000 98.1795263936
18.1200000000 98.1746335092
18.1300000000 98.1698327395
18.1400000000 98.1663980607
18.1500000000 98.1654452652
18.1600000000 98.1676981071
18.1700000000 98.1734074945
18.1800000000 98.1823959771
18.1900000000 98.1942360136
18.2000000000 98.2084868850
18.2100000000 98.2248730487
18.2200000000 98.2433379946
18.2300000000 98.2639797152
18.2400000000 98.2868634485
18.2500000000 98.3118563496
18.2600000000 98.3384785749
18.2700000000 98.3658972291
18.2800000000 98.3930226171
18.2900000000 98.4187400985
18.3000000000 98.4420692002
18.3100000000 98.4623577811
18.3200000000 98.4793248859
18.3300000000 98.4930727478
18.3400000000 98.5039880567
18.3500000000 98.5126051838
18.3600000000 98.5194462465
18.3700000000 98.5248798214
18.3800000000 98.5290345030
18.3900000000 98.5318082845
18.4000000000 98.5329549870
18.4100000000 98.5322365658
18.4200000000 98.5295521496
18.4300000000 98.5250486532
18.4400000000 98.5191299496
18.4500000000 98.5124532299
18.4600000000 98.5058282295
18.4700000000 98.5001420062
18.4800000000 98.4961795548
18.4900000000 98.4945325412
18.5000000000 98.4955276017
18.5100000000 98.4991650430
18.5200000000 98.5051427595
18.5300000000 98.5128976451
18.5400000000 98.5216867483
18.5500000000 98.5306889565
18.5600000000 98.5391591865
18.5700000000 98.5465589854
18.5800000000 98.5525913768
18.5900000000 98.5572363561
18.6000000000 98.5607078945
18.6100000000 98.5633849456
18.6200000000 98.5657412678
18.6300000000 98.5682868429
18.6400000000 98.5714976360
18.6500000000 98.5757560003
18.6600000000 98.5813309037
18.6700000000 98.5882664816
18.6800000000 98.5964120137
18.6900000000 98.6053615715
18.7000000000 98.6145742463
18.7100000000 98.6234380232
18.7200000000 98.6314454035
18.7300000000 98.6382727704
18.7400000000 98.6438881290
18.7500000000 98.6485343845
18.7600000000 98.6526473291
18.7700000000 98.6567727295
18.7800000000 98.6614159281
18.7900000000 98.6669362671
18.8000000000 98.6735184075
18.8100000000 98.6811902279
18.8200000000 98.6898802673
18.8300000000 98.6994692571
18.8400000000 98.7098834227
18.8500000000 98.7210354509
18.8600000000 98.7327991625
18.8700000000 98.7449822834
18.8800000000 98.7572858370
18.8900000000 98.7693492636
18.9000000000 98.7808088235
18.9100000000 98.7913310366
18.9200000000 98.8006395752
18.9300000000 98.8085430350
18.9400000000 98.8149154668
18.9500000000 98.8196705296
18.9600000000 98.8227355224
18.9700000000 98.8240639101
18.9800000000 98.8236156739
18.9900000000 98.8214100963
19.0000000000 98.8175064670
19.0100000000 98.8120176217
19.0200000000 98.8051231751
19.0300000000 98.7970438181
19.0400000000 98.7880676603
19.0500000000 98.7785046762
19.0600000000 98.7686802571
19.0700000000 98.7588285074
19.0800000000 98.7491118955
19.0900000000 98.7395197372
19.1000000000 98.7299796696
19.1100000000 98.7203633473
19.1200000000 98.7106595643
19.1300000000 98.7010416512
19.1400000000 98.6919233870
19.1500000000 98.6839610396
19.1600000000 98.6779358717
19.1700000000 98.6746888296
19.1800000000 98.6749875665
19.1900000000 98.6793797112
19.2000000000 98.6880971533
19.2100000000 98.7010136679
19.2200000000 98.7176135440
19.2300000000 98.7370948688
19.2400000000 98.7585007661
19.2500000000 98.7808726616
19.2600000000 98.8033174729
19.2700000000 98.8251176897
19.2800000000 98.8457191092
19.2900000000 98.8647203475
19.3000000000 98.8818464631
19.3100000000 98.8969160061
19.3200000000 98.9098692343
19.3300000000 98.9207411648
19.3400000000 98.9296694342
19.3500000000 98.9368955706
19.3600000000 98.9427177776
19.3700000000 98.9473970243
19.3800000000 98.9511426376
19.3900000000 98.9540164901
19.4000000000 98.9559310530
19.4100000000 98.9567091827
19.4200000000 98.9560831944
19.4300000000 98.9538164836
19.4400000000 98.9497179225
19.4500000000 98.9436895014
19.4600000000 98.9358016571
19.4700000000 98.9263219387
19.4800000000 98.9157771106
19.4900000000 98.9049421382
19.5000000000 98.8948486371
19.5100000000 98.8866038999
19.5200000000 98.8812758267
19.5300000000 98.8796405805
19.5400000000 98.8820439006
19.5500000000 98.8883355430
19.5600000000 98.8979255351
19.5700000000 98.9099108344
19.5800000000 98.9232570118
19.5900000000 98.9369003806
19.6000000000 98.9499204295
19.6100000000 98.9615548715
19.6200000000 98.9712568583
19.6300000000 98.9786837051
19.6400000000 98.9836780802
19.6500000000 98.9861935278
19.6600000000 98.9862609642
19.6700000000 98.9839123997
19.6800000000 98.9792017502
19.6900000000 98.9721765038
19.7000000000 98.9628842570
19.7100000000 98.9514278736
19.7200000000 98.9379444665
19.7300000000 98.9226405407
19.7400000000 98.9058333434
19.7500000000 98.8879304140
19.7600000000 98.8694376658
19.7700000000 98.8509592967
19.7800000000 98.8330953025
19.7900000000 98.8164684070
19.8000000000 98.8016487124
19.8100000000 98.7891393150
19.8200000000 98.7793967476
19.8300000000 98.7728249699
19.8400000000 98.7697337668
19.8500000000 98.7702901741
19.8600000000 98.7745248978
19.8700000000 98.7822476378
19.8800000000 98.7930942722
19.8900000000 98.8065522796
19.9000000000 98.8220224600
19.9100000000 98.8388730025
19.9200000000 98.8565164391
19.9300000000 98.8744304393
19.9400000000 98.8922081614
19.9500000000 98.9095657944
19.9600000000 98.9263369835
19.9700000000 98.9424396541
19.9800000000 98.9578547545
19.9900000000 98.9725502122
20.0000000000 98.9865008772
