0.0100000000 91.2567825479
0.0200000000 97.6636016933
0.0300000000 98.9499695412
0.0400000000 99.4081174039
0.0500000000 99.6214746472
0.0600000000 99.7376046229
0.0700000000 99.8075941913
0.0800000000 99.8528966176
0.0900000000 99.8837908159
0.1000000000 99.9056984310
0.1100000000 99.9216957925
0.1200000000 99.9336311422
0.1300000000 99.9426664793
0.1400000000 99.9495589669
0.1500000000 99.9548160431
0.1600000000 99.9587847408
0.1700000000 99.9617049947
0.1800000000 99.9637429899
0.1900000000 99.9650122575
0.2000000000 99.9655874467
0.2100000000 99.9655138310
0.2200000000 99.9648141493
0.2300000000 99.9634940283
0.2400000000 99.9615472764
0.2500000000 99.9589619906
0.2600000000 99.9557282141
0.2700000000 99.9518486440
0.2800000000 99.9473522692
0.2900000000 99.9423100955
0.3000000000 99.9368507494
0.3100000000 99.9311696099
0.3200000000 99.9255234127
0.3300000000 99.9202032564
0.3400000000 99.9154882419
0.3500000000 99.9115899000
0.3600000000 99.9086129661
0.3700000000 99.9065492866
0.3800000000 99.9053100830
0.3900000000 99.9047782238
0.4000000000 99.9048563537
0.4100000000 99.9054893295
0.4200000000 99.9066551812
0.4300000000 99.9083351625
0.4400000000 99.9104809204
0.4500000000 99.9129959358
0.4600000000 99.9157409673
0.4700000000 99.9185530322
0.4800000000 99.9212719357
0.4900000000 99.9237590147
0.5000000000 99.9259089166
0.5100000000 99.9276518598
0.5200000000 99.9289530357
0.5300000000 99.9298101094
0.5400000000 99.9302505872
0.5500000000 99.9303300890
0.5600000000 99.9301289581
0.5700000000 99.9297444303
0.5800000000 99.9292787084
0.5900000000 99.9288248700
0.6000000000 99.9284551900
0.6100000000 99.9282168770
0.6200000000 99.9281370798
0.6300000000 99.9282337696
0.6400000000 99.9285217237
0.6500000000 99.9290138470
0.6600000000 99.9297114087
0.6700000000 99.9305952951
0.6800000000 99.9316213805
0.6900000000 99.9327254066
0.7000000000 99.9338316737
0.7100000000 99.9348681237
0.7200000000 99.9357717728
0.7300000000 99.9364966140
0.7400000000 99.9370102876
0.7500000000 99.9372954133
0.7600000000 99.9373442072
0.7700000000 99.9371566790
0.7800000000 99.9367389130
0.7900000000 99.9361014608
0.8000000000 99.9352578647
0.8100000000 99.9342244896
0.8200000000 99.9330180095
0.8300000000 99.9316532892
0.8400000000 99.9301417148
0.8500000000 99.9284885177
0.8600000000 99.9266908451
0.8700000000 99.9247391178
0.8800000000 99.9226153975
0.8900000000 99.9202960881
0.9000000000 99.9177519777
0.9100000000 99.9149518465
0.9200000000 99.9118607881
0.9300000000 99.9084433645
0.9400000000 99.9046616496
0.9500000000 99.9004755008
0.9600000000 99.8958418295
0.9700000000 99.8907134974
0.9800000000 99.8850384990
0.9900000000 99.8787626062
1.0000000000 99.8718290127
1.0100000000 99.8641825977
1.0200000000 99.8557755381
1.0300000000 99.8465743133
1.0400000000 99.8365729797
1.0500000000 99.8258056191
1.0600000000 99.8143597497
1.0700000000 99.8023853976
1.0800000000 99.7900914858
1.0900000000 99.7777283845
1.1000000000 99.7655495974
1.1100000000 99.7537639893
1.1200000000 99.7424919927
1.1300000000 99.7317385124
1.1400000000 99.7213977078
1.1500000000 99.7112716157
1.1600000000 99.7011021922
1.1700000000 99.6906005620
1.1800000000 99.6794761696
1.1900000000 99.6674606956
1.2000000000 99.6543407273
1.2100000000 99.6399829495
1.2200000000 99.6243637712
1.2300000000 99.6075909918
1.2400000000 99.5899252125
1.2500000000 99.5717784743
1.2600000000 99.5536809074
1.2700000000 99.5361888839
1.2800000000 99.5197527483
1.2900000000 99.5045837601
1.3000000000 99.4905767066
1.3100000000 99.4773366041
1.3200000000 99.4643042986
1.3300000000 99.4509384521
1.3400000000 99.4368946060
1.3500000000 99.4221505961
1.3600000000 99.4070576219
1.3700000000 99.3922892543
1.3800000000 99.3786938907
1.3900000000 99.3670612870
1.4000000000 99.3578754172
1.4100000000 99.3511271008
1.4200000000 99.3462762368
1.4300000000 99.3423553916
1.4400000000 99.3381755218
1.4500000000 99.3325277030
1.4600000000 99.3243395813
1.4700000000 99.3127528558
1.4800000000 99.2971460861
1.4900000000 99.2771299140
1.5000000000 99.2525359361
1.5100000000 99.2234141047
1.5200000000 99.1900282566
1.5300000000 99.1528399971
1.5400000000 99.1124519319
1.5500000000 99.0694885833
1.5600000000 99.0244295738
1.5700000000 98.9774269131
1.5800000000 98.9282011755
1.5900000000 98.8760591860
1.6000000000 98.8200626187
1.6100000000 98.7592910803
1.6200000000 98.6931080847
1.6300000000 98.6213602456
1.6400000000 98.5444472293
1.6500000000 98.4632327381
1.6600000000 98.3788001598
1.6700000000 98.2921113792
1.6800000000 98.2037013088
1.6900000000 98.1135639680
1.7000000000 98.0213391638
1.7100000000 97.9267770752
1.7200000000 97.8303460910
1.7300000000 97.7337470006
1.7400000000 97.6400962632
1.7500000000 97.5536146664
1.7600000000 97.4787932471
1.7700000000 97.4192345989
1.7800000000 97.3765718911
1.7900000000 97.3499180917
1.8000000000 97.3360891887
1.8100000000 97.3304694805
1.8200000000 97.3281057390
1.8300000000 97.3245923908
1.8400000000 97.3164986636
1.8500000000 97.3013502746
1.8600000000 97.2773239674
1.8700000000 97.2428833683
1.8800000000 97.1965160091
1.8900000000 97.1366582462
1.9000000000 97.0617913132
1.9100000000 96.9706032893
1.9200000000 96.8621044412
1.9300000000 96.7356500371
1.9400000000 96.5909682356
1.9500000000 96.4283404779
1.9600000000 96.2490802895
1.9700000000 96.0562703500
1.9800000000 95.8555712529
1.9900000000 95.6557374513
2.0000000000 95.4684991081
2.0100000000 95.3075601084
2.0200000000 95.1867180484
2.0300000000 95.1174729238
2.0400000000 95.1067813163
2.0500000000 95.1556891549
2.0600000000 95.2593126056
2.0700000000 95.4081111948
2.0800000000 95.5899118459
2.0900000000 95.7919817070
2.1000000000 96.0026229954
2.1100000000 96.2121348487
2.1200000000 96.4132171026
2.1300000000 96.6009814469
2.1400000000 96.7726838839
2.1500000000 96.9273031038
2.1600000000 97.0650612509
2.1700000000 97.1870095985
2.1800000000 97.2947387393
2.1900000000 97.3902148657
2.2000000000 97.4756624049
2.2100000000 97.5534056832
2.2200000000 97.6256422107
2.2300000000 97.6941906575
2.2400000000 97.7602937226
2.2500000000 97.8245463151
2.2600000000 97.8869360453
2.2700000000 97.9469923842
2.2800000000 98.0039809271
2.2900000000 98.0570873444
2.3000000000 98.1055616354
2.3100000000 98.1488031832
2.3200000000 98.1864105427
2.3300000000 98.2182234398
2.3400000000 98.2443460185
2.3500000000 98.2651400221
2.3600000000 98.2811706060
2.3700000000 98.2931108174
2.3800000000 98.3015939125
2.3900000000 98.3070519950
2.4000000000 98.3095825056
2.4100000000 98.3089245333
2.4200000000 98.3045749965
2.4300000000 98.2960391448
2.4400000000 98.2830987726
2.4500000000 98.2659970452
2.4600000000 98.2454420391
2.4700000000 98.2223928230
2.4800000000 98.1976814996
2.4900000000 98.1715943815
2.5000000000 98.1435816643
2.5100000000 98.1122114848
2.5200000000 98.0753750753
2.5300000000 98.0306480366
2.5400000000 97.9756712447
2.5500000000 97.9084737196
2.5600000000 97.8277426708
2.5700000000 97.7330569558
2.5800000000 97.6251016549
2.5900000000 97.5058423280
2.6000000000 97.3786129249
2.6100000000 97.2480567542
2.6200000000 97.1198798889
2.6300000000 97.0004563107
2.6400000000 96.8963466715
2.6500000000 96.8138036427
2.6600000000 96.7582858294
2.6700000000 96.7339776088
2.6800000000 96.7433212730
2.6900000000 96.7866222146
2.7000000000 96.8618807252
2.7100000000 96.9649734052
2.7200000000 97.0902284614
2.7300000000 97.2312310203
2.7400000000 97.3816378758
2.7500000000 97.5357548214
2.7600000000 97.6888277227
2.7700000000 97.8371004081
2.7800000000 97.9777463574
2.7900000000 98.1087706839
2.8000000000 98.2289077075
2.8100000000 98.3375153231
2.8200000000 98.4344532497
2.8300000000 98.5199598194
2.8400000000 98.5945427254
2.8500000000 98.6588811365
2.8600000000 98.7137611185
2.8700000000 98.7600290145
2.8800000000 98.7985646239
2.8900000000 98.8302578283
2.9000000000 98.8559888720
2.9100000000 98.8766225895
2.9200000000 98.8930098762
2.9300000000 98.9060006564
2.9400000000 98.9164706476
2.9500000000 98.9253138016
2.9600000000 98.9334026350
2.9700000000 98.9414918727
2.9800000000 98.9500974121
2.9900000000 98.9594127073
3.0000000000 98.9692907409
3.0100000000 98.9793246132
3.0200000000 98.9889763492
3.0300000000 98.9977359174
3.0400000000 99.0052409500
3.0500000000 99.0113507681
3.0600000000 99.0161456984
3.0700000000 99.0198628891
3.0800000000 99.0227941962
3.0900000000 99.0251886295
3.1000000000 99.0272149171
3.1100000000 99.0289831622
3.1200000000 99.0306268366
3.1300000000 99.0323652590
3.1400000000 99.0344946247
3.1500000000 99.0372907027
3.1600000000 99.0408591913
3.1700000000 99.0450124031
3.1800000000 99.0492229867
3.1900000000 99.0526873369
3.2000000000 99.0544540432
3.2100000000 99.0535625262
3.2200000000 99.0491538353
3.2300000000 99.0405246097
3.2400000000 99.0271536329
3.2500000000 99.0086980555
3.2600000000 98.9849983331
3.2700000000 98.9560624551
3.2800000000 98.9220655527
3.2900000000 98.8833112788
3.3000000000 98.8401959757
3.3100000000 98.7931503675
3.3200000000 98.7425969160
3.3300000000 98.6889333047
3.3400000000 98.6325262378
3.3500000000 98.5737121034
3.3600000000 98.5128001625
3.3700000000 98.4500746269
3.3800000000 98.3858332513
3.3900000000 98.3204423982
3.4000000000 98.2543879499
3.4100000000 98.1883334638
3.4200000000 98.1231530451
3.4300000000 98.0599785865
3.4400000000 98.0002155670
3.4500000000 97.9455237614
3.4600000000 97.8977414515
3.4700000000 97.8587693865
3.4800000000 97.8304030830
3.4900000000 97.8141014394
3.5000000000 97.8106865441
3.5100000000 97.8200442148
3.5200000000 97.8409165315
3.5300000000 97.8709516135
3.5400000000 97.9070124547
3.5500000000 97.9456912935
3.5600000000 97.9838271640
3.5700000000 98.0188852202
3.5800000000 98.0491022575
3.5900000000 98.0734452807
3.6000000000 98.0914737101
3.6100000000 98.1032084700
3.6200000000 98.1090464777
3.6300000000 98.1096813939
3.6400000000 98.1059847177
3.6500000000 98.0988333662
3.6600000000 98.0889074703
3.6700000000 98.0765330440
3.6800000000 98.0616701436
3.6900000000 98.0440447271
3.7000000000 98.0233862218
3.7100000000 97.9996889930
3.7200000000 97.9733827368
3.7300000000 97.9453758739
3.7400000000 97.9168895376
3.7500000000 97.8891268273
3.7600000000 97.8628405204
3.7700000000 97.8380063370
3.7800000000 97.8137901334
3.7900000000 97.7888442099
3.8000000000 97.7618476703
3.8100000000 97.7320173603
3.8200000000 97.6993966903
3.8300000000 97.6648033922
3.8400000000 97.6294475392
3.8500000000 97.5943935256
3.8600000000 97.5600743686
3.8700000000 97.5261143610
3.8800000000 97.4915641599
3.8900000000 97.4554641602
3.9000000000 97.4175040924
3.9100000000 97.3784831102
3.9200000000 97.3403726941
3.9300000000 97.3058986199
3.9400000000 97.2777982746
3.9500000000 97.2580307837
3.9600000000 97.2473141962
3.9700000000 97.2452095584
3.9800000000 97.2507014547
3.9900000000 97.2629430777
4.0000000000 97.2817814088
4.0100000000 97.3078012717
4.0200000000 97.3418800588
4.0300000000 97.3844608065
4.0400000000 97.4349022451
4.0500000000 97.4911987556
4.0600000000 97.5501682941
4.0700000000 97.6079891718
4.0800000000 97.6608068545
4.0900000000 97.7052456813
4.1000000000 97.7386999922
4.1100000000 97.7594221795
4.1200000000 97.7665060724
4.1300000000 97.7598053085
4.1400000000 97.7398731584
4.1500000000 97.7079470945
4.1600000000 97.6659802442
4.1700000000 97.6166890622
4.1800000000 97.5635566288
4.1900000000 97.5106722949
4.2000000000 97.4622913917
4.2100000000 97.4221522526
4.2200000000 97.3926663780
4.2300000000 97.3743366574
4.2400000000 97.3656516113
4.2500000000 97.3635303528
4.2600000000 97.3641269193
4.2700000000 97.3636471935
4.2800000000 97.3589426907
4.2900000000 97.3477808278
4.3000000000 97.3288706548
4.3100000000 97.3017272515
4.3200000000 97.2665118459
4.3300000000 97.2238721044
4.3400000000 97.1748685564
4.3500000000 97.1209643333
4.3600000000 97.0640760954
4.3700000000 97.0065979483
4.3800000000 96.9513545754
4.3900000000 96.9014174469
4.4000000000 96.8598109463
4.4100000000 96.8291892010
4.4200000000 96.8115671559
4.4300000000 96.8081828572
4.4400000000 96.8194980697
4.4500000000 96.8452987736
4.4600000000 96.8848264952
4.4700000000 96.9368091572
4.4800000000 96.9993755116
4.4900000000 97.0699109368
4.5000000000 97.1450232577
4.5100000000 97.2207629671
4.5200000000 97.2930620849
4.5300000000 97.3582463943
4.5400000000 97.4134718878
4.5500000000 97.4569865399
4.5600000000 97.4882373992
4.5700000000 97.5078616466
4.5800000000 97.5175977904
4.5900000000 97.5200758240
4.6000000000 97.5184706402
4.6100000000 97.5159675893
4.6200000000 97.5151598238
4.6300000000 97.5175318342
4.6400000000 97.5232903565
4.6500000000 97.5316308453
4.6600000000 97.5413619844
4.6700000000 97.5516029532
4.6800000000 97.5622978997
4.6900000000 97.5743306444
4.7000000000 97.5892346917
4.7100000000 97.6085853986
4.7200000000 97.6333200674
4.7300000000 97.6632412038
4.7400000000 97.6969082896
4.7500000000 97.7319186670
4.7600000000 97.7654297540
4.7700000000 97.7946692750
4.7800000000 97.8172948295
4.7900000000 97.8315320372
4.8000000000 97.8361630746
4.8100000000 97.8304138404
4.8200000000 97.8138638345
4.8300000000 97.7863658819
4.8400000000 97.7480090815
4.8500000000 97.6991220124
4.8600000000 97.6402652324
4.8700000000 97.5722578589
4.8800000000 97.4962017633
4.8900000000 97.4134932443
4.9000000000 97.3258073272
4.9100000000 97.2349999023
4.9200000000 97.1429353952
4.9300000000 97.0512890949
4.9400000000 96.9614028248
4.9500000000 96.8742872290
4.9600000000 96.7908025531
4.9700000000 96.7119302113
4.9800000000 96.6389813010
4.9900000000 96.5736423561
5.0000000000 96.5177201276
5.0100000000 96.4726562058
5.0200000000 96.4389661220
5.0300000000 96.4159051437
5.0400000000 96.4015757992
5.0500000000 96.3934713357
5.0600000000 96.3891298330
5.0700000000 96.3865755597
5.0800000000 96.3843692871
5.0900000000 96.3813478302
5.1000000000 96.3763517368
5.1100000000 96.3680936690
5.1200000000 96.3552576080
5.1300000000 96.3366772413
5.1400000000 96.3115155964
5.1500000000 96.2793991465
5.1600000000 96.2405486038
5.1700000000 96.1958919778
5.1800000000 96.1471574148
5.1900000000 96.0967939380
5.2000000000 96.0477550613
5.2100000000 96.0031707665
5.2200000000 95.9660292925
5.2300000000 95.9389515243
5.2400000000 95.9240515353
5.2500000000 95.9227778814
5.2600000000 95.9356519035
5.2700000000 95.9619795055
5.2800000000 95.9996661886
5.2900000000 96.0453284042
5.3000000000 96.0947431824
5.3100000000 96.1435368978
5.3200000000 96.1879123748
5.3300000000 96.2252509268
5.3400000000 96.2544254986
5.3500000000 96.2758511222
5.3600000000 96.2912653761
5.3700000000 96.3033416735
5.3800000000 96.3151513786
5.3900000000 96.3295543033
5.4000000000 96.3485859744
5.4100000000 96.3729585301
5.4200000000 96.4018128904
5.4300000000 96.4328248930
5.4400000000 96.4626750893
5.4500000000 96.4877488719
5.4600000000 96.5049302448
5.4700000000 96.5122707361
5.4800000000 96.5094103156
5.4900000000 96.4977164182
5.5000000000 96.4801385104
5.5100000000 96.4607457846
5.5200000000 96.4440526171
5.5300000000 96.4341866972
5.5400000000 96.4341140358
5.5500000000 96.4450928075
5.5600000000 96.4665495826
5.5700000000 96.4963713482
5.5800000000 96.5315637452
5.5900000000 96.5690309033
5.6000000000 96.6062800400
5.6100000000 96.6418181120
5.6200000000 96.6751626269
5.6300000000 96.7064863091
5.6400000000 96.7360744264
5.6500000000 96.7638955761
5.6600000000 96.7895038108
5.6700000000 96.8123514784
5.6800000000 96.8323319662
5.6900000000 96.8502644073
5.7000000000 96.8680282650
5.7100000000 96.8882239893
5.7200000000 96.9134401339
5.7300000000 96.9453935739
5.7400000000 96.9842581229
5.7500000000 97.0284640139
5.7600000000 97.0749726690
5.7700000000 97.1198715879
5.7800000000 97.1590676939
5.7900000000 97.1888715593
5.8000000000 97.2064319197
5.8100000000 97.2099739511
5.8200000000 97.1989146251
5.8300000000 97.1738793330
5.8400000000 97.1366379422
5.8500000000 97.0899483209
5.8600000000 97.0373227147
5.8700000000 96.9826578666
5.8800000000 96.9298380140
5.8900000000 96.8822762735
5.9000000000 96.8424533544
5.9100000000 96.8115095102
5.9200000000 96.7889373427
5.9300000000 96.7725820906
5.9400000000 96.7589834020
5.9500000000 96.7440632146
5.9600000000 96.7239322336
5.9700000000 96.6956412585
5.9800000000 96.6576960337
5.9900000000 96.6102800747
6.0000000000 96.5552339494
6.0100000000 96.4957659303
6.0200000000 96.4358897874
6.0300000000 96.3796796934
6.0400000000 96.3304574782
6.0500000000 96.2901716251
6.0600000000 96.2592259862
6.0700000000 96.2367683425
6.0800000000 96.2213249823
6.0900000000 96.2114662375
6.1000000000 96.2063046742
6.1100000000 96.2057056327
6.1200000000 96.2101717496
6.1300000000 96.2205026957
6.1400000000 96.2373526870
6.1500000000 96.2608480266
6.1600000000 96.2904105099
6.1700000000 96.3248047094
6.1800000000 96.3623709950
6.1900000000 96.4013521702
6.2000000000 96.4401889866
6.2100000000 96.4777029547
6.2200000000 96.5130956735
6.2300000000 96.5457304742
6.2400000000 96.5748025861
6.2500000000 96.5990673319
6.2600000000 96.6168193354
6.2700000000 96.6261642615
6.2800000000 96.6255394659
6.2900000000 96.6143022511
6.3000000000 96.5932138234
6.3100000000 96.5646607914
6.3200000000 96.5324825468
6.3300000000 96.5014181312
6.3400000000 96.4761981348
6.3500000000 96.4605611196
6.3600000000 96.4565071068
6.3700000000 96.4640186853
6.3800000000 96.4812792919
6.3900000000 96.5051722053
6.4000000000 96.5318673890
6.4100000000 96.5573613411
6.4200000000 96.5779502901
6.4300000000 96.5906660674
6.4400000000 96.5936633277
6.4500000000 96.5865089941
6.4600000000 96.5702721600
6.4700000000 96.5473596919
6.4800000000 96.5210537887
6.4900000000 96.4948292323
6.5000000000 96.4716481542
6.5100000000 96.4534378233
6.5200000000 96.4409646268
6.5300000000 96.4339927598
6.5400000000 96.4316036549
6.5500000000 96.4324170003
6.5600000000 96.4346920419
6.5700000000 96.4363728520
6.5800000000 96.4351705476
6.5900000000 96.4287513040
6.6000000000 96.4149955461
6.6100000000 96.3922860495
6.6200000000 96.3597863135
6.6300000000 96.3176983184
6.6400000000 96.2674271523
6.6500000000 96.2116313404
6.6600000000 96.1540818555
6.6700000000 96.0993143477
6.6800000000 96.0520772050
6.6900000000 96.0166814619
6.7000000000 95.9963487502
6.7100000000 95.9927356575
6.7200000000 96.0057973577
6.7300000000 96.0339981986
6.7400000000 96.0747429670
6.7500000000 96.1247830593
6.7600000000 96.1804842430
6.7700000000 96.2380433397
6.7800000000 96.2937495297
6.7900000000 96.3443799493
6.8000000000 96.3875864723
6.8100000000 96.4221136717
6.8200000000 96.4477448841
6.8300000000 96.4650113283
6.8400000000 96.4748436287
6.8500000000 96.4783299488
6.8600000000 96.4766053231
6.8700000000 96.4708575190
6.8800000000 96.4622470154
6.8900000000 96.4517225376
6.9000000000 96.4397527100
6.9100000000 96.4261106521
6.9200000000 96.4098578901
6.9300000000 96.3895148570
6.9400000000 96.3633674443
6.9500000000 96.3297590236
6.9600000000 96.2872650918
6.9700000000 96.2347614017
6.9800000000 96.1714995478
6.9900000000 96.0972448239
7.0000000000 96.0124984958
7.0100000000 95.9186536929
7.0200000000 95.8180148350
7.0300000000 95.7136175413
7.0400000000 95.6089635390
7.0500000000 95.5078201261
7.0600000000 95.4141557055
7.0700000000 95.3321572658
7.0800000000 95.2660829829
7.0900000000 95.2198022428
7.1000000000 95.1960636180
7.1100000000 95.1958412082
7.1200000000 95.2180542791
7.1300000000 95.2597768532
7.1400000000 95.3168267198
7.1500000000 95.3844633979
7.1600000000 95.4580394611
7.1700000000 95.5334860648
7.1800000000 95.6076685082
7.1900000000 95.6786270481
7.2000000000 95.7456502728
7.2100000000 95.8091305332
7.2200000000 95.8701419611
7.2300000000 95.9298358711
7.2400000000 95.9888304608
7.2500000000 96.0468516455
7.2600000000 96.1026533710
7.2700000000 96.1542145630
7.2800000000 96.1990520562
7.2900000000 96.2345953435
7.3000000000 96.2585183998
7.3100000000 96.2690559528
7.3200000000 96.2651988657
7.3300000000 96.2467557222
7.3400000000 96.2143031431
7.3500000000 96.1690466869
7.3600000000 96.1126812679
7.3700000000 96.0472766406
7.3800000000 95.9751426601
7.3900000000 95.8986724063
7.4000000000 95.8201499344
7.4100000000 95.7416065048
7.4200000000 95.6647673625
7.4300000000 95.5910972258
7.4400000000 95.5218950385
7.4500000000 95.4583337772
7.4600000000 95.4013773783
7.4700000000 95.3516194808
7.4800000000 95.3092110348
7.4900000000 95.2739621657
7.5000000000 95.2455263697
7.5100000000 95.2235221559
7.5200000000 95.2074344447
7.5300000000 95.1963849793
7.5400000000 95.1889245331
7.5500000000 95.1830027696
7.5600000000 95.1760898220
7.5700000000 95.1654060230
7.5800000000 95.1482069810
7.5900000000 95.1221260401
7.6000000000 95.0854564021
7.6100000000 95.0373302823
7.6200000000 94.9777065335
7.6300000000 94.9072435280
7.6400000000 94.8271400590
7.6500000000 94.7390077411
7.6600000000 94.6448027019
7.6700000000 94.5468375317
7.6800000000 94.4478502986
7.6900000000 94.3511537858
7.7000000000 94.2607023317
7.7100000000 94.1808896200
7.7200000000 94.1160305989
7.7300000000 94.0696704887
7.7400000000 94.0439951090
7.7500000000 94.0396103895
7.7600000000 94.0556410600
7.7700000000 94.0900526284
7.7800000000 94.1399680062
7.7900000000 94.2019383154
7.8000000000 94.2721330576
7.8100000000 94.3465168660
7.8200000000 94.4209837400
7.8300000000 94.4915046925
7.8400000000 94.5542788573
7.8500000000 94.6058796335
7.8600000000 94.6433122886
7.8700000000 94.6640036142
7.8800000000 94.6657475235
7.8900000000 94.6467502122
7.9000000000 94.6058701718
7.9100000000 94.5429899690
7.9200000000 94.4594104794
7.9300000000 94.3580478073
7.9400000000 94.2433529688
7.9500000000 94.1209798775
7.9600000000 93.9972838881
7.9700000000 93.8787808773
7.9800000000 93.7715290802
7.9900000000 93.6804816142
8.0000000000 93.6088044305
8.0100000000 93.5573404699
8.0200000000 93.5244673525
8.0300000000 93.5064711051
8.0400000000 93.4983983136
8.0500000000 93.4950975045
8.0600000000 93.4921704781
8.0700000000 93.4866238568
8.0800000000 93.4771232838
8.0900000000 93.4639213905
8.1000000000 93.4485432812
8.1100000000 93.4334069793
8.1200000000 93.4213952615
8.1300000000 93.4154239284
8.1400000000 93.4179175729
8.1500000000 93.4302917472
8.1600000000 93.4526521476
8.1700000000 93.4839207086
8.1800000000 93.5223787778
8.1900000000 93.5663608900
8.2000000000 93.6148301496
8.2100000000 93.6676473461
8.2200000000 93.7255069282
8.2300000000 93.7896349314
8.2400000000 93.8613525692
8.2500000000 93.9414966363
8.2600000000 94.0299450520
8.2700000000 94.1253444515
8.2800000000 94.2252352019
8.2900000000 94.3265262279
8.3000000000 94.4261039321
8.3100000000 94.5213729579
8.3200000000 94.6105955429
8.3300000000 94.6930246765
8.3400000000 94.7688467088
8.3500000000 94.8389397469
8.3600000000 94.9044882614
8.3700000000 94.9665316543
8.3800000000 95.0255924772
8.3900000000 95.0815173723
8.4000000000 95.1335987759
8.4100000000 95.1808559970
8.4200000000 95.2223358952
8.4300000000 95.2573713315
8.4400000000 95.2857057761
8.4500000000 95.3076436981
8.4600000000 95.3241456698
8.4700000000 95.3369209871
8.4800000000 95.3483586436
8.4900000000 95.3612327155
8.5000000000 95.3782341153
8.5100000000 95.4014188158
8.5200000000 95.4317539952
8.5300000000 95.4689228401
8.5400000000 95.5114389289
8.5500000000 95.5570193429
8.5600000000 95.6030886538
8.5700000000 95.6472232625
8.5800000000 95.6874324166
8.5900000000 95.7222089861
8.6000000000 95.7504570783
8.6100000000 95.7713401743
8.6200000000 95.7841410049
8.6300000000 95.7881972127
8.6400000000 95.7828851774
8.6500000000 95.7676528610
8.6600000000 95.7420990199
8.6700000000 95.7060210285
8.6800000000 95.6594479087
8.6900000000 95.6026064359
8.7000000000 95.5358517114
8.7100000000 95.4595768697
8.7200000000 95.3742292525
8.7300000000 95.2803898917
8.7400000000 95.1789535276
8.7500000000 95.0712530167
8.7600000000 94.9590647508
8.7700000000 94.8445332834
8.7800000000 94.7299874828
8.7900000000 94.6177728171
8.8000000000 94.5101457889
8.8100000000 94.4092072302
8.8200000000 94.3169455215
8.8300000000 94.2353006232
8.8400000000 94.1661889295
8.8500000000 94.1113889278
8.8600000000 94.0722638845
8.8700000000 94.0494222790
8.8800000000 94.0424189515
8.8900000000 94.0496212827
8.9000000000 94.0682609742
8.9100000000 94.0946925762
8.9200000000 94.1248761940
8.9300000000 94.1549059893
8.9400000000 94.1814941993
8.9500000000 94.2022638055
8.9600000000 94.2158533744
8.9700000000 94.2219574706
8.9800000000 94.2214005380
8.9900000000 94.2161751304
9.0000000000 94.2093313289
9.0100000000 94.2045297469
9.0200000000 94.2053231632
9.0300000000 94.2143439110
9.0400000000 94.2327754959
9.0500000000 94.2602494860
9.0600000000 94.2952147265
9.0700000000 94.3355278140
9.0800000000 94.3790674703
9.0900000000 94.4241817837
9.1000000000 94.4699032047
9.1100000000 94.5159532291
9.1200000000 94.5626039570
9.1300000000 94.6104713401
9.1400000000 94.6602063511
9.1500000000 94.7122317650
9.1600000000 94.7665190254
9.1700000000 94.8224927939
9.1800000000 94.8790756326
9.1900000000 94.9348753680
9.2000000000 94.9884518180
9.2100000000 95.0386067558
9.2200000000 95.0847522862
9.2300000000 95.1271819055
9.2400000000 95.1672814979
9.2500000000 95.2075271089
9.2600000000 95.2512384855
9.2700000000 95.3020914456
9.2800000000 95.3634704296
9.2900000000 95.4378265131
9.3000000000 95.5262184779
9.3100000000 95.6281317438
9.3200000000 95.7416197312
9.3300000000 95.8636629010
9.3400000000 95.9906574110
9.3500000000 96.1188864432
9.3600000000 96.2449249746
9.3700000000 96.3658615868
9.3800000000 96.4793369765
9.3900000000 96.5834393182
9.4000000000 96.6765668738
9.4100000000 96.7573019748
9.4200000000 96.8243875429
9.4300000000 96.8767829148
9.4400000000 96.9137433758
9.4500000000 96.9348770990
9.4600000000 96.9402048182
9.4700000000 96.9301859106
9.4800000000 96.9057104351
9.4900000000 96.8680956922
9.5000000000 96.8190104655
9.5100000000 96.7603718699
9.5200000000 96.6941936558
9.5300000000 96.6224179305
9.5400000000 96.5467893460
9.5500000000 96.4688587452
9.5600000000 96.3901165548
9.5700000000 96.3122301848
9.5800000000 96.2371352793
9.5900000000 96.1669221985
9.6000000000 96.1033638470
9.6100000000 96.0473394836
9.6200000000 95.9983937473
9.6300000000 95.9546866596
9.6400000000 95.9134300757
9.6500000000 95.8716189284
9.6600000000 95.8267738569
9.6700000000 95.7774248697
9.6800000000 95.7232390585
9.6900000000 95.6648186632
9.7000000000 95.6033645942
9.7100000000 95.5403443940
9.7200000000 95.4773234969
9.7300000000 95.4159901671
9.7400000000 95.3582812376
9.7500000000 95.3064394227
9.7600000000 95.2628085782
9.7700000000 95.2293363982
9.7800000000 95.2069520595
9.7900000000 95.1951237654
9.8000000000 95.1918637960
9.8100000000 95.1942336427
9.8200000000 95.1991645298
9.8300000000 95.2042168492
9.8400000000 95.2079444703
9.8500000000 95.2097172292
9.8600000000 95.2091632849
9.8700000000 95.2055420156
9.8800000000 95.1974036235
9.8900000000 95.1826540180
9.9000000000 95.1589618841
9.9100000000 95.1243966260
9.9200000000 95.0779247902
9.9300000000 95.0196752668
9.9400000000 94.9508717619
9.9500000000 94.8735287758
9.9600000000 94.7901016338
9.9700000000 94.7033180123
9.9800000000 94.6162225010
9.9900000000 94.5323348344
10.0000000000 94.4557044059
10.0100000000 94.3907256758
10.0200000000 94.3417044818
10.0300000000 94.3123121312
10.0400000000 94.3051474813
10.0500000000 94.3215720466
10.0600000000 94.3617592785
10.0700000000 94.4248021256
10.0800000000 94.5087226858
10.0900000000 94.6103998993
10.1000000000 94.7256825285
10.1100000000 94.8498924096
10.1200000000 94.9786333851
10.1300000000 95.1085693747
10.1400000000 95.2378313891
10.1500000000 95.3658242873
10.1600000000 95.4926348095
10.1700000000 95.6182975618
10.1800000000 95.7423010598
10.1900000000 95.8633437696
10.2000000000 95.9794000861
10.2100000000 96.0879249195
10.2200000000 96.1861793603
10.2300000000 96.2715386637
10.2400000000 96.3418230068
10.2500000000 96.3954955041
10.2600000000 96.4317647861
10.2700000000 96.4505600055
10.2800000000 96.4524420049
10.2900000000 96.4385166489
10.3000000000 96.4102889598
10.3100000000 96.3695356739
10.3200000000 96.3180480268
10.3300000000 96.2574108329
10.3400000000 96.1888266094
10.3500000000 96.1131651233
10.3600000000 96.0312534626
10.3700000000 95.9443274250
10.3800000000 95.8545043360
10.3900000000 95.7650907246
10.4000000000 95.6806289970
10.4100000000 95.6065993260
10.4200000000 95.5488044795
10.4300000000 95.5124671995
10.4400000000 95.5012890109
10.4500000000 95.5166214036
10.4600000000 95.5571218838
10.4700000000 95.6189066913
10.4800000000 95.6962431325
10.4900000000 95.7824233460
10.5000000000 95.8706944194
10.5100000000 95.9549631696
10.5200000000 96.0303122529
10.5300000000 96.0932439735
10.5400000000 96.1417968056
10.5500000000 96.1754776897
10.5600000000 96.1951300872
10.5700000000 96.2026523284
10.5800000000 96.2006441960
10.5900000000 96.1919588760
10.6000000000 96.1792366143
10.6100000000 96.1645634213
10.6200000000 96.1493174096
10.6300000000 96.1342294687
10.6400000000 96.1195780003
10.6500000000 96.1053971165
10.6600000000 96.0915796153
10.6700000000 96.0779197155
10.6800000000 96.0640944503
10.6900000000 96.0497477114
10.7000000000 96.0347073927
10.7100000000 96.0192484303
10.7200000000 96.0042580006
10.7300000000 95.9912703116
10.7400000000 95.9822510954
10.7500000000 95.9792330529
10.7600000000 95.9838984418
10.7700000000 95.9971394388
10.7800000000 96.0187593328
10.7900000000 96.0473449271
10.8000000000 96.0803476174
10.8100000000 96.1144397368
10.8200000000 96.1459860282
10.8300000000 96.1716189119
10.8400000000 96.1887047576
10.8500000000 96.1955906082
10.8600000000 96.1916260026
10.8700000000 96.1769438167
10.8800000000 96.1522064136
10.8900000000 96.1183321780
10.9000000000 96.0763941099
10.9100000000 96.0277113723
10.9200000000 95.9740336073
10.9300000000 95.9177376970
10.9400000000 95.8617788382
10.9500000000 95.8093540552
10.9600000000 95.7633730976
10.9700000000 95.7258867533
10.9800000000 95.6977788414
10.9900000000 95.6787749976
11.0000000000 95.6677571529
11.0100000000 95.6631452343
11.0200000000 95.6631794090
11.0300000000 95.6659558470
11.0400000000 95.6693409948
11.0500000000 95.6707814092
11.0600000000 95.6673031814
11.0700000000 95.6556560753
11.0800000000 95.6326608347
11.0900000000 95.5956245174
11.1000000000 95.5426671936
11.1100000000 95.4729079200
11.1200000000 95.3864849227
11.1300000000 95.2845109426
11.1400000000 95.1689791004
11.1500000000 95.0427241891
11.1600000000 94.9094803485
11.1700000000 94.7739578018
11.1800000000 94.6419005764
11.1900000000 94.5198854823
11.2000000000 94.4148197742
11.2100000000 94.3330735985
11.2200000000 94.2794817992
11.2300000000 94.2564509798
11.2400000000 94.2635824733
11.2500000000 94.2979449703
11.2600000000 94.3548955478
11.2700000000 94.4291493556
11.2800000000 94.5156135312
11.2900000000 94.6098266095
11.3000000000 94.7079499045
11.3100000000 94.8065976109
11.3200000000 94.9027083697
11.3300000000 94.9935762611
11.3400000000 95.0769511595
11.3500000000 95.1511965639
11.3600000000 95.2153595057
11.3700000000 95.2691473705
11.3800000000 95.3127772752
11.3900000000 95.3467636943
11.4000000000 95.3717121166
11.4100000000 95.3881695928
11.4200000000 95.3965869027
11.4300000000 95.3973156981
11.4400000000 95.3906219473
11.4500000000 95.3766609187
11.4600000000 95.3554519079
11.4700000000 95.3269580345
11.4800000000 95.2912949621
11.4900000000 95.2490521536
11.5000000000 95.2017084225
11.5100000000 95.1519259589
11.5200000000 95.1035796025
11.5300000000 95.0613855077
11.5400000000 95.0302092909
11.5500000000 95.0141993089
11.5600000000 95.0160943411
11.5700000000 95.0368981287
11.5800000000 95.0760425169
11.5900000000 95.1318598701
11.6000000000 95.2021727692
11.6100000000 95.2846478940
11.6200000000 95.3770005907
11.6300000000 95.4769546465
11.6400000000 95.5822037910
11.6500000000 95.6904457907
11.6600000000 95.7994740348
11.6700000000 95.9073111079
11.6800000000 96.0122628416
11.6900000000 96.1129293462
11.7000000000 96.2081535608
11.7100000000 96.2969639048
11.7200000000 96.3785381995
11.7300000000 96.4521709559
11.7400000000 96.5172863059
11.7500000000 96.5734592825
11.7600000000 96.6205528080
11.7700000000 96.6588007174
11.7800000000 96.6889210290
11.7900000000 96.7121456801
11.8000000000 96.7301663250
11.8100000000 96.7450426469
11.8200000000 96.7590288843
11.8300000000 96.7744153483
11.8400000000 96.7933012651
11.8500000000 96.8173804573
11.8600000000 96.8477128112
11.8700000000 96.8845424821
11.8800000000 96.9272855190
11.8900000000 96.9746288174
11.9000000000 97.0247806284
11.9100000000 97.0757430564
11.9200000000 97.1255942012
11.9300000000 97.1726464562
11.9400000000 97.2155783101
11.9500000000 97.2534896121
11.9600000000 97.2859903523
11.9700000000 97.3132280553
11.9800000000 97.3359651933
11.9900000000 97.3554883053
12.0000000000 97.3735008733
12.0100000000 97.3918282404
12.0200000000 97.4121351300
12.0300000000 97.4355768056
12.0400000000 97.4626013864
12.0500000000 97.4929002121
12.0600000000 97.5255577829
12.0700000000 97.5592949094
12.0800000000 97.5927642379
12.0900000000 97.6247126305
12.1000000000 97.6540730616
12.1100000000 97.6800003448
12.1200000000 97.7019088832
12.1300000000 97.7194879473
12.1400000000 97.7327229836
12.1500000000 97.7418360855
12.1600000000 97.7472083901
12.1700000000 97.7493010610
12.1800000000 97.7486616476
12.1900000000 97.7459821684
12.2000000000 97.7422221163
12.2100000000 97.7386247545
12.2200000000 97.7366588855
12.2300000000 97.7377627605
12.2400000000 97.7430785326
12.2500000000 97.7532296543
12.2600000000 97.7682708827
12.2700000000 97.7878072689
12.2800000000 97.8112082659
12.2900000000 97.8377789225
12.3000000000 97.8669000092
12.3100000000 97.8981442741
12.3200000000 97.9313133507
12.3300000000 97.9664853934
12.3400000000 98.0039134920
12.3500000000 98.0438682748
12.3600000000 98.0863679131
12.3700000000 98.1309895202
12.3800000000 98.1768555742
12.3900000000 98.2227667479
12.4000000000 98.2674248657
12.4100000000 98.3096787118
12.4200000000 98.3486486578
12.4300000000 98.3837543501
12.4400000000 98.4146845518
12.4500000000 98.4413572755
12.4600000000 98.4639090188
12.4700000000 98.4826709667
12.4800000000 98.4981233411
12.4900000000 98.5108356187
12.5000000000 98.5213325693
12.5100000000 98.5300183119
12.5200000000 98.5371307007
12.5300000000 98.5426991541
12.5400000000 98.5466469328
12.5500000000 98.5488380391
12.5600000000 98.5491861156
12.5700000000 98.5476993612
12.5800000000 98.5445254862
12.5900000000 98.5399272799
12.6000000000 98.5342437002
12.6100000000 98.5278815499
12.6200000000 98.5212932751
12.6300000000 98.5150169757
12.6400000000 98.5096724843
12.6500000000 98.5059545052
12.6600000000 98.5045718478
12.6700000000 98.5061560797
12.6800000000 98.5111379642
12.6900000000 98.5196576744
12.7000000000 98.5314822350
12.7100000000 98.5459834205
12.7200000000 98.5622128577
12.7300000000 98.5790171898
12.7400000000 98.5952273013
12.7500000000 98.6098000673
12.7600000000 98.6219500930
12.7700000000 98.6312327378
12.7800000000 98.6375794913
12.7900000000 98.6412922881
12.8000000000 98.6430073354
12.8100000000 98.6436171304
12.8200000000 98.6441432618
12.8300000000 98.6455719751
12.8400000000 98.6486704586
12.8500000000 98.6538271939
12.8600000000 98.6610078389
12.8700000000 98.6697679880
12.8800000000 98.6794331852
12.8900000000 98.6892497463
12.9000000000 98.6985515433
12.9100000000 98.7068067376
12.9200000000 98.7136423542
12.9300000000 98.7188275124
12.9400000000 98.7222566312
12.9500000000 98.7239862539
12.9600000000 98.7242408115
12.9700000000 98.7234413456
12.9800000000 98.7221213227
12.9900000000 98.7208644482
13.0000000000 98.7201507517
13.0100000000 98.7202601006
13.0200000000 98.7211929950
13.0300000000 98.7226810935
13.0400000000 98.7242624336
13.0500000000 98.7253524013
13.0600000000 98.7253845848
13.0700000000 98.7238384012
13.0800000000 98.7203401548
13.0900000000 98.7147010426
13.1000000000 98.7069506849
13.1100000000 98.6973297245
13.1200000000 98.6862637612
13.1300000000 98.6742683792
13.1400000000 98.6619129523
13.1500000000 98.6497150391
13.1600000000 98.6381034655
13.1700000000 98.6273803916
13.1800000000 98.6177207771
13.1900000000 98.6091846988
13.2000000000 98.6017857223
13.2100000000 98.5955456027
13.2200000000 98.5905819708
13.2300000000 98.5871512070
13.2400000000 98.5855855540
13.2500000000 98.5862390419
13.2600000000 98.5892987096
13.2700000000 98.5947277847
13.2800000000 98.6021757967
13.2900000000 98.6109987849
13.3000000000 98.6203445107
13.3100000000 98.6292481815
13.3200000000 98.6367429116
13.3300000000 98.6419626861
13.3400000000 98.6441806815
13.3500000000 98.6428715315
13.3600000000 98.6376944909
13.3700000000 98.6284808065
13.3800000000 98.6152349769
13.3900000000 98.5981212478
13.4000000000 98.5774131418
13.4100000000 98.5535306875
13.4200000000 98.5269756208
13.4300000000 98.4983314541
13.4400000000 98.4681701706
13.4500000000 98.4369773096
13.4600000000 98.4050625122
13.4700000000 98.3725212769
13.4800000000 98.3392707849
13.4900000000 98.3051472427
13.5000000000 98.2700454044
13.5100000000 98.2341059727
13.5200000000 98.1978243122
13.5300000000 98.1620429625
13.5400000000 98.1278271942
13.5500000000 98.0962420792
13.5600000000 98.0680630247
13.5700000000 98.0435407363
13.5800000000 98.0223422730
13.5900000000 98.0036223599
13.6000000000 97.9862871173
13.6100000000 97.9693345480
13.6200000000 97.9521226397
13.6300000000 97.9345830901
13.6400000000 97.9172018106
13.6500000000 97.9008626092
13.6600000000 97.8865867947
13.6700000000 97.8752188997
13.6800000000 97.8671857977
13.6900000000 97.8623904418
13.7000000000 97.8602409907
13.7100000000 97.8598027869
13.7200000000 97.8599374808
13.7300000000 97.8595048748
13.7400000000 97.8574624105
13.7500000000 97.8529610570
13.7600000000 97.8453563827
13.7700000000 97.8342057072
13.7800000000 97.8192405289
13.7900000000 97.8003389231
13.8000000000 97.7775919573
13.8100000000 97.7514083991
13.8200000000 97.7226059479
13.8300000000 97.6924697471
13.8400000000 97.6625931961
13.8500000000 97.6346802728
13.8600000000 97.6101716501
13.8700000000 97.5899639177
13.8800000000 97.5742457693
13.8900000000 97.5625034304
13.9000000000 97.5537158267
13.9100000000 97.5466459647
13.9200000000 97.5401727972
13.9300000000 97.5335210897
13.9400000000 97.5263929969
13.9500000000 97.5189526195
13.9600000000 97.5116810847
13.9700000000 97.5052110791
13.9800000000 97.5001649334
13.9900000000 97.4970820412
14.0000000000 97.4964135999
14.0100000000 97.4985893445
14.0200000000 97.5039845588
14.0300000000 97.5128582711
14.0400000000 97.5252277094
14.0500000000 97.5407798936
14.0600000000 97.5588824768
14.0700000000 97.5786816293
14.0800000000 97.5992829877
14.0900000000 97.6199448605
14.1000000000 97.6401574789
14.1100000000 97.6596311634
14.1200000000 97.6782117574
14.1300000000 97.6957650907
14.1400000000 97.7120412008
14.1500000000 97.7266437864
14.1600000000 97.7389995126
14.1700000000 97.7484248920
14.1800000000 97.7542034591
14.1900000000 97.7556499029
14.2000000000 97.7521303621
14.2100000000 97.7430827936
14.2200000000 97.7280179286
14.2300000000 97.7065684809
14.2400000000 97.6785585545
14.2500000000 97.6440725006
14.2600000000 97.6035047799
14.2700000000 97.5575988883
14.2800000000 97.5074621533
14.2900000000 97.4545506196
14.3000000000 97.4005516880
14.3100000000 97.3472472359
14.3200000000 97.2962747827
14.3300000000 97.2489473054
14.3400000000 97.2060970783
14.3500000000 97.1680120267
14.3600000000 97.1345030064
14.3700000000 97.1050096412
14.3800000000 97.0787360430
14.3900000000 97.0547569947
14.4000000000 97.0321052871
14.4100000000 97.0098543761
14.4200000000 96.9871722181
14.4300000000 96.9633902361
14.4400000000 96.9380530485
14.4500000000 96.9108657547
14.4600000000 96.8817042486
14.4700000000 96.8505226050
14.4800000000 96.8173379965
14.4900000000 96.7822790527
14.5000000000 96.7456930737
14.5100000000 96.7083323009
14.5200000000 96.6715070278
14.5300000000 96.6371376890
14.5400000000 96.6075825707
14.5500000000 96.5852654854
14.5600000000 96.5721895362
14.5700000000 96.5694576112
14.5800000000 96.5770274081
14.5900000000 96.5936825709
14.6000000000 96.6173594948
14.6100000000 96.6455408232
14.6200000000 96.6757374915
14.6300000000 96.7058246732
14.6400000000 96.7342292684
14.6500000000 96.7599467216
14.6600000000 96.7825169487
14.6700000000 96.8019060017
14.6800000000 96.8184345938
14.6900000000 96.8326468736
14.7000000000 96.8452219753
14.7100000000 96.8568349896
14.7200000000 96.8680666949
14.7300000000 96.8793569888
14.7400000000 96.8910282958
14.7500000000 96.9033147982
14.7600000000 96.9164123904
14.7700000000 96.9304341664
14.7800000000 96.9452950984
14.7900000000 96.9606097072
14.8000000000 96.9756334194
14.8100000000 96.9893390544
14.8200000000 97.0005950193
14.8300000000 97.0083717384
14.8400000000 97.0119099555
14.8500000000 97.0107850628
14.8600000000 97.0048395027
14.8700000000 96.9940831879
14.8800000000 96.9786579398
14.8900000000 96.9589172378
14.9000000000 96.9356231454
14.9100000000 96.9101499420
14.9200000000 96.8845794352
14.9300000000 96.8615490723
14.9400000000 96.8438279010
14.9500000000 96.8337785626
14.9600000000 96.8328407634
14.9700000000 96.8412822194
14.9800000000 96.8582298569
14.9900000000 96.8819521588
15.0000000000 96.9102053718
15.0100000000 96.9406449875
15.0200000000 96.9710797176
15.0300000000 96.9996477683
15.0400000000 97.0248169675
15.0500000000 97.0453484198
15.0600000000 97.0602230243
15.0700000000 97.0685367871
15.0800000000 97.0695122732
15.0900000000 97.0624437000
15.1000000000 97.0467024430
15.1100000000 97.0217996690
15.1200000000 96.9874378599
15.1300000000 96.9436653505
15.1400000000 96.8909949071
15.1500000000 96.8305828038
15.1600000000 96.7642747192
15.1700000000 96.6946758787
15.1800000000 96.6250124458
15.1900000000 96.5589328892
15.2000000000 96.5000563870
15.2100000000 96.4514618590
15.2200000000 96.4151043630
15.2300000000 96.3914418380
15.2400000000 96.3793563347
15.2500000000 96.3764177942
15.2600000000 96.3793772160
15.2700000000 96.3847359271
15.2800000000 96.3892865067
15.2900000000 96.3904958858
15.3000000000 96.3867397818
15.3100000000 96.3773780960
15.3200000000 96.3627221622
15.3300000000 96.3439528024
15.3400000000 96.3229448522
15.3500000000 96.3020285864
15.3600000000 96.2836629023
15.3700000000 96.2700601136
15.3800000000 96.2628404229
15.3900000000 96.2628265815
15.4000000000 96.2699653861
15.4100000000 96.2834735835
15.4200000000 96.3021090148
15.4300000000 96.3245690058
15.4400000000 96.3497902506
15.4500000000 96.3772593885
15.4600000000 96.4070577987
15.4700000000 96.4397874022
15.4800000000 96.4762981372
15.4900000000 96.5172745065
15.5000000000 96.5628457574
15.5100000000 96.6123671597
15.5200000000 96.6644319556
15.5300000000 96.7171109777
15.5400000000 96.7682709217
15.5500000000 96.8159204293
15.5600000000 96.8584001024
15.5700000000 96.8945095097
15.5800000000 96.9235789594
15.5900000000 96.9455131720
15.6000000000 96.9607716283
15.6100000000 96.9703261892
15.6200000000 96.9754951890
15.6300000000 96.9777756352
15.6400000000 96.9786250815
15.6500000000 96.9792957443
15.6600000000 96.9806607964
15.6700000000 96.9831573589
15.6800000000 96.9867442722
15.6900000000 96.9910508028
15.7000000000 96.9954961348
15.7100000000 96.9995909685
15.7200000000 97.0031267550
15.7300000000 97.0063344100
15.7400000000 97.0099334268
15.7500000000 97.0150097403
15.7600000000 97.0228066269
15.7700000000 97.0344484043
15.7800000000 97.0506502198
15.7900000000 97.0715251771
15.8000000000 97.0964799285
15.8100000000 97.1242905813
15.8200000000 97.1532664799
15.8300000000 97.1815399858
15.8400000000 97.2073729556
15.8500000000 97.2294195701
15.8600000000 97.2468742428
15.8700000000 97.2595282492
15.8800000000 97.2676585645
15.8900000000 97.2718369812
15.9000000000 97.2727411627
15.9100000000 97.2710237098
15.9200000000 97.2672169441
15.9300000000 97.2617566894
15.9400000000 97.2550839912
15.9500000000 97.2477535281
15.9600000000 97.2405274999
15.9700000000 97.2344118594
15.9800000000 97.2305345301
15.9900000000 97.2300170301
16.0000000000 97.2337775168
16.0100000000 97.2424424883
16.0200000000 97.2563048003
16.0300000000 97.2753577758
16.0400000000 97.2994461681
16.0500000000 97.3283462363
16.0600000000 97.3619040433
16.0700000000 97.4000050795
16.0800000000 97.4425590414
16.0900000000 97.4893638559
16.1000000000 97.5400094819
16.1100000000 97.5938136216
16.1200000000 97.6498164365
16.1300000000 97.7068586342
16.1400000000 97.7636495552
16.1500000000 97.8189605653
16.1600000000 97.8717041791
16.1700000000 97.9210267933
16.1800000000 97.9663688309
16.1900000000 98.0074523510
16.2000000000 98.0442850894
16.2100000000 98.0771137240
16.2200000000 98.1063596621
16.2300000000 98.1325141425
16.2400000000 98.1560083464
16.2500000000 98.1771108542
16.2600000000 98.1958844213
16.2700000000 98.2121887065
16.2800000000 98.2257609714
16.2900000000 98.2363676779
16.3000000000 98.2439234684
16.3100000000 98.2485904047
16.3200000000 98.2507867834
16.3300000000 98.2511167208
16.3400000000 98.2502301775
16.3500000000 98.2487147056
16.3600000000 98.2470425221
16.3700000000 98.2455288298
16.3800000000 98.2444321041
16.3900000000 98.2439875265
16.4000000000 98.2445212549
16.4100000000 98.2464180945
16.4200000000 98.2501122032
16.4300000000 98.2559796868
16.4400000000 98.2642588762
16.4500000000 98.2749291349
16.4600000000 98.2877019777
16.4700000000 98.3020113526
16.4800000000 98.3171188711
16.4900000000 98.3322889088
16.5000000000 98.3469143589
16.5100000000 98.3606687326
16.5200000000 98.3735671570
16.5300000000 98.3859426534
16.5400000000 98.3982892562
16.5500000000 98.4111202860
16.5600000000 98.4247779545
16.5700000000 98.4392865436
16.5800000000 98.4543644290
16.5900000000 98.4694495529
16.6000000000 98.4838857578
16.6100000000 98.4970554716
16.6200000000 98.5084970722
16.6300000000 98.5179586899
16.6400000000 98.5254187599
16.6500000000 98.5310700706
16.6600000000 98.5353220939
16.6700000000 98.5387562964
16.6800000000 98.5421101888
16.6900000000 98.5461640727
16.7000000000 98.5515840895
16.7100000000 98.5587528251
16.7200000000 98.5676493194
16.7300000000 98.5778494575
16.7400000000 98.5886261308
16.7500000000 98.5991270371
16.7600000000 98.6085727084
16.7700000000 98.6163457242
16.7800000000 98.6220808517
16.7900000000 98.6256918730
16.8000000000 98.6273795140
16.8100000000 98.6275469158
16.8200000000 98.6267657826
16.8300000000 98.6256258679
16.8400000000 98.6246229774
16.8500000000 98.6240281189
16.8600000000 98.6238676972
16.8700000000 98.6239200697
16.8800000000 98.6238131169
16.8900000000 98.6231345090
16.9000000000 98.6215555061
16.9100000000 98.6189503757
16.9200000000 98.6153925736
16.9300000000 98.6111753328
16.9400000000 98.6067067077
16.9500000000 98.6024050533
16.9600000000 98.5986450280
16.9700000000 98.5956503095
16.9800000000 98.5935275565
16.9900000000 98.5922476353
17.0000000000 98.5916853336
17.0100000000 98.5916726474
17.0200000000 98.5920212337
17.0300000000 98.5926176787
17.0400000000 98.5934538948
17.0500000000 98.5946703491
17.0600000000 98.5965225003
17.0700000000 98.5992690619
17.0800000000 98.6030896384
17.0900000000 98.6079633055
17.1000000000 98.6136372689
17.1100000000 98.6196948887
17.1200000000 98.6256192841
17.1300000000 98.6309659782
17.1400000000 98.6354116373
17.1500000000 98.6388514898
17.1600000000 98.6413898794
17.1700000000 98.6433064495
17.1800000000 98.6449562554
17.1900000000 98.6466919602
17.2000000000 98.6487798889
17.2100000000 98.6513206147
17.2200000000 98.6542643838
17.2300000000 98.6574814839
17.2400000000 98.6608518290
17.2500000000 98.6643674648
17.2600000000 98.6681648866
17.2700000000 98.6724729940
17.2800000000 98.6775360361
17.2900000000 98.6834750446
17.3000000000 98.6902256882
17.3100000000 98.6975056638
17.3200000000 98.7048844922
17.3300000000 98.7118839687
17.3400000000 98.7181115990
17.3500000000 98.7233822361
17.3600000000 98.7278117206
17.3700000000 98.7317662551
17.3800000000 98.7358464658
17.3900000000 98.7406899571
17.4000000000 98.7468678743
17.4100000000 98.7547201931
17.4200000000 98.7643046222
17.4300000000 98.7753744657
17.4400000000 98.7874065495
17.4500000000 98.7997381885
17.4600000000 98.8116452340
17.4700000000 98.8224885586
17.4800000000 98.8317883439
17.4900000000 98.8392815822
17.5000000000 98.8449487353
17.5100000000 98.8489611709
17.5200000000 98.8516210938
17.5300000000 98.8533015702
17.5400000000 98.8543781771
17.5500000000 98.8552108580
17.5600000000 98.8561428711
17.5700000000 98.8574949834
17.5800000000 98.8595898468
17.5900000000 98.8626849169
17.6000000000 98.8669721958
17.6100000000 98.8724915648
17.6200000000 98.8791292505
17.6300000000 98.8866165286
17.6400000000 98.8945648554
17.6500000000 98.9025266534
17.6600000000 98.9100690947
17.6700000000 98.9168427262
17.6800000000 98.9225881836
17.6900000000 98.9271688704
17.7000000000 98.9305535110
17.7100000000 98.9327730075
17.7200000000 98.9338842428
17.7300000000 98.9339693808
17.7400000000 98.9331175200
17.7500000000 98.9314366195
17.7600000000 98.9290477943
17.7700000000 98.9260975494
17.7800000000 98.9227393853
17.7900000000 98.9191337034
17.8000000000 98.9154415953
17.8100000000 98.9118188026
17.8200000000 98.9084214596
17.8300000000 98.9053813867
17.8400000000 98.9028433972
17.8500000000 98.9009591121
17.8600000000 98.8998685686
17.8700000000 98.8997003011
17.8800000000 98.9005462740
17.8900000000 98.9024553667
17.9000000000 98.9054143284
17.9100000000 98.9093535644
17.9200000000 98.9141660921
17.9300000000 98.9196377962
17.9400000000 98.9254843663
17.9500000000 98.9313442188
17.9600000000 98.9367964086
17.9700000000 98.9414538708
17.9800000000 98.9450335121
17.9900000000 98.9474008713
18.0000000000 98.9486413494
18.0100000000 98.9490056083
18.0200000000 98.9488670310
18.0300000000 98.9486150281
18.0400000000 98.9485669154
18.0500000000 98.9488905741
18.0600000000 98.9495903217
18.0700000000 98.9505616116
18.0800000000 98.9516663315
18.0900000000 98.9528023141
18.1000000000 98.9539864674
18.1100000000 98.9553307297
18.1200000000 98.9570688567
18.1300000000 98.9594557129
18.1400000000 98.9627613825
18.1500000000 98.9671695053
18.1600000000 98.9727452218
18.1700000000 98.9793889777
18.1800000000 98.9868224311
18.1900000000 98.9946247690
18.2000000000 99.0023139878
18.2100000000 99.0094301111
18.2200000000 99.0155668971
18.2300000000 99.0204559871
18.2400000000 99.0239686158
18.2500000000 99.0260653925
18.2600000000 99.0268226671
18.2700000000 99.0263497784
18.2800000000 99.0247894684
18.2900000000 99.0222982888
18.3000000000 99.0190338004
18.3100000000 99.0151419170
18.3200000000 99.0107243759
18.3300000000 99.0058645158
18.3400000000 99.0005747762
18.3500000000 98.9948098962
18.3600000000 98.9885102845
18.3700000000 98.9816538900
18.3800000000 98.9742752021
18.3900000000 98.9665757467
18.4000000000 98.9588737953
18.4100000000 98.9516189620
18.4200000000 98.9452835742
18.4300000000 98.9402214529
18.4400000000 98.9366276742
18.4500000000 98.9344463628
18.4600000000 98.9334592477
18.4700000000 98.9333548870
18.4800000000 98.9338444238
18.4900000000 98.9347148763
18.5000000000 98.9358682697
18.5100000000 98.9372650356
18.5200000000 98.9389306454
18.5300000000 98.9408783193
18.5400000000 98.9431149246
18.5500000000 98.9456411408
18.5600000000 98.9484511692
18.5700000000 98.9515323484
18.5800000000 98.9548785711
18.5900000000 98.9584965225
18.6000000000 98.9624253049
18.6100000000 98.9667370867
18.6200000000 98.9715047682
18.6300000000 98.9768152869
18.6400000000 98.9826978266
18.6500000000 98.9890971966
18.6600000000 98.9959187566
18.6700000000 99.0029688907
18.6800000000 99.0100459291
18.6900000000 99.0169596327
18.7000000000 99.0235511331
18.7100000000 99.0296997753
18.7200000000 99.0353826432
18.7300000000 99.0406096353
18.7400000000 99.0454698241
18.7500000000 99.0500794005
18.7600000000 99.0545953337
18.7700000000 99.0591562842
18.7800000000 99.0638496841
18.7900000000 99.0686779638
18.8000000000 99.0735711738
18.8100000000 99.0783860287
18.8200000000 99.0829582038
18.8300000000 99.0871220574
18.8400000000 99.0907178808
18.8500000000 99.0936310698
18.8600000000 99.0957336752
18.8700000000 99.0969364124
18.8800000000 99.0971564697
18.8900000000 99.0963636495
18.9000000000 99.0945209675
18.9100000000 99.0916311587
18.9200000000 99.0876905044
18.9300000000 99.0827144164
18.9400000000 99.0767513638
18.9500000000 99.0699151914
18.9600000000 99.0624658281
18.9700000000 99.0547838036
18.9800000000 99.0474243753
18.9900000000 99.0410195086
19.0000000000 99.0361989180
19.0100000000 99.0334771235
19.0200000000 99.0331393186
19.0300000000 99.0351927312
19.0400000000 99.0393575135
19.0500000000 99.0451778174
19.0600000000 99.0520599049
19.0700000000 99.0594391938
19.0800000000 99.0668134576
19.0900000000 99.0738173234
19.1000000000 99.0802642286
19.1100000000 99.0861541637
19.1200000000 99.0916489730
19.1300000000 99.0970399127
19.1400000000 99.1026483498
19.1500000000 99.1087650432
19.1600000000 99.1155491439
19.1700000000 99.1229859374
19.1800000000 99.1309459189
19.1900000000 99.1392036476
19.2000000000 99.1475115125
19.2100000000 99.1556537866
19.2200000000 99.1634404689
19.2300000000 99.1707211411
19.2400000000 99.1773720867
19.2500000000 99.1832620019
19.2600000000 99.1882861259
19.2700000000 99.1923659712
19.2800000000 99.1954765538
19.2900000000 99.1976269091
19.3000000000 99.1989005115
19.3100000000 99.1994152974
19.3200000000 99.1993441475
19.3300000000 99.1988945793
19.3400000000 99.1982957976
19.3500000000 99.1978053331
19.3600000000 99.1976754437
19.3700000000 99.1981258512
19.3800000000 99.1992956529
19.3900000000 99.2012904465
19.4000000000 99.2041680102
19.4100000000 99.2079794787
19.4200000000 99.2127897648
19.4300000000 99.2186509927
19.4400000000 99.2255750082
19.4500000000 99.2335059628
19.4600000000 99.2422782929
19.4700000000 99.2516841094
19.4800000000 99.2614591755
19.4900000000 99.2713649821
19.5000000000 99.2811891052
19.5100000000 99.2907384496
19.5200000000 99.2998537717
19.5300000000 99.3083956286
19.5400000000 99.3162240551
19.5500000000 99.3232190068
19.5600000000 99.3293148978
19.5700000000 99.3344598028
19.5800000000 99.3386500872
19.5900000000 99.3419027456
19.6000000000 99.3442423988
19.6100000000 99.3457280637
19.6200000000 99.3463987041
19.6300000000 99.3463346284
19.6400000000 99.3456236081
19.6500000000 99.3443608790
19.6600000000 99.3426631330
19.6700000000 99.3406200848
19.6800000000 99.3383013075
19.6900000000 99.3357077493
19.7000000000 99.3327845458
19.7100000000 99.3294416734
19.7200000000 99.3255397697
19.7300000000 99.3209522466
19.7400000000 99.3155860588
19.7500000000 99.3093892457
19.7600000000 99.3023855516
19.7700000000 99.2946889690
19.7800000000 99.2865111772
19.7900000000 99.2781413644
19.8000000000 99.2699535478
19.8100000000 99.2623516987
19.8200000000 99.2557418348
19.8300000000 99.2504696335
19.8400000000 99.2467854165
19.8500000000 99.2447872859
19.8600000000 99.2444486898
19.8700000000 99.2455750918
19.8800000000 99.2478730757
19.8900000000 99.2509563035
19.9000000000 99.2543942481
19.9100000000 99.2577672384
19.9200000000 99.2607370842
19.9300000000 99.2630685701
19.9400000000 99.2646514544
19.9500000000 99.2655437818
19.9600000000 99.2659165338
19.9700000000 99.2659990252
19.9800000000 99.2660084731
19.9900000000 99.2660865503
20.0000000000 99.2662704277
