124000.0000000000 91.2567825479
62000.0000000000 97.6636016933
41333.3333333333 98.9499695412
31000.0000000000 99.4081174039
24800.0000000000 99.6214746472
20666.6666666667 99.7376046229
17714.2857142857 99.8075941913
15500.0000000000 99.8528966176
13777.7777777778 99.8837908159
12400.0000000000 99.9056984310
11272.7272727273 99.9216957925
10333.3333333333 99.9336311422
9538.4615384615 99.9426664793
8857.1428571429 99.9495589669
8266.6666666667 99.9548160431
7750.0000000000 99.9587847408
7294.1176470588 99.9617049947
6888.8888888889 99.9637429899
6526.3157894737 99.9650122575
6200.0000000000 99.9655874467
5904.7619047619 99.9655138310
5636.3636363636 99.9648141493
5391.3043478261 99.9634940283
5166.6666666667 99.9615472764
4960.0000000000 99.9589619906
4769.2307692308 99.9557282141
4592.5925925926 99.9518486440
4428.5714285714 99.9473522692
4275.8620689655 99.9423100955
4133.3333333333 99.9368507494
4000.0000000000 99.9311696099
3875.0000000000 99.9255234127
3757.5757575758 99.9202032564
3647.0588235294 99.9154882419
3542.8571428571 99.9115899000
3444.4444444444 99.9086129661
3351.3513513514 99.9065492866
3263.1578947368 99.9053100830
3179.4871794872 99.9047782238
3100.0000000000 99.9048563537
3024.3902439024 99.9054893295
2952.3809523810 99.9066551812
2883.7209302326 99.9083351625
2818.1818181818 99.9104809204
2755.5555555556 99.9129959358
2695.6521739130 99.9157409673
2638.2978723404 99.9185530322
2583.3333333333 99.9212719357
2530.6122448980 99.9237590147
2480.0000000000 99.9259089166
2431.3725490196 99.9276518598
2384.6153846154 99.9289530357
2339.6226415094 99.9298101094
2296.2962962963 99.9302505872
2254.5454545455 99.9303300890
2214.2857142857 99.9301289581
2175.4385964912 99.9297444303
2137.9310344828 99.9292787084
2101.6949152542 99.9288248700
2066.6666666667 99.9284551900
2032.7868852459 99.9282168770
2000.0000000000 99.9281370798
1968.2539682540 99.9282337696
1937.5000000000 99.9285217237
1907.6923076923 99.9290138470
1878.7878787879 99.9297114087
1850.7462686567 99.9305952951
1823.5294117647 99.9316213805
1797.1014492754 99.9327254066
1771.4285714286 99.9338316737
1746.4788732394 99.9348681237
1722.2222222222 99.9357717728
1698.6301369863 99.9364966140
1675.6756756757 99.9370102876
1653.3333333333 99.9372954133
1631.5789473684 99.9373442072
1610.3896103896 99.9371566790
1589.7435897436 99.9367389130
1569.6202531646 99.9361014608
1550.0000000000 99.9352578647
1530.8641975309 99.9342244896
1512.1951219512 99.9330180095
1493.9759036145 99.9316532892
1476.1904761905 99.9301417148
1458.8235294118 99.9284885177
1441.8604651163 99.9266908451
1425.2873563218 99.9247391178
1409.0909090909 99.9226153975
1393.2584269663 99.9202960881
1377.7777777778 99.9177519777
1362.6373626374 99.9149518465
1347.8260869565 99.9118607881
1333.3333333333 99.9084433645
1319.1489361702 99.9046616496
1305.2631578947 99.9004755008
1291.6666666667 99.8958418295
1278.3505154639 99.8907134974
1265.3061224490 99.8850384990
1252.5252525253 99.8787626062
1240.0000000000 99.8718290127
1227.7227722772 99.8641825977
1215.6862745098 99.8557755381
1203.8834951456 99.8465743133
1192.3076923077 99.8365729797
1180.9523809524 99.8258056191
1169.8113207547 99.8143597497
1158.8785046729 99.8023853976
1148.1481481481 99.7900914858
1137.6146788991 99.7777283845
1127.2727272727 99.7655495974
1117.1171171171 99.7537639893
1107.1428571429 99.7424919927
1097.3451327434 99.7317385124
1087.7192982456 99.7213977078
1078.2608695652 99.7112716157
1068.9655172414 99.7011021922
1059.8290598291 99.6906005620
1050.8474576271 99.6794761696
1042.0168067227 99.6674606956
1033.3333333333 99.6543407273
1024.7933884298 99.6399829495
1016.3934426230 99.6243637712
1008.1300813008 99.6075909918
1000.0000000000 99.5899252125
992.0000000000 99.5717784743
984.1269841270 99.5536809074
976.3779527559 99.5361888839
968.7500000000 99.5197527483
961.2403100775 99.5045837601
953.8461538462 99.4905767066
946.5648854962 99.4773366041
939.3939393939 99.4643042986
932.3308270677 99.4509384521
925.3731343284 99.4368946060
918.5185185185 99.4221505961
911.7647058824 99.4070576219
905.1094890511 99.3922892543
898.5507246377 99.3786938907
892.0863309353 99.3670612870
885.7142857143 99.3578754172
879.4326241135 99.3511271008
873.2394366197 99.3462762368
867.1328671329 99.3423553916
861.1111111111 99.3381755218
855.1724137931 99.3325277030
849.3150684932 99.3243395813
843.5374149660 99.3127528558
837.8378378378 99.2971460861
832.2147651007 99.2771299140
826.6666666667 99.2525359361
821.1920529801 99.2234141047
815.7894736842 99.1900282566
810.4575163399 99.1528399971
805.1948051948 99.1124519319
800.0000000000 99.0694885833
794.8717948718 99.0244295738
789.8089171975 98.9774269131
784.8101265823 98.9282011755
779.8742138365 98.8760591860
775.0000000000 98.8200626187
770.1863354037 98.7592910803
765.4320987654 98.6931080847
760.7361963190 98.6213602456
756.0975609756 98.5444472293
751.5151515152 98.4632327381
746.9879518072 98.3788001598
742.5149700599 98.2921113792
738.0952380952 98.2037013088
733.7278106509 98.1135639680
729.4117647059 98.0213391638
725.1461988304 97.9267770752
720.9302325581 97.8303460910
716.7630057803 97.7337470006
712.6436781609 97.6400962632
708.5714285714 97.5536146664
704.5454545455 97.4787932471
700.5649717514 97.4192345989
696.6292134831 97.3765718911
692.7374301676 97.3499180917
688.8888888889 97.3360891887
685.0828729282 97.3304694805
681.3186813187 97.3281057390
677.5956284153 97.3245923908
673.9130434783 97.3164986636
670.2702702703 97.3013502746
666.6666666667 97.2773239674
663.1016042781 97.2428833683
659.5744680851 97.1965160091
656.0846560847 97.1366582462
652.6315789474 97.0617913132
649.2146596859 96.9706032893
645.8333333333 96.8621044412
642.4870466321 96.7356500371
639.1752577320 96.5909682356
635.8974358974 96.4283404779
632.6530612245 96.2490802895
629.4416243655 96.0562703500
626.2626262626 95.8555712529
623.1155778894 95.6557374513
620.0000000000 95.4684991081
616.9154228856 95.3075601084
613.8613861386 95.1867180484
610.8374384236 95.1174729238
607.8431372549 95.1067813163
604.8780487805 95.1556891549
601.9417475728 95.2593126056
599.0338164251 95.4081111948
596.1538461538 95.5899118459
593.3014354067 95.7919817070
590.4761904762 96.0026229954
587.6777251185 96.2121348487
584.9056603774 96.4132171026
582.1596244131 96.6009814469
579.4392523364 96.7726838839
576.7441860465 96.9273031038
574.0740740741 97.0650612509
571.4285714286 97.1870095985
568.8073394495 97.2947387393
566.2100456621 97.3902148657
563.6363636364 97.4756624049
561.0859728507 97.5534056832
558.5585585586 97.6256422107
556.0538116592 97.6941906575
553.5714285714 97.7602937226
551.1111111111 97.8245463151
548.6725663717 97.8869360453
546.2555066079 97.9469923842
543.8596491228 98.0039809271
541.4847161572 98.0570873444
539.1304347826 98.1055616354
536.7965367965 98.1488031832
534.4827586207 98.1864105427
532.1888412017 98.2182234398
529.9145299145 98.2443460185
527.6595744681 98.2651400221
525.4237288136 98.2811706060
523.2067510549 98.2931108174
521.0084033613 98.3015939125
518.8284518828 98.3070519950
516.6666666667 98.3095825056
514.5228215768 98.3089245333
512.3966942149 98.3045749965
510.2880658436 98.2960391448
508.1967213115 98.2830987726
506.1224489796 98.2659970452
504.0650406504 98.2454420391
502.0242914980 98.2223928230
500.0000000000 98.1976814996
497.9919678715 98.1715943815
496.0000000000 98.1435816643
494.0239043825 98.1122114848
492.0634920635 98.0753750753
490.1185770751 98.0306480366
488.1889763780 97.9756712447
486.2745098039 97.9084737196
484.3750000000 97.8277426708
482.4902723735 97.7330569558
480.6201550388 97.6251016549
478.7644787645 97.5058423280
476.9230769231 97.3786129249
475.0957854406 97.2480567542
473.2824427481 97.1198798889
471.4828897338 97.0004563107
469.6969696970 96.8963466715
467.9245283019 96.8138036427
466.1654135338 96.7582858294
464.4194756554 96.7339776088
462.6865671642 96.7433212730
460.9665427509 96.7866222146
459.2592592593 96.8618807252
457.5645756458 96.9649734052
455.8823529412 97.0902284614
454.2124542125 97.2312310203
452.5547445255 97.3816378758
450.9090909091 97.5357548214
449.2753623188 97.6888277227
447.6534296029 97.8371004081
446.0431654676 97.9777463574
444.4444444444 98.1087706839
442.8571428571 98.2289077075
441.2811387900 98.3375153231
439.7163120567 98.4344532497
438.1625441696 98.5199598194
436.6197183099 98.5945427254
435.0877192982 98.6588811365
433.5664335664 98.7137611185
432.0557491289 98.7600290145
430.5555555556 98.7985646239
429.0657439446 98.8302578283
427.5862068966 98.8559888720
426.1168384880 98.8766225895
424.6575342466 98.8930098762
423.2081911263 98.9060006564
421.7687074830 98.9164706476
420.3389830508 98.9253138016
418.9189189189 98.9334026350
417.5084175084 98.9414918727
416.1073825503 98.9500974121
414.7157190635 98.9594127073
413.3333333333 98.9692907409
411.9601328904 98.9793246132
410.5960264901 98.9889763492
409.2409240924 98.9977359174
407.8947368421 99.0052409500
406.5573770492 99.0113507681
405.2287581699 99.0161456984
403.9087947883 99.0198628891
402.5974025974 99.0227941962
401.2944983819 99.0251886295
400.0000000000 99.0272149171
398.7138263666 99.0289831622
397.4358974359 99.0306268366
396.1661341853 99.0323652590
394.9044585987 99.0344946247
393.6507936508 99.0372907027
392.4050632911 99.0408591913
391.1671924290 99.0450124031
389.9371069182 99.0492229867
388.7147335423 99.0526873369
387.5000000000 99.0544540432
386.2928348910 99.0535625262
385.0931677019 99.0491538353
383.9009287926 99.0405246097
382.7160493827 99.0271536329
381.5384615385 99.0086980555
380.3680981595 98.9849983331
379.2048929664 98.9560624551
378.0487804878 98.9220655527
376.8996960486 98.8833112788
375.7575757576 98.8401959757
374.6223564955 98.7931503675
373.4939759036 98.7425969160
372.3723723724 98.6889333047
371.2574850299 98.6325262378
370.1492537313 98.5737121034
369.0476190476 98.5128001625
367.9525222552 98.4500746269
366.8639053254 98.3858332513
365.7817109145 98.3204423982
364.7058823529 98.2543879499
363.6363636364 98.1883334638
362.5730994152 98.1231530451
361.5160349854 98.0599785865
360.4651162791 98.0002155670
359.4202898551 97.9455237614
358.3815028902 97.8977414515
357.3487031700 97.8587693865
356.3218390805 97.8304030830
355.3008595989 97.8141014394
354.2857142857 97.8106865441
353.2763532764 97.8200442148
352.2727272727 97.8409165315
351.2747875354 97.8709516135
350.2824858757 97.9070124547
349.2957746479 97.9456912935
348.3146067416 97.9838271640
347.3389355742 98.0188852202
346.3687150838 98.0491022575
345.4038997214 98.0734452807
344.4444444444 98.0914737101
343.4903047091 98.1032084700
342.5414364641 98.1090464777
341.5977961433 98.1096813939
340.6593406593 98.1059847177
339.7260273973 98.0988333662
338.7978142077 98.0889074703
337.8746594005 98.0765330440
336.9565217391 98.0616701436
336.0433604336 98.0440447271
335.1351351351 98.0233862218
334.2318059299 97.9996889930
333.3333333333 97.9733827368
332.4396782842 97.9453758739
331.5508021390 97.9168895376
330.6666666667 97.8891268273
329.7872340426 97.8628405204
328.9124668435 97.8380063370
328.0423280423 97.8137901334
327.1767810026 97.7888442099
326.3157894737 97.7618476703
325.4593175853 97.7320173603
324.6073298429 97.6993966903
323.7597911227 97.6648033922
322.9166666667 97.6294475392
322.0779220779 97.5943935256
321.2435233161 97.5600743686
320.4134366925 97.5261143610
319.5876288660 97.4915641599
318.7660668380 97.4554641602
317.9487179487 97.4175040924
317.1355498721 97.3784831102
316.3265306122 97.3403726941
315.5216284987 97.3058986199
314.7208121827 97.2777982746
313.9240506329 97.2580307837
313.1313131313 97.2473141962
312.3425692695 97.2452095584
311.5577889447 97.2507014547
310.7769423559 97.2629430777
310.0000000000 97.2817814088
309.2269326683 97.3078012717
308.4577114428 97.3418800588
307.6923076923 97.3844608065
306.9306930693 97.4349022451
306.1728395062 97.4911987556
305.4187192118 97.5501682941
304.6683046683 97.6079891718
303.9215686275 97.6608068545
303.1784841076 97.7052456813
302.4390243902 97.7386999922
301.7031630170 97.7594221795
300.9708737864 97.7665060724
300.2421307506 97.7598053085
299.5169082126 97.7398731584
298.7951807229 97.7079470945
298.0769230769 97.6659802442
297.3621103118 97.6166890622
296.6507177033 97.5635566288
295.9427207637 97.5106722949
295.2380952381 97.4622913917
294.5368171021 97.4221522526
293.8388625592 97.3926663780
293.1442080378 97.3743366574
292.4528301887 97.3656516113
291.7647058824 97.3635303528
291.0798122066 97.3641269193
290.3981264637 97.3636471935
289.7196261682 97.3589426907
289.0442890443 97.3477808278
288.3720930233 97.3288706548
287.7030162413 97.3017272515
287.0370370370 97.2665118459
286.3741339492 97.2238721044
285.7142857143 97.1748685564
285.0574712644 97.1209643333
284.4036697248 97.0640760954
283.7528604119 97.0065979483
283.1050228311 96.9513545754
282.4601366743 96.9014174469
281.8181818182 96.8598109463
281.1791383220 96.8291892010
280.5429864253 96.8115671559
279.9097065463 96.8081828572
279.2792792793 96.8194980697
278.6516853933 96.8452987736
278.0269058296 96.8848264952
277.4049217002 96.9368091572
276.7857142857 96.9993755116
276.1692650334 97.0699109368
275.5555555556 97.1450232577
274.9445676275 97.2207629671
274.3362831858 97.2930620849
273.7306843267 97.3582463943
273.1277533040 97.4134718878
272.5274725275 97.4569865399
271.9298245614 97.4882373992
271.3347921225 97.5078616466
270.7423580786 97.5175977904
270.1525054466 97.5200758240
269.5652173913 97.5184706402
268.9804772234 97.5159675893
268.3982683983 97.5151598238
267.8185745140 97.5175318342
267.2413793103 97.5232903565
266.6666666667 97.5316308453
266.0944206009 97.5413619844
265.5246252677 97.5516029532
264.9572649573 97.5622978997
264.3923240938 97.5743306444
263.8297872340 97.5892346917
263.2696390658 97.6085853986
262.7118644068 97.6333200674
262.1564482030 97.6632412038
261.6033755274 97.6969082896
261.0526315789 97.7319186670
260.5042016807 97.7654297540
259.9580712788 97.7946692750
259.4142259414 97.8172948295
258.8726513570 97.8315320372
258.3333333333 97.8361630746
257.7962577963 97.8304138404
257.2614107884 97.8138638345
256.7287784679 97.7863658819
256.1983471074 97.7480090815
255.6701030928 97.6991220124
255.1440329218 97.6402652324
254.6201232033 97.5722578589
254.0983606557 97.4962017633
253.5787321063 97.4134932443
253.0612244898 97.3258073272
252.5458248473 97.2349999023
252.0325203252 97.1429353952
251.5212981744 97.0512890949
251.0121457490 96.9614028248
250.5050505051 96.8742872290
250.0000000000 96.7908025531
249.4969818913 96.7119302113
248.9959839357 96.6389813010
248.4969939880 96.5736423561
248.0000000000 96.5177201276
247.5049900200 96.4726562058
247.0119521912 96.4389661220
246.5208747515 96.4159051437
246.0317460317 96.4015757992
245.5445544554 96.3934713357
245.0592885375 96.3891298330
244.5759368836 96.3865755597
244.0944881890 96.3843692871
243.6149312377 96.3813478302
243.1372549020 96.3763517368
242.6614481409 96.3680936690
242.1875000000 96.3552576080
241.7153996101 96.3366772413
241.2451361868 96.3115155964
240.7766990291 96.2793991465
240.3100775194 96.2405486038
239.8452611219 96.1958919778
239.3822393822 96.1471574148
238.9210019268 96.0967939380
238.4615384615 96.0477550613
238.0038387716 96.0031707665
237.5478927203 95.9660292925
237.0936902486 95.9389515243
236.6412213740 95.9240515353
236.1904761905 95.9227778814
235.7414448669 95.9356519035
235.2941176471 95.9619795055
234.8484848485 95.9996661886
234.4045368620 96.0453284042
233.9622641509 96.0947431824
233.5216572505 96.1435368978
233.0827067669 96.1879123748
232.6454033771 96.2252509268
232.2097378277 96.2544254986
231.7757009346 96.2758511222
231.3432835821 96.2912653761
230.9124767225 96.3033416735
230.4832713755 96.3151513786
230.0556586271 96.3295543033
229.6296296296 96.3485859744
229.2051756007 96.3729585301
228.7822878229 96.4018128904
228.3609576427 96.4328248930
227.9411764706 96.4626750893
227.5229357798 96.4877488719
227.1062271062 96.5049302448
226.6910420475 96.5122707361
226.2773722628 96.5094103156
225.8652094718 96.4977164182
225.4545454545 96.4801385104
225.0453720508 96.4607457846
224.6376811594 96.4440526171
224.2314647378 96.4341866972
223.8267148014 96.4341140358
223.4234234234 96.4450928075
223.0215827338 96.4665495826
222.6211849192 96.4963713482
222.2222222222 96.5315637452
221.8246869410 96.5690309033
221.4285714286 96.6062800400
221.0338680927 96.6418181120
220.6405693950 96.6751626269
220.2486678508 96.7064863091
219.8581560284 96.7360744264
219.4690265487 96.7638955761
219.0812720848 96.7895038108
218.6948853616 96.8123514784
218.3098591549 96.8323319662
217.9261862917 96.8502644073
217.5438596491 96.8680282650
217.1628721541 96.8882239893
216.7832167832 96.9134401339
216.4048865620 96.9453935739
216.0278745645 96.9842581229
215.6521739130 97.0284640139
215.2777777778 97.0749726690
214.9046793761 97.1198715879
214.5328719723 97.1590676939
214.1623488774 97.1888715593
213.7931034483 97.2064319197
213.4251290878 97.2099739511
213.0584192440 97.1989146251
212.6929674099 97.1738793330
212.3287671233 97.1366379422
211.9658119658 97.0899483209
211.6040955631 97.0373227147
211.2436115843 96.9826578666
210.8843537415 96.9298380140
210.5263157895 96.8822762735
210.1694915254 96.8424533544
209.8138747885 96.8115095102
209.4594594595 96.7889373427
209.1062394604 96.7725820906
208.7542087542 96.7589834020
208.4033613445 96.7440632146
208.0536912752 96.7239322336
207.7051926298 96.6956412585
207.3578595318 96.6576960337
207.0116861436 96.6102800747
206.6666666667 96.5552339494
206.3227953411 96.4957659303
205.9800664452 96.4358897874
205.6384742952 96.3796796934
205.2980132450 96.3304574782
204.9586776860 96.2901716251
204.6204620462 96.2592259862
204.2833607908 96.2367683425
203.9473684211 96.2213249823
203.6124794745 96.2114662375
203.2786885246 96.2063046742
202.9459901800 96.2057056327
202.6143790850 96.2101717496
202.2838499184 96.2205026957
201.9543973941 96.2373526870
201.6260162602 96.2608480266
201.2987012987 96.2904105099
200.9724473258 96.3248047094
200.6472491909 96.3623709950
200.3231017771 96.4013521702
200.0000000000 96.4401889866
199.6779388084 96.4777029547
199.3569131833 96.5130956735
199.0369181380 96.5457304742
198.7179487179 96.5748025861
198.4000000000 96.5990673319
198.0830670927 96.6168193354
197.7671451356 96.6261642615
197.4522292994 96.6255394659
197.1383147854 96.6143022511
196.8253968254 96.5932138234
196.5134706815 96.5646607914
196.2025316456 96.5324825468
195.8925750395 96.5014181312
195.5835962145 96.4761981348
195.2755905512 96.4605611196
194.9685534591 96.4565071068
194.6624803768 96.4640186853
194.3573667712 96.4812792919
194.0532081377 96.5051722053
193.7500000000 96.5318673890
193.4477379095 96.5573613411
193.1464174455 96.5779502901
192.8460342146 96.5906660674
192.5465838509 96.5936633277
192.2480620155 96.5865089941
191.9504643963 96.5702721600
191.6537867079 96.5473596919
191.3580246914 96.5210537887
191.0631741140 96.4948292323
190.7692307692 96.4716481542
190.4761904762 96.4534378233
190.1840490798 96.4409646268
189.8928024502 96.4339927598
189.6024464832 96.4316036549
189.3129770992 96.4324170003
189.0243902439 96.4346920419
188.7366818874 96.4363728520
188.4498480243 96.4351705476
188.1638846737 96.4287513040
187.8787878788 96.4149955461
187.5945537065 96.3922860495
187.3111782477 96.3597863135
187.0286576169 96.3176983184
186.7469879518 96.2674271523
186.4661654135 96.2116313404
186.1861861862 96.1540818555
185.9070464768 96.0993143477
185.6287425150 96.0520772050
185.3512705531 96.0166814619
185.0746268657 95.9963487502
184.7988077496 95.9927356575
184.5238095238 96.0057973577
184.2496285290 96.0339981986
183.9762611276 96.0747429670
183.7037037037 96.1247830593
183.4319526627 96.1804842430
183.1610044313 96.2380433397
182.8908554572 96.2937495297
182.6215022091 96.3443799493
182.3529411765 96.3875864723
182.0851688693 96.4221136717
181.8181818182 96.4477448841
181.5519765739 96.4650113283
181.2865497076 96.4748436287
181.0218978102 96.4783299488
180.7580174927 96.4766053231
180.4949053857 96.4708575190
180.2325581395 96.4622470154
179.9709724238 96.4517225376
179.7101449275 96.4397527100
179.4500723589 96.4261106521
179.1907514451 96.4098578901
178.9321789322 96.3895148570
178.6743515850 96.3633674443
178.4172661871 96.3297590236
178.1609195402 96.2872650918
177.9053084648 96.2347614017
177.6504297994 96.1714995478
177.3962804006 96.0972448239
177.1428571429 96.0124984958
176.8901569187 95.9186536929
176.6381766382 95.8180148350
176.3869132290 95.7136175413
176.1363636364 95.6089635390
175.8865248227 95.5078201261
175.6373937677 95.4141557055
175.3889674682 95.3321572658
175.1412429379 95.2660829829
174.8942172073 95.2198022428
174.6478873239 95.1960636180
174.4022503516 95.1958412082
174.1573033708 95.2180542791
173.9130434783 95.2597768532
173.6694677871 95.3168267198
173.4265734266 95.3844633979
173.1843575419 95.4580394611
172.9428172943 95.5334860648
172.7019498607 95.6076685082
172.4617524339 95.6786270481
172.2222222222 95.7456502728
171.9833564494 95.8091305332
171.7451523546 95.8701419611
171.5076071923 95.9298358711
171.2707182320 95.9888304608
171.0344827586 96.0468516455
170.7988980716 96.1026533710
170.5639614856 96.1542145630
170.3296703297 96.1990520562
170.0960219479 96.2345953435
169.8630136986 96.2585183998
169.6306429549 96.2690559528
169.3989071038 96.2651988657
169.1678035471 96.2467557222
168.9373297003 96.2143031431
168.7074829932 96.1690466869
168.4782608696 96.1126812679
168.2496607870 96.0472766406
168.0216802168 95.9751426601
167.7943166441 95.8986724063
167.5675675676 95.8201499344
167.3414304993 95.7416065048
167.1159029650 95.6647673625
166.8909825034 95.5910972258
166.6666666667 95.5218950385
166.4429530201 95.4583337772
166.2198391421 95.4013773783
165.9973226238 95.3516194808
165.7754010695 95.3092110348
165.5540720961 95.2739621657
165.3333333333 95.2455263697
165.1131824234 95.2235221559
164.8936170213 95.2074344447
164.6746347942 95.1963849793
164.4562334218 95.1889245331
164.2384105960 95.1830027696
164.0211640212 95.1760898220
163.8044914135 95.1654060230
163.5883905013 95.1482069810
163.3728590250 95.1221260401
163.1578947368 95.0854564021
162.9434954008 95.0373302823
162.7296587927 94.9777065335
162.5163826999 94.9072435280
162.3036649215 94.8271400590
162.0915032680 94.7390077411
161.8798955614 94.6448027019
161.6688396349 94.5468375317
161.4583333333 94.4478502986
161.2483745124 94.3511537858
161.0389610390 94.2607023317
160.8300907912 94.1808896200
160.6217616580 94.1160305989
160.4139715395 94.0696704887
160.2067183463 94.0439951090
160.0000000000 94.0396103895
159.7938144330 94.0556410600
159.5881595882 94.0900526284
159.3830334190 94.1399680062
159.1784338896 94.2019383154
158.9743589744 94.2721330576
158.7708066581 94.3465168660
158.5677749361 94.4209837400
158.3652618135 94.4915046925
158.1632653061 94.5542788573
157.9617834395 94.6058796335
157.7608142494 94.6433122886
157.5603557814 94.6640036142
157.3604060914 94.6657475235
157.1609632446 94.6467502122
156.9620253165 94.6058701718
156.7635903919 94.5429899690
156.5656565657 94.4594104794
156.3682219420 94.3580478073
156.1712846348 94.2433529688
155.9748427673 94.1209798775
155.7788944724 93.9972838881
155.5834378921 93.8787808773
155.3884711779 93.7715290802
155.1939924906 93.6804816142
155.0000000000 93.6088044305
154.8064918851 93.5573404699
154.6134663342 93.5244673525
154.4209215442 93.5064711051
154.2288557214 93.4983983136
154.0372670807 93.4950975045
153.8461538462 93.4921704781
153.6555142503 93.4866238568
153.4653465347 93.4771232838
153.2756489493 93.4639213905
153.0864197531 93.4485432812
152.8976572133 93.4334069793
152.7093596059 93.4213952615
152.5215252153 93.4154239284
152.3341523342 93.4179175729
152.1472392638 93.4302917472
151.9607843137 93.4526521476
151.7747858017 93.4839207086
151.5892420538 93.5223787778
151.4041514042 93.5663608900
151.2195121951 93.6148301496
151.0353227771 93.6676473461
150.8515815085 93.7255069282
150.6682867558 93.7896349314
150.4854368932 93.8613525692
150.3030303030 93.9414966363
150.1210653753 94.0299450520
149.9395405079 94.1253444515
149.7584541063 94.2252352019
149.5778045838 94.3265262279
149.3975903614 94.4261039321
149.2178098676 94.5213729579
149.0384615385 94.6105955429
148.8595438175 94.6930246765
148.6810551559 94.7688467088
148.5029940120 94.8389397469
148.3253588517 94.9044882614
148.1481481481 94.9665316543
147.9713603819 95.0255924772
147.7949940405 95.0815173723
147.6190476190 95.1335987759
147.4435196195 95.1808559970
147.2684085511 95.2223358952
147.0937129300 95.2573713315
146.9194312796 95.2857057761
146.7455621302 95.3076436981
146.5721040189 95.3241456698
146.3990554900 95.3369209871
146.2264150943 95.3483586436
146.0541813899 95.3612327155
145.8823529412 95.3782341153
145.7109283196 95.4014188158
145.5399061033 95.4317539952
145.3692848769 95.4689228401
145.1990632319 95.5114389289
145.0292397661 95.5570193429
144.8598130841 95.6030886538
144.6907817970 95.6472232625
144.5221445221 95.6874324166
144.3538998836 95.7222089861
144.1860465116 95.7504570783
144.0185830430 95.7713401743
143.8515081206 95.7841410049
143.6848203940 95.7881972127
143.5185185185 95.7828851774
143.3526011561 95.7676528610
143.1870669746 95.7420990199
143.0219146482 95.7060210285
142.8571428571 95.6594479087
142.6927502877 95.6026064359
142.5287356322 95.5358517114
142.3650975890 95.4595768697
142.2018348624 95.3742292525
142.0389461627 95.2803898917
141.8764302059 95.1789535276
141.7142857143 95.0712530167
141.5525114155 94.9590647508
141.3911060433 94.8445332834
141.2300683371 94.7299874828
141.0693970421 94.6177728171
140.9090909091 94.5101457889
140.7491486947 94.4092072302
140.5895691610 94.3169455215
140.4303510759 94.2353006232
140.2714932127 94.1661889295
140.1129943503 94.1113889278
139.9548532731 94.0722638845
139.7970687711 94.0494222790
139.6396396396 94.0424189515
139.4825646794 94.0496212827
139.3258426966 94.0682609742
139.1694725028 94.0946925762
139.0134529148 94.1248761940
138.8577827548 94.1549059893
138.7024608501 94.1814941993
138.5474860335 94.2022638055
138.3928571429 94.2158533744
138.2385730212 94.2219574706
138.0846325167 94.2214005380
137.9310344828 94.2161751304
137.7777777778 94.2093313289
137.6248612653 94.2045297469
137.4722838137 94.2053231632
137.3200442968 94.2143439110
137.1681415929 94.2327754959
137.0165745856 94.2602494860
136.8653421634 94.2952147265
136.7144432194 94.3355278140
136.5638766520 94.3790674703
136.4136413641 94.4241817837
136.2637362637 94.4699032047
136.1141602634 94.5159532291
135.9649122807 94.5626039570
135.8159912377 94.6104713401
135.6673960613 94.6602063511
135.5191256831 94.7122317650
135.3711790393 94.7665190254
135.2235550709 94.8224927939
135.0762527233 94.8790756326
134.9292709467 94.9348753680
134.7826086957 94.9884518180
134.6362649294 95.0386067558
134.4902386117 95.0847522862
134.3445287107 95.1271819055
134.1991341991 95.1672814979
134.0540540541 95.2075271089
133.9092872570 95.2512384855
133.7648327940 95.3020914456
133.6206896552 95.3634704296
133.4768568353 95.4378265131
133.3333333333 95.5262184779
133.1901181525 95.6281317438
133.0472103004 95.7416197312
132.9046087889 95.8636629010
132.7623126338 95.9906574110
132.6203208556 96.1188864432
132.4786324786 96.2449249746
132.3372465315 96.3658615868
132.1961620469 96.4793369765
132.0553780618 96.5834393182
131.9148936170 96.6765668738
131.7747077577 96.7573019748
131.6348195329 96.8243875429
131.4952279958 96.8767829148
131.3559322034 96.9137433758
131.2169312169 96.9348770990
131.0782241015 96.9402048182
130.9398099261 96.9301859106
130.8016877637 96.9057104351
130.6638566913 96.8680956922
130.5263157895 96.8190104655
130.3890641430 96.7603718699
130.2521008403 96.6941936558
130.1154249738 96.6224179305
129.9790356394 96.5467893460
129.8429319372 96.4688587452
129.7071129707 96.3901165548
129.5715778474 96.3122301848
129.4363256785 96.2371352793
129.3013555787 96.1669221985
129.1666666667 96.1033638470
129.0322580645 96.0473394836
128.8981288981 95.9983937473
128.7642782970 95.9546866596
128.6307053942 95.9134300757
128.4974093264 95.8716189284
128.3643892340 95.8267738569
128.2316442606 95.7774248697
128.0991735537 95.7232390585
127.9669762642 95.6648186632
127.8350515464 95.6033645942
127.7033985582 95.5403443940
127.5720164609 95.4773234969
127.4409044193 95.4159901671
127.3100616016 95.3582812376
127.1794871795 95.3064394227
127.0491803279 95.2628085782
126.9191402252 95.2293363982
126.7893660532 95.2069520595
126.6598569969 95.1951237654
126.5306122449 95.1918637960
126.4016309888 95.1942336427
126.2729124236 95.1991645298
126.1444557477 95.2042168492
126.0162601626 95.2079444703
125.8883248731 95.2097172292
125.7606490872 95.2091632849
125.6332320162 95.2055420156
125.5060728745 95.1974036235
125.3791708797 95.1826540180
125.2525252525 95.1589618841
125.1261352170 95.1243966260
125.0000000000 95.0779247902
124.8741188318 95.0196752668
124.7484909457 94.9508717619
124.6231155779 94.8735287758
124.4979919679 94.7901016338
124.3731193581 94.7033180123
124.2484969940 94.6162225010
124.1241241241 94.5323348344
124.0000000000 94.4557044059
123.8761238761 94.3907256758
123.7524950100 94.3417044818
123.6291126620 94.3123121312
123.5059760956 94.3051474813
123.3830845771 94.3215720466
123.2604373757 94.3617592785
123.1380337637 94.4248021256
123.0158730159 94.5087226858
122.8939544103 94.6103998993
122.7722772277 94.7256825285
122.6508407517 94.8498924096
122.5296442688 94.9786333851
122.4086870681 95.1085693747
122.2879684418 95.2378313891
122.1674876847 95.3658242873
122.0472440945 95.4926348095
121.9272369715 95.6182975618
121.8074656189 95.7423010598
121.6879293425 95.8633437696
121.5686274510 95.9794000861
121.4495592556 96.0879249195
121.3307240705 96.1861793603
121.2121212121 96.2715386637
121.0937500000 96.3418230068
120.9756097561 96.3954955041
120.8576998051 96.4317647861
120.7400194742 96.4505600055
120.6225680934 96.4524420049
120.5053449951 96.4385166489
120.3883495146 96.4102889598
120.2715809893 96.3695356739
120.1550387597 96.3180480268
120.0387221684 96.2574108329
119.9226305609 96.1888266094
119.8067632850 96.1131651233
119.6911196911 96.0312534626
119.5756991321 95.9443274250
119.4605009634 95.8545043360
119.3455245428 95.7650907246
119.2307692308 95.6806289970
119.1162343900 95.6065993260
119.0019193858 95.5488044795
118.8878235858 95.5124671995
118.7739463602 95.5012890109
118.6602870813 95.5166214036
118.5468451243 95.5571218838
118.4336198663 95.6189066913
118.3206106870 95.6962431325
118.2078169685 95.7824233460
118.0952380952 95.8706944194
117.9828734539 95.9549631696
117.8707224335 96.0303122529
117.7587844255 96.0932439735
117.6470588235 96.1417968056
117.5355450237 96.1754776897
117.4242424242 96.1951300872
117.3131504257 96.2026523284
117.2022684310 96.2006441960
117.0915958451 96.1919588760
116.9811320755 96.1792366143
116.8708765316 96.1645634213
116.7608286252 96.1493174096
116.6509877705 96.1342294687
116.5413533835 96.1195780003
116.4319248826 96.1053971165
116.3227016886 96.0915796153
116.2136832240 96.0779197155
116.1048689139 96.0640944503
115.9962581852 96.0497477114
115.8878504673 96.0347073927
115.7796451914 96.0192484303
115.6716417910 96.0042580006
115.5638397018 95.9912703116
115.4562383613 95.9822510954
115.3488372093 95.9792330529
115.2416356877 95.9838984418
115.1346332405 95.9971394388
115.0278293135 96.0187593328
114.9212233550 96.0473449271
114.8148148148 96.0803476174
114.7086031452 96.1144397368
114.6025878004 96.1459860282
114.4967682364 96.1716189119
114.3911439114 96.1887047576
114.2857142857 96.1955906082
114.1804788214 96.1916260026
114.0754369825 96.1769438167
113.9705882353 96.1522064136
113.8659320478 96.1183321780
113.7614678899 96.0763941099
113.6571952337 96.0277113723
113.5531135531 95.9740336073
113.4492223239 95.9177376970
113.3455210238 95.8617788382
113.2420091324 95.8093540552
113.1386861314 95.7633730976
113.0355515041 95.7258867533
112.9326047359 95.6977788414
112.8298453139 95.6787749976
112.7272727273 95.6677571529
112.6248864668 95.6631452343
112.5226860254 95.6631794090
112.4206708976 95.6659558470
112.3188405797 95.6693409948
112.2171945701 95.6707814092
112.1157323689 95.6673031814
112.0144534779 95.6556560753
111.9133574007 95.6326608347
111.8124436429 95.5956245174
111.7117117117 95.5426671936
111.6111611161 95.4729079200
111.5107913669 95.3864849227
111.4106019766 95.2845109426
111.3105924596 95.1689791004
111.2107623318 95.0427241891
111.1111111111 94.9094803485
111.0116383169 94.7739578018
110.9123434705 94.6419005764
110.8132260947 94.5198854823
110.7142857143 94.4148197742
110.6155218555 94.3330735985
110.5169340463 94.2794817992
110.4185218166 94.2564509798
110.3202846975 94.2635824733
110.2222222222 94.2979449703
110.1243339254 94.3548955478
110.0266193434 94.4291493556
109.9290780142 94.5156135312
109.8317094774 94.6098266095
109.7345132743 94.7079499045
109.6374889478 94.8065976109
109.5406360424 94.9027083697
109.4439541041 94.9935762611
109.3474426808 95.0769511595
109.2511013216 95.1511965639
109.1549295775 95.2153595057
109.0589270009 95.2691473705
108.9630931459 95.3127772752
108.8674275680 95.3467636943
108.7719298246 95.3717121166
108.6765994741 95.3881695928
108.5814360771 95.3965869027
108.4864391951 95.3973156981
108.3916083916 95.3906219473
108.2969432314 95.3766609187
108.2024432810 95.3554519079
108.1081081081 95.3269580345
108.0139372822 95.2912949621
107.9199303742 95.2490521536
107.8260869565 95.2017084225
107.7324066030 95.1519259589
107.6388888889 95.1035796025
107.5455333912 95.0613855077
107.4523396880 95.0302092909
107.3593073593 95.0141993089
107.2664359862 95.0160943411
107.1737251513 95.0368981287
107.0811744387 95.0760425169
106.9887834340 95.1318598701
106.8965517241 95.2021727692
106.8044788975 95.2846478940
106.7125645439 95.3770005907
106.6208082545 95.4769546465
106.5292096220 95.5822037910
106.4377682403 95.6904457907
106.3464837050 95.7994740348
106.2553556127 95.9073111079
106.1643835616 96.0122628416
106.0735671514 96.1129293462
105.9829059829 96.2081535608
105.8923996584 96.2969639048
105.8020477816 96.3785381995
105.7118499574 96.4521709559
105.6218057922 96.5172863059
105.5319148936 96.5734592825
105.4421768707 96.6205528080
105.3525913339 96.6588007174
105.2631578947 96.6889210290
105.1738761662 96.7121456801
105.0847457627 96.7301663250
104.9957662997 96.7450426469
104.9069373942 96.7590288843
104.8182586644 96.7744153483
104.7297297297 96.7933012651
104.6413502110 96.8173804573
104.5531197302 96.8477128112
104.4650379107 96.8845424821
104.3771043771 96.9272855190
104.2893187553 96.9746288174
104.2016806723 97.0247806284
104.1141897565 97.0757430564
104.0268456376 97.1255942012
103.9396479464 97.1726464562
103.8525963149 97.2155783101
103.7656903766 97.2534896121
103.6789297659 97.2859903523
103.5923141186 97.3132280553
103.5058430718 97.3359651933
103.4195162636 97.3554883053
103.3333333333 97.3735008733
103.2472939217 97.3918282404
103.1613976705 97.4121351300
103.0756442228 97.4355768056
102.9900332226 97.4626013864
102.9045643154 97.4929002121
102.8192371476 97.5255577829
102.7340513670 97.5592949094
102.6490066225 97.5927642379
102.5641025641 97.6247126305
102.4793388430 97.6540730616
102.3947151115 97.6800003448
102.3102310231 97.7019088832
102.2258862325 97.7194879473
102.1416803954 97.7327229836
102.0576131687 97.7418360855
101.9736842105 97.7472083901
101.8898931800 97.7493010610
101.8062397373 97.7486616476
101.7227235439 97.7459821684
101.6393442623 97.7422221163
101.5561015561 97.7386247545
101.4729950900 97.7366588855
101.3900245298 97.7377627605
101.3071895425 97.7430785326
101.2244897959 97.7532296543
101.1419249592 97.7682708827
101.0594947025 97.7878072689
100.9771986971 97.8112082659
100.8950366151 97.8377789225
100.8130081301 97.8669000092
100.7311129163 97.8981442741
100.6493506494 97.9313133507
100.5677210057 97.9664853934
100.4862236629 98.0039134920
100.4048582996 98.0438682748
100.3236245955 98.0863679131
100.2425222312 98.1309895202
100.1615508885 98.1768555742
100.0807102502 98.2227667479
100.0000000000 98.2674248657
99.9194198227 98.3096787118
99.8389694042 98.3486486578
99.7586484312 98.3837543501
99.6784565916 98.4146845518
99.5983935743 98.4413572755
99.5184590690 98.4639090188
99.4386527666 98.4826709667
99.3589743590 98.4981233411
99.2794235388 98.5108356187
99.2000000000 98.5213325693
99.1207034373 98.5300183119
99.0415335463 98.5371307007
98.9624900239 98.5426991541
98.8835725678 98.5466469328
98.8047808765 98.5488380391
98.7261146497 98.5491861156
98.6475735879 98.5476993612
98.5691573927 98.5445254862
98.4908657665 98.5399272799
98.4126984127 98.5342437002
98.3346550357 98.5278815499
98.2567353407 98.5212932751
98.1789390340 98.5150169757
98.1012658228 98.5096724843
98.0237154150 98.5059545052
97.9462875197 98.5045718478
97.8689818469 98.5061560797
97.7917981073 98.5111379642
97.7147360126 98.5196576744
97.6377952756 98.5314822350
97.5609756098 98.5459834205
97.4842767296 98.5622128577
97.4076983504 98.5790171898
97.3312401884 98.5952273013
97.2549019608 98.6098000673
97.1786833856 98.6219500930
97.1025841817 98.6312327378
97.0266040689 98.6375794913
96.9507427678 98.6412922881
96.8750000000 98.6430073354
96.7993754879 98.6436171304
96.7238689548 98.6441432618
96.6484801247 98.6455719751
96.5732087227 98.6486704586
96.4980544747 98.6538271939
96.4230171073 98.6610078389
96.3480963481 98.6697679880
96.2732919255 98.6794331852
96.1986035687 98.6892497463
96.1240310078 98.6985515433
96.0495739737 98.7068067376
95.9752321981 98.7136423542
95.9010054138 98.7188275124
95.8268933539 98.7222566312
95.7528957529 98.7239862539
95.6790123457 98.7242408115
95.6052428682 98.7234413456
95.5315870570 98.7221213227
95.4580446497 98.7208644482
95.3846153846 98.7201507517
95.3112990008 98.7202601006
95.2380952381 98.7211929950
95.1650038373 98.7226810935
95.0920245399 98.7242624336
95.0191570881 98.7253524013
94.9464012251 98.7253845848
94.8737566947 98.7238384012
94.8012232416 98.7203401548
94.7288006112 98.7147010426
94.6564885496 98.7069506849
94.5842868040 98.6973297245
94.5121951220 98.6862637612
94.4402132521 98.6742683792
94.3683409437 98.6619129523
94.2965779468 98.6497150391
94.2249240122 98.6381034655
94.1533788914 98.6273803916
94.0819423369 98.6177207771
94.0106141016 98.6091846988
93.9393939394 98.6017857223
93.8682816048 98.5955456027
93.7972768533 98.5905819708
93.7263794407 98.5871512070
93.6555891239 98.5855855540
93.5849056604 98.5862390419
93.5143288084 98.5892987096
93.4438583271 98.5947277847
93.3734939759 98.6021757967
93.3032355154 98.6109987849
93.2330827068 98.6203445107
93.1630353118 98.6292481815
93.0930930931 98.6367429116
93.0232558140 98.6419626861
92.9535232384 98.6441806815
92.8838951311 98.6428715315
92.8143712575 98.6376944909
92.7449513837 98.6284808065
92.6756352765 98.6152349769
92.6064227035 98.5981212478
92.5373134328 98.5774131418
92.4683072334 98.5535306875
92.3994038748 98.5269756208
92.3306031273 98.4983314541
92.2619047619 98.4681701706
92.1933085502 98.4369773096
92.1248142645 98.4050625122
92.0564216778 98.3725212769
91.9881305638 98.3392707849
91.9199406968 98.3051472427
91.8518518519 98.2700454044
91.7838638046 98.2341059727
91.7159763314 98.1978243122
91.6481892092 98.1620429625
91.5805022157 98.1278271942
91.5129151292 98.0962420792
91.4454277286 98.0680630247
91.3780397937 98.0435407363
91.3107511046 98.0223422730
91.2435614422 98.0036223599
91.1764705882 97.9862871173
91.1094783248 97.9693345480
91.0425844347 97.9521226397
90.9757887014 97.9345830901
90.9090909091 97.9172018106
90.8424908425 97.9008626092
90.7759882870 97.8865867947
90.7095830285 97.8752188997
90.6432748538 97.8671857977
90.5770635500 97.8623904418
90.5109489051 97.8602409907
90.4449307075 97.8598027869
90.3790087464 97.8599374808
90.3131828114 97.8595048748
90.2474526929 97.8574624105
90.1818181818 97.8529610570
90.1162790698 97.8453563827
90.0508351489 97.8342057072
89.9854862119 97.8192405289
89.9202320522 97.8003389231
89.8550724638 97.7775919573
89.7900072411 97.7514083991
89.7250361795 97.7226059479
89.6601590745 97.6924697471
89.5953757225 97.6625931961
89.5306859206 97.6346802728
89.4660894661 97.6101716501
89.4015861572 97.5899639177
89.3371757925 97.5742457693
89.2728581713 97.5625034304
89.2086330935 97.5537158267
89.1445003595 97.5466459647
89.0804597701 97.5401727972
89.0165111271 97.5335210897
88.9526542324 97.5263929969
88.8888888889 97.5189526195
88.8252148997 97.5116810847
88.7616320687 97.5052110791
88.6981402003 97.5001649334
88.6347390994 97.4970820412
88.5714285714 97.4964135999
88.5082084226 97.4985893445
88.4450784593 97.5039845588
88.3820384890 97.5128582711
88.3190883191 97.5252277094
88.2562277580 97.5407798936
88.1934566145 97.5588824768
88.1307746979 97.5786816293
88.0681818182 97.5992829877
88.0056777857 97.6199448605
87.9432624113 97.6401574789
87.8809355067 97.6596311634
87.8186968839 97.6782117574
87.7565463553 97.6957650907
87.6944837341 97.7120412008
87.6325088339 97.7266437864
87.5706214689 97.7389995126
87.5088214538 97.7484248920
87.4471086037 97.7542034591
87.3854827343 97.7556499029
87.3239436620 97.7521303621
87.2624912034 97.7430827936
87.2011251758 97.7280179286
87.1398453970 97.7065684809
87.0786516854 97.6785585545
87.0175438596 97.6440725006
86.9565217391 97.6035047799
86.8955851437 97.5575988883
86.8347338936 97.5074621533
86.7739678097 97.4545506196
86.7132867133 97.4005516880
86.6526904263 97.3472472359
86.5921787709 97.2962747827
86.5317515701 97.2489473054
86.4714086471 97.2060970783
86.4111498258 97.1680120267
86.3509749304 97.1345030064
86.2908837857 97.1050096412
86.2308762170 97.0787360430
86.1709520500 97.0547569947
86.1111111111 97.0321052871
86.0513532269 97.0098543761
85.9916782247 96.9871722181
85.9320859321 96.9633902361
85.8725761773 96.9380530485
85.8131487889 96.9108657547
85.7538035961 96.8817042486
85.6945404285 96.8505226050
85.6353591160 96.8173379965
85.5762594893 96.7822790527
85.5172413793 96.7456930737
85.4583046175 96.7083323009
85.3994490358 96.6715070278
85.3406744666 96.6371376890
85.2819807428 96.6075825707
85.2233676976 96.5852654854
85.1648351648 96.5721895362
85.1063829787 96.5694576112
85.0480109739 96.5770274081
84.9897189856 96.5936825709
84.9315068493 96.6173594948
84.8733744011 96.6455408232
84.8153214774 96.6757374915
84.7573479152 96.7058246732
84.6994535519 96.7342292684
84.6416382253 96.7599467216
84.5839017735 96.7825169487
84.5262440354 96.8019060017
84.4686648501 96.8184345938
84.4111640572 96.8326468736
84.3537414966 96.8452219753
84.2963970088 96.8568349896
84.2391304348 96.8680666949
84.1819416158 96.8793569888
84.1248303935 96.8910282958
84.0677966102 96.9033147982
84.0108401084 96.9164123904
83.9539607312 96.9304341664
83.8971583221 96.9452950984
83.8404327248 96.9606097072
83.7837837838 96.9756334194
83.7272113437 96.9893390544
83.6707152497 97.0005950193
83.6142953473 97.0083717384
83.5579514825 97.0119099555
83.5016835017 97.0107850628
83.4454912517 97.0048395027
83.3893745797 96.9940831879
83.3333333333 96.9786579398
83.2773673606 96.9589172378
83.2214765101 96.9356231454
83.1656606304 96.9101499420
83.1099195710 96.8845794352
83.0542531815 96.8615490723
82.9986613119 96.8438279010
82.9431438127 96.8337785626
82.8877005348 96.8328407634
82.8323313293 96.8412822194
82.7770360481 96.8582298569
82.7218145430 96.8819521588
82.6666666667 96.9102053718
82.6115922718 96.9406449875
82.5565912117 96.9710797176
82.5016633400 96.9996477683
82.4468085106 97.0248169675
82.3920265781 97.0453484198
82.3373173971 97.0602230243
82.2826808228 97.0685367871
82.2281167109 97.0695122732
82.1736249172 97.0624437000
82.1192052980 97.0467024430
82.0648577101 97.0217996690
82.0105820106 96.9874378599
81.9563780568 96.9436653505
81.9022457067 96.8909949071
81.8481848185 96.8305828038
81.7941952507 96.7642747192
81.7402768622 96.6946758787
81.6864295125 96.6250124458
81.6326530612 96.5589328892
81.5789473684 96.5000563870
81.5253122945 96.4514618590
81.4717477004 96.4151043630
81.4182534471 96.3914418380
81.3648293963 96.3793563347
81.3114754098 96.3764177942
81.2581913499 96.3793772160
81.2049770792 96.3847359271
81.1518324607 96.3892865067
81.0987573578 96.3904958858
81.0457516340 96.3867397818
80.9928151535 96.3773780960
80.9399477807 96.3627221622
80.8871493803 96.3439528024
80.8344198175 96.3229448522
80.7817589577 96.3020285864
80.7291666667 96.2836629023
80.6766428107 96.2700601136
80.6241872562 96.2628404229
80.5717998700 96.2628265815
80.5194805195 96.2699653861
80.4672290720 96.2834735835
80.4150453956 96.3021090148
80.3629293584 96.3245690058
80.3108808290 96.3497902506
80.2588996764 96.3772593885
80.2069857697 96.4070577987
80.1551389787 96.4397874022
80.1033591731 96.4762981372
80.0516462234 96.5172745065
80.0000000000 96.5628457574
79.9484203740 96.6123671597
79.8969072165 96.6644319556
79.8454603992 96.7171109777
79.7940797941 96.7682709217
79.7427652733 96.8159204293
79.6915167095 96.8584001024
79.6403339756 96.8945095097
79.5892169448 96.9235789594
79.5381654907 96.9455131720
79.4871794872 96.9607716283
79.4362588085 96.9703261892
79.3854033291 96.9754951890
79.3346129239 96.9777756352
79.2838874680 96.9786250815
79.2332268371 96.9792957443
79.1826309068 96.9806607964
79.1320995533 96.9831573589
79.0816326531 96.9867442722
79.0312300829 96.9910508028
78.9808917197 96.9954961348
78.9306174411 96.9995909685
78.8804071247 97.0031267550
78.8302606484 97.0063344100
78.7801778907 97.0099334268
78.7301587302 97.0150097403
78.6802030457 97.0228066269
78.6303107166 97.0344484043
78.5804816223 97.0506502198
78.5307156428 97.0715251771
78.4810126582 97.0964799285
78.4313725490 97.1242905813
78.3817951960 97.1532664799
78.3322804801 97.1815399858
78.2828282828 97.2073729556
78.2334384858 97.2294195701
78.1841109710 97.2468742428
78.1348456207 97.2595282492
78.0856423174 97.2676585645
78.0365009440 97.2718369812
77.9874213836 97.2727411627
77.9384035198 97.2710237098
77.8894472362 97.2672169441
77.8405524168 97.2617566894
77.7917189460 97.2550839912
77.7429467085 97.2477535281
77.6942355890 97.2405274999
77.6455854728 97.2344118594
77.5969962453 97.2305345301
77.5484677924 97.2300170301
77.5000000000 97.2337775168
77.4515927545 97.2424424883
77.4032459426 97.2563048003
77.3549594510 97.2753577758
77.3067331671 97.2994461681
77.2585669782 97.3283462363
77.2104607721 97.3619040433
77.1624144368 97.4000050795
77.1144278607 97.4425590414
77.0665009323 97.4893638559
77.0186335404 97.5400094819
76.9708255742 97.5938136216
76.9230769231 97.6498164365
76.8753874768 97.7068586342
76.8277571252 97.7636495552
76.7801857585 97.8189605653
76.7326732673 97.8717041791
76.6852195424 97.9210267933
76.6378244747 97.9663688309
76.5904879555 98.0074523510
76.5432098765 98.0442850894
76.4959901295 98.0771137240
76.4488286067 98.1063596621
76.4017252002 98.1325141425
76.3546798030 98.1560083464
76.3076923077 98.1771108542
76.2607626076 98.1958844213
76.2138905962 98.2121887065
76.1670761671 98.2257609714
76.1203192142 98.2363676779
76.0736196319 98.2439234684
76.0269773145 98.2485904047
75.9803921569 98.2507867834
75.9338640539 98.2511167208
75.8873929009 98.2502301775
75.8409785933 98.2487147056
75.7946210269 98.2470425221
75.7483200977 98.2455288298
75.7020757021 98.2444321041
75.6558877364 98.2439875265
75.6097560976 98.2445212549
75.5636806825 98.2464180945
75.5176613886 98.2501122032
75.4716981132 98.2559796868
75.4257907543 98.2642588762
75.3799392097 98.2749291349
75.3341433779 98.2877019777
75.2884031573 98.3020113526
75.2427184466 98.3171188711
75.1970891449 98.3322889088
75.1515151515 98.3469143589
75.1059963658 98.3606687326
75.0605326877 98.3735671570
75.0151240169 98.3859426534
74.9697702539 98.3982892562
74.9244712991 98.4111202860
74.8792270531 98.4247779545
74.8340374170 98.4392865436
74.7889022919 98.4543644290
74.7438215793 98.4694495529
74.6987951807 98.4838857578
74.6538229982 98.4970554716
74.6089049338 98.5084970722
74.5640408900 98.5179586899
74.5192307692 98.5254187599
74.4744744745 98.5310700706
74.4297719088 98.5353220939
74.3851229754 98.5387562964
74.3405275779 98.5421101888
74.2959856201 98.5461640727
74.2514970060 98.5515840895
74.2070616397 98.5587528251
74.1626794258 98.5676493194
74.1183502690 98.5778494575
74.0740740741 98.5886261308
74.0298507463 98.5991270371
73.9856801909 98.6085727084
73.9415623137 98.6163457242
73.8974970203 98.6220808517
73.8534842168 98.6256918730
73.8095238095 98.6273795140
73.7656157049 98.6275469158
73.7217598098 98.6267657826
73.6779560309 98.6256258679
73.6342042755 98.6246229774
73.5905044510 98.6240281189
73.5468564650 98.6238676972
73.5032602253 98.6239200697
73.4597156398 98.6238131169
73.4162226169 98.6231345090
73.3727810651 98.6215555061
73.3293908930 98.6189503757
73.2860520095 98.6153925736
73.2427643237 98.6111753328
73.1995277450 98.6067067077
73.1563421829 98.6024050533
73.1132075472 98.5986450280
73.0701237478 98.5956503095
73.0270906949 98.5935275565
72.9841082990 98.5922476353
72.9411764706 98.5916853336
72.8982951205 98.5916726474
72.8554641598 98.5920212337
72.8126834997 98.5926176787
72.7699530516 98.5934538948
72.7272727273 98.5946703491
72.6846424385 98.5965225003
72.6420620972 98.5992690619
72.5995316159 98.6030896384
72.5570509070 98.6079633055
72.5146198830 98.6136372689
72.4722384570 98.6196948887
72.4299065421 98.6256192841
72.3876240514 98.6309659782
72.3453908985 98.6354116373
72.3032069971 98.6388514898
72.2610722611 98.6413898794
72.2189866045 98.6433064495
72.1769499418 98.6449562554
72.1349621873 98.6466919602
72.0930232558 98.6487798889
72.0511330622 98.6513206147
72.0092915215 98.6542643838
71.9674985490 98.6574814839
71.9257540603 98.6608518290
71.8840579710 98.6643674648
71.8424101970 98.6681648866
71.8008106543 98.6724729940
71.7592592593 98.6775360361
71.7177559283 98.6834750446
71.6763005780 98.6902256882
71.6348931254 98.6975056638
71.5935334873 98.7048844922
71.5522215811 98.7118839687
71.5109573241 98.7181115990
71.4697406340 98.7233822361
71.4285714286 98.7278117206
71.3874496258 98.7317662551
71.3463751438 98.7358464658
71.3053479011 98.7406899571
71.2643678161 98.7468678743
71.2234348076 98.7547201931
71.1825487945 98.7643046222
71.1417096959 98.7753744657
71.1009174312 98.7874065495
71.0601719198 98.7997381885
71.0194730813 98.8116452340
70.9788208357 98.8224885586
70.9382151030 98.8317883439
70.8976558033 98.8392815822
70.8571428571 98.8449487353
70.8166761850 98.8489611709
70.7762557078 98.8516210938
70.7358813463 98.8533015702
70.6955530217 98.8543781771
70.6552706553 98.8552108580
70.6150341686 98.8561428711
70.5748434832 98.8574949834
70.5346985210 98.8595898468
70.4945992041 98.8626849169
70.4545454545 98.8669721958
70.4145371948 98.8724915648
70.3745743473 98.8791292505
70.3346568349 98.8866165286
70.2947845805 98.8945648554
70.2549575071 98.9025266534
70.2151755379 98.9100690947
70.1754385965 98.9168427262
70.1357466063 98.9225881836
70.0960994912 98.9271688704
70.0564971751 98.9305535110
70.0169395822 98.9327730075
69.9774266366 98.9338842428
69.9379582628 98.9339693808
69.8985343856 98.9331175200
69.8591549296 98.9314366195
69.8198198198 98.9290477943
69.7805289814 98.9260975494
69.7412823397 98.9227393853
69.7020798201 98.9191337034
69.6629213483 98.9154415953
69.6238068501 98.9118188026
69.5847362514 98.9084214596
69.5457094784 98.9053813867
69.5067264574 98.9028433972
69.4677871148 98.9009591121
69.4288913774 98.8998685686
69.3900391718 98.8997003011
69.3512304251 98.9005462740
69.3124650643 98.9024553667
69.2737430168 98.9054143284
69.2350642099 98.9093535644
69.1964285714 98.9141660921
69.1578360290 98.9196377962
69.1192865106 98.9254843663
69.0807799443 98.9313442188
69.0423162584 98.9367964086
69.0038953812 98.9414538708
68.9655172414 98.9450335121
68.9271817676 98.9474008713
68.8888888889 98.9486413494
68.8506385341 98.9490056083
68.8124306326 98.9488670310
68.7742651137 98.9486150281
68.7361419069 98.9485669154
68.6980609418 98.9488905741
68.6600221484 98.9495903217
68.6220254566 98.9505616116
68.5840707965 98.9516663315
68.5461580984 98.9528023141
68.5082872928 98.9539864674
68.4704583103 98.9553307297
68.4326710817 98.9570688567
68.3949255378 98.9594557129
68.3572216097 98.9627613825
68.3195592287 98.9671695053
68.2819383260 98.9727452218
68.2443588332 98.9793889777
68.2068206821 98.9868224311
68.1693238043 98.9946247690
68.1318681319 99.0023139878
68.0944535969 99.0094301111
68.0570801317 99.0155668971
68.0197476687 99.0204559871
67.9824561404 99.0239686158
67.9452054795 99.0260653925
67.9079956188 99.0268226671
67.8708264915 99.0263497784
67.8336980306 99.0247894684
67.7966101695 99.0222982888
67.7595628415 99.0190338004
67.7225559803 99.0151419170
67.6855895197 99.0107243759
67.6486633933 99.0058645158
67.6117775354 99.0005747762
67.5749318801 98.9948098962
67.5381263617 98.9885102845
67.5013609145 98.9816538900
67.4646354733 98.9742752021
67.4279499728 98.9665757467
67.3913043478 98.9588737953
67.3546985334 98.9516189620
67.3181324647 98.9452835742
67.2816060770 98.9402214529
67.2451193059 98.9366276742
67.2086720867 98.9344463628
67.1722643554 98.9334592477
67.1358960476 98.9333548870
67.0995670996 98.9338444238
67.0632774473 98.9347148763
67.0270270270 98.9358682697
66.9908157753 98.9372650356
66.9546436285 98.9389306454
66.9185105235 98.9408783193
66.8824163970 98.9431149246
66.8463611860 98.9456411408
66.8103448276 98.9484511692
66.7743672590 98.9515323484
66.7384284177 98.9548785711
66.7025282410 98.9584965225
66.6666666667 98.9624253049
66.6308436325 98.9667370867
66.5950590763 98.9715047682
66.5593129361 98.9768152869
66.5236051502 98.9826978266
66.4879356568 98.9890971966
66.4523043944 98.9959187566
66.4167113016 99.0029688907
66.3811563169 99.0100459291
66.3456393793 99.0169596327
66.3101604278 99.0235511331
66.2747194014 99.0296997753
66.2393162393 99.0353826432
66.2039508809 99.0406096353
66.1686232657 99.0454698241
66.1333333333 99.0500794005
66.0980810235 99.0545953337
66.0628662760 99.0591562842
66.0276890309 99.0638496841
65.9925492283 99.0686779638
65.9574468085 99.0735711738
65.9223817119 99.0783860287
65.8873538789 99.0829582038
65.8523632501 99.0871220574
65.8174097665 99.0907178808
65.7824933687 99.0936310698
65.7476139979 99.0957336752
65.7127715951 99.0969364124
65.6779661017 99.0971564697
65.6431974590 99.0963636495
65.6084656085 99.0945209675
65.5737704918 99.0916311587
65.5391120507 99.0876905044
65.5044902272 99.0827144164
65.4699049630 99.0767513638
65.4353562005 99.0699151914
65.4008438819 99.0624658281
65.3663679494 99.0547838036
65.3319283456 99.0474243753
65.2975250132 99.0410195086
65.2631578947 99.0361989180
65.2288269332 99.0334771235
65.1945320715 99.0331393186
65.1602732528 99.0351927312
65.1260504202 99.0393575135
65.0918635171 99.0451778174
65.0577124869 99.0520599049
65.0235972732 99.0594391938
64.9895178197 99.0668134576
64.9554740702 99.0738173234
64.9214659686 99.0802642286
64.8874934589 99.0861541637
64.8535564854 99.0916489730
64.8196549922 99.0970399127
64.7857889237 99.1026483498
64.7519582245 99.1087650432
64.7181628392 99.1155491439
64.6844027126 99.1229859374
64.6506777894 99.1309459189
64.6169880146 99.1392036476
64.5833333333 99.1475115125
64.5497136908 99.1556537866
64.5161290323 99.1634404689
64.4825793032 99.1707211411
64.4490644491 99.1773720867
64.4155844156 99.1832620019
64.3821391485 99.1882861259
64.3487285937 99.1923659712
64.3153526971 99.1954765538
64.2820114049 99.1976269091
64.2487046632 99.1989005115
64.2154324184 99.1994152974
64.1821946170 99.1993441475
64.1489912054 99.1988945793
64.1158221303 99.1982957976
64.0826873385 99.1978053331
64.0495867769 99.1976754437
64.0165203924 99.1981258512
63.9834881321 99.1992956529
63.9504899433 99.2012904465
63.9175257732 99.2041680102
63.8845955693 99.2079794787
63.8516992791 99.2127897648
63.8188368502 99.2186509927
63.7860082305 99.2255750082
63.7532133676 99.2335059628
63.7204522097 99.2422782929
63.6877247047 99.2516841094
63.6550308008 99.2614591755
63.6223704464 99.2713649821
63.5897435897 99.2811891052
63.5571501794 99.2907384496
63.5245901639 99.2998537717
63.4920634921 99.3083956286
63.4595701126 99.3162240551
63.4271099744 99.3232190068
63.3946830266 99.3293148978
63.3622892182 99.3344598028
63.3299284985 99.3386500872
63.2976008167 99.3419027456
63.2653061224 99.3442423988
63.2330443651 99.3457280637
63.2008154944 99.3463987041
63.1686194600 99.3463346284
63.1364562118 99.3456236081
63.1043256997 99.3443608790
63.0722278739 99.3426631330
63.0401626843 99.3406200848
63.0081300813 99.3383013075
62.9761300152 99.3357077493
62.9441624365 99.3327845458
62.9122272958 99.3294416734
62.8803245436 99.3255397697
62.8484541308 99.3209522466
62.8166160081 99.3155860588
62.7848101266 99.3093892457
62.7530364372 99.3023855516
62.7212948912 99.2946889690
62.6895854398 99.2865111772
62.6579080344 99.2781413644
62.6262626263 99.2699535478
62.5946491671 99.2623516987
62.5630676085 99.2557418348
62.5315179022 99.2504696335
62.5000000000 99.2467854165
62.4685138539 99.2447872859
62.4370594159 99.2444486898
62.4056366381 99.2455750918
62.3742454728 99.2478730757
62.3428858723 99.2509563035
62.3115577889 99.2543942481
62.2802611753 99.2577672384
62.2489959839 99.2607370842
62.2177621676 99.2630685701
62.1865596790 99.2646514544
62.1553884712 99.2655437818
62.1242484970 99.2659165338
62.0931397096 99.2659990252
62.0620620621 99.2660084731
62.0310155078 99.2660865503
62.0000000000 99.2662704277
