124000.0000000000 7.7086285208
62000.0000000000 25.0613614868
41333.3333333333 42.9762107670
31000.0000000000 57.3146152754
24800.0000000000 67.7790383499
20666.6666666667 75.2375306218
17714.2857142857 80.5796647741
15500.0000000000 84.4668705505
13777.7777777778 87.3495641002
12400.0000000000 89.5279251707
11272.7272727273 91.2026773666
10333.3333333333 92.5098236619
9538.4615384615 93.5430624783
8857.1428571429 94.3680605072
8266.6666666667 95.0315800297
7750.0000000000 95.5673860428
7294.1176470588 96.0001263606
6888.8888888889 96.3479193718
6526.3157894737 96.6241063769
6200.0000000000 96.8384539646
5904.7619047619 96.9979912818
5636.3636363636 97.1076028790
5391.3043478261 97.1704607521
5166.6666666667 97.1883566690
4960.0000000000 97.1619866794
4769.2307692308 97.0912327139
4592.5925925926 96.9754891338
4428.5714285714 96.8140797386
4275.8620689655 96.6068019100
4133.3333333333 96.3546109000
4000.0000000000 96.0604006343
3875.0000000000 95.7297572079
3757.5757575758 95.3714769939
3647.0588235294 94.9976067130
3542.8571428571 94.6228340102
3444.4444444444 94.2632302756
3351.3513513514 93.9345276590
3263.1578947368 93.6502029365
3179.4871794872 93.4196619776
3100.0000000000 93.2468699622
3024.3902439024 93.1298645974
2952.3809523810 93.0615244952
2883.7209302326 93.0316106707
2818.1818181818 93.0295597071
2755.5555555556 93.0471319300
2695.6521739130 93.0800156117
2638.2978723404 93.1278653925
2583.3333333333 93.1928275886
2530.6122448980 93.2772044323
2480.0000000000 93.3812636871
2431.3725490196 93.5021208887
2384.6153846154 93.6341036799
2339.6226415094 93.7703359991
2296.2962962963 93.9048326947
2254.5454545455 94.0343414391
2214.2857142857 94.1593707161
2175.4385964912 94.2841336774
2137.9310344828 94.4154047155
2101.6949152542 94.5605782736
2066.6666666667 94.7255111964
2032.7868852459 94.9128639415
2000.0000000000 95.1214867428
1968.2539682540 95.3469412543
1937.5000000000 95.5827852975
1907.6923076923 95.8220370025
1878.7878787879 96.0583446914
1850.7462686567 96.2866549533
1823.5294117647 96.5034139135
1797.1014492754 96.7064544001
1771.4285714286 96.8947318512
1746.4788732394 97.0680243177
1722.2222222222 97.2266640427
1698.6301369863 97.3713219261
1675.6756756757 97.5028499934
1653.3333333333 97.6221723665
1631.5789473684 97.7302179162
1610.3896103896 97.8278785323
1589.7435897436 97.9159934461
1569.6202531646 97.9953447755
1550.0000000000 98.0666618733
1530.8641975309 98.1306287725
1512.1951219512 98.1878906555
1493.9759036145 98.2390508147
1476.1904761905 98.2846645225
1458.8235294118 98.3252172405
1441.8604651163 98.3611000569
1425.2873563218 98.3925788830
1409.0909090909 98.4197751139
1393.2584269663 98.4426598282
1377.7777777778 98.4610711369
1362.6373626374 98.4747434835
1347.8260869565 98.4833415812
1333.3333333333 98.4864820701
1319.1489361702 98.4837471256
1305.2631578947 98.4746849067
1291.6666666667 98.4588037047
1278.3505154639 98.4355608314
1265.3061224490 98.4043535543
1252.5252525253 98.3645159401
1240.0000000000 98.3153361792
1227.7227722772 98.2560992368
1215.6862745098 98.1861718801
1203.8834951456 98.1051297846
1192.3076923077 98.0129264715
1180.9523809524 97.9100898441
1169.8113207547 97.7979025351
1158.8785046729 97.6785066490
1148.1481481481 97.5548531855
1137.6146788991 97.4304264969
1127.2727272727 97.3087634553
1117.1171171171 97.1928767883
1107.1428571429 97.0847836822
1097.3451327434 96.9853129180
1087.7192982456 96.8942206456
1078.2608695652 96.8104991336
1068.9655172414 96.7327070845
1059.8290598291 96.6592269056
1050.8474576271 96.5884598837
1042.0168067227 96.5189964206
1033.3333333333 96.4497283239
1024.7933884298 96.3798370085
1016.3934426230 96.3086671327
1008.1300813008 96.2355960075
1000.0000000000 96.1600370987
992.0000000000 96.0815775186
984.1269841270 96.0001295282
976.3779527559 95.9159705195
968.7500000000 95.8296739426
961.2403100775 95.7420657714
953.8461538462 95.6543015733
946.5648854962 95.5680448636
939.3939393939 95.4856323481
932.3308270677 95.4101639952
925.3731343284 95.3455278623
918.5185185185 95.2963844228
911.7647058824 95.2680445233
905.1094890511 95.2661308273
898.5507246377 95.2959524502
892.0863309353 95.3616348525
885.7142857143 95.4651555312
879.4326241135 95.6055861882
873.2394366197 95.7788426421
867.1328671329 95.9781409401
861.1111111111 96.1950576129
855.1724137931 96.4208551869
849.3150684932 96.6476501528
843.5374149660 96.8691414769
837.8378378378 97.0808469612
832.2147651007 97.2799614226
826.6666666667 97.4650230017
821.1920529801 97.6355444661
815.7894736842 97.7916941127
810.4575163399 97.9340564819
805.1948051948 98.0634649248
800.0000000000 98.1808813567
794.8717948718 98.2873206006
789.8089171975 98.3837892239
784.8101265823 98.4712527045
779.8742138365 98.5506110521
775.0000000000 98.6226872864
770.1863354037 98.6882239924
765.4320987654 98.7478819433
760.7361963190 98.8022465088
756.0975609756 98.8518318127
751.5151515152 98.8970870415
746.9879518072 98.9384020000
742.5149700599 98.9761140290
738.0952380952 99.0105128897
733.7278106509 99.0418450946
729.4117647059 99.0703207991
725.1461988304 99.0961163432
720.9302325581 99.1193794461
716.7630057803 99.1402352574
712.6436781609 99.1587926769
708.5714285714 99.1751528851
704.5454545455 99.1894183192
700.5649717514 99.2017037294
696.6292134831 99.2121512251
692.7374301676 99.2209337695
688.8888888889 99.2282602837
685.0828729282 99.2343599486
681.3186813187 99.2394579903
677.5956284153 99.2437386311
673.9130434783 99.2473081968
670.2702702703 99.2501820006
666.6666666667 99.2522826478
663.1016042781 99.2534701994
659.5744680851 99.2535785054
656.0846560847 99.2524560707
652.6315789474 99.2499959255
649.2146596859 99.2461506073
645.8333333333 99.2409191864
642.4870466321 99.2343217910
639.1752577320 99.2263618500
635.8974358974 99.2170098789
632.6530612245 99.2062149110
629.4416243655 99.1939369553
626.2626262626 99.1801769866
623.1155778894 99.1649767080
620.0000000000 99.1483906822
616.9154228856 99.1304363680
613.8613861386 99.1110729897
610.8374384236 99.0902197955
607.8431372549 99.0678046373
604.8780487805 99.0438129172
601.9417475728 99.0183007344
599.0338164251 98.9913660435
596.1538461538 98.9631136480
593.3014354067 98.9336428355
590.4761904762 98.9030751845
587.6777251185 98.8715947112
584.9056603774 98.8394687933
582.1596244131 98.8070479787
579.4392523364 98.7747741027
576.7441860465 98.7432111257
574.0740740741 98.7130930788
571.4285714286 98.6853664064
568.8073394495 98.6612051455
566.2100456621 98.6419989172
563.6363636364 98.6293044749
561.0859728507 98.6247493466
558.5585585586 98.6298457832
556.0538116592 98.6457314713
553.5714285714 98.6728809024
551.1111111111 98.7108831539
548.6725663717 98.7583872691
546.2555066079 98.8132594100
543.8596491228 98.8729221414
541.4847161572 98.9347574351
539.1304347826 98.9964559834
536.7965367965 99.0562226958
534.4827586207 99.1128424450
532.1888412017 99.1656229731
529.9145299145 99.2142825309
527.6595744681 99.2588180606
525.4237288136 99.2993915270
523.2067510549 99.3362431568
521.0084033613 99.3696401427
518.8284518828 99.3998508526
516.6666666667 99.4271336639
514.5228215768 99.4517384302
512.3966942149 99.4739083187
510.2880658436 99.4938825870
508.1967213115 99.5118962897
506.1224489796 99.5281824094
504.0650406504 99.5429683101
502.0242914980 99.5564605720
500.0000000000 99.5688398988
497.9919678715 99.5802400165
496.0000000000 99.5907461864
494.0239043825 99.6003963972
492.0634920635 99.6091952334
490.1185770751 99.6171255024
488.1889763780 99.6241675245
486.2745098039 99.6303082555
484.3750000000 99.6355505731
482.4902723735 99.6399209600
480.6201550388 99.6434719867
478.7644787645 99.6462901806
476.9230769231 99.6484942388
475.0957854406 99.6502385606
473.2824427481 99.6516947309
471.4828897338 99.6530314662
469.6969696970 99.6543901378
467.9245283019 99.6558576170
466.1654135338 99.6574647412
464.4194756554 99.6591978130
462.6865671642 99.6610316732
460.9665427509 99.6629628526
459.2592592593 99.6650343782
457.5645756458 99.6673342905
455.8823529412 99.6699672540
454.2124542125 99.6730182847
452.5547445255 99.6765075245
450.9090909091 99.6803679849
449.2753623188 99.6844520310
447.6534296029 99.6885558780
446.0431654676 99.6924537511
444.4444444444 99.6959342011
442.8571428571 99.6988195417
441.2811387900 99.7009728224
439.7163120567 99.7023038094
438.1625441696 99.7027650977
436.6197183099 99.7023489765
435.0877192982 99.7010892150
433.5664335664 99.6990649755
432.0557491289 99.6963996521
430.5555555556 99.6932598913
429.0657439446 99.6898329931
427.5862068966 99.6863047835
426.1168384880 99.6828143221
424.6575342466 99.6794217096
423.2081911263 99.6760812596
421.7687074830 99.6726546450
420.3389830508 99.6689359483
418.9189189189 99.6647047701
417.5084175084 99.6597618571
416.1073825503 99.6539687243
414.7157190635 99.6472576310
413.3333333333 99.6396448020
411.9601328904 99.6312236579
410.5960264901 99.6221376519
409.2409240924 99.6125521943
407.8947368421 99.6026119543
406.5573770492 99.5924249517
405.2287581699 99.5820647205
403.9087947883 99.5716083989
402.5974025974 99.5611824231
401.2944983819 99.5509908820
400.0000000000 99.5413302506
398.7138263666 99.5325659914
397.4358974359 99.5251261257
396.1661341853 99.5194748481
394.9044585987 99.5160979138
393.6507936508 99.5154579278
392.4050632911 99.5179229501
391.1671924290 99.5236777652
389.9371069182 99.5326493067
388.7147335423 99.5444876282
387.5000000000 99.5586015780
386.2928348910 99.5742555118
385.0931677019 99.5906790612
383.9009287926 99.6071682950
382.7160493827 99.6231449044
381.5384615385 99.6381937685
380.3680981595 99.6520666560
379.2048929664 99.6646625624
378.0487804878 99.6760076431
376.8996960486 99.6862145092
375.7575757576 99.6954347525
374.6223564955 99.7038243421
373.4939759036 99.7114987648
372.3723723724 99.7185190031
371.2574850299 99.7248937760
370.1492537313 99.7306009376
369.0476190476 99.7356059505
367.9525222552 99.7398938592
366.8639053254 99.7434817449
365.7817109145 99.7464313258
364.7058823529 99.7488486013
363.6363636364 99.7508810973
362.5730994152 99.7527004048
361.5160349854 99.7544856640
360.4651162791 99.7563882638
359.4202898551 99.7585105831
358.3815028902 99.7608890102
357.3487031700 99.7634927146
356.3218390805 99.7662383831
355.3008595989 99.7690202544
354.2857142857 99.7717307972
353.2763532764 99.7742906909
352.2727272727 99.7766494287
351.2747875354 99.7787934119
350.2824858757 99.7807240629
349.2957746479 99.7824467498
348.3146067416 99.7839632212
347.3389355742 99.7852726806
346.3687150838 99.7863781032
345.4038997214 99.7872964267
344.4444444444 99.7880690114
343.4903047091 99.7887595694
342.5414364641 99.7894417160
341.5977961433 99.7901811133
340.6593406593 99.7910250019
339.7260273973 99.7919979326
338.7978142077 99.7931039686
337.8746594005 99.7943328445
336.9565217391 99.7956728321
336.0433604336 99.7971029200
335.1351351351 99.7985874363
334.2318059299 99.8000758598
333.3333333333 99.8014933018
332.4396782842 99.8027559779
331.5508021390 99.8037750804
330.6666666667 99.8044673310
329.7872340426 99.8047670782
328.9124668435 99.8046253076
328.0423280423 99.8040112256
327.1767810026 99.8029179217
326.3157894737 99.8013546237
325.4593175853 99.7993496334
324.6073298429 99.7969492689
323.7597911227 99.7942166983
322.9166666667 99.7912281468
322.0779220779 99.7880675935
321.2435233161 99.7848159610
320.4134366925 99.7815414573
319.5876288660 99.7782856781
318.7660668380 99.7750466534
317.9487179487 99.7717740596
317.1355498721 99.7683754441
316.3265306122 99.7647322379
315.5216284987 99.7607189210
314.7208121827 99.7562210718
313.9240506329 99.7511537175
313.1313131313 99.7454772141
312.3425692695 99.7392048573
311.5577889447 99.7324205105
310.7769423559 99.7252682433
310.0000000000 99.7179587766
309.2269326683 99.7107462292
308.4577114428 99.7038988160
307.6923076923 99.6976648401
306.9306930693 99.6922352368
306.1728395062 99.6877227433
305.4187192118 99.6841636783
304.6683046683 99.6815356215
303.9215686275 99.6797855019
303.1784841076 99.6788494719
302.4390243902 99.6786485141
301.7031630170 99.6790679135
300.9708737864 99.6799510022
300.2421307506 99.6810883288
299.5169082126 99.6822418651
298.7951807229 99.6831739387
298.0769230769 99.6836723324
297.3621103118 99.6835698279
296.6507177033 99.6827581608
295.9427207637 99.6811710628
295.2380952381 99.6787818372
294.5368171021 99.6755800754
293.8388625592 99.6715628865
293.1442080378 99.6667230272
292.4528301887 99.6610473278
291.7647058824 99.6545121081
291.0798122066 99.6470905778
290.3981264637 99.6387648620
289.7196261682 99.6295261036
289.0442890443 99.6193851776
288.3720930233 99.6083713898
287.7030162413 99.5965372357
287.0370370370 99.5839586340
286.3741339492 99.5707427906
285.7142857143 99.5570392110
285.0574712644 99.5430615747
284.4036697248 99.5290806910
283.7528604119 99.5154127367
283.1050228311 99.5023780438
282.4601366743 99.4902794770
281.8181818182 99.4794053409
281.1791383220 99.4700494179
280.5429864253 99.4625328275
279.9097065463 99.4571809765
279.2792792793 99.4542424223
278.6516853933 99.4537800475
278.0269058296 99.4555952500
277.4049217002 99.4592375298
276.7857142857 99.4640787892
276.1692650334 99.4694455542
275.5555555556 99.4747214287
274.9445676275 99.4794176924
274.3362831858 99.4831923836
273.7306843267 99.4858409047
273.1277533040 99.4872528687
272.5274725275 99.4873715276
271.9298245614 99.4861413897
271.3347921225 99.4834761161
270.7423580786 99.4792582377
270.1525054466 99.4733518805
269.5652173913 99.4656269471
268.9804772234 99.4559933460
268.3982683983 99.4444242305
267.8185745140 99.4309827227
267.2413793103 99.4158553664
266.6666666667 99.3993826004
266.0944206009 99.3820861079
265.5246252677 99.3646552776
264.9572649573 99.3479071577
264.3923240938 99.3326636473
263.8297872340 99.3195946419
263.2696390658 99.3090399110
262.7118644068 99.3009037817
262.1564482030 99.2946498967
261.6033755274 99.2894071824
261.0526315789 99.2841517894
260.5042016807 99.2778710228
259.9580712788 99.2696839994
259.4142259414 99.2588882090
258.8726513570 99.2449445151
258.3333333333 99.2274400683
257.7962577963 99.2060323228
257.2614107884 99.1804127646
256.7287784679 99.1502669083
256.1983471074 99.1152712494
255.6701030928 99.0750783719
255.1440329218 99.0293223336
254.6201232033 98.9776207642
254.0983606557 98.9195738329
253.5787321063 98.8547887401
253.0612244898 98.7829149000
252.5458248473 98.7037218840
252.0325203252 98.6172098578
251.5212981744 98.5237451741
251.0121457490 98.4241966594
250.5050505051 98.3200193430
250.0000000000 98.2132237875
249.4969818913 98.1062048061
248.9959839357 98.0014001466
248.4969939880 97.9008554971
248.0000000000 97.8058072595
247.5049900200 97.7163895999
247.0119521912 97.6315704112
246.5208747515 97.5493840146
246.0317460317 97.4673856913
245.5445544554 97.3832486752
245.0592885375 97.2953152547
244.5759368836 97.2029762212
244.0944881890 97.1068211498
243.6149312377 97.0086280028
243.1372549020 96.9112458015
242.6614481409 96.8184539824
242.1875000000 96.7347295122
241.7153996101 96.6648009921
241.2451361868 96.6129542343
240.7766990291 96.5821821461
240.3100775194 96.5734784367
239.8452611219 96.5855580433
239.3822393822 96.6151302212
238.9210019268 96.6575826688
238.4615384615 96.7078379759
238.0038387716 96.7611569383
237.5478927203 96.8138039729
237.0936902486 96.8635468661
236.6412213740 96.9099173830
236.1904761905 96.9541276782
235.7414448669 96.9985853566
235.2941176471 97.0460418716
234.8484848485 97.0986280657
234.4045368620 97.1570736111
233.9622641509 97.2204015295
233.5216572505 97.2861983841
233.0827067669 97.3513358614
232.6454033771 97.4128157840
232.2097378277 97.4684629321
231.7757009346 97.5173364296
231.3432835821 97.5597910539
230.9124767225 97.5972337099
230.4832713755 97.6316510664
230.0556586271 97.6649687423
229.6296296296 97.6984107989
229.2051756007 97.7320621498
228.7822878229 97.7647784077
228.3609576427 97.7944435406
227.9411764706 97.8184248340
227.5229357798 97.8340565019
227.1062271062 97.8389661190
226.6910420475 97.8312308494
226.2773722628 97.8094219927
225.8652094718 97.7725921618
225.4545454545 97.7202682152
225.0453720508 97.6524967911
224.6376811594 97.5699235686
224.2314647378 97.4738812824
223.8267148014 97.3664693056
223.4234234234 97.2506005297
223.0215827338 97.1299805517
222.6211849192 97.0090061142
222.2222222222 96.8925890504
221.8246869410 96.7859174737
221.4285714286 96.6941480449
221.0338680927 96.6219818416
220.6405693950 96.5730983261
220.2486678508 96.5494672209
219.8581560284 96.5507915949
219.4690265487 96.5743402614
219.0812720848 96.6153697018
218.6948853616 96.6680554860
218.3098591549 96.7265897665
217.9261862917 96.7861284788
217.5438596491 96.8433021638
217.1628721541 96.8963191713
216.7832167832 96.9447440592
216.4048865620 96.9891137687
216.0278745645 97.0304896390
215.6521739130 97.0699780978
215.2777777778 97.1082985784
214.9046793761 97.1455683684
214.5328719723 97.1813535623
214.1623488774 97.2150126194
213.7931034483 97.2461203633
213.4251290878 97.2747618647
213.0584192440 97.3015705003
212.6929674099 97.3275296354
212.3287671233 97.3537135735
211.9658119658 97.3811067585
211.6040955631 97.4105106944
211.2436115843 97.4425399612
210.8843537415 97.4776503383
210.5263157895 97.5161572720
210.1694915254 97.5582263358
209.8138747885 97.6037744071
209.4594594595 97.6522960958
209.1062394604 97.7026687435
208.7542087542 97.7530967457
208.4033613445 97.8012495019
208.0536912752 97.8445584250
207.7051926298 97.8805448002
207.3578595318 97.9070858826
207.0116861436 97.9225385834
206.6666666667 97.9257792684
206.3227953411 97.9161432847
205.9800664452 97.8933538535
205.6384742952 97.8574157050
205.2980132450 97.8085647792
204.9586776860 97.7472209766
204.6204620462 97.6740313082
204.2833607908 97.5899103264
203.9473684211 97.4961109263
203.6124794745 97.3942651634
203.2786885246 97.2864077063
202.9459901800 97.1749429166
202.6143790850 97.0625624596
202.2838499184 96.9520896510
201.9543973941 96.8462574863
201.6260162602 96.7475410220
201.2987012987 96.6580596431
200.9724473258 96.5795773071
200.6472491909 96.5136228047
200.3231017771 96.4616053953
200.0000000000 96.4249535249
199.6779388084 96.4051066553
199.3569131833 96.4033159664
199.0369181380 96.4202761821
198.7179487179 96.4556947341
198.4000000000 96.5080141321
198.0830670927 96.5744309330
197.7671451356 96.6512664618
197.4522292994 96.7345606556
197.1383147854 96.8206302403
196.8253968254 96.9064859653
196.5134706815 96.9899572974
196.2025316456 97.0696749742
195.8925750395 97.1449562864
195.5835962145 97.2157025150
195.2755905512 97.2822655072
194.9685534591 97.3452808525
194.6624803768 97.4054279910
194.3573667712 97.4631513057
194.0532081377 97.5184049359
193.7500000000 97.5705099253
193.4477379095 97.6181853392
193.1464174455 97.6597614423
192.8460342146 97.6935120944
192.5465838509 97.7180347782
192.2480620155 97.7325337977
191.9504643963 97.7369990245
191.6537867079 97.7322332725
191.3580246914 97.7197417673
191.0631741140 97.7015186176
190.7692307692 97.6797573461
190.4761904762 97.6565284884
190.1840490798 97.6334716280
189.8928024502 97.6115467090
189.6024464832 97.5908849435
189.3129770992 97.5707978645
189.0243902439 97.5499433760
188.7366818874 97.5266144106
188.4498480243 97.4990884209
188.1638846737 97.4659166363
187.8787878788 97.4261182685
187.5945537065 97.3793257111
187.3111782477 97.3258976837
187.0286576169 97.2670289747
186.7469879518 97.2048409036
186.4661654135 97.1423490433
186.1861861862 97.0832824480
185.9070464768 97.0317241223
185.6287425150 96.9916549202
185.3512705531 96.9663906791
185.0746268657 96.9580721718
184.7988077496 96.9672326988
184.5238095238 96.9926895014
184.2496285290 97.0317719268
183.9762611276 97.0808885374
183.7037037037 97.1361682603
183.4319526627 97.1939400578
183.1610044313 97.2509834527
182.8908554572 97.3045778801
182.6215022091 97.3524480833
182.3529411765 97.3927790857
182.0851688693 97.4242569381
181.8181818182 97.4461465100
181.5519765739 97.4583221275
181.2865497076 97.4612219858
181.0218978102 97.4557675584
180.7580174927 97.4432130569
180.4949053857 97.4249835304
180.2325581395 97.4024976615
179.9709724238 97.3769099296
179.7101449275 97.3488873590
179.4500723589 97.3184236148
179.1907514451 97.2848274984
178.9321789322 97.2469454838
178.6743515850 97.2035769354
178.4172661871 97.1539523131
178.1609195402 97.0981740801
177.9053084648 97.0374394716
177.6504297994 96.9739898475
177.3962804006 96.9107399427
177.1428571429 96.8506880651
176.8901569187 96.7962571198
176.6381766382 96.7487500828
176.3869132290 96.7081166964
176.1363636364 96.6730562879
175.8865248227 96.6414314744
175.6373937677 96.6108698705
175.3889674682 96.5794228727
175.1412429379 96.5460637671
174.8942172073 96.5109140517
174.6478873239 96.4752058042
174.4022503516 96.4409934407
174.1573033708 96.4107384959
173.9130434783 96.3868440602
173.6694677871 96.3711955433
173.4265734266 96.3648262857
173.1843575419 96.3677402700
172.9428172943 96.3789519869
172.7019498607 96.3966875587
172.4617524339 96.4186704156
172.2222222222 96.4424844640
171.9833564494 96.4659563595
171.7451523546 96.4874555889
171.5076071923 96.5060282127
171.2707182320 96.5213786927
171.0344827586 96.5336999500
170.7988980716 96.5435087086
170.5639614856 96.5515181586
170.3296703297 96.5585533604
170.0960219479 96.5654266258
169.8630136986 96.5727848575
169.6306429549 96.5808967286
169.3989071038 96.5895244684
169.1678035471 96.5979574991
168.9373297003 96.6052194947
168.7074829932 96.6103985508
168.4782608696 96.6129155467
168.2496607870 96.6126182203
168.0216802168 96.6096468693
167.7943166441 96.6041770945
167.5675675676 96.5961707542
167.3414304993 96.5852878407
167.1159029650 96.5709503309
166.8909825034 96.5524916664
166.6666666667 96.5293045808
166.4429530201 96.5009422258
166.2198391421 96.4671996138
165.9973226238 96.4282027024
165.7754010695 96.3845673158
165.5540720961 96.3374847223
165.3333333333 96.2887057110
165.1131824234 96.2402804890
164.8936170213 96.1940900700
164.6746347942 96.1513303830
164.4562334218 96.1121296236
164.2384105960 96.0754339496
164.0211640212 96.0391493537
163.8044914135 96.0005207435
163.5883905013 95.9566267818
163.3728590250 95.9049025230
163.1578947368 95.8435499889
162.9434954008 95.7717787350
162.7296587927 95.6897963114
162.5163826999 95.5986467864
162.3036649215 95.4998931946
162.0915032680 95.3952750559
161.8798955614 95.2863702534
161.6688396349 95.1744009654
161.4583333333 95.0602812441
161.2483745124 94.9448810282
161.0389610390 94.8294312564
160.8300907912 94.7157796954
160.6217616580 94.6063237036
160.4139715395 94.5036111522
160.2067183463 94.4097954149
160.0000000000 94.3262876717
159.7938144330 94.2536753812
159.5881595882 94.1919066449
159.3830334190 94.1404462510
159.1784338896 94.0983013909
158.9743589744 94.0639353912
158.7708066581 94.0352836252
158.5677749361 94.0099932942
158.3652618135 93.9858792734
158.1632653061 93.9613402006
157.9617834395 93.9355603471
157.7608142494 93.9083053462
157.5603557814 93.8794837899
157.3604060914 93.8486757921
157.1609632446 93.8149661076
156.9620253165 93.7772490342
156.7635903919 93.7348859773
156.5656565657 93.6883891324
156.3682219420 93.6397462005
156.1712846348 93.5922446408
155.9748427673 93.5498303549
155.7788944724 93.5163522156
155.5834378921 93.4949282428
155.3884711779 93.4875971961
155.1939924906 93.4951596289
155.0000000000 93.5171661294
154.8064918851 93.5519143578
154.6134663342 93.5965686753
154.4209215442 93.6474342209
154.2288557214 93.7003950281
154.0372670807 93.7514859210
153.8461538462 93.7974129560
153.6555142503 93.8360071627
153.4653465347 93.8664875501
153.2756489493 93.8896007313
153.0864197531 93.9075976460
152.8976572133 93.9240485953
152.7093596059 93.9434556673
152.5215252153 93.9705643357
152.3341523342 94.0094357425
152.1472392638 94.0624412027
151.9607843137 94.1296158462
151.7747858017 94.2086630006
151.5892420538 94.2956891789
151.4041514042 94.3863467385
151.2195121951 94.4769487594
151.0353227771 94.5651833621
150.8515815085 94.6503723765
150.6682867558 94.7333270316
150.4854368932 94.8159112320
150.3030303030 94.9004066062
150.1210653753 94.9888026015
149.9395405079 95.0821944655
149.7584541063 95.1804665385
149.5778045838 95.2823775985
149.3975903614 95.3859632076
149.2178098676 95.4890711312
149.0384615385 95.5898718974
148.8595438175 95.6871834593
148.6810551559 95.7805202583
148.5029940120 95.8699436976
148.3253588517 95.9556823638
148.1481481481 96.0377665287
147.9713603819 96.1157928139
147.7949940405 96.1889237114
147.6190476190 96.2561320225
147.4435196195 96.3165438568
147.2684085511 96.3696544307
147.0937129300 96.4153937265
146.9194312796 96.4540401021
146.7455621302 96.4860986288
146.5721040189 96.5123044906
146.3990554900 96.5336757733
146.2264150943 96.5515677809
146.0541813899 96.5676119414
145.8823529412 96.5835013091
145.7109283196 96.6007121405
145.5399061033 96.6202560664
145.3692848769 96.6425518903
145.1990632319 96.6674397037
145.0292397661 96.6943839101
144.8598130841 96.7227262728
144.6907817970 96.7519064340
144.5221445221 96.7815585680
144.3538998836 96.8114431515
144.1860465116 96.8412862330
144.0185830430 96.8706267508
143.8515081206 96.8987105968
143.6848203940 96.9245175172
143.5185185185 96.9468976748
143.3526011561 96.9648224431
143.1870669746 96.9776168804
143.0219146482 96.9851425749
142.8571428571 96.9877790885
142.6927502877 96.9862590167
142.5287356322 96.9814279863
142.3650975890 96.9740456468
142.2018348624 96.9646904941
142.0389461627 96.9538126836
141.8764302059 96.9418499592
141.7142857143 96.9294026070
141.5525114155 96.9173597868
141.3911060433 96.9069683839
141.2300683371 96.8998048965
141.0693970421 96.8976551611
140.9090909091 96.9023158011
140.7491486947 96.9153730415
140.5895691610 96.9379965262
140.4303510759 96.9707870371
140.2714932127 97.0136716390
140.1129943503 97.0658374053
139.9548532731 97.1257793769
139.7970687711 97.1914170556
139.6396396396 97.2603069374
139.4825646794 97.3298567782
139.3258426966 97.3975696816
139.1694725028 97.4611870638
139.0134529148 97.5188625981
138.8577827548 97.5692538067
138.7024608501 97.6115899572
138.5474860335 97.6456817284
138.3928571429 97.6718767436
138.2385730212 97.6909485088
138.0846325167 97.7040037867
137.9310344828 97.7123664827
137.7777777778 97.7175099195
137.6248612653 97.7209765161
137.4722838137 97.7242538333
137.3200442968 97.7286191692
137.1681415929 97.7349354371
137.0165745856 97.7435407105
136.8653421634 97.7542327358
136.7144432194 97.7663814631
136.5638766520 97.7791146943
136.4136413641 97.7914691334
136.2637362637 97.8025624716
136.1141602634 97.8116793833
135.9649122807 97.8183585125
135.8159912377 97.8224488718
135.6673960613 97.8241446568
135.5191256831 97.8239574345
135.3711790393 97.8226150127
135.2235550709 97.8209372345
135.0762527233 97.8197065631
134.9292709467 97.8195662777
134.7826086957 97.8209620132
134.6362649294 97.8241142049
134.4902386117 97.8290127255
134.3445287107 97.8355030373
134.1991341991 97.8433767169
134.0540540541 97.8525461443
133.9092872570 97.8631325698
133.7648327940 97.8754821512
133.6206896552 97.8900639865
133.4768568353 97.9072610394
133.3333333333 97.9271927287
133.1901181525 97.9495545160
133.0472103004 97.9736471218
132.9046087889 97.9984644783
132.7623126338 98.0229155254
132.6203208556 98.0460171324
132.4786324786 98.0670611667
132.3372465315 98.0857058527
132.1961620469 98.1019158375
132.0553780618 98.1159232685
131.9148936170 98.1280872268
131.7747077577 98.1388585430
131.6348195329 98.1487216850
131.4952279958 98.1581459277
131.3559322034 98.1675428606
131.2169312169 98.1771546722
131.0782241015 98.1870131744
130.9398099261 98.1968913425
130.8016877637 98.2063661616
130.6638566913 98.2149215738
130.5263157895 98.2220957908
130.3890641430 98.2276074206
130.2521008403 98.2314007111
130.1154249738 98.2335990513
129.9790356394 98.2343713451
129.8429319372 98.2337504845
129.7071129707 98.2315220180
129.5715778474 98.2272544958
129.4363256785 98.2204527590
129.3013555787 98.2107402948
129.1666666667 98.1980335007
129.0322580645 98.1825610874
128.8981288981 98.1647868291
128.7642782970 98.1452710273
128.6307053942 98.1245471005
128.4974093264 98.1030805135
128.3643892340 98.0813275474
128.2316442606 98.0598448926
128.0991735537 98.0393938553
127.9669762642 98.0209921976
127.8350515464 98.0058596427
127.7033985582 97.9953164983
127.5720164609 97.9906449034
127.4409044193 97.9929493006
127.3100616016 98.0030526619
127.1794871795 98.0213749001
127.0491803279 98.0478157761
126.9191402252 98.0816655043
126.7893660532 98.1215701799
126.6598569969 98.1656001467
126.5306122449 98.2114583480
126.4016309888 98.2567121290
126.2729124236 98.2990776738
126.1444557477 98.3366617261
126.0162601626 98.3680979962
125.8883248731 98.3926336339
125.7606490872 98.4101027088
125.6332320162 98.4208430375
125.5060728745 98.4255766385
125.3791708797 98.4252674418
125.2525252525 98.4209739865
125.1261352170 98.4137350980
125.0000000000 98.4044447894
124.8741188318 98.3937885107
124.7484909457 98.3821859321
124.6231155779 98.3698336199
124.4979919679 98.3568001444
124.3731193581 98.3431529114
124.2484969940 98.3290897802
124.1241241241 98.3150195894
124.0000000000 98.3016054038
123.8761238761 98.2897178351
123.7524950100 98.2803154607
123.6291126620 98.2742690755
123.5059760956 98.2721739140
123.3830845771 98.2742124253
123.2604373757 98.2801093259
123.1380337637 98.2892359808
123.0158730159 98.3007190419
122.8939544103 98.3135536786
122.7722772277 98.3266970010
122.6508407517 98.3391026875
122.5296442688 98.3497982094
122.4086870681 98.3579909696
122.2879684418 98.3631544700
122.1674876847 98.3650799295
122.0472440945 98.3638965507
121.9272369715 98.3600138990
121.8074656189 98.3540247414
121.6879293425 98.3465894356
121.5686274510 98.3382874909
121.4495592556 98.3295000932
121.3307240705 98.3203412598
121.2121212121 98.3106879796
121.0937500000 98.3002495633
120.9756097561 98.2886803901
120.8576998051 98.2756649031
120.7400194742 98.2609819767
120.6225680934 98.2445410594
120.5053449951 98.2264184806
120.3883495146 98.2068511049
120.2715809893 98.1862084884
120.1550387597 98.1649718689
120.0387221684 98.1437271914
119.9226305609 98.1232188714
119.8067632850 98.1044006409
119.6911196911 98.0884440636
119.5756991321 98.0765797369
119.4605009634 98.0698160885
119.3455245428 98.0686060604
119.2307692308 98.0726504355
119.1162343900 98.0809031181
119.0019193858 98.0917841548
118.8878235858 98.1035131979
118.7739463602 98.1144211533
118.6602870813 98.1231822536
118.5468451243 98.1289543860
118.4336198663 98.1314337120
118.3206106870 98.1308187121
118.2078169685 98.1277517213
118.0952380952 98.1231726567
117.9828734539 98.1181535032
117.8707224335 98.1136664404
117.7587844255 98.1104086722
117.6470588235 98.1086480942
117.5355450237 98.1082024007
117.4242424242 98.1085345996
117.3131504257 98.1089439884
117.2022684310 98.1088390520
117.0915958451 98.1079101217
116.9811320755 98.1062083234
116.8708765316 98.1040161517
116.7608286252 98.1016253860
116.6509877705 98.0991132505
116.5413533835 98.0962197777
116.4319248826 98.0924338819
116.3227016886 98.0871537317
116.2136832240 98.0798962915
116.1048689139 98.0704197451
115.9962581852 98.0587692209
115.8878504673 98.0452560085
115.7796451914 98.0303295609
115.6716417910 98.0144338721
115.5638397018 97.9977966567
115.4562383613 97.9802915445
115.3488372093 97.9614254714
115.2416356877 97.9404373344
115.1346332405 97.9165010478
115.0278293135 97.8889185380
114.9212233550 97.8572430060
114.8148148148 97.8213356281
114.7086031452 97.7813329729
114.6025878004 97.7375917163
114.4967682364 97.6906366507
114.3911439114 97.6411158951
114.2857142857 97.5898116616
114.1804788214 97.5376547559
114.0754369825 97.4857688646
113.9705882353 97.4354779585
113.8659320478 97.3882621314
113.7614678899 97.3456508234
113.6571952337 97.3090571006
113.5531135531 97.2796194242
113.4492223239 97.2581173472
113.3455210238 97.2448528501
113.2420091324 97.2396010133
113.1386861314 97.2415366850
113.0355515041 97.2492450846
112.9326047359 97.2608770681
112.8298453139 97.2744623680
112.7272727273 97.2882783446
112.6248864668 97.3011139349
112.5226860254 97.3123185738
112.4206708976 97.3216146986
112.3188405797 97.3288106349
112.2171945701 97.3336426854
112.1157323689 97.3357668574
112.0144534779 97.3349770154
111.9133574007 97.3314473667
111.8124436429 97.3258706877
111.7117117117 97.3194345162
111.6111611161 97.3135510697
111.5107913669 97.3095554700
111.4106019766 97.3083794750
111.3105924596 97.3104205812
111.2107623318 97.3155505808
111.1111111111 97.3232568721
111.0116383169 97.3328074477
110.9123434705 97.3433713693
110.8132260947 97.3540827541
110.7142857143 97.3641169297
110.6155218555 97.3728014193
110.5169340463 97.3797128012
110.4185218166 97.3848086510
110.3202846975 97.3884377452
110.2222222222 97.3912388212
110.1243339254 97.3939770233
110.0266193434 97.3973675758
109.9290780142 97.4019099339
109.8317094774 97.4078556019
109.7345132743 97.4152067221
109.6374889478 97.4237339069
109.5406360424 97.4330134447
109.4439541041 97.4424687097
109.3474426808 97.4513382864
109.2511013216 97.4587096958
109.1549295775 97.4635651972
109.0589270009 97.4648824235
108.9630931459 97.4618021205
108.8674275680 97.4538046394
108.7719298246 97.4408756571
108.6765994741 97.4235591115
108.5814360771 97.4029472946
108.4864391951 97.3805300264
108.3916083916 97.3579963217
108.2969432314 97.3369888512
108.2024432810 97.3188580956
108.1081081081 97.3044704880
108.0139372822 97.2940977337
107.9199303742 97.2874615019
107.8260869565 97.2838873665
107.7324066030 97.2825572350
107.6388888889 97.2827632571
107.5455333912 97.2840613134
107.4523396880 97.2863589380
107.3593073593 97.2899015549
107.2664359862 97.2951800152
107.1737251513 97.3027943279
107.0811744387 97.3132493457
106.9887834340 97.3268240431
106.8965517241 97.3435027909
106.8044788975 97.3630721944
106.7125645439 97.3852860446
106.6208082545 97.4099881718
106.5292096220 97.4371451413
106.4377682403 97.4667200697
106.3464837050 97.4984614661
106.2553556127 97.5317814546
106.1643835616 97.5657406541
106.0735671514 97.5991810920
105.9829059829 97.6309208880
105.8923996584 97.6598669944
105.8020477816 97.6850970489
105.7118499574 97.7058613586
105.6218057922 97.7215446769
105.5319148936 97.7316877380
105.4421768707 97.7360089512
105.3525913339 97.7344742903
105.2631578947 97.7273471072
105.1738761662 97.7152214062
105.0847457627 97.6989374759
104.9957662997 97.6794279918
104.9069373942 97.6575392616
104.8182586644 97.6338724192
104.7297297297 97.6087541705
104.6413502110 97.5822564204
104.5531197302 97.5543417909
104.4650379107 97.5249649567
104.3771043771 97.4942186907
104.2893187553 97.4623624276
104.2016806723 97.4298182057
104.1141897565 97.3970487489
104.0268456376 97.3643664693
103.9396479464 97.3317544882
103.8525963149 97.2987567841
103.7656903766 97.2645351318
103.6789297659 97.2280766545
103.5923141186 97.1885483041
103.5058430718 97.1456512606
103.4195162636 97.0999098936
103.3333333333 97.0527318223
103.2472939217 97.0062640727
103.1613976705 96.9630177500
103.0756442228 96.9253478530
102.9900332226 96.8949302545
102.9045643154 96.8723933519
102.8192371476 96.8571636564
102.7340513670 96.8476673097
102.6490066225 96.8417954654
102.5641025641 96.8375012798
102.4793388430 96.8332974754
102.3947151115 96.8285069828
102.3102310231 96.8231587113
102.2258862325 96.8176862654
102.1416803954 96.8124986849
102.0576131687 96.8077096041
101.9736842105 96.8030544625
101.8898931800 96.7979098977
101.8062397373 96.7913706914
101.7227235439 96.7822284238
101.6393442623 96.7689918301
101.5561015561 96.7499451792
101.4729950900 96.7233272369
101.3900245298 96.6875815353
101.3071895425 96.6415615645
101.2244897959 96.5847476554
101.1419249592 96.5173632135
101.0594947025 96.4405127984
100.9771986971 96.3562265705
100.8950366151 96.2673910092
100.8130081301 96.1775969800
100.7311129163 96.0907514980
100.6493506494 96.0105752592
100.5677210057 95.9399749479
100.4862236629 95.8804363078
100.4048582996 95.8316677398
100.3236245955 95.7916585184
100.2425222312 95.7572161666
100.1615508885 95.7247799762
100.0807102502 95.6912970074
100.0000000000 95.6548041794
99.9194198227 95.6146416199
99.8389694042 95.5712422630
99.7586484312 95.5256660720
99.6784565916 95.4789451871
99.5983935743 95.4315537554
99.5184590690 95.3830678479
99.4386527666 95.3321839710
99.3589743590 95.2770832217
99.2794235388 95.2159637958
99.2000000000 95.1475727094
99.1207034373 95.0715465296
99.0415335463 94.9884865111
98.9624900239 94.8997280641
98.8835725678 94.8070284930
98.8047808765 94.7121579802
98.7261146497 94.6166043178
98.6475735879 94.5214027512
98.5691573927 94.4271878601
98.4908657665 94.3344162740
98.4126984127 94.2436777110
98.3346550357 94.1559960076
98.2567353407 94.0729824297
98.1789390340 93.9967575083
98.1012658228 93.9296186695
98.0237154150 93.8735437581
97.9462875197 93.8297730496
97.8689818469 93.7986826620
97.7917981073 93.7798825922
97.7147360126 93.7725035462
97.6377952756 93.7753643417
97.5609756098 93.7870408146
97.4842767296 93.8059175610
97.4076983504 93.8304157133
97.3312401884 93.8594614113
97.2549019608 93.8930067143
97.1786833856 93.9323535430
97.1025841817 93.9799860687
97.0266040689 94.0389792294
96.9507427678 94.1120166901
96.8750000000 94.2003813173
96.7993754879 94.3031877296
96.7238689548 94.4170994710
96.6484801247 94.5367638913
96.5732087227 94.6557547800
96.4980544747 94.7678216645
96.4230171073 94.8679861847
96.3480963481 94.9532772016
96.2732919255 95.0229377029
96.1986035687 95.0780900171
96.1240310078 95.1210107869
96.0495739737 95.1541964706
95.9752321981 95.1795160624
95.9010054138 95.1978163269
95.8268933539 95.2090217157
95.7528957529 95.2126586520
95.6790123457 95.2085085053
95.6052428682 95.1970063412
95.5315870570 95.1792774148
95.4580446497 95.1568200380
95.3846153846 95.1311028557
95.3112990008 95.1032486997
95.2380952381 95.0740386918
95.1650038373 95.0440552689
95.0920245399 95.0139164271
95.0191570881 94.9844515120
94.9464012251 94.9568820287
94.8737566947 94.9330339676
94.8012232416 94.9154848003
94.7288006112 94.9075045838
94.6564885496 94.9126478689
94.5842868040 94.9341257322
94.5121951220 94.9740851847
94.4402132521 95.0330780909
94.3683409437 95.1098685758
94.2965779468 95.2016136907
94.2249240122 95.3044278025
94.1533788914 95.4140185593
94.0819423369 95.5263356358
94.0106141016 95.6378823187
93.9393939394 95.7458646411
93.8682816048 95.8480446514
93.7972768533 95.9426196405
93.7263794407 96.0281157923
93.6555891239 96.1033546810
93.5849056604 96.1675390091
93.5143288084 96.2202994031
93.4438583271 96.2617582597
93.3734939759 96.2925575386
93.3032355154 96.3138495960
93.2330827068 96.3271930289
93.1630353118 96.3343789923
93.0930930931 96.3371442177
93.0232558140 96.3368407679
92.9535232384 96.3341661368
92.8838951311 96.3290131226
92.8143712575 96.3205927242
92.7449513837 96.3076947475
92.6756352765 96.2890952439
92.6064227035 96.2639680797
92.5373134328 96.2321684354
92.4683072334 96.1943143060
92.3994038748 96.1516107415
92.3306031273 96.1054012569
92.2619047619 96.0566987315
92.1933085502 96.0058045902
92.1248142645 95.9522954672
92.0564216778 95.8953306749
91.9881305638 95.8341059747
91.9199406968 95.7681879078
91.8518518519 95.6975881675
91.7838638046 95.6225267861
91.7159763314 95.5431354831
91.6481892092 95.4593031029
91.5805022157 95.3708385345
91.5129151292 95.2779386308
91.4454277286 95.1817810464
91.3780397937 95.0848573917
91.3107511046 94.9909451088
91.2435614422 94.9046494862
91.1764705882 94.8307498815
91.1094783248 94.7735517651
91.0425844347 94.7364368734
90.9757887014 94.7216394153
90.9090909091 94.7300877075
90.8424908425 94.7612640636
90.7759882870 94.8130645827
90.7095830285 94.8817757133
90.6432748538 94.9623233180
90.5770635500 95.0488336457
90.5109489051 95.1354709828
90.4449307075 95.2172899721
90.3790087464 95.2909716447
90.3131828114 95.3552573938
90.2474526929 95.4109955369
90.1818181818 95.4607456615
90.1162790698 95.5079975936
90.0508351489 95.5562287454
89.9854862119 95.6079707582
89.9202320522 95.6642874166
89.8550724638 95.7246818146
89.7900072411 95.7874584594
89.7250361795 95.8502260968
89.6601590745 95.9103843881
89.5953757225 95.9654850294
89.5306859206 96.0134918765
89.4660894661 96.0529712347
89.4015861572 96.0832688081
89.3371757925 96.1046001646
89.2728581713 96.1180836589
89.2086330935 96.1255298734
89.1445003595 96.1291335199
89.0804597701 96.1310956168
89.0165111271 96.1333079118
88.9526542324 96.1371714265
88.8888888889 96.1434846011
88.8252148997 96.1523354501
88.7616320687 96.1630763952
88.6981402003 96.1743777412
88.6347390994 96.1844637473
88.5714285714 96.1914893493
88.5082084226 96.1939124484
88.4450784593 96.1908243679
88.3820384890 96.1820710293
88.3190883191 96.1681526137
88.2562277580 96.1499655612
88.1934566145 96.1283892684
88.1307746979 96.1039030014
88.0681818182 96.0762740365
88.0056777857 96.0445278304
87.9432624113 96.0071448433
87.8809355067 95.9624397715
87.8186968839 95.9090950880
87.7565463553 95.8465986735
87.6944837341 95.7755073532
87.6325088339 95.6974682630
87.5706214689 95.6149879969
87.5088214538 95.5310640008
87.4471086037 95.4487916613
87.3854827343 95.3710814596
87.3239436620 95.3005794028
87.2624912034 95.2396741892
87.2011251758 95.1905812804
87.1398453970 95.1553765517
87.0786516854 95.1360220893
87.0175438596 95.1343217376
86.9565217391 95.1518681715
86.8955851437 95.1898813344
86.8347338936 95.2488739126
86.7739678097 95.3282580190
86.7132867133 95.4260409244
86.6526904263 95.5388133833
86.5921787709 95.6620557432
86.5317515701 95.7906819436
86.4714086471 95.9196064040
86.4111498258 96.0441622062
86.3509749304 96.1604147095
86.2908837857 96.2653326316
86.2308762170 96.3569156984
86.1709520500 96.4341801915
86.1111111111 96.4970923560
86.0513532269 96.5463786114
85.9916782247 96.5832743706
85.9320859321 96.6092916627
85.8725761773 96.6259912990
85.8131487889 96.6348755177
85.7538035961 96.6373287066
85.6945404285 96.6345944107
85.6353591160 96.6277860562
85.5762594893 96.6179337147
85.5172413793 96.6060223545
85.4583046175 96.5930254824
85.3994490358 96.5798719241
85.3406744666 96.5673668586
85.2819807428 96.5561412785
85.2233676976 96.5466841660
85.1648351648 96.5394782476
85.1063829787 96.5352028644
85.0480109739 96.5347725778
84.9897189856 96.5392494114
84.9315068493 96.5495862384
84.8733744011 96.5662865792
84.8153214774 96.5891532945
84.7573479152 96.6171997383
84.6994535519 96.6487475839
84.6416382253 96.6816497066
84.5839017735 96.7135614827
84.5262440354 96.7422224110
84.4686648501 96.7657317903
84.4111640572 96.7827546658
84.3537414966 96.7926947057
84.2963970088 96.7956685472
84.2391304348 96.7924430264
84.1819416158 96.7842695190
84.1248303935 96.7727413977
84.0677966102 96.7595958589
84.0108401084 96.7464695865
83.9539607312 96.7345878751
83.8971583221 96.7245006398
83.8404327248 96.7159203241
83.7837837838 96.7078229661
83.7272113437 96.6987607486
83.6707152497 96.6872897948
83.6142953473 96.6723931736
83.5579514825 96.6537678812
83.5016835017 96.6318779569
83.4454912517 96.6078108963
83.3893745797 96.5830317361
83.3333333333 96.5589390833
83.2773673606 96.5364822036
83.2214765101 96.5157903703
83.1656606304 96.4960072914
83.1099195710 96.4755212807
83.0542531815 96.4524497726
82.9986613119 96.4253213974
82.9431438127 96.3936139360
82.8877005348 96.3580605433
82.8323313293 96.3206731767
82.7770360481 96.2845289358
82.7218145430 96.2534701108
82.6666666667 96.2316899535
82.6115922718 96.2232455847
82.5565912117 96.2314584575
82.5016633400 96.2583390805
82.4468085106 96.3041947651
82.3920265781 96.3675871773
82.3373173971 96.4455491817
82.2826808228 96.5340744865
82.2281167109 96.6286468166
82.1736249172 96.7247368620
82.1192052980 96.8182253779
82.0648577101 96.9057834352
82.0105820106 96.9850719695
81.9563780568 97.0548057132
81.9022457067 97.1146556010
81.8481848185 97.1650205995
81.7941952507 97.2067873713
81.7402768622 97.2411462155
81.6864295125 97.2694456171
81.6326530612 97.2931487380
81.5789473684 97.3137245831
81.5253122945 97.3325781559
81.4717477004 97.3509251857
81.4182534471 97.3696798065
81.3648293963 97.3893523241
81.3114754098 97.4100188820
81.2581913499 97.4312906550
81.2049770792 97.4523293867
81.1518324607 97.4719362082
81.0987573578 97.4887306111
81.0457516340 97.5013534556
80.9928151535 97.5087774982
80.9399477807 97.5105017984
80.8871493803 97.5067161452
80.8344198175 97.4982820070
80.7817589577 97.4866118325
80.7291666667 97.4734359219
80.6766428107 97.4605773598
80.6241872562 97.4496523370
80.5717998700 97.4418729438
80.5194805195 97.4378600307
80.4672290720 97.4375688846
80.4150453956 97.4403405607
80.3629293584 97.4450969737
80.3108808290 97.4505533555
80.2588996764 97.4554295109
80.2069857697 97.4585511054
80.1551389787 97.4589471363
80.1033591731 97.4558572175
80.0516462234 97.4488336996
80.0000000000 97.4378399531
79.9484203740 97.4233112800
79.8969072165 97.4061861561
79.8454603992 97.3878146271
79.7940797941 97.3697228172
79.7427652733 97.3532326152
79.6915167095 97.3391509457
79.6403339756 97.3274664815
79.5892169448 97.3174311846
79.5381654907 97.3077967929
79.4871794872 97.2973215014
79.4362588085 97.2851929787
79.3854033291 97.2712744931
79.3346129239 97.2560760852
79.2838874680 97.2404887947
79.2332268371 97.2254251858
79.1826309068 97.2114387678
79.1320995533 97.1985326436
79.0816326531 97.1861414434
79.0312300829 97.1733441466
78.9808917197 97.1591963727
78.9306174411 97.1431480943
78.8804071247 97.1253897532
78.8302606484 97.1069621941
78.7801778907 97.0896627261
78.7301587302 97.0757258648
78.6802030457 97.0674199496
78.6303107166 97.0667215379
78.5804816223 97.0750845748
78.5307156428 97.0933194683
78.4810126582 97.1214920362
78.4313725490 97.1589375509
78.3817951960 97.2042448860
78.3322804801 97.2554493519
78.2828282828 97.3103409469
78.2334384858 97.3668171155
78.1841109710 97.4232170333
78.1348456207 97.4784555005
78.0856423174 97.5319196370
78.0365009440 97.5832699672
77.9874213836 97.6321478615
77.9384035198 97.6779991349
77.8894472362 97.7200522909
77.8405524168 97.7573590582
77.7917189460 97.7889733235
77.7429467085 97.8140671836
77.6942355890 97.8320490965
77.6455854728 97.8426662047
77.5969962453 97.8460743956
77.5484677924 97.8428193437
77.5000000000 97.8338397186
77.4515927545 97.8203532616
77.4032459426 97.8037416198
77.3549594510 97.7853852262
77.3067331671 97.7664689942
77.2585669782 97.7478421489
77.2104607721 97.7299104388
77.1624144368 97.7127034795
77.1144278607 97.6959385681
77.0665009323 97.6792613049
77.0186335404 97.6623621842
76.9708255742 97.6451657594
76.9230769231 97.6278498335
76.8753874768 97.6108319957
76.8277571252 97.5946611932
76.7801857585 97.5798309837
76.7326732673 97.5666239705
76.6852195424 97.5549490329
76.6378244747 97.5443428379
76.5904879555 97.5340439890
76.5432098765 97.5231679981
76.4959901295 97.5108901640
76.4488286067 97.4965249887
76.4017252002 97.4795883207
76.3546798030 97.4597824389
76.3076923077 97.4370464852
76.2607626076 97.4116074363
76.2138905962 97.3840313149
76.1670761671 97.3552527814
76.1203192142 97.3265384985
76.0736196319 97.2993670035
76.0269773145 97.2752745649
75.9803921569 97.2556612283
75.9338640539 97.2416910714
75.8873929009 97.2341969474
75.8409785933 97.2336465849
75.7946210269 97.2400800447
75.7483200977 97.2529841825
75.7020757021 97.2712861201
75.6558877364 97.2933848327
75.6097560976 97.3174400720
75.5636806825 97.3416211923
75.5176613886 97.3644054388
75.4716981132 97.3846897055
75.4257907543 97.4018688260
75.3799392097 97.4158084044
75.3341433779 97.4267258626
75.2884031573 97.4350695260
75.2427184466 97.4413003755
75.1970891449 97.4457433408
75.1515151515 97.4485672454
75.1059963658 97.4498831296
75.0605326877 97.4498853900
75.0151240169 97.4489942438
74.9697702539 97.4478714411
74.9244712991 97.4472528891
74.8792270531 97.4477800489
74.8340374170 97.4498229629
74.7889022919 97.4533973551
74.7438215793 97.4581718974
74.6987951807 97.4635671508
74.6538229982 97.4689065548
74.6089049338 97.4735190414
74.5640408900 97.4768363923
74.5192307692 97.4783666653
74.4744744745 97.4777006421
74.4297719088 97.4744770764
74.3851229754 97.4684790119
74.3405275779 97.4597657911
74.2959856201 97.4488067375
74.2514970060 97.4365081357
74.2070616397 97.4240923802
74.1626794258 97.4128596614
74.1183502690 97.4039713195
74.0740740741 97.3982758763
74.0298507463 97.3962942314
73.9856801909 97.3982974476
73.9415623137 97.4043905047
73.8974970203 97.4145987650
73.8534842168 97.4288787463
73.8095238095 97.4471592241
73.7656157049 97.4693006562
73.7217598098 97.4950889992
73.6779560309 97.5242177054
73.6342042755 97.5562806373
73.5905044510 97.5908117108
73.5468564650 97.6272721143
73.5032602253 97.6650616047
73.4597156398 97.7035296158
73.4162226169 97.7419045810
73.3727810651 97.7793383169
73.3293908930 97.8149282939
73.2860520095 97.8478097049
73.2427643237 97.8772727646
73.1995277450 97.9028237134
73.1563421829 97.9242813307
73.1132075472 97.9417398926
73.0701237478 97.9555780339
73.0270906949 97.9663088255
72.9841082990 97.9745336049
72.9411764706 97.9808179189
72.8982951205 97.9856433569
72.8554641598 97.9894702418
72.8126834997 97.9927546442
72.7699530516 97.9960023528
72.7272727273 97.9997695493
72.6846424385 98.0045939913
72.6420620972 98.0108538718
72.5995316159 98.0187020060
72.5570509070 98.0279157535
72.5146198830 98.0378934843
72.4722384570 98.0477031178
72.4299065421 98.0561740192
72.3876240514 98.0620549136
72.3453908985 98.0641377899
72.3032069971 98.0614200767
72.2610722611 98.0532139977
72.2189866045 98.0392033450
72.1769499418 98.0194412431
72.1349621873 97.9943289067
72.0930232558 97.9644629347
72.0511330622 97.9305107649
72.0092915215 97.8931031814
71.9674985490 97.8527493739
71.9257540603 97.8097706557
71.8840579710 97.7643579412
71.8424101970 97.7165414182
71.8008106543 97.6662432293
71.7592592593 97.6133413304
71.7177559283 97.5577164896
71.6763005780 97.4994051076
71.6348931254 97.4387225041
71.5935334873 97.3765058834
71.5522215811 97.3142684549
71.5109573241 97.2542739915
71.4697406340 97.1993938450
71.4285714286 97.1527058199
71.3874496258 97.1170164277
71.3463751438 97.0943807297
71.3053479011 97.0858006430
71.2643678161 97.0911782564
71.2234348076 97.1094662605
71.1825487945 97.1388640451
71.1417096959 97.1771268186
71.1009174312 97.2217883279
71.0601719198 97.2704524145
71.0194730813 97.3210669757
70.9788208357 97.3720720473
70.9382151030 97.4224559972
70.8976558033 97.4716506142
70.8571428571 97.5193215108
70.8166761850 97.5651958128
70.7762557078 97.6089224017
70.7358813463 97.6500871456
70.6955530217 97.6883432874
70.6552706553 97.7235385957
70.6150341686 97.7558165903
70.5748434832 97.7855908769
70.5346985210 97.8133916326
70.4945992041 97.8396792290
70.4545454545 97.8646717345
70.4145371948 97.8883045903
70.3745743473 97.9102378789
70.3346568349 97.9299745369
70.2947845805 97.9470046545
70.2549575071 97.9609519588
70.2151755379 97.9716858374
70.1754385965 97.9793797028
70.1357466063 97.9845081128
70.0960994912 97.9877648868
70.0564971751 97.9899486611
70.0169395822 97.9918042948
69.9774266366 97.9939546953
69.9379582628 97.9967763872
69.8985343856 98.0004340464
69.8591549296 98.0048292535
69.8198198198 98.0096658696
69.7805289814 98.0144782583
69.7412823397 98.0187342055
69.7020798201 98.0219264595
69.6629213483 98.0236716606
69.6238068501 98.0237985495
69.5847362514 98.0223436909
69.5457094784 98.0195354478
69.5067264574 98.0157211151
69.4677871148 98.0113796356
69.4288913774 98.0070301351
69.3900391718 98.0032749497
69.3512304251 98.0007447877
69.3124650643 98.0000504093
69.2737430168 98.0017584611
69.2350642099 98.0062861226
69.1964285714 98.0138077867
69.1578360290 98.0242345589
69.1192865106 98.0371427731
69.0807799443 98.0518256456
69.0423162584 98.0673769785
69.0038953812 98.0828990866
68.9655172414 98.0976160382
68.9271817676 98.1110491943
68.8888888889 98.1230223160
68.8506385341 98.1336711376
68.8124306326 98.1433039490
68.7742651137 98.1522665922
68.7361419069 98.1607605974
68.6980609418 98.1686909675
68.6600221484 98.1756610228
68.6220254566 98.1810741657
68.5840707965 98.1843321641
68.5461580984 98.1850727436
68.5082872928 98.1833114037
68.4704583103 98.1795263936
68.4326710817 98.1746335092
68.3949255378 98.1698327395
68.3572216097 98.1663980607
68.3195592287 98.1654452652
68.2819383260 98.1676981071
68.2443588332 98.1734074945
68.2068206821 98.1823959771
68.1693238043 98.1942360136
68.1318681319 98.2084868850
68.0944535969 98.2248730487
68.0570801317 98.2433379946
68.0197476687 98.2639797152
67.9824561404 98.2868634485
67.9452054795 98.3118563496
67.9079956188 98.3384785749
67.8708264915 98.3658972291
67.8336980306 98.3930226171
67.7966101695 98.4187400985
67.7595628415 98.4420692002
67.7225559803 98.4623577811
67.6855895197 98.4793248859
67.6486633933 98.4930727478
67.6117775354 98.5039880567
67.5749318801 98.5126051838
67.5381263617 98.5194462465
67.5013609145 98.5248798214
67.4646354733 98.5290345030
67.4279499728 98.5318082845
67.3913043478 98.5329549870
67.3546985334 98.5322365658
67.3181324647 98.5295521496
67.2816060770 98.5250486532
67.2451193059 98.5191299496
67.2086720867 98.5124532299
67.1722643554 98.5058282295
67.1358960476 98.5001420062
67.0995670996 98.4961795548
67.0632774473 98.4945325412
67.0270270270 98.4955276017
66.9908157753 98.4991650430
66.9546436285 98.5051427595
66.9185105235 98.5128976451
66.8824163970 98.5216867483
66.8463611860 98.5306889565
66.8103448276 98.5391591865
66.7743672590 98.5465589854
66.7384284177 98.5525913768
66.7025282410 98.5572363561
66.6666666667 98.5607078945
66.6308436325 98.5633849456
66.5950590763 98.5657412678
66.5593129361 98.5682868429
66.5236051502 98.5714976360
66.4879356568 98.5757560003
66.4523043944 98.5813309037
66.4167113016 98.5882664816
66.3811563169 98.5964120137
66.3456393793 98.6053615715
66.3101604278 98.6145742463
66.2747194014 98.6234380232
66.2393162393 98.6314454035
66.2039508809 98.6382727704
66.1686232657 98.6438881290
66.1333333333 98.6485343845
66.0980810235 98.6526473291
66.0628662760 98.6567727295
66.0276890309 98.6614159281
65.9925492283 98.6669362671
65.9574468085 98.6735184075
65.9223817119 98.6811902279
65.8873538789 98.6898802673
65.8523632501 98.6994692571
65.8174097665 98.7098834227
65.7824933687 98.7210354509
65.7476139979 98.7327991625
65.7127715951 98.7449822834
65.6779661017 98.7572858370
65.6431974590 98.7693492636
65.6084656085 98.7808088235
65.5737704918 98.7913310366
65.5391120507 98.8006395752
65.5044902272 98.8085430350
65.4699049630 98.8149154668
65.4353562005 98.8196705296
65.4008438819 98.8227355224
65.3663679494 98.8240639101
65.3319283456 98.8236156739
65.2975250132 98.8214100963
65.2631578947 98.8175064670
65.2288269332 98.8120176217
65.1945320715 98.8051231751
65.1602732528 98.7970438181
65.1260504202 98.7880676603
65.0918635171 98.7785046762
65.0577124869 98.7686802571
65.0235972732 98.7588285074
64.9895178197 98.7491118955
64.9554740702 98.7395197372
64.9214659686 98.7299796696
64.8874934589 98.7203633473
64.8535564854 98.7106595643
64.8196549922 98.7010416512
64.7857889237 98.6919233870
64.7519582245 98.6839610396
64.7181628392 98.6779358717
64.6844027126 98.6746888296
64.6506777894 98.6749875665
64.6169880146 98.6793797112
64.5833333333 98.6880971533
64.5497136908 98.7010136679
64.5161290323 98.7176135440
64.4825793032 98.7370948688
64.4490644491 98.7585007661
64.4155844156 98.7808726616
64.3821391485 98.8033174729
64.3487285937 98.8251176897
64.3153526971 98.8457191092
64.2820114049 98.8647203475
64.2487046632 98.8818464631
64.2154324184 98.8969160061
64.1821946170 98.9098692343
64.1489912054 98.9207411648
64.1158221303 98.9296694342
64.0826873385 98.9368955706
64.0495867769 98.9427177776
64.0165203924 98.9473970243
63.9834881321 98.9511426376
63.9504899433 98.9540164901
63.9175257732 98.9559310530
63.8845955693 98.9567091827
63.8516992791 98.9560831944
63.8188368502 98.9538164836
63.7860082305 98.9497179225
63.7532133676 98.9436895014
63.7204522097 98.9358016571
63.6877247047 98.9263219387
63.6550308008 98.9157771106
63.6223704464 98.9049421382
63.5897435897 98.8948486371
63.5571501794 98.8866038999
63.5245901639 98.8812758267
63.4920634921 98.8796405805
63.4595701126 98.8820439006
63.4271099744 98.8883355430
63.3946830266 98.8979255351
63.3622892182 98.9099108344
63.3299284985 98.9232570118
63.2976008167 98.9369003806
63.2653061224 98.9499204295
63.2330443651 98.9615548715
63.2008154944 98.9712568583
63.1686194600 98.9786837051
63.1364562118 98.9836780802
63.1043256997 98.9861935278
63.0722278739 98.9862609642
63.0401626843 98.9839123997
63.0081300813 98.9792017502
62.9761300152 98.9721765038
62.9441624365 98.9628842570
62.9122272958 98.9514278736
62.8803245436 98.9379444665
62.8484541308 98.9226405407
62.8166160081 98.9058333434
62.7848101266 98.8879304140
62.7530364372 98.8694376658
62.7212948912 98.8509592967
62.6895854398 98.8330953025
62.6579080344 98.8164684070
62.6262626263 98.8016487124
62.5946491671 98.7891393150
62.5630676085 98.7793967476
62.5315179022 98.7728249699
62.5000000000 98.7697337668
62.4685138539 98.7702901741
62.4370594159 98.7745248978
62.4056366381 98.7822476378
62.3742454728 98.7930942722
62.3428858723 98.8065522796
62.3115577889 98.8220224600
62.2802611753 98.8388730025
62.2489959839 98.8565164391
62.2177621676 98.8744304393
62.1865596790 98.8922081614
62.1553884712 98.9095657944
62.1242484970 98.9263369835
62.0931397096 98.9424396541
62.0620620621 98.9578547545
62.0310155078 98.9725502122
62.0000000000 98.9865008772
