0.010000 0.000009
0.020000 0.000019
0.030000 0.000028
0.040000 0.000037
0.050000 0.000047
0.060000 0.000056
0.070000 0.000065
0.080000 0.000075
0.090000 0.000084
0.100000 0.000093
0.110000 0.000103
0.120000 0.000112
0.130000 0.000121
0.140000 0.000131
0.150000 0.000140
0.160000 0.000149
0.170000 0.000159
0.180000 0.000168
0.190000 0.000177
0.200000 0.000187
0.210000 0.000196
0.220000 0.000205
0.230000 0.000215
0.240000 0.000224
0.250000 0.000234
0.260000 0.000243
0.270000 0.000252
0.280000 0.000262
0.290000 0.000271
0.300000 0.000281
0.310000 0.000290
0.320000 0.000299
0.330000 0.000309
0.340000 0.000318
0.350000 0.000328
0.360000 0.000337
0.370000 0.000347
0.380000 0.000356
0.390000 0.000366
0.400000 0.000375
0.410000 0.000385
0.420000 0.000394
0.430000 0.000404
0.440000 0.000413
0.450000 0.000423
0.460000 0.000432
0.470000 0.000442
0.480000 0.000451
0.490000 0.000461
0.500000 0.000471
0.510000 0.000480
0.520000 0.000490
0.530000 0.000499
0.540000 0.000509
0.550000 0.000519
0.560000 0.000528
0.570000 0.000538
0.580000 0.000548
0.590000 0.000558
0.600000 0.000567
0.610000 0.000577
0.620000 0.000587
0.630000 0.000596
0.640000 0.000606
0.650000 0.000616
0.660000 0.000626
0.670000 0.000636
0.680000 0.000645
0.690000 0.000655
0.700000 0.000665
0.710000 0.000675
0.720000 0.000685
0.730000 0.000695
0.740000 0.000705
0.750000 0.000715
0.760000 0.000725
0.770000 0.000735
0.780000 0.000745
0.790000 0.000755
0.800000 0.000765
0.810000 0.000775
0.820000 0.000785
0.830000 0.000795
0.840000 0.000805
0.850000 0.000815
0.860000 0.000826
0.870000 0.000836
0.880000 0.000846
0.890000 0.000856
0.900000 0.000866
0.910000 0.000877
0.920000 0.000887
0.930000 0.000897
0.940000 0.000908
0.950000 0.000918
0.960000 0.000928
0.970000 0.000939
0.980000 0.000949
0.990000 0.000960
1.000000 0.000970
1.010000 0.000981
1.020000 0.000991
1.030000 0.001002
1.040000 0.001013
1.050000 0.001023
1.060000 0.001034
1.070000 0.001045
1.080000 0.001055
1.090000 0.001066
1.100000 0.001077
1.110000 0.001088
1.120000 0.001098
1.130000 0.001109
1.140000 0.001120
1.150000 0.001131
1.160000 0.001142
1.170000 0.001153
1.180000 0.001164
1.190000 0.001175
1.200000 0.001186
1.210000 0.001197
1.220000 0.001209
1.230000 0.001220
1.240000 0.001231
1.250000 0.001242
1.260000 0.001254
1.270000 0.001265
1.280000 0.001276
1.290000 0.001288
1.300000 0.001299
1.310000 0.001311
1.320000 0.001322
1.330000 0.001334
1.340000 0.001345
1.350000 0.001357
1.360000 0.001369
1.370000 0.001380
1.380000 0.001392
1.390000 0.001404
1.400000 0.001416
1.410000 0.001428
1.420000 0.001440
1.430000 0.001452
1.440000 0.001464
1.450000 0.001476
1.460000 0.001488
1.470000 0.001500
1.480000 0.001513
1.490000 0.001525
1.500000 0.001537
1.510000 0.001550
1.520000 0.001562
1.530000 0.001575
1.540000 0.001587
1.550000 0.001600
1.560000 0.001613
1.570000 0.001625
1.580000 0.001638
1.590000 0.001651
1.600000 0.001664
1.610000 0.001677
1.620000 0.001690
1.630000 0.001703
1.640000 0.001716
1.650000 0.001729
1.660000 0.001743
1.670000 0.001756
1.680000 0.001769
1.690000 0.001783
1.700000 0.001796
1.710000 0.001810
1.720000 0.001824
1.730000 0.001838
1.740000 0.001851
1.750000 0.001865
1.760000 0.001879
1.770000 0.001893
1.780000 0.001908
1.790000 0.001922
1.800000 0.001936
1.810000 0.001951
1.820000 0.001965
1.830000 0.001980
1.840000 0.001994
1.850000 0.002009
1.860000 0.002024
1.870000 0.002039
1.880000 0.002054
1.890000 0.002069
1.900000 0.002084
1.910000 0.002100
1.920000 0.002115
1.930000 0.002131
1.940000 0.002147
1.950000 0.002162
1.960000 0.002178
1.970000 0.002194
1.980000 0.002210
1.990000 0.002227
2.000000 0.002243
2.010000 0.002260
2.020000 0.002276
2.030000 0.002293
2.040000 0.002310
2.050000 0.002327
2.060000 0.002344
2.070000 0.002362
2.080000 0.002379
2.090000 0.002397
2.100000 0.002415
2.110000 0.002433
2.120000 0.002451
2.130000 0.002469
2.140000 0.002488
2.150000 0.002507
2.160000 0.002526
2.170000 0.002545
2.180000 0.002564
2.190000 0.002584
2.200000 0.002603
2.210000 0.002623
2.220000 0.002644
2.230000 0.002664
2.240000 0.002685
2.250000 0.002706
2.260000 0.002727
2.270000 0.002749
2.280000 0.002771
2.290000 0.002793
2.300000 0.002816
2.310000 0.002839
2.320000 0.002862
2.330000 0.002886
2.340000 0.002910
2.350000 0.002935
2.360000 0.002960
2.370000 0.002985
2.380000 0.003011
2.390000 0.003038
2.400000 0.003065
2.410000 0.003093
2.420000 0.003122
2.430000 0.003151
2.440000 0.003181
2.450000 0.003212
2.460000 0.003244
2.470000 0.003277
2.480000 0.003311
2.490000 0.003346
2.500000 0.003382
2.510000 0.003420
2.520000 0.003460
2.530000 0.003502
2.540000 0.003545
2.550000 0.003592
2.560000 0.003640
2.570000 0.003693
2.580000 0.003748
2.590000 0.003808
2.600000 0.003873
2.610000 0.003943
2.620000 0.004020
2.630000 0.004104
2.640000 0.004195
2.650000 0.004295
2.660000 0.004402
2.670000 0.004518
2.680000 0.004642
2.690000 0.004774
2.700000 0.004911
2.710000 0.005053
2.720000 0.005195
2.730000 0.005337
2.740000 0.005478
2.750000 0.005619
2.760000 0.005761
2.770000 0.005906
2.780000 0.006054
2.790000 0.006208
2.800000 0.006370
2.810000 0.006546
2.820000 0.006744
2.830000 0.006966
2.840000 0.007210
2.850000 0.007461
2.860000 0.007699
2.870000 0.007902
2.880000 0.008054
2.890000 0.008156
2.900000 0.008222
2.910000 0.008277
2.920000 0.008344
2.930000 0.008441
2.940000 0.008583
2.950000 0.008779
2.960000 0.009037
2.970000 0.009359
2.980000 0.009738
2.990000 0.010153
3.000000 0.010565
3.010000 0.010928
3.020000 0.011198
3.030000 0.011351
3.040000 0.011391
3.050000 0.011346
3.060000 0.011257
3.070000 0.011165
3.080000 0.011104
3.090000 0.011098
3.100000 0.011166
3.110000 0.011320
3.120000 0.011563
3.130000 0.011882
3.140000 0.012248
3.150000 0.012623
3.160000 0.012961
3.170000 0.013233
3.180000 0.013429
3.190000 0.013559
3.200000 0.013645
3.210000 0.013712
3.220000 0.013784
3.230000 0.013880
3.240000 0.014011
3.250000 0.014184
3.260000 0.014398
3.270000 0.014650
3.280000 0.014927
3.290000 0.015205
3.300000 0.015449
3.310000 0.015623
3.320000 0.015709
3.330000 0.015717
3.340000 0.015674
3.350000 0.015616
3.360000 0.015576
3.370000 0.015582
3.380000 0.015648
3.390000 0.015782
3.400000 0.015986
3.410000 0.016262
3.420000 0.016605
3.430000 0.016998
3.440000 0.017406
3.450000 0.017797
3.460000 0.018149
3.470000 0.018461
3.480000 0.018748
3.490000 0.019033
3.500000 0.019338
3.510000 0.019686
3.520000 0.020101
3.530000 0.020598
3.540000 0.021183
3.550000 0.021850
3.560000 0.022582
3.570000 0.023350
3.580000 0.024122
3.590000 0.024863
3.600000 0.025536
3.610000 0.026107
3.620000 0.026553
3.630000 0.026876
3.640000 0.027107
3.650000 0.027295
3.660000 0.027490
3.670000 0.027714
3.680000 0.027961
3.690000 0.028213
3.700000 0.028462
3.710000 0.028721
3.720000 0.029009
3.730000 0.029329
3.740000 0.029653
3.750000 0.029932
3.760000 0.030122
3.770000 0.030210
3.780000 0.030219
3.790000 0.030195
3.800000 0.030176
3.810000 0.030180
3.820000 0.030198
3.830000 0.030216
3.840000 0.030232
3.850000 0.030264
3.860000 0.030333
3.870000 0.030455
3.880000 0.030618
3.890000 0.030790
3.900000 0.030929
3.910000 0.031004
3.920000 0.031015
3.930000 0.030988
3.940000 0.030959
3.950000 0.030957
3.960000 0.030990
3.970000 0.031048
3.980000 0.031123
3.990000 0.031214
4.000000 0.031335
4.010000 0.031495
4.020000 0.031688
4.030000 0.031889
4.040000 0.032056
4.050000 0.032155
4.060000 0.032175
4.070000 0.032131
4.080000 0.032055
4.090000 0.031980
4.100000 0.031934
4.110000 0.031931
4.120000 0.031980
4.130000 0.032084
4.140000 0.032245
4.150000 0.032464
4.160000 0.032747
4.170000 0.033095
4.180000 0.033499
4.190000 0.033936
4.200000 0.034371
4.210000 0.034768
4.220000 0.035108
4.230000 0.035385
4.240000 0.035612
4.250000 0.035804
4.260000 0.035975
4.270000 0.036136
4.280000 0.036299
4.290000 0.036476
4.300000 0.036677
4.310000 0.036905
4.320000 0.037154
4.330000 0.037413
4.340000 0.037667
4.350000 0.037903
4.360000 0.038118
4.370000 0.038308
4.380000 0.038469
4.390000 0.038593
4.400000 0.038680
4.410000 0.038741
4.420000 0.038794
4.430000 0.038859
4.440000 0.038951
4.450000 0.039073
4.460000 0.039223
4.470000 0.039400
4.480000 0.039603
4.490000 0.039829
4.500000 0.040072
4.510000 0.040323
4.520000 0.040581
4.530000 0.040861
4.540000 0.041182
4.550000 0.041560
4.560000 0.042004
4.570000 0.042509
4.580000 0.043058
4.590000 0.043626
4.600000 0.044192
4.610000 0.044744
4.620000 0.045273
4.630000 0.045767
4.640000 0.046212
4.650000 0.046602
4.660000 0.046955
4.670000 0.047304
4.680000 0.047683
4.690000 0.048109
4.700000 0.048580
4.710000 0.049092
4.720000 0.049660
4.730000 0.050315
4.740000 0.051091
4.750000 0.052000
4.760000 0.053016
4.770000 0.054079
4.780000 0.055114
4.790000 0.056045
4.800000 0.056827
4.810000 0.057457
4.820000 0.057976
4.830000 0.058441
4.840000 0.058887
4.850000 0.059324
4.860000 0.059744
4.870000 0.060150
4.880000 0.060557
4.890000 0.060982
4.900000 0.061432
4.910000 0.061904
4.920000 0.062395
4.930000 0.062910
4.940000 0.063476
4.950000 0.064130
4.960000 0.064896
4.970000 0.065754
4.980000 0.066641
4.990000 0.067476
5.000000 0.068192
5.010000 0.068760
5.020000 0.069189
5.030000 0.069529
5.040000 0.069849
5.050000 0.070224
5.060000 0.070693
5.070000 0.071245
5.080000 0.071825
5.090000 0.072375
5.100000 0.072866
5.110000 0.073318
5.120000 0.073788
5.130000 0.074340
5.140000 0.075018
5.150000 0.075833
5.160000 0.076778
5.170000 0.077832
5.180000 0.078959
5.190000 0.080099
5.200000 0.081169
5.210000 0.082087
5.220000 0.082801
5.230000 0.083308
5.240000 0.083667
5.250000 0.083993
5.260000 0.084428
5.270000 0.085084
5.280000 0.085990
5.290000 0.087069
5.300000 0.088187
5.310000 0.089213
5.320000 0.090086
5.330000 0.090826
5.340000 0.091507
5.350000 0.092211
5.360000 0.092991
5.370000 0.093874
5.380000 0.094872
5.390000 0.095993
5.400000 0.097220
5.410000 0.098494
5.420000 0.099713
5.430000 0.100759
5.440000 0.101541
5.450000 0.102041
5.460000 0.102322
5.470000 0.102512
5.480000 0.102765
5.490000 0.103212
5.500000 0.103916
5.510000 0.104866
5.520000 0.105995
5.530000 0.107221
5.540000 0.108482
5.550000 0.109749
5.560000 0.111019
5.570000 0.112293
5.580000 0.113566
5.590000 0.114843
5.600000 0.116152
5.610000 0.117539
5.620000 0.119033
5.630000 0.120601
5.640000 0.122130
5.650000 0.123471
5.660000 0.124503
5.670000 0.125192
5.680000 0.125616
5.690000 0.125947
5.700000 0.126390
5.710000 0.127120
5.720000 0.128226
5.730000 0.129689
5.740000 0.131397
5.750000 0.133198
5.760000 0.134958
5.770000 0.136618
5.780000 0.138206
5.790000 0.139799
5.800000 0.141468
5.810000 0.143233
5.820000 0.145072
5.830000 0.146956
5.840000 0.148866
5.850000 0.150791
5.860000 0.152704
5.870000 0.154558
5.880000 0.156309
5.890000 0.157944
5.900000 0.159496
5.910000 0.161041
5.920000 0.162679
5.930000 0.164513
5.940000 0.166628
5.950000 0.169083
5.960000 0.171897
5.970000 0.175046
5.980000 0.178468
5.990000 0.182076
6.000000 0.185793
6.010000 0.189572
6.020000 0.193417
6.030000 0.197385
6.040000 0.201569
6.050000 0.206086
6.060000 0.211048
6.070000 0.216536
6.080000 0.222597
6.090000 0.229272
6.100000 0.236632
6.110000 0.244805
6.120000 0.253998
6.130000 0.264509
6.140000 0.276722
6.150000 0.291081
6.160000 0.308021
6.170000 0.327855
6.180000 0.350651
6.190000 0.376121
6.200000 0.403578
6.210000 0.432007
6.220000 0.460250
6.230000 0.487239
6.240000 0.512180
6.250000 0.534612
6.260000 0.554409
6.270000 0.571695
6.280000 0.586705
6.290000 0.599659
6.300000 0.610742
6.310000 0.620164
6.320000 0.628204
6.330000 0.635163
6.340000 0.641252
6.350000 0.646537
6.360000 0.651026
6.370000 0.654855
6.380000 0.658326
6.390000 0.661779
6.400000 0.665391
6.410000 0.669065
6.420000 0.672498
6.430000 0.675395
6.440000 0.677658
6.450000 0.679443
6.460000 0.681049
6.470000 0.682785
6.480000 0.684864
6.490000 0.687328
6.500000 0.689991
6.510000 0.692446
6.520000 0.694204
6.530000 0.694957
6.540000 0.694830
6.550000 0.694403
6.560000 0.694427
6.570000 0.695392
6.580000 0.697240
6.590000 0.699423
6.600000 0.701259
6.610000 0.702349
6.620000 0.702756
6.630000 0.702906
6.640000 0.703318
6.650000 0.704347
6.660000 0.706084
6.670000 0.708395
6.680000 0.711027
6.690000 0.713647
6.700000 0.715854
6.710000 0.717265
6.720000 0.717687
6.730000 0.717187
6.740000 0.716018
6.750000 0.714509
6.760000 0.713045
6.770000 0.712067
6.780000 0.711989
6.790000 0.712988
6.800000 0.714842
6.810000 0.716956
6.820000 0.718634
6.830000 0.719406
6.840000 0.719195
6.850000 0.718270
6.860000 0.717121
6.870000 0.716397
6.880000 0.716832
6.890000 0.719009
6.900000 0.722971
6.910000 0.727987
6.920000 0.732767
6.930000 0.736062
6.940000 0.737222
6.950000 0.736364
6.960000 0.734135
6.970000 0.731354
6.980000 0.728761
6.990000 0.726890
7.000000 0.725984
7.010000 0.725963
7.020000 0.726501
7.030000 0.727227
7.040000 0.727920
7.050000 0.728599
7.060000 0.729414
7.070000 0.730428
7.080000 0.731483
7.090000 0.732304
7.100000 0.732735
7.110000 0.732906
7.120000 0.733222
7.130000 0.734190
7.140000 0.736183
7.150000 0.739243
7.160000 0.742995
7.170000 0.746733
7.180000 0.749652
7.190000 0.751104
7.200000 0.750784
7.210000 0.748782
7.220000 0.745562
7.230000 0.741851
7.240000 0.738451
7.250000 0.736058
7.260000 0.735157
7.270000 0.735954
7.280000 0.738243
7.290000 0.741312
7.300000 0.744110
7.310000 0.745735
7.320000 0.745929
7.330000 0.745225
7.340000 0.744629
7.350000 0.745106
7.360000 0.747154
7.370000 0.750641
7.380000 0.754929
7.390000 0.759183
7.400000 0.762667
7.410000 0.764874
7.420000 0.765507
7.430000 0.764470
7.440000 0.761945
7.450000 0.758455
7.460000 0.754761
7.470000 0.751615
7.480000 0.749511
7.490000 0.748568
7.500000 0.748585
7.510000 0.749238
7.520000 0.750321
7.530000 0.751847
7.540000 0.753984
7.550000 0.756879
7.560000 0.760515
7.570000 0.764663
7.580000 0.768880
7.590000 0.772534
7.600000 0.774898
7.610000 0.775420
7.620000 0.774035
7.630000 0.771295
7.640000 0.768184
7.650000 0.765768
7.660000 0.764879
7.670000 0.765889
7.680000 0.768582
7.690000 0.772135
7.700000 0.775315
7.710000 0.776955
7.720000 0.776491
7.730000 0.774195
7.740000 0.770950
7.750000 0.767795
7.760000 0.765553
7.770000 0.764692
7.780000 0.765384
7.790000 0.767605
7.800000 0.771196
7.810000 0.775872
7.820000 0.781236
7.830000 0.786773
7.840000 0.791838
7.850000 0.795741
7.860000 0.797975
7.870000 0.798420
7.880000 0.797331
7.890000 0.795134
7.900000 0.792186
7.910000 0.788675
7.920000 0.784731
7.930000 0.780644
7.940000 0.777001
7.950000 0.774588
7.960000 0.774113
7.970000 0.775955
7.980000 0.780033
7.990000 0.785766
8.000000 0.792143
8.010000 0.798013
8.020000 0.802526
8.030000 0.805431
8.040000 0.807007
8.050000 0.807732
8.060000 0.808016
8.070000 0.808131
8.080000 0.808234
8.090000 0.808375
8.100000 0.808508
8.110000 0.808533
8.120000 0.808345
8.130000 0.807847
8.140000 0.806961
8.150000 0.805673
8.160000 0.804103
8.170000 0.802542
8.180000 0.801378
8.190000 0.800952
8.200000 0.801440
8.210000 0.802871
8.220000 0.805223
8.230000 0.808501
8.240000 0.812718
8.250000 0.817796
8.260000 0.823479
8.270000 0.829324
8.280000 0.834794
8.290000 0.839334
8.300000 0.842385
8.310000 0.843399
8.320000 0.841967
8.330000 0.838057
8.340000 0.832208
8.350000 0.825499
8.360000 0.819272
8.370000 0.814725
8.380000 0.812598
8.390000 0.813058
8.400000 0.815826
8.410000 0.820396
8.420000 0.826226
8.430000 0.832814
8.440000 0.839680
8.450000 0.846307
8.460000 0.852180
8.470000 0.856908
8.480000 0.860280
8.490000 0.862203
8.500000 0.862631
8.510000 0.861588
8.520000 0.859245
8.530000 0.856009
8.540000 0.852534
8.550000 0.849605
8.560000 0.847882
8.570000 0.847660
8.580000 0.848813
8.590000 0.850918
8.600000 0.853464
8.610000 0.856060
8.620000 0.858561
8.630000 0.861012
8.640000 0.863514
8.650000 0.866120
8.660000 0.868826
8.670000 0.871639
8.680000 0.874629
8.690000 0.877934
8.700000 0.881640
8.710000 0.885606
8.720000 0.889377
8.730000 0.892309
8.740000 0.893807
8.750000 0.893586
8.760000 0.891836
8.770000 0.889205
8.780000 0.886548
8.790000 0.884558
8.800000 0.883543
8.810000 0.883481
8.820000 0.884267
8.830000 0.885958
8.840000 0.888817
8.850000 0.893120
8.860000 0.898874
8.870000 0.905689
8.880000 0.912860
8.890000 0.919538
8.900000 0.924887
8.910000 0.928242
8.920000 0.929286
8.930000 0.928171
8.940000 0.925475
8.950000 0.922027
8.960000 0.918697
8.970000 0.916252
8.980000 0.915279
8.990000 0.916133
9.000000 0.918918
9.010000 0.923538
9.020000 0.929749
9.030000 0.937137
9.040000 0.945026
9.050000 0.952465
9.060000 0.958450
9.070000 0.962296
9.080000 0.963862
9.090000 0.963493
9.100000 0.961781
9.110000 0.959371
9.120000 0.956876
9.130000 0.954909
9.140000 0.954104
9.150000 0.955056
9.160000 0.958169
9.170000 0.963473
9.180000 0.970530
9.190000 0.978496
9.200000 0.986345
9.210000 0.993165
9.220000 0.998387
9.230000 1.001834
9.240000 1.003639
9.250000 1.004146
9.260000 1.003824
9.270000 1.003203
9.280000 1.002802
9.290000 1.003084
9.300000 1.004424
9.310000 1.007082
9.320000 1.011182
9.330000 1.016707
9.340000 1.023455
9.350000 1.030983
9.360000 1.038616
9.370000 1.045557
9.380000 1.051044
9.390000 1.054512
9.400000 1.055796
9.410000 1.055304
9.420000 1.054007
9.430000 1.053167
9.440000 1.053907
9.450000 1.056817
9.460000 1.061818
9.470000 1.068365
9.480000 1.075825
9.490000 1.083741
9.500000 1.091830
9.510000 1.099777
9.520000 1.107070
9.530000 1.113070
9.540000 1.117317
9.550000 1.119803
9.560000 1.120997
9.570000 1.121668
9.580000 1.122648
9.590000 1.124670
9.600000 1.128278
9.610000 1.133771
9.620000 1.141133
9.630000 1.149951
9.640000 1.159395
9.650000 1.168369
9.660000 1.175856
9.670000 1.181325
9.680000 1.184992
9.690000 1.187753
9.700000 1.190828
9.710000 1.195289
9.720000 1.201738
9.730000 1.210247
9.740000 1.220493
9.750000 1.231889
9.760000 1.243634
9.770000 1.254788
9.780000 1.264513
9.790000 1.272351
9.800000 1.278375
9.810000 1.283150
9.820000 1.287598
9.830000 1.292783
9.840000 1.299636
9.850000 1.308686
9.860000 1.319925
9.870000 1.332910
9.880000 1.347049
9.890000 1.361871
9.900000 1.377070
9.910000 1.392404
9.920000 1.407610
9.930000 1.422422
9.940000 1.436687
9.950000 1.450556
9.960000 1.464607
9.970000 1.479699
9.980000 1.496572
9.990000 1.515439
10.000000 1.535874
10.010000 1.557012
10.020000 1.577896
10.030000 1.597774
10.040000 1.616126
10.050000 1.632456
10.060000 1.646084
10.070000 1.656161
10.080000 1.661899
10.090000 1.662854
10.100000 1.659103
10.110000 1.651230
10.120000 1.640112
10.130000 1.626596
10.140000 1.611274
10.150000 1.594504
10.160000 1.576570
10.170000 1.557777
10.180000 1.538440
10.190000 1.518863
10.200000 1.499410
10.210000 1.480516
10.220000 1.462545
10.230000 1.445593
10.240000 1.429521
10.250000 1.414223
10.260000 1.399793
10.270000 1.386378
10.280000 1.373898
10.290000 1.361966
10.300000 1.350079
10.310000 1.337905
10.320000 1.325481
10.330000 1.313188
10.340000 1.301551
10.350000 1.291045
10.360000 1.282022
10.370000 1.274633
10.380000 1.268689
10.390000 1.263633
10.400000 1.258748
10.410000 1.253450
10.420000 1.247385
10.430000 1.240361
10.440000 1.232310
10.450000 1.223344
10.460000 1.213790
10.470000 1.204097
10.480000 1.194717
10.490000 1.186073
10.500000 1.178602
10.510000 1.172664
10.520000 1.168256
10.530000 1.164807
10.540000 1.161339
10.550000 1.156972
10.560000 1.151351
10.570000 1.144691
10.580000 1.137501
10.590000 1.130276
10.600000 1.123357
10.610000 1.117004
10.620000 1.111525
10.630000 1.107272
10.640000 1.104447
10.650000 1.102867
10.660000 1.101925
10.670000 1.100802
10.680000 1.098798
10.690000 1.095579
10.700000 1.091223
10.710000 1.086074
10.720000 1.080556
10.730000 1.075049
10.740000 1.069841
10.750000 1.065069
10.760000 1.060653
10.770000 1.056303
10.780000 1.051681
10.790000 1.046648
10.800000 1.041407
10.810000 1.036410
10.820000 1.032115
10.830000 1.028772
10.840000 1.026327
10.850000 1.024478
10.860000 1.022838
10.870000 1.021108
10.880000 1.019138
10.890000 1.016909
10.900000 1.014472
10.910000 1.011892
10.920000 1.009185
10.930000 1.006314
10.940000 1.003252
10.950000 1.000058
10.960000 0.996902
10.970000 0.993996
10.980000 0.991461
10.990000 0.989208
11.000000 0.986947
11.010000 0.984330
11.020000 0.981125
11.030000 0.977275
11.040000 0.972864
11.050000 0.968119
11.060000 0.963449
11.070000 0.959401
11.080000 0.956419
11.090000 0.954587
11.100000 0.953583
11.110000 0.952877
11.120000 0.951971
11.130000 0.950540
11.140000 0.948487
11.150000 0.945969
11.160000 0.943386
11.170000 0.941226
11.180000 0.939784
11.190000 0.938923
11.200000 0.938089
11.210000 0.936592
11.220000 0.933976
11.230000 0.930232
11.240000 0.925770
11.250000 0.921169
11.260000 0.916930
11.270000 0.913389
11.280000 0.910761
11.290000 0.909146
11.300000 0.908424
11.310000 0.908191
11.320000 0.907879
11.330000 0.906997
11.340000 0.905302
11.350000 0.902814
11.360000 0.899769
11.370000 0.896574
11.380000 0.893717
11.390000 0.891563
11.400000 0.890132
11.410000 0.889058
11.420000 0.887813
11.430000 0.886029
11.440000 0.883653
11.450000 0.880873
11.460000 0.877924
11.470000 0.874966
11.480000 0.872095
11.490000 0.869436
11.500000 0.867168
11.510000 0.865399
11.520000 0.864012
11.530000 0.862687
11.540000 0.861128
11.550000 0.859286
11.560000 0.857368
11.570000 0.855674
11.580000 0.854421
11.590000 0.853656
11.600000 0.853203
11.610000 0.852676
11.620000 0.851594
11.630000 0.849616
11.640000 0.846757
11.650000 0.843425
11.660000 0.840222
11.670000 0.837640
11.680000 0.835838
11.690000 0.834562
11.700000 0.833226
11.710000 0.831137
11.720000 0.827800
11.730000 0.823176
11.740000 0.817776
11.750000 0.812511
11.760000 0.808369
11.770000 0.806051
11.780000 0.805778
11.790000 0.807308
11.800000 0.810056
11.810000 0.813211
11.820000 0.815868
11.830000 0.817241
11.840000 0.816889
11.850000 0.814825
11.860000 0.811453
11.870000 0.807372
11.880000 0.803134
11.890000 0.799088
11.900000 0.795353
11.910000 0.791891
11.920000 0.788588
11.930000 0.785334
11.940000 0.782080
11.950000 0.778888
11.960000 0.775894
11.970000 0.773221
11.980000 0.770896
11.990000 0.768860
12.000000 0.767066
12.010000 0.765588
12.020000 0.764654
12.030000 0.764534
12.040000 0.765376
12.050000 0.767056
12.060000 0.769123
12.070000 0.770880
12.080000 0.771590
12.090000 0.770720
12.100000 0.768104
12.110000 0.763931
12.120000 0.758638
12.130000 0.752784
12.140000 0.746973
12.150000 0.741789
12.160000 0.737700
12.170000 0.734926
12.180000 0.733353
12.190000 0.732592
12.200000 0.732135
12.210000 0.731532
12.220000 0.730517
12.230000 0.729082
12.240000 0.727501
12.250000 0.726248
12.260000 0.725776
12.270000 0.726231
12.280000 0.727299
12.290000 0.728332
12.300000 0.728686
12.310000 0.728002
12.320000 0.726260
12.330000 0.723602
12.340000 0.720156
12.350000 0.715976
12.360000 0.711096
12.370000 0.705648
12.380000 0.699956
12.390000 0.694529
12.400000 0.689913
12.410000 0.686530
12.420000 0.684612
12.430000 0.684209
12.440000 0.685211
12.450000 0.687335
12.460000 0.690140
12.470000 0.693099
12.480000 0.695685
12.490000 0.697429
12.500000 0.697969
12.510000 0.697091
12.520000 0.694747
12.530000 0.691041
12.540000 0.686179
12.550000 0.680450
12.560000 0.674217
12.570000 0.667894
12.580000 0.661897
12.590000 0.656580
12.600000 0.652196
12.610000 0.648846
12.620000 0.646463
12.630000 0.644880
12.640000 0.643967
12.650000 0.643740
12.660000 0.644343
12.670000 0.645923
12.680000 0.648533
12.690000 0.652065
12.700000 0.656176
12.710000 0.660223
12.720000 0.663346
12.730000 0.664724
12.740000 0.663849
12.750000 0.660649
12.760000 0.655433
12.770000 0.648752
12.780000 0.641250
12.790000 0.633552
12.800000 0.626194
12.810000 0.619578
12.820000 0.613960
12.830000 0.609477
12.840000 0.606197
12.850000 0.604172
12.860000 0.603435
12.870000 0.603947
12.880000 0.605540
12.890000 0.607900
12.900000 0.610599
12.910000 0.613154
12.920000 0.615122
12.930000 0.616210
12.940000 0.616349
12.950000 0.615663
12.960000 0.614337
12.970000 0.612448
12.980000 0.609898
12.990000 0.606483
13.000000 0.602060
13.010000 0.596696
13.020000 0.590705
13.030000 0.584560
13.040000 0.578745
13.050000 0.573637
13.060000 0.569458
13.070000 0.566300
13.080000 0.564188
13.090000 0.563122
13.100000 0.563061
13.110000 0.563860
13.120000 0.565222
13.130000 0.566717
13.140000 0.567896
13.150000 0.568427
13.160000 0.568155
13.170000 0.567088
13.180000 0.565356
13.190000 0.563174
13.200000 0.560773
13.210000 0.558299
13.220000 0.555744
13.230000 0.552937
13.240000 0.549639
13.250000 0.545701
13.260000 0.541215
13.270000 0.536551
13.280000 0.532251
13.290000 0.528847
13.300000 0.526708
13.310000 0.525959
13.320000 0.526449
13.330000 0.527722
13.340000 0.529052
13.350000 0.529641
13.360000 0.528899
13.370000 0.526649
13.380000 0.523123
13.390000 0.518817
13.400000 0.514321
13.410000 0.510187
13.420000 0.506826
13.430000 0.504422
13.440000 0.502935
13.450000 0.502189
13.460000 0.501989
13.470000 0.502171
13.480000 0.502555
13.490000 0.502891
13.500000 0.502899
13.510000 0.502403
13.520000 0.501414
13.530000 0.500093
13.540000 0.498607
13.550000 0.496987
13.560000 0.495116
13.570000 0.492826
13.580000 0.490034
13.590000 0.486783
13.600000 0.483205
13.610000 0.479441
13.620000 0.475607
13.630000 0.471794
13.640000 0.468095
13.650000 0.464639
13.660000 0.461618
13.670000 0.459282
13.680000 0.457876
13.690000 0.457546
13.700000 0.458279
13.710000 0.459908
13.720000 0.462164
13.730000 0.464708
13.740000 0.467150
13.750000 0.469079
13.760000 0.470111
13.770000 0.469962
13.780000 0.468496
13.790000 0.465747
13.800000 0.461904
13.810000 0.457289
13.820000 0.452303
13.830000 0.447350
13.840000 0.442755
13.850000 0.438724
13.860000 0.435343
13.870000 0.432590
13.880000 0.430369
13.890000 0.428566
13.900000 0.427135
13.910000 0.426160
13.920000 0.425854
13.930000 0.426482
13.940000 0.428243
13.950000 0.431170
13.960000 0.435095
13.970000 0.439649
13.980000 0.444282
13.990000 0.448318
14.000000 0.451076
14.010000 0.452034
14.020000 0.450947
14.030000 0.447906
14.040000 0.443292
14.050000 0.437678
14.060000 0.431705
14.070000 0.425963
14.080000 0.420900
14.090000 0.416793
14.100000 0.413771
14.110000 0.411875
14.120000 0.411099
14.130000 0.411371
14.140000 0.412480
14.150000 0.414039
14.160000 0.415566
14.170000 0.416683
14.180000 0.417268
14.190000 0.417444
14.200000 0.417425
14.210000 0.417386
14.220000 0.417420
14.230000 0.417521
14.240000 0.417563
14.250000 0.417287
14.260000 0.416367
14.270000 0.414538
14.280000 0.411703
14.290000 0.407945
14.300000 0.403458
14.310000 0.398476
14.320000 0.393237
14.330000 0.388009
14.340000 0.383135
14.350000 0.379041
14.360000 0.376168
14.370000 0.374857
14.380000 0.375219
14.390000 0.377071
14.400000 0.379960
14.410000 0.383293
14.420000 0.386499
14.430000 0.389178
14.440000 0.391151
14.450000 0.392420
14.460000 0.393077
14.470000 0.393196
14.480000 0.392786
14.490000 0.391785
14.500000 0.390103
14.510000 0.387679
14.520000 0.384561
14.530000 0.380958
14.540000 0.377230
14.550000 0.373820
14.560000 0.371134
14.570000 0.369460
14.580000 0.368925
14.590000 0.369497
14.600000 0.370993
14.610000 0.373089
14.620000 0.375356
14.630000 0.377355
14.640000 0.378764
14.650000 0.379493
14.660000 0.379714
14.670000 0.379774
14.680000 0.380051
14.690000 0.380830
14.700000 0.382221
14.710000 0.384112
14.720000 0.386174
14.730000 0.387952
14.740000 0.389043
14.750000 0.389278
14.760000 0.388777
14.770000 0.387871
14.780000 0.386935
14.790000 0.386249
14.800000 0.385946
14.810000 0.386042
14.820000 0.386505
14.830000 0.387284
14.840000 0.388287
14.850000 0.389368
14.860000 0.390368
14.870000 0.391212
14.880000 0.391979
14.890000 0.392874
14.900000 0.394151
14.910000 0.396015
14.920000 0.398568
14.930000 0.401770
14.940000 0.405416
14.950000 0.409124
14.960000 0.412388
14.970000 0.414713
14.980000 0.415800
14.990000 0.415702
15.000000 0.414821
15.010000 0.413743
15.020000 0.412998
15.030000 0.412888
15.040000 0.413460
15.050000 0.414599
15.060000 0.416125
15.070000 0.417852
15.080000 0.419608
15.090000 0.421254
15.100000 0.422706
15.110000 0.423950
15.120000 0.425026
15.130000 0.425994
15.140000 0.426892
15.150000 0.427728
15.160000 0.428484
15.170000 0.429119
15.180000 0.429556
15.190000 0.429697
15.200000 0.429472
15.210000 0.428893
15.220000 0.428048
15.230000 0.427049
15.240000 0.425968
15.250000 0.424842
15.260000 0.423729
15.270000 0.422733
15.280000 0.421972
15.290000 0.421496
15.300000 0.421232
15.310000 0.420992
15.320000 0.420538
15.330000 0.419679
15.340000 0.418359
15.350000 0.416683
15.360000 0.414895
15.370000 0.413305
15.380000 0.412194
15.390000 0.411723
15.400000 0.411863
15.410000 0.412400
15.420000 0.413019
15.430000 0.413436
15.440000 0.413503
15.450000 0.413221
15.460000 0.412661
15.470000 0.411862
15.480000 0.410787
15.490000 0.409347
15.500000 0.407472
15.510000 0.405177
15.520000 0.402598
15.530000 0.399970
15.540000 0.397555
15.550000 0.395578
15.560000 0.394196
15.570000 0.393507
15.580000 0.393545
15.590000 0.394269
15.600000 0.395539
15.610000 0.397111
15.620000 0.398667
15.630000 0.399893
15.640000 0.400582
15.650000 0.400707
15.660000 0.400410
15.670000 0.399905
15.680000 0.399376
15.690000 0.398918
15.700000 0.398567
15.710000 0.398371
15.720000 0.398460
15.730000 0.399036
15.740000 0.400295
15.750000 0.402356
15.760000 0.405228
15.770000 0.408810
15.780000 0.412904
15.790000 0.417238
15.800000 0.421518
15.810000 0.425490
15.820000 0.428983
15.830000 0.431899
15.840000 0.434189
15.850000 0.435836
15.860000 0.436858
15.870000 0.437301
15.880000 0.437229
15.890000 0.436711
15.900000 0.435822
15.910000 0.434661
15.920000 0.433334
15.930000 0.431940
15.940000 0.430540
15.950000 0.429173
15.960000 0.427894
15.970000 0.426804
15.980000 0.426010
15.990000 0.425548
16.000000 0.425332
16.010000 0.425154
16.020000 0.424716
16.030000 0.423689
16.040000 0.421798
16.050000 0.418935
16.060000 0.415209
16.070000 0.410879
16.080000 0.406232
16.090000 0.401483
16.100000 0.396780
16.110000 0.392250
16.120000 0.388026
16.130000 0.384211
16.140000 0.380872
16.150000 0.378069
16.160000 0.375863
16.170000 0.374285
16.180000 0.373286
16.190000 0.372716
16.200000 0.372337
16.210000 0.371852
16.220000 0.370941
16.230000 0.369311
16.240000 0.366777
16.250000 0.363349
16.260000 0.359265
16.270000 0.354922
16.280000 0.350745
16.290000 0.347086
16.300000 0.344184
16.310000 0.342158
16.320000 0.341021
16.330000 0.340697
16.340000 0.341010
16.350000 0.341678
16.360000 0.342324
16.370000 0.342545
16.380000 0.342010
16.390000 0.340560
16.400000 0.338254
16.410000 0.335329
16.420000 0.332126
16.430000 0.329002
16.440000 0.326266
16.450000 0.324114
16.460000 0.322597
16.470000 0.321649
16.480000 0.321154
16.490000 0.320978
16.500000 0.320965
16.510000 0.320915
16.520000 0.320599
16.530000 0.319846
16.540000 0.318649
16.550000 0.317179
16.560000 0.315676
16.570000 0.314328
16.580000 0.313199
16.590000 0.312255
16.600000 0.311412
16.610000 0.310596
16.620000 0.309751
16.630000 0.308826
16.640000 0.307752
16.650000 0.306466
16.660000 0.304966
16.670000 0.303348
16.680000 0.301786
16.690000 0.300457
16.700000 0.299466
16.710000 0.298815
16.720000 0.298425
16.730000 0.298160
16.740000 0.297848
16.750000 0.297301
16.760000 0.296364
16.770000 0.294996
16.780000 0.293305
16.790000 0.291508
16.800000 0.289834
16.810000 0.288441
16.820000 0.287389
16.830000 0.286653
16.840000 0.286149
16.850000 0.285757
16.860000 0.285345
16.870000 0.284805
16.880000 0.284074
16.890000 0.283160
16.900000 0.282135
16.910000 0.281107
16.920000 0.280164
16.930000 0.279340
16.940000 0.278632
16.950000 0.278032
16.960000 0.277539
16.970000 0.277145
16.980000 0.276803
16.990000 0.276450
17.000000 0.276038
17.010000 0.275570
17.020000 0.275086
17.030000 0.274631
17.040000 0.274225
17.050000 0.273862
17.060000 0.273531
17.070000 0.273252
17.080000 0.273070
17.090000 0.273014
17.100000 0.273053
17.110000 0.273089
17.120000 0.273005
17.130000 0.272729
17.140000 0.272271
17.150000 0.271726
17.160000 0.271241
17.170000 0.270984
17.180000 0.271112
17.190000 0.271737
17.200000 0.272882
17.210000 0.274457
17.220000 0.276269
17.230000 0.278099
17.240000 0.279773
17.250000 0.281196
17.260000 0.282331
17.270000 0.283169
17.280000 0.283714
17.290000 0.283984
17.300000 0.284028
17.310000 0.283919
17.320000 0.283740
17.330000 0.283570
17.340000 0.283469
17.350000 0.283473
17.360000 0.283596
17.370000 0.283825
17.380000 0.284115
17.390000 0.284403
17.400000 0.284634
17.410000 0.284806
17.420000 0.284991
17.430000 0.285296
17.440000 0.285797
17.450000 0.286479
17.460000 0.287235
17.470000 0.287912
17.480000 0.288368
17.490000 0.288525
17.500000 0.288387
17.510000 0.288041
17.520000 0.287629
17.530000 0.287299
17.540000 0.287143
17.550000 0.287148
17.560000 0.287186
17.570000 0.287060
17.580000 0.286580
17.590000 0.285635
17.600000 0.284207
17.610000 0.282340
17.620000 0.280108
17.630000 0.277607
17.640000 0.274965
17.650000 0.272323
17.660000 0.269806
17.670000 0.267486
17.680000 0.265374
17.690000 0.263438
17.700000 0.261633
17.710000 0.259913
17.720000 0.258238
17.730000 0.256574
17.740000 0.254914
17.750000 0.253277
17.760000 0.251707
17.770000 0.250230
17.780000 0.248832
17.790000 0.247456
17.800000 0.246038
17.810000 0.244541
17.820000 0.242969
17.830000 0.241362
17.840000 0.239775
17.850000 0.238269
17.860000 0.236907
17.870000 0.235744
17.880000 0.234812
17.890000 0.234085
17.900000 0.233465
17.910000 0.232804
17.920000 0.231957
17.930000 0.230831
17.940000 0.229420
17.950000 0.227805
17.960000 0.226131
17.970000 0.224546
17.980000 0.223151
17.990000 0.221974
18.000000 0.220980
18.010000 0.220111
18.020000 0.219314
18.030000 0.218566
18.040000 0.217868
18.050000 0.217222
18.060000 0.216617
18.070000 0.216014
18.080000 0.215354
18.090000 0.214579
18.100000 0.213647
18.110000 0.212562
18.120000 0.211375
18.130000 0.210175
18.140000 0.209044
18.150000 0.208027
18.160000 0.207141
18.170000 0.206388
18.180000 0.205752
18.190000 0.205187
18.200000 0.204615
18.210000 0.203965
18.220000 0.203213
18.230000 0.202376
18.240000 0.201489
18.250000 0.200594
18.260000 0.199735
18.270000 0.198960
18.280000 0.198287
18.290000 0.197698
18.300000 0.197151
18.310000 0.196614
18.320000 0.196073
18.330000 0.195521
18.340000 0.194947
18.350000 0.194344
18.360000 0.193701
18.370000 0.193013
18.380000 0.192289
18.390000 0.191574
18.400000 0.190932
18.410000 0.190412
18.420000 0.189999
18.430000 0.189616
18.440000 0.189165
18.450000 0.188577
18.460000 0.187833
18.470000 0.186960
18.480000 0.186002
18.490000 0.185002
18.500000 0.183977
18.510000 0.182915
18.520000 0.181790
18.530000 0.180581
18.540000 0.179291
18.550000 0.177957
18.560000 0.176630
18.570000 0.175356
18.580000 0.174155
18.590000 0.173022
18.600000 0.171938
18.610000 0.170886
18.620000 0.169863
18.630000 0.168871
18.640000 0.167906
18.650000 0.166950
18.660000 0.165980
18.670000 0.164986
18.680000 0.163990
18.690000 0.163023
18.700000 0.162104
18.710000 0.161220
18.720000 0.160326
18.730000 0.159367
18.740000 0.158315
18.750000 0.157188
18.760000 0.156048
18.770000 0.154971
18.780000 0.154010
18.790000 0.153171
18.800000 0.152417
18.810000 0.151706
18.820000 0.151008
18.830000 0.150307
18.840000 0.149582
18.850000 0.148795
18.860000 0.147913
18.870000 0.146928
18.880000 0.145873
18.890000 0.144804
18.900000 0.143772
18.910000 0.142797
18.920000 0.141870
18.930000 0.140971
18.940000 0.140089
18.950000 0.139231
18.960000 0.138406
18.970000 0.137626
18.980000 0.136896
18.990000 0.136221
19.000000 0.135605
19.010000 0.135044
19.020000 0.134517
19.030000 0.133986
19.040000 0.133401
19.050000 0.132724
19.060000 0.131946
19.070000 0.131105
19.080000 0.130275
19.090000 0.129531
19.100000 0.128918
19.110000 0.128435
19.120000 0.128043
19.130000 0.127690
19.140000 0.127334
19.150000 0.126959
19.160000 0.126569
19.170000 0.126183
19.180000 0.125819
19.190000 0.125488
19.200000 0.125187
19.210000 0.124901
19.220000 0.124604
19.230000 0.124265
19.240000 0.123863
19.250000 0.123382
19.260000 0.122817
19.270000 0.122165
19.280000 0.121416
19.290000 0.120550
19.300000 0.119535
19.310000 0.118350
19.320000 0.116998
19.330000 0.115508
19.340000 0.113927
19.350000 0.112310
19.360000 0.110714
19.370000 0.109193
19.380000 0.107787
19.390000 0.106508
19.400000 0.105334
19.410000 0.104214
19.420000 0.103093
19.430000 0.101927
19.440000 0.100699
19.450000 0.099427
19.460000 0.098171
19.470000 0.097016
19.480000 0.096041
19.490000 0.095286
19.500000 0.094733
19.510000 0.094316
19.520000 0.093945
19.530000 0.093535
19.540000 0.093024
19.550000 0.092392
19.560000 0.091662
19.570000 0.090895
19.580000 0.090164
19.590000 0.089537
19.600000 0.089053
19.610000 0.088723
19.620000 0.088535
19.630000 0.088463
19.640000 0.088489
19.650000 0.088611
19.660000 0.088842
19.670000 0.089204
19.680000 0.089716
19.690000 0.090376
19.700000 0.091156
19.710000 0.091998
19.720000 0.092824
19.730000 0.093563
19.740000 0.094168
19.750000 0.094621
19.760000 0.094928
19.770000 0.095113
19.780000 0.095202
19.790000 0.095201
19.800000 0.095096
19.810000 0.094869
19.820000 0.094520
19.830000 0.094080
19.840000 0.093594
19.850000 0.093102
19.860000 0.092628
19.870000 0.092179
19.880000 0.091761
19.890000 0.091375
19.900000 0.091011
19.910000 0.090641
19.920000 0.090223
19.930000 0.089734
19.940000 0.089180
19.950000 0.088604
19.960000 0.088056
19.970000 0.087579
19.980000 0.087186
19.990000 0.086862
20.000000 0.086564
