0.010000 -104661.306279
0.020000 -26163.581725
0.030000 -11626.966047
0.040000 -6539.150538
0.050000 -4184.218763
0.060000 -2904.996538
0.070000 -2133.665856
0.080000 -1633.042549
0.090000 -1289.816830
0.100000 -1044.309463
0.110000 -862.661749
0.120000 -724.503736
0.130000 -616.984288
0.140000 -531.670870
0.150000 -462.844330
0.160000 -406.514823
0.170000 -359.830278
0.180000 -320.708144
0.190000 -287.599053
0.200000 -259.331016
0.210000 -235.004265
0.220000 -213.918759
0.230000 -195.523252
0.240000 -179.378890
0.250000 -165.132798
0.260000 -152.498627
0.270000 -141.242054
0.280000 -131.169838
0.290000 -122.121469
0.300000 -113.962735
0.310000 -106.580717
0.320000 -99.879858
0.330000 -93.778857
0.340000 -88.208189
0.350000 -83.108119
0.360000 -78.427090
0.370000 -74.120419
0.380000 -70.149220
0.390000 -66.479531
0.400000 -63.081580
0.410000 -59.929181
0.420000 -56.999228
0.430000 -54.271270
0.440000 -51.727154
0.450000 -49.350721
0.460000 -47.127547
0.470000 -45.044729
0.480000 -43.090692
0.490000 -41.255031
0.500000 -39.528370
0.510000 -37.902245
0.520000 -36.368995
0.530000 -34.921677
0.540000 -33.553984
0.550000 -32.260178
0.560000 -31.035028
0.570000 -29.873757
0.580000 -28.771998
0.590000 -27.725749
0.600000 -26.731341
0.610000 -25.785401
0.620000 -24.884827
0.630000 -24.026761
0.640000 -23.208567
0.650000 -22.427809
0.660000 -21.682234
0.670000 -20.969759
0.680000 -20.288448
0.690000 -19.636509
0.700000 -19.012275
0.710000 -18.414194
0.720000 -17.840824
0.730000 -17.290819
0.740000 -16.762924
0.750000 -16.255967
0.760000 -15.768854
0.770000 -15.300559
0.780000 -14.850123
0.790000 -14.416646
0.800000 -13.999287
0.810000 -13.597252
0.820000 -13.209799
0.830000 -12.836228
0.840000 -12.475883
0.850000 -12.128143
0.860000 -11.792425
0.870000 -11.468179
0.880000 -11.154886
0.890000 -10.852056
0.900000 -10.559226
0.910000 -10.275958
0.920000 -10.001839
0.930000 -9.736476
0.940000 -9.479498
0.950000 -9.230553
0.960000 -8.989309
0.970000 -8.755448
0.980000 -8.528670
0.990000 -8.308690
1.000000 -8.095236
1.010000 -7.888052
1.020000 -7.686891
1.030000 -7.491521
1.040000 -7.301719
1.050000 -7.117274
1.060000 -6.937983
1.070000 -6.763655
1.080000 -6.594106
1.090000 -6.429161
1.100000 -6.268653
1.110000 -6.112421
1.120000 -5.960314
1.130000 -5.812186
1.140000 -5.667896
1.150000 -5.527311
1.160000 -5.390305
1.170000 -5.256753
1.180000 -5.126540
1.190000 -4.999552
1.200000 -4.875682
1.210000 -4.754827
1.220000 -4.636888
1.230000 -4.521770
1.240000 -4.409381
1.250000 -4.299634
1.260000 -4.192445
1.270000 -4.087734
1.280000 -3.985421
1.290000 -3.885433
1.300000 -3.787698
1.310000 -3.692146
1.320000 -3.598712
1.330000 -3.507330
1.340000 -3.417940
1.350000 -3.330482
1.360000 -3.244898
1.370000 -3.161134
1.380000 -3.079136
1.390000 -2.998853
1.400000 -2.920235
1.410000 -2.843236
1.420000 -2.767807
1.430000 -2.693907
1.440000 -2.621490
1.450000 -2.550516
1.460000 -2.480944
1.470000 -2.412737
1.480000 -2.345856
1.490000 -2.280265
1.500000 -2.215929
1.510000 -2.152815
1.520000 -2.090889
1.530000 -2.030120
1.540000 -1.970477
1.550000 -1.911930
1.560000 -1.854451
1.570000 -1.798012
1.580000 -1.742585
1.590000 -1.688144
1.600000 -1.634664
1.610000 -1.582121
1.620000 -1.530490
1.630000 -1.479748
1.640000 -1.429873
1.650000 -1.380843
1.660000 -1.332636
1.670000 -1.285233
1.680000 -1.238612
1.690000 -1.192756
1.700000 -1.147644
1.710000 -1.103258
1.720000 -1.059581
1.730000 -1.016595
1.740000 -0.974283
1.750000 -0.932629
1.760000 -0.891617
1.770000 -0.851231
1.780000 -0.811457
1.790000 -0.772278
1.800000 -0.733682
1.810000 -0.695654
1.820000 -0.658180
1.830000 -0.621247
1.840000 -0.584841
1.850000 -0.548951
1.860000 -0.513564
1.870000 -0.478668
1.880000 -0.444251
1.890000 -0.410301
1.900000 -0.376807
1.910000 -0.343758
1.920000 -0.311143
1.930000 -0.278953
1.940000 -0.247175
1.950000 -0.215801
1.960000 -0.184820
1.970000 -0.154222
1.980000 -0.123999
1.990000 -0.094140
2.000000 -0.064636
2.010000 -0.035479
2.020000 -0.006659
2.030000 0.021832
2.040000 0.050004
2.050000 0.077863
2.060000 0.105420
2.070000 0.132682
2.080000 0.159657
2.090000 0.186354
2.100000 0.212781
2.110000 0.238945
2.120000 0.264854
2.130000 0.290516
2.140000 0.315940
2.150000 0.341132
2.160000 0.366101
2.170000 0.390854
2.180000 0.415399
2.190000 0.439744
2.200000 0.463896
2.210000 0.487864
2.220000 0.511656
2.230000 0.535278
2.240000 0.558740
2.250000 0.582050
2.260000 0.605215
2.270000 0.628245
2.280000 0.651148
2.290000 0.673933
2.300000 0.696609
2.310000 0.719186
2.320000 0.741673
2.330000 0.764080
2.340000 0.786419
2.350000 0.808699
2.360000 0.830932
2.370000 0.853130
2.380000 0.875305
2.390000 0.897471
2.400000 0.919642
2.410000 0.941833
2.420000 0.964058
2.430000 0.986335
2.440000 1.008680
2.450000 1.031113
2.460000 1.053653
2.470000 1.076320
2.480000 1.099134
2.490000 1.122118
2.500000 1.145291
2.510000 1.168674
2.520000 1.192283
2.530000 1.216127
2.540000 1.240208
2.550000 1.264507
2.560000 1.288980
2.570000 1.313543
2.580000 1.338046
2.590000 1.362248
2.600000 1.385791
2.610000 1.408165
2.620000 1.428728
2.630000 1.446780
2.640000 1.461755
2.650000 1.473492
2.660000 1.482449
2.670000 1.489655
2.680000 1.496327
2.690000 1.503389
2.700000 1.511279
2.710000 1.520158
2.720000 1.530201
2.730000 1.541595
2.740000 1.554274
2.750000 1.567688
2.760000 1.580831
2.770000 1.592491
2.780000 1.601660
2.790000 1.607956
2.800000 1.611808
2.810000 1.614267
2.820000 1.616495
2.830000 1.619226
2.840000 1.622477
2.850000 1.625770
2.860000 1.628736
2.870000 1.631634
2.880000 1.635333
2.890000 1.640795
2.900000 1.648462
2.910000 1.657956
2.920000 1.668231
2.930000 1.678076
2.940000 1.686652
2.950000 1.693726
2.960000 1.699521
2.970000 1.704332
2.980000 1.708140
2.990000 1.710492
3.000000 1.710865
3.010000 1.709353
3.020000 1.707073
3.030000 1.705861
3.040000 1.707436
3.050000 1.712630
3.060000 1.721114
3.070000 1.731686
3.080000 1.742905
3.090000 1.753643
3.100000 1.763272
3.110000 1.771540
3.120000 1.778321
3.130000 1.783388
3.140000 1.786401
3.150000 1.787246
3.160000 1.786554
3.170000 1.785834
3.180000 1.786962
3.190000 1.791352
3.200000 1.799378
3.210000 1.810340
3.220000 1.822883
3.230000 1.835546
3.240000 1.847164
3.250000 1.857013
3.260000 1.864751
3.270000 1.870273
3.280000 1.873557
3.290000 1.874668
3.300000 1.874021
3.310000 1.872722
3.320000 1.872538
3.330000 1.875351
3.340000 1.882417
3.350000 1.893912
3.360000 1.908943
3.370000 1.925950
3.380000 1.943256
3.390000 1.959514
3.400000 1.973825
3.410000 1.985636
3.420000 1.994633
3.430000 2.000783
3.440000 2.004460
3.450000 2.006570
3.460000 2.008561
3.470000 2.012194
3.480000 2.019093
3.490000 2.030255
3.500000 2.045690
3.510000 2.064372
3.520000 2.084527
3.530000 2.104135
3.540000 2.121355
3.550000 2.134686
3.560000 2.142992
3.570000 2.145593
3.580000 2.142443
3.590000 2.134223
3.600000 2.122312
3.610000 2.108698
3.620000 2.095815
3.630000 2.086139
3.640000 2.081509
3.650000 2.082422
3.660000 2.087800
3.670000 2.095498
3.680000 2.103247
3.690000 2.109380
3.700000 2.112942
3.710000 2.113342
3.720000 2.110094
3.730000 2.102972
3.740000 2.092397
3.750000 2.079625
3.760000 2.066544
3.770000 2.055224
3.780000 2.047439
3.790000 2.044222
3.800000 2.045557
3.810000 2.050422
3.820000 2.057250
3.830000 2.064510
3.840000 2.070999
3.850000 2.075754
3.860000 2.077865
3.870000 2.076504
3.880000 2.071255
3.890000 2.062503
3.900000 2.051556
3.910000 2.040351
3.920000 2.030942
3.930000 2.025039
3.940000 2.023639
3.950000 2.026791
3.960000 2.033657
3.970000 2.042865
3.980000 2.052898
3.990000 2.062262
4.000000 2.069448
4.010000 2.072874
4.020000 2.071107
4.030000 2.063499
4.040000 2.050831
4.050000 2.035312
4.060000 2.019804
4.070000 2.006867
4.080000 1.998282
4.090000 1.995058
4.100000 1.997493
4.110000 2.005135
4.120000 2.016800
4.130000 2.030820
4.140000 2.045395
4.150000 2.058842
4.160000 2.069617
4.170000 2.076311
4.180000 2.077870
4.190000 2.073986
4.200000 2.065323
4.210000 2.053364
4.220000 2.040047
4.230000 2.027465
4.240000 2.017585
4.250000 2.011877
4.260000 2.010972
4.270000 2.014561
4.280000 2.021560
4.290000 2.030409
4.300000 2.039397
4.310000 2.046915
4.320000 2.051680
4.330000 2.053028
4.340000 2.051191
4.350000 2.047201
4.360000 2.042347
4.370000 2.037625
4.380000 2.033613
4.390000 2.030735
4.400000 2.029476
4.410000 2.030309
4.420000 2.033399
4.430000 2.038372
4.440000 2.044357
4.450000 2.050270
4.460000 2.055078
4.470000 2.057967
4.480000 2.058548
4.490000 2.057131
4.500000 2.054784
4.510000 2.052999
4.520000 2.053173
4.530000 2.056234
4.540000 2.062512
4.550000 2.071731
4.560000 2.082972
4.570000 2.094751
4.580000 2.105366
4.590000 2.113390
4.600000 2.117987
4.610000 2.118878
4.620000 2.116168
4.630000 2.110417
4.640000 2.102870
4.650000 2.095387
4.660000 2.089897
4.670000 2.087807
4.680000 2.089836
4.690000 2.096202
4.700000 2.106732
4.710000 2.120787
4.720000 2.137166
4.730000 2.154173
4.740000 2.169848
4.750000 2.182286
4.760000 2.189905
4.770000 2.191727
4.780000 2.187771
4.790000 2.179353
4.800000 2.168886
4.810000 2.159113
4.820000 2.152294
4.830000 2.149823
4.840000 2.152281
4.850000 2.159552
4.860000 2.170866
4.870000 2.184851
4.880000 2.199751
4.890000 2.213798
4.900000 2.225560
4.910000 2.234134
4.920000 2.239317
4.930000 2.241717
4.940000 2.242555
4.950000 2.243112
4.960000 2.244274
4.970000 2.246536
4.980000 2.250288
4.990000 2.255931
5.000000 2.263675
5.010000 2.273291
5.020000 2.284083
5.030000 2.295095
5.040000 2.305324
5.050000 2.313814
5.060000 2.319826
5.070000 2.323202
5.080000 2.324700
5.090000 2.325911
5.100000 2.328765
5.110000 2.334976
5.120000 2.345634
5.130000 2.360945
5.140000 2.380152
5.150000 2.401670
5.160000 2.423442
5.170000 2.443404
5.180000 2.459885
5.190000 2.471844
5.200000 2.478992
5.210000 2.481911
5.220000 2.482115
5.230000 2.481830
5.240000 2.483442
5.250000 2.488911
5.260000 2.499374
5.270000 2.515014
5.280000 2.535141
5.290000 2.558511
5.300000 2.583737
5.310000 2.609577
5.320000 2.634990
5.330000 2.659055
5.340000 2.680967
5.350000 2.700260
5.360000 2.717087
5.370000 2.732278
5.380000 2.747089
5.390000 2.762868
5.400000 2.780813
5.410000 2.801736
5.420000 2.825852
5.430000 2.852801
5.440000 2.881937
5.450000 2.912614
5.460000 2.944272
5.470000 2.976390
5.480000 3.008544
5.490000 3.040659
5.500000 3.073254
5.510000 3.107435
5.520000 3.144620
5.530000 3.186208
5.540000 3.233259
5.550000 3.286162
5.560000 3.344417
5.570000 3.406757
5.580000 3.471580
5.590000 3.537386
5.600000 3.603057
5.610000 3.668006
5.620000 3.732270
5.630000 3.796468
5.640000 3.861582
5.650000 3.928585
5.660000 3.998024
5.670000 4.069538
5.680000 4.141295
5.690000 4.209531
5.700000 4.268534
5.710000 4.311271
5.720000 4.330404
5.730000 4.319156
5.740000 4.271765
5.750000 4.183701
5.760000 4.051993
5.770000 3.875808
5.780000 3.657273
5.790000 3.402338
5.800000 3.121097
5.810000 2.826772
5.820000 2.533112
5.830000 2.251298
5.840000 1.988028
5.850000 1.745587
5.860000 1.523373
5.870000 1.319893
5.880000 1.134571
5.890000 0.968922
5.900000 0.826597
5.910000 0.712031
5.920000 0.628223
5.930000 0.574960
5.940000 0.548562
5.950000 0.543140
5.960000 0.552404
5.970000 0.570925
5.980000 0.594472
5.990000 0.619832
6.000000 0.644623
6.010000 0.667223
6.020000 0.686692
6.030000 0.702750
6.040000 0.715964
6.050000 0.727816
6.060000 0.740228
6.070000 0.754653
6.080000 0.771339
6.090000 0.789304
6.100000 0.807089
6.110000 0.823766
6.120000 0.839483
6.130000 0.855118
6.140000 0.871321
6.150000 0.887834
6.160000 0.903768
6.170000 0.918567
6.180000 0.932751
6.190000 0.947783
6.200000 0.965156
6.210000 0.985310
6.220000 1.007112
6.230000 1.028276
6.240000 1.046463
6.250000 1.060439
6.260000 1.070642
6.270000 1.078841
6.280000 1.087105
6.290000 1.096711
6.300000 1.107564
6.310000 1.118299
6.320000 1.126865
6.330000 1.131253
6.340000 1.130013
6.350000 1.122240
6.360000 1.107137
6.370000 1.083815
6.380000 1.051899
6.390000 1.012570
6.400000 0.968959
6.410000 0.925345
6.420000 0.885838
6.430000 0.853493
6.440000 0.830010
6.450000 0.815652
6.460000 0.809273
6.470000 0.808593
6.480000 0.810738
6.490000 0.812866
6.500000 0.812815
6.510000 0.809716
6.520000 0.804383
6.530000 0.799056
6.540000 0.796361
6.550000 0.798024
6.560000 0.804195
6.570000 0.813731
6.580000 0.824959
6.590000 0.836246
6.600000 0.846199
6.610000 0.853864
6.620000 0.859150
6.630000 0.863145
6.640000 0.867754
6.650000 0.874679
6.660000 0.884426
6.670000 0.896031
6.680000 0.907561
6.690000 0.916958
6.700000 0.922768
6.710000 0.924529
6.720000 0.922861
6.730000 0.919305
6.740000 0.915902
6.750000 0.914527
6.760000 0.916267
6.770000 0.921204
6.780000 0.928616
6.790000 0.937339
6.800000 0.946040
6.810000 0.953440
6.820000 0.958649
6.830000 0.961572
6.840000 0.963102
6.850000 0.964835
6.860000 0.968412
6.870000 0.974840
6.880000 0.984164
6.890000 0.995544
6.900000 1.007516
6.910000 1.018253
6.920000 1.025865
6.930000 1.028917
6.940000 1.027062
6.950000 1.021404
6.960000 1.014282
6.970000 1.008490
6.980000 1.006316
6.990000 1.008971
7.000000 1.016512
7.010000 1.027964
7.020000 1.041459
7.030000 1.054538
7.040000 1.064706
7.050000 1.070118
7.060000 1.070253
7.070000 1.066362
7.080000 1.061350
7.090000 1.058844
7.100000 1.061760
7.110000 1.071121
7.120000 1.085784
7.130000 1.103022
7.140000 1.119492
7.150000 1.132191
7.160000 1.139199
7.170000 1.140058
7.180000 1.135751
7.190000 1.128378
7.200000 1.120669
7.210000 1.115409
7.220000 1.114754
7.230000 1.119555
7.240000 1.129148
7.250000 1.141888
7.260000 1.156056
7.270000 1.170441
7.280000 1.184302
7.290000 1.196974
7.300000 1.207636
7.310000 1.215464
7.320000 1.220034
7.330000 1.221705
7.340000 1.221809
7.350000 1.222464
7.360000 1.225909
7.370000 1.233674
7.380000 1.246068
7.390000 1.262209
7.400000 1.280438
7.410000 1.298762
7.420000 1.315231
7.430000 1.328317
7.440000 1.337339
7.450000 1.342734
7.460000 1.346021
7.470000 1.349459
7.480000 1.355434
7.490000 1.365659
7.500000 1.380565
7.510000 1.399313
7.520000 1.420290
7.530000 1.441524
7.540000 1.460649
7.550000 1.474636
7.560000 1.479735
7.570000 1.471954
7.580000 1.448125
7.590000 1.407360
7.600000 1.352270
7.610000 1.288969
7.620000 1.225428
7.630000 1.168875
7.640000 1.123669
7.650000 1.090660
7.660000 1.067962
7.670000 1.052409
7.680000 1.040965
7.690000 1.031530
7.700000 1.022953
7.710000 1.014570
7.720000 1.005755
7.730000 0.995744
7.740000 0.983874
7.750000 0.970220
7.760000 0.956111
7.770000 0.943810
7.780000 0.935282
7.790000 0.931026
7.800000 0.929995
7.810000 0.930623
7.820000 0.931963
7.830000 0.934028
7.840000 0.937234
7.850000 0.941571
7.860000 0.946114
7.870000 0.949051
7.880000 0.948175
7.890000 0.941735
7.900000 0.929472
7.910000 0.913331
7.920000 0.897199
7.930000 0.885471
7.940000 0.881240
7.950000 0.885242
7.960000 0.896032
7.970000 0.910931
7.980000 0.927018
7.990000 0.941796
8.000000 0.953504
8.010000 0.961149
8.020000 0.964287
8.030000 0.962758
8.040000 0.956671
8.050000 0.946714
8.060000 0.934464
8.070000 0.922311
8.080000 0.912867
8.090000 0.908198
8.100000 0.909350
8.110000 0.916307
8.120000 0.928134
8.130000 0.943204
8.140000 0.959547
8.150000 0.975358
8.160000 0.989442
8.170000 1.001329
8.180000 1.010892
8.190000 1.017795
8.200000 1.021365
8.210000 1.021114
8.220000 1.017536
8.230000 1.012397
8.240000 1.008105
8.250000 1.006597
8.260000 1.008641
8.270000 1.013953
8.280000 1.021746
8.290000 1.031177
8.300000 1.041513
8.310000 1.052126
8.320000 1.062458
8.330000 1.071889
8.340000 1.079552
8.350000 1.084301
8.360000 1.085111
8.370000 1.081832
8.380000 1.075735
8.390000 1.069244
8.400000 1.064896
8.410000 1.064383
8.420000 1.068308
8.430000 1.076441
8.440000 1.087924
8.450000 1.101344
8.460000 1.114992
8.470000 1.127360
8.480000 1.137491
8.490000 1.144930
8.500000 1.149421
8.510000 1.150685
8.520000 1.148495
8.530000 1.143073
8.540000 1.135537
8.550000 1.127894
8.560000 1.122370
8.570000 1.120584
8.580000 1.123181
8.590000 1.129926
8.600000 1.139957
8.610000 1.152126
8.620000 1.165337
8.630000 1.178664
8.640000 1.191260
8.650000 1.202284
8.660000 1.210929
8.670000 1.216463
8.680000 1.218250
8.690000 1.215868
8.700000 1.209413
8.710000 1.199833
8.720000 1.188939
8.730000 1.178902
8.740000 1.171476
8.750000 1.167489
8.760000 1.166841
8.770000 1.168770
8.780000 1.172086
8.790000 1.175273
8.800000 1.176544
8.810000 1.173868
8.820000 1.165035
8.830000 1.147820
8.840000 1.120290
8.850000 1.081056
8.860000 1.029345
8.870000 0.965049
8.880000 0.888902
8.890000 0.802552
8.900000 0.708228
8.910000 0.608168
8.920000 0.504293
8.930000 0.398455
8.940000 0.293057
8.950000 0.191308
8.960000 0.096752
8.970000 0.012390
8.980000 -0.059943
8.990000 -0.119661
9.000000 -0.167132
9.010000 -0.203405
9.020000 -0.230118
9.030000 -0.249418
9.040000 -0.263645
9.050000 -0.274781
9.060000 -0.283928
9.070000 -0.291170
9.080000 -0.295850
9.090000 -0.296999
9.100000 -0.293693
9.110000 -0.285382
9.120000 -0.272201
9.130000 -0.255117
9.140000 -0.235793
9.150000 -0.216247
9.160000 -0.198415
9.170000 -0.183759
9.180000 -0.172992
9.190000 -0.166080
9.200000 -0.162500
9.210000 -0.161560
9.220000 -0.162553
9.230000 -0.164664
9.240000 -0.166857
9.250000 -0.167993
9.260000 -0.167164
9.270000 -0.163987
9.280000 -0.158647
9.290000 -0.151627
9.300000 -0.143334
9.310000 -0.133882
9.320000 -0.123176
9.330000 -0.111212
9.340000 -0.098310
9.350000 -0.085168
9.360000 -0.072842
9.370000 -0.062714
9.380000 -0.056247
9.390000 -0.054457
9.400000 -0.057401
9.410000 -0.064035
9.420000 -0.072484
9.430000 -0.080527
9.440000 -0.086046
9.450000 -0.087408
9.460000 -0.083809
9.470000 -0.075456
9.480000 -0.063419
9.490000 -0.049196
9.500000 -0.034272
9.510000 -0.019912
9.520000 -0.007174
9.530000 0.002996
9.540000 0.009727
9.550000 0.012321
9.560000 0.010491
9.570000 0.004628
9.580000 -0.003987
9.590000 -0.013252
9.600000 -0.020709
9.610000 -0.024303
9.620000 -0.023068
9.630000 -0.017322
9.640000 -0.008295
9.650000 0.002522
9.660000 0.013931
9.670000 0.025244
9.680000 0.036139
9.690000 0.046330
9.700000 0.055303
9.710000 0.062309
9.720000 0.066573
9.730000 0.067561
9.740000 0.065168
9.750000 0.059848
9.760000 0.052672
9.770000 0.045177
9.780000 0.039012
9.790000 0.035575
9.800000 0.035753
9.810000 0.039784
9.820000 0.047254
9.830000 0.057255
9.840000 0.068648
9.850000 0.080270
9.860000 0.091012
9.870000 0.099863
9.880000 0.106014
9.890000 0.108991
9.900000 0.108708
9.910000 0.105437
9.920000 0.099788
9.930000 0.092695
9.940000 0.085333
9.950000 0.078875
9.960000 0.074238
9.970000 0.071917
9.980000 0.071912
9.990000 0.073730
10.000000 0.076518
10.010000 0.079357
10.020000 0.081543
10.030000 0.082654
10.040000 0.082328
10.050000 0.080002
10.060000 0.074942
10.070000 0.066544
10.080000 0.054636
10.090000 0.039570
10.100000 0.022143
10.110000 0.003465
10.120000 -0.015188
10.130000 -0.032546
10.140000 -0.047508
10.150000 -0.059243
10.160000 -0.067226
10.170000 -0.071274
10.180000 -0.071588
10.190000 -0.068732
10.200000 -0.063524
10.210000 -0.056877
10.220000 -0.049706
10.230000 -0.042903
10.240000 -0.037328
10.250000 -0.033724
10.260000 -0.032633
10.270000 -0.034367
10.280000 -0.039015
10.290000 -0.046424
10.300000 -0.056120
10.310000 -0.067230
10.320000 -0.078526
10.330000 -0.088645
10.340000 -0.096399
10.350000 -0.100989
10.360000 -0.102106
10.370000 -0.099964
10.380000 -0.095228
10.390000 -0.088780
10.400000 -0.081412
10.410000 -0.073648
10.420000 -0.065786
10.430000 -0.058071
10.440000 -0.050817
10.450000 -0.044433
10.460000 -0.039401
10.470000 -0.036255
10.480000 -0.035493
10.490000 -0.037394
10.500000 -0.041838
10.510000 -0.048231
10.520000 -0.055573
10.530000 -0.062620
10.540000 -0.068090
10.550000 -0.070929
10.560000 -0.070560
10.570000 -0.066976
10.580000 -0.060634
10.590000 -0.052222
10.600000 -0.042437
10.610000 -0.031869
10.620000 -0.021025
10.630000 -0.010457
10.640000 -0.000829
10.650000 0.007155
10.660000 0.012924
10.670000 0.016174
10.680000 0.016866
10.690000 0.015149
10.700000 0.011284
10.710000 0.005640
10.720000 -0.001213
10.730000 -0.008413
10.740000 -0.014814
10.750000 -0.019188
10.760000 -0.020574
10.770000 -0.018576
10.780000 -0.013428
10.790000 -0.005801
10.800000 0.003455
10.810000 0.013498
10.820000 0.023577
10.830000 0.033053
10.840000 0.041401
10.850000 0.048240
10.860000 0.053387
10.870000 0.056896
10.880000 0.059002
10.890000 0.059965
10.900000 0.059955
10.910000 0.059052
10.920000 0.057345
10.930000 0.055021
10.940000 0.052370
10.950000 0.049753
10.960000 0.047580
10.970000 0.046313
10.980000 0.046403
10.990000 0.048154
11.000000 0.051572
11.010000 0.056317
11.020000 0.061822
11.030000 0.067491
11.040000 0.072866
11.050000 0.077724
11.060000 0.082053
11.070000 0.085962
11.080000 0.089584
11.090000 0.093016
11.100000 0.096319
11.110000 0.099548
11.120000 0.102786
11.130000 0.106128
11.140000 0.109609
11.150000 0.113145
11.160000 0.116518
11.170000 0.119432
11.180000 0.121609
11.190000 0.122892
11.200000 0.123305
11.210000 0.123061
11.220000 0.122519
11.230000 0.122091
11.240000 0.122143
11.250000 0.122926
11.260000 0.124555
11.270000 0.127036
11.280000 0.130302
11.290000 0.134273
11.300000 0.138891
11.310000 0.144113
11.320000 0.149845
11.330000 0.155892
11.340000 0.161988
11.350000 0.167875
11.360000 0.173371
11.370000 0.178357
11.380000 0.182707
11.390000 0.186200
11.400000 0.188529
11.410000 0.189389
11.420000 0.188613
11.430000 0.186262
11.440000 0.182668
11.450000 0.178363
11.460000 0.173958
11.470000 0.169984
11.480000 0.166790
11.490000 0.164526
11.500000 0.163201
11.510000 0.162763
11.520000 0.163153
11.530000 0.164342
11.540000 0.166324
11.550000 0.169045
11.560000 0.172308
11.570000 0.175742
11.580000 0.178902
11.590000 0.181397
11.600000 0.182976
11.610000 0.183547
11.620000 0.183157
11.630000 0.181963
11.640000 0.180196
11.650000 0.178090
11.660000 0.175849
11.670000 0.173666
11.680000 0.171781
11.690000 0.170514
11.700000 0.170221
11.710000 0.171196
11.720000 0.173558
11.730000 0.177189
11.740000 0.181755
11.750000 0.186785
11.760000 0.191810
11.770000 0.196458
11.780000 0.200492
11.790000 0.203771
11.800000 0.206218
11.810000 0.207797
11.820000 0.208533
11.830000 0.208535
11.840000 0.207994
11.850000 0.207147
11.860000 0.206211
11.870000 0.205337
11.880000 0.204606
11.890000 0.204073
11.900000 0.203797
11.910000 0.203856
11.920000 0.204354
11.930000 0.205429
11.940000 0.207256
11.950000 0.209989
11.960000 0.213676
11.970000 0.218209
11.980000 0.223330
11.990000 0.228689
12.000000 0.233909
12.010000 0.238643
12.020000 0.242626
12.030000 0.245690
12.040000 0.247755
12.050000 0.248805
12.060000 0.248887
12.070000 0.248142
12.080000 0.246796
12.090000 0.245113
12.100000 0.243325
12.110000 0.241631
12.120000 0.240239
12.130000 0.239417
12.140000 0.239455
12.150000 0.240546
12.160000 0.242680
12.170000 0.245620
12.180000 0.248988
12.190000 0.252384
12.200000 0.255475
12.210000 0.258033
12.220000 0.259952
12.230000 0.261261
12.240000 0.262121
12.250000 0.262772
12.260000 0.263442
12.270000 0.264242
12.280000 0.265138
12.290000 0.265992
12.300000 0.266645
12.310000 0.266960
12.320000 0.266835
12.330000 0.266199
12.340000 0.265054
12.350000 0.263531
12.360000 0.261928
12.370000 0.260682
12.380000 0.260246
12.390000 0.260903
12.400000 0.262650
12.410000 0.265229
12.420000 0.268260
12.430000 0.271399
12.440000 0.274432
12.450000 0.277297
12.460000 0.280055
12.470000 0.282815
12.480000 0.285644
12.490000 0.288524
12.500000 0.291361
12.510000 0.294040
12.520000 0.296475
12.530000 0.298644
12.540000 0.300594
12.550000 0.302407
12.560000 0.304146
12.570000 0.305799
12.580000 0.307257
12.590000 0.308361
12.600000 0.308991
12.610000 0.309155
12.620000 0.309043
12.630000 0.308999
12.640000 0.309420
12.650000 0.310606
12.660000 0.312650
12.670000 0.315424
12.680000 0.318658
12.690000 0.322018
12.700000 0.325159
12.710000 0.327784
12.720000 0.329719
12.730000 0.330954
12.740000 0.331622
12.750000 0.331921
12.760000 0.332052
12.770000 0.332174
12.780000 0.332395
12.790000 0.332766
12.800000 0.333275
12.810000 0.333830
12.820000 0.334266
12.830000 0.334387
12.840000 0.334034
12.850000 0.333150
12.860000 0.331771
12.870000 0.329969
12.880000 0.327787
12.890000 0.325247
12.900000 0.322415
12.910000 0.319471
12.920000 0.316707
12.930000 0.314447
12.940000 0.312941
12.950000 0.312317
12.960000 0.312606
12.970000 0.313778
12.980000 0.315754
12.990000 0.318381
13.000000 0.321422
13.010000 0.324576
13.020000 0.327548
13.030000 0.330114
13.040000 0.332139
13.050000 0.333567
13.060000 0.334411
13.070000 0.334752
13.080000 0.334717
13.090000 0.334435
13.100000 0.333979
13.110000 0.333345
13.120000 0.332469
13.130000 0.331276
13.140000 0.329733
13.150000 0.327864
13.160000 0.325752
13.170000 0.323516
13.180000 0.321306
13.190000 0.319295
13.200000 0.317658
13.210000 0.316537
13.220000 0.316007
13.230000 0.316092
13.240000 0.316823
13.250000 0.318278
13.260000 0.320538
13.270000 0.323602
13.280000 0.327316
13.290000 0.331381
13.300000 0.335410
13.310000 0.339005
13.320000 0.341824
13.330000 0.343637
13.340000 0.344376
13.350000 0.344165
13.360000 0.343289
13.370000 0.342099
13.380000 0.340918
13.390000 0.339967
13.400000 0.339356
13.410000 0.339081
13.420000 0.339029
13.430000 0.339001
13.440000 0.338760
13.450000 0.338095
13.460000 0.336896
13.470000 0.335196
13.480000 0.333201
13.490000 0.331266
13.500000 0.329814
13.510000 0.329183
13.520000 0.329507
13.530000 0.330691
13.540000 0.332478
13.550000 0.334536
13.560000 0.336559
13.570000 0.338349
13.580000 0.339874
13.590000 0.341253
13.600000 0.342694
13.610000 0.344393
13.620000 0.346465
13.630000 0.348910
13.640000 0.351632
13.650000 0.354483
13.660000 0.357302
13.670000 0.359942
13.680000 0.362295
13.690000 0.364329
13.700000 0.366115
13.710000 0.367804
13.720000 0.369547
13.730000 0.371400
13.740000 0.373279
13.750000 0.374979
13.760000 0.376254
13.770000 0.376910
13.780000 0.376907
13.790000 0.376408
13.800000 0.375741
13.810000 0.375280
13.820000 0.375326
13.830000 0.376046
13.840000 0.377481
13.850000 0.379568
13.860000 0.382152
13.870000 0.385013
13.880000 0.387904
13.890000 0.390607
13.900000 0.392982
13.910000 0.394982
13.920000 0.396642
13.930000 0.398063
13.940000 0.399381
13.950000 0.400722
13.960000 0.402145
13.970000 0.403633
13.980000 0.405100
13.990000 0.406415
14.000000 0.407423
14.010000 0.407953
14.020000 0.407849
14.030000 0.407009
14.040000 0.405438
14.050000 0.403282
14.060000 0.400823
14.070000 0.398391
14.080000 0.396280
14.090000 0.394695
14.100000 0.393757
14.110000 0.393505
14.120000 0.393872
14.130000 0.394693
14.140000 0.395753
14.150000 0.396870
14.160000 0.397944
14.170000 0.398978
14.180000 0.400040
14.190000 0.401194
14.200000 0.402466
14.210000 0.403857
14.220000 0.405374
14.230000 0.407027
14.240000 0.408789
14.250000 0.410569
14.260000 0.412232
14.270000 0.413655
14.280000 0.414793
14.290000 0.415684
14.300000 0.416426
14.310000 0.417119
14.320000 0.417830
14.330000 0.418570
14.340000 0.419277
14.350000 0.419809
14.360000 0.419959
14.370000 0.419524
14.380000 0.418398
14.390000 0.416652
14.400000 0.414550
14.410000 0.412485
14.420000 0.410875
14.430000 0.410029
14.440000 0.410071
14.450000 0.410933
14.460000 0.412429
14.470000 0.414343
14.480000 0.416481
14.490000 0.418694
14.500000 0.420882
14.510000 0.423007
14.520000 0.425091
14.530000 0.427195
14.540000 0.429364
14.550000 0.431597
14.560000 0.433839
14.570000 0.436002
14.580000 0.438001
14.590000 0.439766
14.600000 0.441256
14.610000 0.442473
14.620000 0.443472
14.630000 0.444350
14.640000 0.445204
14.650000 0.446081
14.660000 0.446961
14.670000 0.447760
14.680000 0.448369
14.690000 0.448681
14.700000 0.448619
14.710000 0.448170
14.720000 0.447424
14.730000 0.446610
14.740000 0.446059
14.750000 0.446101
14.760000 0.446953
14.770000 0.448645
14.780000 0.451027
14.790000 0.453823
14.800000 0.456711
14.810000 0.459412
14.820000 0.461747
14.830000 0.463652
14.840000 0.465169
14.850000 0.466410
14.860000 0.467506
14.870000 0.468564
14.880000 0.469646
14.890000 0.470767
14.900000 0.471906
14.910000 0.473018
14.920000 0.474063
14.930000 0.475023
14.940000 0.475910
14.950000 0.476745
14.960000 0.477532
14.970000 0.478248
14.980000 0.478848
14.990000 0.479280
15.000000 0.479501
15.010000 0.479477
15.020000 0.479191
15.030000 0.478657
15.040000 0.477939
15.050000 0.477155
15.060000 0.476452
15.070000 0.475956
15.080000 0.475755
15.090000 0.475897
15.100000 0.476408
15.110000 0.477286
15.120000 0.478505
15.130000 0.480026
15.140000 0.481805
15.150000 0.483798
15.160000 0.485939
15.170000 0.488144
15.180000 0.490312
15.190000 0.492358
15.200000 0.494226
15.210000 0.495900
15.220000 0.497401
15.230000 0.498762
15.240000 0.500000
15.250000 0.501093
15.260000 0.501980
15.270000 0.502580
15.280000 0.502822
15.290000 0.502657
15.300000 0.502086
15.310000 0.501159
15.320000 0.499973
15.330000 0.498651
15.340000 0.497325
15.350000 0.496133
15.360000 0.495224
15.370000 0.494743
15.380000 0.494800
15.390000 0.495425
15.400000 0.496563
15.410000 0.498106
15.420000 0.499946
15.430000 0.501992
15.440000 0.504153
15.450000 0.506331
15.460000 0.508430
15.470000 0.510386
15.480000 0.512184
15.490000 0.513845
15.500000 0.515395
15.510000 0.516847
15.520000 0.518192
15.530000 0.519398
15.540000 0.520438
15.550000 0.521311
15.560000 0.522050
15.570000 0.522707
15.580000 0.523318
15.590000 0.523875
15.600000 0.524321
15.610000 0.524577
15.620000 0.524575
15.630000 0.524288
15.640000 0.523725
15.650000 0.522918
15.660000 0.521907
15.670000 0.520754
15.680000 0.519565
15.690000 0.518510
15.700000 0.517797
15.710000 0.517601
15.720000 0.517998
15.730000 0.518938
15.740000 0.520284
15.750000 0.521876
15.760000 0.523585
15.770000 0.525324
15.780000 0.527043
15.790000 0.528724
15.800000 0.530353
15.810000 0.531912
15.820000 0.533368
15.830000 0.534693
15.840000 0.535870
15.850000 0.536909
15.860000 0.537844
15.870000 0.538720
15.880000 0.539584
15.890000 0.540474
15.900000 0.541403
15.910000 0.542358
15.920000 0.543297
15.930000 0.544161
15.940000 0.544884
15.950000 0.545409
15.960000 0.545699
15.970000 0.545743
15.980000 0.545560
15.990000 0.545190
16.000000 0.544701
16.010000 0.544184
16.020000 0.543744
16.030000 0.543487
16.040000 0.543485
16.050000 0.543776
16.060000 0.544364
16.070000 0.545231
16.080000 0.546343
16.090000 0.547655
16.100000 0.549123
16.110000 0.550702
16.120000 0.552353
16.130000 0.554042
16.140000 0.555752
16.150000 0.557483
16.160000 0.559241
16.170000 0.561022
16.180000 0.562802
16.190000 0.564546
16.200000 0.566214
16.210000 0.567771
16.220000 0.569179
16.230000 0.570405
16.240000 0.571428
16.250000 0.572236
16.260000 0.572831
16.270000 0.573215
16.280000 0.573385
16.290000 0.573339
16.300000 0.573075
16.310000 0.572608
16.320000 0.571981
16.330000 0.571275
16.340000 0.570621
16.350000 0.570171
16.360000 0.570059
16.370000 0.570350
16.380000 0.571028
16.390000 0.572010
16.400000 0.573191
16.410000 0.574475
16.420000 0.575794
16.430000 0.577105
16.440000 0.578391
16.450000 0.579645
16.460000 0.580863
16.470000 0.582030
16.480000 0.583119
16.490000 0.584105
16.500000 0.584979
16.510000 0.585758
16.520000 0.586484
16.530000 0.587193
16.540000 0.587901
16.550000 0.588582
16.560000 0.589176
16.570000 0.589599
16.580000 0.589781
16.590000 0.589692
16.600000 0.589359
16.610000 0.588855
16.620000 0.588261
16.630000 0.587639
16.640000 0.587033
16.650000 0.586484
16.660000 0.586054
16.670000 0.585824
16.680000 0.585865
16.690000 0.586210
16.700000 0.586836
16.710000 0.587676
16.720000 0.588640
16.730000 0.589639
16.740000 0.590602
16.750000 0.591482
16.760000 0.592270
16.770000 0.592989
16.780000 0.593682
16.790000 0.594389
16.800000 0.595141
16.810000 0.595955
16.820000 0.596844
16.830000 0.597823
16.840000 0.598907
16.850000 0.600094
16.860000 0.601362
16.870000 0.602672
16.880000 0.603979
16.890000 0.605237
16.900000 0.606390
16.910000 0.607382
16.920000 0.608156
16.930000 0.608672
16.940000 0.608911
16.950000 0.608880
16.960000 0.608605
16.970000 0.608137
16.980000 0.607551
16.990000 0.606957
17.000000 0.606489
17.010000 0.606282
17.020000 0.606429
17.030000 0.606950
17.040000 0.607804
17.050000 0.608915
17.060000 0.610206
17.070000 0.611611
17.080000 0.613080
17.090000 0.614565
17.100000 0.616018
17.110000 0.617400
17.120000 0.618692
17.130000 0.619897
17.140000 0.621030
17.150000 0.622101
17.160000 0.623111
17.170000 0.624062
17.180000 0.624960
17.190000 0.625819
17.200000 0.626642
17.210000 0.627417
17.220000 0.628121
17.230000 0.628729
17.240000 0.629217
17.250000 0.629561
17.260000 0.629736
17.270000 0.629725
17.280000 0.629527
17.290000 0.629162
17.300000 0.628678
17.310000 0.628154
17.320000 0.627693
17.330000 0.627399
17.340000 0.627350
17.350000 0.627567
17.360000 0.628007
17.370000 0.628591
17.380000 0.629231
17.390000 0.629873
17.400000 0.630504
17.410000 0.631139
17.420000 0.631805
17.430000 0.632519
17.440000 0.633281
17.450000 0.634074
17.460000 0.634872
17.470000 0.635655
17.480000 0.636418
17.490000 0.637167
17.500000 0.637918
17.510000 0.638677
17.520000 0.639435
17.530000 0.640163
17.540000 0.640809
17.550000 0.641317
17.560000 0.641633
17.570000 0.641727
17.580000 0.641604
17.590000 0.641288
17.600000 0.640816
17.610000 0.640222
17.620000 0.639535
17.630000 0.638794
17.640000 0.638053
17.650000 0.637390
17.660000 0.636897
17.670000 0.636662
17.680000 0.636741
17.690000 0.637134
17.700000 0.637786
17.710000 0.638602
17.720000 0.639478
17.730000 0.640326
17.740000 0.641093
17.750000 0.641764
17.760000 0.642364
17.770000 0.642939
17.780000 0.643542
17.790000 0.644218
17.800000 0.644985
17.810000 0.645840
17.820000 0.646759
17.830000 0.647712
17.840000 0.648660
17.850000 0.649565
17.860000 0.650393
17.870000 0.651122
17.880000 0.651740
17.890000 0.652234
17.900000 0.652586
17.910000 0.652777
17.920000 0.652792
17.930000 0.652630
17.940000 0.652307
17.950000 0.651858
17.960000 0.651339
17.970000 0.650822
17.980000 0.650386
17.990000 0.650112
18.000000 0.650061
18.010000 0.650245
18.020000 0.650630
18.030000 0.651147
18.040000 0.651738
18.050000 0.652373
18.060000 0.653051
18.070000 0.653776
18.080000 0.654541
18.090000 0.655332
18.100000 0.656137
18.110000 0.656952
18.120000 0.657784
18.130000 0.658640
18.140000 0.659525
18.150000 0.660430
18.160000 0.661328
18.170000 0.662179
18.180000 0.662939
18.190000 0.663569
18.200000 0.664051
18.210000 0.664390
18.220000 0.664611
18.230000 0.664748
18.240000 0.664834
18.250000 0.664889
18.260000 0.664906
18.270000 0.664857
18.280000 0.664694
18.290000 0.664376
18.300000 0.663901
18.310000 0.663328
18.320000 0.662764
18.330000 0.662332
18.340000 0.662125
18.350000 0.662177
18.360000 0.662468
18.370000 0.662948
18.380000 0.663565
18.390000 0.664273
18.400000 0.665037
18.410000 0.665829
18.420000 0.666628
18.430000 0.667424
18.440000 0.668215
18.450000 0.669003
18.460000 0.669786
18.470000 0.670550
18.480000 0.671272
18.490000 0.671929
18.500000 0.672506
18.510000 0.673010
18.520000 0.673465
18.530000 0.673899
18.540000 0.674326
18.550000 0.674742
18.560000 0.675129
18.570000 0.675464
18.580000 0.675722
18.590000 0.675879
18.600000 0.675919
18.610000 0.675840
18.620000 0.675659
18.630000 0.675417
18.640000 0.675170
18.650000 0.674986
18.660000 0.674922
18.670000 0.675012
18.680000 0.675267
18.690000 0.675677
18.700000 0.676215
18.710000 0.676842
18.720000 0.677522
18.730000 0.678230
18.740000 0.678968
18.750000 0.679755
18.760000 0.680602
18.770000 0.681491
18.780000 0.682371
18.790000 0.683172
18.800000 0.683837
18.810000 0.684337
18.820000 0.684680
18.830000 0.684899
18.840000 0.685034
18.850000 0.685126
18.860000 0.685208
18.870000 0.685304
18.880000 0.685423
18.890000 0.685556
18.900000 0.685668
18.910000 0.685712
18.920000 0.685649
18.930000 0.685464
18.940000 0.685177
18.950000 0.684848
18.960000 0.684561
18.970000 0.684406
18.980000 0.684443
18.990000 0.684682
19.000000 0.685089
19.010000 0.685614
19.020000 0.686208
19.030000 0.686840
19.040000 0.687499
19.050000 0.688184
19.060000 0.688894
19.070000 0.689622
19.080000 0.690354
19.090000 0.691066
19.100000 0.691722
19.110000 0.692280
19.120000 0.692711
19.130000 0.693017
19.140000 0.693226
19.150000 0.693377
19.160000 0.693505
19.170000 0.693634
19.180000 0.693779
19.190000 0.693954
19.200000 0.694171
19.210000 0.694437
19.220000 0.694747
19.230000 0.695095
19.240000 0.695471
19.250000 0.695863
19.260000 0.696260
19.270000 0.696651
19.280000 0.697033
19.290000 0.697401
19.300000 0.697740
19.310000 0.698028
19.320000 0.698246
19.330000 0.698399
19.340000 0.698520
19.350000 0.698657
19.360000 0.698860
19.370000 0.699168
19.380000 0.699608
19.390000 0.700189
19.400000 0.700909
19.410000 0.701746
19.420000 0.702662
19.430000 0.703609
19.440000 0.704532
19.450000 0.705383
19.460000 0.706116
19.470000 0.706691
19.480000 0.707071
19.490000 0.707231
19.500000 0.707166
19.510000 0.706901
19.520000 0.706484
19.530000 0.705982
19.540000 0.705481
19.550000 0.705077
19.560000 0.704856
19.570000 0.704873
19.580000 0.705144
19.590000 0.705645
19.600000 0.706319
19.610000 0.707094
19.620000 0.707902
19.630000 0.708694
19.640000 0.709450
19.650000 0.710181
19.660000 0.710911
19.670000 0.711659
19.680000 0.712421
19.690000 0.713174
19.700000 0.713883
19.710000 0.714521
19.720000 0.715063
19.730000 0.715499
19.740000 0.715826
19.750000 0.716060
19.760000 0.716237
19.770000 0.716404
19.780000 0.716611
19.790000 0.716899
19.800000 0.717298
19.810000 0.717827
19.820000 0.718491
19.830000 0.719279
19.840000 0.720163
19.850000 0.721110
19.860000 0.722096
19.870000 0.723104
19.880000 0.724125
19.890000 0.725145
19.900000 0.726133
19.910000 0.727052
19.920000 0.727859
19.930000 0.728520
19.940000 0.729015
19.950000 0.729347
19.960000 0.729544
19.970000 0.729650
19.980000 0.729718
19.990000 0.729791
20.000000 0.729899
