0.010000 -246923.577572
0.020000 -61729.733181
0.030000 -27434.576809
0.040000 -15431.272076
0.050000 -9875.456738
0.060000 -6857.482970
0.070000 -5037.739970
0.080000 -3856.656768
0.090000 -3046.910009
0.100000 -2467.702911
0.110000 -2039.155157
0.120000 -1713.209441
0.130000 -1459.547024
0.140000 -1258.273657
0.150000 -1095.896570
0.160000 -963.002818
0.170000 -852.863723
0.180000 -760.566085
0.190000 -682.454592
0.200000 -615.764261
0.210000 -558.372339
0.220000 -508.627269
0.230000 -465.228534
0.240000 -427.140780
0.250000 -393.531493
0.260000 -363.725112
0.270000 -337.168814
0.280000 -313.406701
0.290000 -292.060092
0.300000 -272.812354
0.310000 -255.397082
0.320000 -239.588836
0.330000 -225.195809
0.340000 -212.053977
0.350000 -200.022411
0.360000 -188.979477
0.370000 -178.819755
0.380000 -169.451508
0.390000 -160.794611
0.400000 -152.778825
0.410000 -145.342371
0.420000 -138.430738
0.430000 -131.995677
0.440000 -125.994359
0.450000 -120.388662
0.460000 -115.144559
0.470000 -110.231607
0.480000 -105.622499
0.490000 -101.292686
0.500000 -97.220050
0.510000 -93.384619
0.520000 -89.768322
0.530000 -86.354779
0.540000 -83.129110
0.550000 -80.077777
0.560000 -77.188438
0.570000 -74.449827
0.580000 -71.851638
0.590000 -69.384432
0.600000 -67.039550
0.610000 -64.809036
0.620000 -62.685572
0.630000 -60.662416
0.640000 -58.733346
0.650000 -56.892619
0.660000 -55.134920
0.670000 -53.455329
0.680000 -51.849286
0.690000 -50.312559
0.700000 -48.841214
0.710000 -47.431594
0.720000 -46.080294
0.730000 -44.784140
0.740000 -43.540172
0.750000 -42.345624
0.760000 -41.197913
0.770000 -40.094622
0.780000 -39.033486
0.790000 -38.012386
0.800000 -37.029331
0.810000 -36.082455
0.820000 -35.170004
0.830000 -34.290328
0.840000 -33.441876
0.850000 -32.623188
0.860000 -31.832886
0.870000 -31.069673
0.880000 -30.332326
0.890000 -29.619687
0.900000 -28.930665
0.910000 -28.264227
0.920000 -27.619397
0.930000 -26.995251
0.940000 -26.390911
0.950000 -25.805551
0.960000 -25.238381
0.970000 -24.688656
0.980000 -24.155669
0.990000 -23.638744
1.000000 -23.137244
1.010000 -22.650561
1.020000 -22.178116
1.030000 -21.719358
1.040000 -21.273765
1.050000 -20.840836
1.060000 -20.420096
1.070000 -20.011092
1.080000 -19.613391
1.090000 -19.226579
1.100000 -18.850263
1.110000 -18.484066
1.120000 -18.127628
1.130000 -17.780605
1.140000 -17.442668
1.150000 -17.113503
1.160000 -16.792809
1.170000 -16.480296
1.180000 -16.175688
1.190000 -15.878722
1.200000 -15.589143
1.210000 -15.306708
1.220000 -15.031184
1.230000 -14.762346
1.240000 -14.499981
1.250000 -14.243881
1.260000 -13.993848
1.270000 -13.749692
1.280000 -13.511231
1.290000 -13.278287
1.300000 -13.050693
1.310000 -12.828284
1.320000 -12.610906
1.330000 -12.398406
1.340000 -12.190639
1.350000 -11.987466
1.360000 -11.788753
1.370000 -11.594369
1.380000 -11.404189
1.390000 -11.218093
1.400000 -11.035965
1.410000 -10.857691
1.420000 -10.683164
1.430000 -10.512280
1.440000 -10.344938
1.450000 -10.181039
1.460000 -10.020491
1.470000 -9.863201
1.480000 -9.709083
1.490000 -9.558051
1.500000 -9.410024
1.510000 -9.264922
1.520000 -9.122667
1.530000 -8.983187
1.540000 -8.846408
1.550000 -8.712262
1.560000 -8.580681
1.570000 -8.451600
1.580000 -8.324956
1.590000 -8.200687
1.600000 -8.078735
1.610000 -7.959042
1.620000 -7.841551
1.630000 -7.726211
1.640000 -7.612967
1.650000 -7.501769
1.660000 -7.392568
1.670000 -7.285317
1.680000 -7.179969
1.690000 -7.076478
1.700000 -6.974802
1.710000 -6.874898
1.720000 -6.776725
1.730000 -6.680242
1.740000 -6.585412
1.750000 -6.492196
1.760000 -6.400558
1.770000 -6.310462
1.780000 -6.221873
1.790000 -6.134758
1.800000 -6.049084
1.810000 -5.964820
1.820000 -5.881933
1.830000 -5.800395
1.840000 -5.720176
1.850000 -5.641248
1.860000 -5.563582
1.870000 -5.487152
1.880000 -5.411931
1.890000 -5.337894
1.900000 -5.265016
1.910000 -5.193273
1.920000 -5.122641
1.930000 -5.053096
1.940000 -4.984618
1.950000 -4.917183
1.960000 -4.850770
1.970000 -4.785359
1.980000 -4.720929
1.990000 -4.657461
2.000000 -4.594935
2.010000 -4.533333
2.020000 -4.472636
2.030000 -4.412827
2.040000 -4.353887
2.050000 -4.295801
2.060000 -4.238551
2.070000 -4.182121
2.080000 -4.126496
2.090000 -4.071659
2.100000 -4.017597
2.110000 -3.964293
2.120000 -3.911735
2.130000 -3.859907
2.140000 -3.808796
2.150000 -3.758389
2.160000 -3.708673
2.170000 -3.659635
2.180000 -3.611262
2.190000 -3.563542
2.200000 -3.516463
2.210000 -3.470014
2.220000 -3.424183
2.230000 -3.378959
2.240000 -3.334331
2.250000 -3.290289
2.260000 -3.246822
2.270000 -3.203919
2.280000 -3.161571
2.290000 -3.119769
2.300000 -3.078501
2.310000 -3.037760
2.320000 -2.997536
2.330000 -2.957820
2.340000 -2.918603
2.350000 -2.879877
2.360000 -2.841633
2.370000 -2.803863
2.380000 -2.766559
2.390000 -2.729712
2.400000 -2.693316
2.410000 -2.657363
2.420000 -2.621845
2.430000 -2.586755
2.440000 -2.552085
2.450000 -2.517829
2.460000 -2.483980
2.470000 -2.450531
2.480000 -2.417475
2.490000 -2.384806
2.500000 -2.352518
2.510000 -2.320604
2.520000 -2.289058
2.530000 -2.257874
2.540000 -2.227046
2.550000 -2.196568
2.560000 -2.166435
2.570000 -2.136641
2.580000 -2.107181
2.590000 -2.078049
2.600000 -2.049240
2.610000 -2.020749
2.620000 -1.992573
2.630000 -1.964705
2.640000 -1.937144
2.650000 -1.909884
2.660000 -1.882923
2.670000 -1.856258
2.680000 -1.829884
2.690000 -1.803799
2.700000 -1.778001
2.710000 -1.752486
2.720000 -1.727249
2.730000 -1.702284
2.740000 -1.677586
2.750000 -1.653147
2.760000 -1.628963
2.770000 -1.605030
2.780000 -1.581344
2.790000 -1.557899
2.800000 -1.534692
2.810000 -1.511718
2.820000 -1.488981
2.830000 -1.466488
2.840000 -1.444250
2.850000 -1.422277
2.860000 -1.400568
2.870000 -1.379112
2.880000 -1.357883
2.890000 -1.336850
2.900000 -1.315987
2.910000 -1.295279
2.920000 -1.274724
2.930000 -1.254329
2.940000 -1.234103
2.950000 -1.214059
2.960000 -1.194212
2.970000 -1.174583
2.980000 -1.155199
2.990000 -1.136083
3.000000 -1.117251
3.010000 -1.098698
3.020000 -1.080392
3.030000 -1.062285
3.040000 -1.044318
3.050000 -1.026447
3.060000 -1.008648
3.070000 -0.990916
3.080000 -0.973261
3.090000 -0.955699
3.100000 -0.938251
3.110000 -0.920943
3.120000 -0.903807
3.130000 -0.886875
3.140000 -0.870175
3.150000 -0.853716
3.160000 -0.837487
3.170000 -0.821457
3.180000 -0.805584
3.190000 -0.789831
3.200000 -0.774174
3.210000 -0.758605
3.220000 -0.743122
3.230000 -0.727733
3.240000 -0.712452
3.250000 -0.697296
3.260000 -0.682277
3.270000 -0.667413
3.280000 -0.652721
3.290000 -0.638215
3.300000 -0.623895
3.310000 -0.609737
3.320000 -0.595698
3.330000 -0.581734
3.340000 -0.567811
3.350000 -0.553915
3.360000 -0.540049
3.370000 -0.526226
3.380000 -0.512467
3.390000 -0.498788
3.400000 -0.485208
3.410000 -0.471744
3.420000 -0.458418
3.430000 -0.445253
3.440000 -0.432259
3.450000 -0.419424
3.460000 -0.406720
3.470000 -0.394112
3.480000 -0.381576
3.490000 -0.369096
3.500000 -0.356670
3.510000 -0.344299
3.520000 -0.331997
3.530000 -0.319787
3.540000 -0.307698
3.550000 -0.295759
3.560000 -0.283999
3.570000 -0.272436
3.580000 -0.261078
3.590000 -0.249926
3.600000 -0.238968
3.610000 -0.228174
3.620000 -0.217501
3.630000 -0.206893
3.640000 -0.196304
3.650000 -0.185713
3.660000 -0.175132
3.670000 -0.164595
3.680000 -0.154133
3.690000 -0.143753
3.700000 -0.133444
3.710000 -0.123200
3.720000 -0.113032
3.730000 -0.102974
3.740000 -0.093056
3.750000 -0.083283
3.760000 -0.073624
3.770000 -0.064023
3.780000 -0.054431
3.790000 -0.044829
3.800000 -0.035228
3.810000 -0.025656
3.820000 -0.016132
3.830000 -0.006658
3.840000 0.002780
3.850000 0.012193
3.860000 0.021571
3.870000 0.030887
3.880000 0.040107
3.890000 0.049210
3.900000 0.058201
3.910000 0.067114
3.920000 0.075991
3.930000 0.084867
3.940000 0.093749
3.950000 0.102621
3.960000 0.111458
3.970000 0.120245
3.980000 0.128982
3.990000 0.137675
4.000000 0.146323
4.010000 0.154909
4.020000 0.163407
4.030000 0.171795
4.040000 0.180074
4.050000 0.188272
4.060000 0.196432
4.070000 0.204595
4.080000 0.212785
4.090000 0.221005
4.100000 0.229246
4.110000 0.237491
4.120000 0.245727
4.130000 0.253939
4.140000 0.262117
4.150000 0.270252
4.160000 0.278332
4.170000 0.286338
4.180000 0.294245
4.190000 0.302033
4.200000 0.309694
4.210000 0.317242
4.220000 0.324706
4.230000 0.332117
4.240000 0.339499
4.250000 0.346865
4.260000 0.354221
4.270000 0.361568
4.280000 0.368906
4.290000 0.376232
4.300000 0.383535
4.310000 0.390801
4.320000 0.398015
4.330000 0.405169
4.340000 0.412261
4.350000 0.419299
4.360000 0.426292
4.370000 0.433245
4.380000 0.440163
4.390000 0.447057
4.400000 0.453945
4.410000 0.460845
4.420000 0.467766
4.430000 0.474707
4.440000 0.481655
4.450000 0.488599
4.460000 0.495529
4.470000 0.502444
4.480000 0.509338
4.490000 0.516206
4.500000 0.523046
4.510000 0.529863
4.520000 0.536673
4.530000 0.543485
4.540000 0.550298
4.550000 0.557100
4.560000 0.563869
4.570000 0.570581
4.580000 0.577215
4.590000 0.583765
4.600000 0.590237
4.610000 0.596641
4.620000 0.602986
4.630000 0.609278
4.640000 0.615536
4.650000 0.621790
4.660000 0.628074
4.670000 0.634402
4.680000 0.640768
4.690000 0.647150
4.700000 0.653533
4.710000 0.659918
4.720000 0.666314
4.730000 0.672720
4.740000 0.679100
4.750000 0.685396
4.760000 0.691546
4.770000 0.697507
4.780000 0.703270
4.790000 0.708866
4.800000 0.714363
4.810000 0.719840
4.820000 0.725356
4.830000 0.730928
4.840000 0.736539
4.850000 0.742169
4.860000 0.747813
4.870000 0.753483
4.880000 0.759185
4.890000 0.764913
4.900000 0.770654
4.910000 0.776401
4.920000 0.782157
4.930000 0.787931
4.940000 0.793733
4.950000 0.799544
4.960000 0.805311
4.970000 0.810966
4.980000 0.816466
4.990000 0.821809
5.000000 0.827044
5.010000 0.832245
5.020000 0.837487
5.030000 0.842829
5.040000 0.848296
5.050000 0.853867
5.060000 0.859479
5.070000 0.865066
5.080000 0.870591
5.090000 0.876071
5.100000 0.881559
5.110000 0.887116
5.120000 0.892772
5.130000 0.898517
5.140000 0.904305
5.150000 0.910082
5.160000 0.915800
5.170000 0.921413
5.180000 0.926880
5.190000 0.932169
5.200000 0.937281
5.210000 0.942259
5.220000 0.947193
5.230000 0.952195
5.240000 0.957370
5.250000 0.962781
5.260000 0.968417
5.270000 0.974177
5.280000 0.979911
5.290000 0.985485
5.300000 0.990847
5.310000 0.996045
5.320000 1.001185
5.330000 1.006378
5.340000 1.011686
5.350000 1.017112
5.360000 1.022621
5.370000 1.028170
5.380000 1.033720
5.390000 1.039220
5.400000 1.044606
5.410000 1.049814
5.420000 1.054817
5.430000 1.059650
5.440000 1.064420
5.450000 1.069272
5.460000 1.074347
5.470000 1.079733
5.480000 1.085437
5.490000 1.091385
5.500000 1.097454
5.510000 1.103520
5.520000 1.109503
5.530000 1.115375
5.540000 1.121155
5.550000 1.126879
5.560000 1.132572
5.570000 1.138247
5.580000 1.143914
5.590000 1.149594
5.600000 1.155306
5.610000 1.161033
5.620000 1.166709
5.630000 1.172240
5.640000 1.177567
5.650000 1.182713
5.660000 1.187802
5.670000 1.193021
5.680000 1.198554
5.690000 1.204516
5.700000 1.210915
5.710000 1.217647
5.720000 1.224540
5.730000 1.231411
5.740000 1.238129
5.750000 1.244652
5.760000 1.251037
5.770000 1.257399
5.780000 1.263843
5.790000 1.270416
5.800000 1.277098
5.810000 1.283837
5.820000 1.290595
5.830000 1.297367
5.840000 1.304162
5.850000 1.310979
5.860000 1.317817
5.870000 1.324692
5.880000 1.331660
5.890000 1.338808
5.900000 1.346227
5.910000 1.353992
5.920000 1.362134
5.930000 1.370645
5.940000 1.379477
5.950000 1.388556
5.960000 1.397794
5.970000 1.407111
5.980000 1.416449
5.990000 1.425801
6.000000 1.435210
6.010000 1.444765
6.020000 1.454576
6.030000 1.464745
6.040000 1.475347
6.050000 1.486419
6.060000 1.497953
6.070000 1.509917
6.080000 1.522289
6.090000 1.535087
6.100000 1.548366
6.110000 1.562203
6.120000 1.576666
6.130000 1.591776
6.140000 1.607458
6.150000 1.623478
6.160000 1.639388
6.170000 1.654502
6.180000 1.667946
6.190000 1.678766
6.200000 1.686112
6.210000 1.689438
6.220000 1.688641
6.230000 1.684066
6.240000 1.676371
6.250000 1.666367
6.260000 1.654855
6.270000 1.642491
6.280000 1.629728
6.290000 1.616869
6.300000 1.604169
6.310000 1.591872
6.320000 1.580166
6.330000 1.569106
6.340000 1.558627
6.350000 1.548665
6.360000 1.539289
6.370000 1.530667
6.380000 1.522883
6.390000 1.515795
6.400000 1.509069
6.410000 1.502353
6.420000 1.495493
6.430000 1.488614
6.440000 1.482019
6.450000 1.475992
6.460000 1.470643
6.470000 1.465885
6.480000 1.461468
6.490000 1.457044
6.500000 1.452271
6.510000 1.446972
6.520000 1.441293
6.530000 1.435733
6.540000 1.430940
6.550000 1.427337
6.560000 1.424834
6.570000 1.422838
6.580000 1.420594
6.590000 1.417630
6.600000 1.414002
6.610000 1.410202
6.620000 1.406820
6.630000 1.404207
6.640000 1.402343
6.650000 1.400906
6.660000 1.399469
6.670000 1.397667
6.680000 1.395253
6.690000 1.392087
6.700000 1.388189
6.710000 1.383801
6.720000 1.379359
6.730000 1.375317
6.740000 1.372008
6.750000 1.369627
6.760000 1.368253
6.770000 1.367804
6.780000 1.367945
6.790000 1.368092
6.800000 1.367618
6.810000 1.366155
6.820000 1.363794
6.830000 1.361028
6.840000 1.358498
6.850000 1.356750
6.860000 1.356132
6.870000 1.356747
6.880000 1.358337
6.890000 1.360154
6.900000 1.361082
6.910000 1.360097
6.920000 1.356825
6.930000 1.351780
6.940000 1.346075
6.950000 1.340872
6.960000 1.336958
6.970000 1.334627
6.980000 1.333763
6.990000 1.333971
7.000000 1.334701
7.010000 1.335421
7.020000 1.335802
7.030000 1.335806
7.040000 1.335611
7.050000 1.335418
7.060000 1.335259
7.070000 1.334975
7.080000 1.334409
7.090000 1.333616
7.100000 1.332896
7.110000 1.332621
7.120000 1.333000
7.130000 1.333916
7.140000 1.334915
7.150000 1.335339
7.160000 1.334566
7.170000 1.332264
7.180000 1.328539
7.190000 1.323907
7.200000 1.319135
7.210000 1.315045
7.220000 1.312321
7.230000 1.311347
7.240000 1.312128
7.250000 1.314326
7.260000 1.317352
7.270000 1.320433
7.280000 1.322712
7.290000 1.323518
7.300000 1.322748
7.310000 1.321027
7.320000 1.319430
7.330000 1.318913
7.340000 1.319825
7.350000 1.321784
7.360000 1.323912
7.370000 1.325243
7.380000 1.325100
7.390000 1.323287
7.400000 1.320026
7.410000 1.315773
7.420000 1.311090
7.430000 1.306625
7.440000 1.303074
7.450000 1.301009
7.460000 1.300668
7.470000 1.301860
7.480000 1.304072
7.490000 1.306689
7.500000 1.309248
7.510000 1.311574
7.520000 1.313730
7.530000 1.315833
7.540000 1.317853
7.550000 1.319557
7.560000 1.320578
7.570000 1.320536
7.580000 1.319142
7.590000 1.316311
7.600000 1.312322
7.610000 1.307901
7.620000 1.304066
7.630000 1.301739
7.640000 1.301387
7.650000 1.302876
7.660000 1.305537
7.670000 1.308364
7.680000 1.310267
7.690000 1.310401
7.700000 1.308540
7.710000 1.305271
7.720000 1.301785
7.730000 1.299323
7.740000 1.298661
7.750000 1.299930
7.760000 1.302763
7.770000 1.306566
7.780000 1.310730
7.790000 1.314706
7.800000 1.318004
7.810000 1.320203
7.820000 1.320968
7.830000 1.320069
7.840000 1.317456
7.850000 1.313396
7.860000 1.308494
7.870000 1.303515
7.880000 1.299102
7.890000 1.295602
7.900000 1.293112
7.910000 1.291680
7.920000 1.291479
7.930000 1.292810
7.940000 1.295895
7.950000 1.300612
7.960000 1.306395
7.970000 1.312347
7.980000 1.317444
7.990000 1.320767
8.000000 1.321786
8.010000 1.320601
8.020000 1.317911
8.030000 1.314659
8.040000 1.311587
8.050000 1.309043
8.060000 1.307072
8.070000 1.305582
8.080000 1.304427
8.090000 1.303448
8.100000 1.302518
8.110000 1.301583
8.120000 1.300661
8.130000 1.299822
8.140000 1.299202
8.150000 1.299015
8.160000 1.299519
8.170000 1.300906
8.180000 1.303184
8.190000 1.306153
8.200000 1.309503
8.210000 1.312951
8.220000 1.316288
8.230000 1.319325
8.240000 1.321810
8.250000 1.323395
8.260000 1.323711
8.270000 1.322492
8.280000 1.319657
8.290000 1.315301
8.300000 1.309683
8.310000 1.303286
8.320000 1.296908
8.330000 1.291615
8.340000 1.288496
8.350000 1.288290
8.360000 1.291110
8.370000 1.296407
8.380000 1.303183
8.390000 1.310340
8.400000 1.316967
8.410000 1.322459
8.420000 1.326481
8.430000 1.328862
8.440000 1.329515
8.450000 1.328455
8.460000 1.325879
8.470000 1.322154
8.480000 1.317705
8.490000 1.312931
8.500000 1.308225
8.510000 1.304031
8.520000 1.300852
8.530000 1.299166
8.540000 1.299269
8.550000 1.301099
8.560000 1.304185
8.570000 1.307801
8.580000 1.311244
8.590000 1.314052
8.600000 1.316102
8.610000 1.317550
8.620000 1.318665
8.630000 1.319643
8.640000 1.320536
8.650000 1.321319
8.660000 1.321969
8.670000 1.322504
8.680000 1.322937
8.690000 1.323186
8.700000 1.322988
8.710000 1.321962
8.720000 1.319819
8.730000 1.316595
8.740000 1.312734
8.750000 1.309003
8.760000 1.306256
8.770000 1.305116
8.780000 1.305722
8.790000 1.307745
8.800000 1.310653
8.810000 1.314033
8.820000 1.317725
8.830000 1.321719
8.840000 1.325893
8.850000 1.329829
8.860000 1.332864
8.870000 1.334337
8.880000 1.333831
8.890000 1.331279
8.900000 1.326987
8.910000 1.321619
8.920000 1.316111
8.930000 1.311458
8.940000 1.308462
8.950000 1.307562
8.960000 1.308811
8.970000 1.311951
8.980000 1.316489
8.990000 1.321792
9.000000 1.327184
9.010000 1.332034
9.020000 1.335762
9.030000 1.337818
9.040000 1.337743
9.050000 1.335390
9.060000 1.331136
9.070000 1.325846
9.080000 1.320574
9.090000 1.316208
9.100000 1.313318
9.110000 1.312181
9.120000 1.312887
9.130000 1.315392
9.140000 1.319474
9.150000 1.324660
9.160000 1.330187
9.170000 1.335108
9.180000 1.338517
9.190000 1.339810
9.200000 1.338873
9.210000 1.336087
9.220000 1.332159
9.230000 1.327878
9.240000 1.323944
9.250000 1.320901
9.260000 1.319107
9.270000 1.318726
9.280000 1.319734
9.290000 1.321953
9.300000 1.325074
9.310000 1.328691
9.320000 1.332331
9.330000 1.335482
9.340000 1.337606
9.350000 1.338219
9.360000 1.337039
9.370000 1.334105
9.380000 1.329819
9.390000 1.324945
9.400000 1.320525
9.410000 1.317641
9.420000 1.317053
9.430000 1.318888
9.440000 1.322573
9.450000 1.327059
9.460000 1.331268
9.470000 1.334479
9.480000 1.336426
9.490000 1.337112
9.500000 1.336546
9.510000 1.334643
9.520000 1.331379
9.530000 1.327050
9.540000 1.322359
9.550000 1.318213
9.560000 1.315397
9.570000 1.314347
9.580000 1.315100
9.590000 1.317356
9.600000 1.320569
9.610000 1.324017
9.620000 1.326868
9.630000 1.328312
9.640000 1.327785
9.650000 1.325232
9.660000 1.321245
9.670000 1.316943
9.680000 1.313579
9.690000 1.312051
9.700000 1.312579
9.710000 1.314689
9.720000 1.317488
9.730000 1.320007
9.740000 1.321429
9.750000 1.321155
9.760000 1.318851
9.770000 1.314577
9.780000 1.308886
9.790000 1.302709
9.800000 1.297087
9.810000 1.292899
9.820000 1.290652
9.830000 1.290352
9.840000 1.291483
9.850000 1.293150
9.860000 1.294387
9.870000 1.294479
9.880000 1.293114
9.890000 1.290275
9.900000 1.286030
9.910000 1.280436
9.920000 1.273584
9.930000 1.265695
9.940000 1.257175
9.950000 1.248557
9.960000 1.240241
9.970000 1.232149
9.980000 1.223590
9.990000 1.213474
10.000000 1.200737
10.010000 1.184705
10.020000 1.165201
10.030000 1.142374
10.040000 1.116417
10.050000 1.087414
10.060000 1.055467
10.070000 1.020954
10.080000 0.984675
10.090000 0.947787
10.100000 0.911563
10.110000 0.877083
10.120000 0.844988
10.130000 0.815457
10.140000 0.788409
10.150000 0.763755
10.160000 0.741489
10.170000 0.721629
10.180000 0.704161
10.190000 0.689064
10.200000 0.676301
10.210000 0.665708
10.220000 0.656905
10.230000 0.649407
10.240000 0.642892
10.250000 0.637283
10.260000 0.632525
10.270000 0.628350
10.280000 0.624333
10.290000 0.620175
10.300000 0.615918
10.310000 0.611948
10.320000 0.608782
10.330000 0.606779
10.340000 0.605994
10.350000 0.606205
10.360000 0.606985
10.370000 0.607728
10.380000 0.607755
10.390000 0.606565
10.400000 0.604050
10.410000 0.600454
10.420000 0.596162
10.430000 0.591584
10.440000 0.587169
10.450000 0.583394
10.460000 0.580647
10.470000 0.579116
10.480000 0.578804
10.490000 0.579589
10.500000 0.581194
10.510000 0.583064
10.520000 0.584379
10.530000 0.584389
10.540000 0.582870
10.550000 0.580274
10.560000 0.577448
10.570000 0.575158
10.580000 0.573807
10.590000 0.573455
10.600000 0.574005
10.610000 0.575357
10.620000 0.577385
10.630000 0.579776
10.640000 0.581946
10.650000 0.583188
10.660000 0.582978
10.670000 0.581233
10.680000 0.578341
10.690000 0.574963
10.700000 0.571751
10.710000 0.569135
10.720000 0.567285
10.730000 0.566165
10.740000 0.565587
10.750000 0.565257
10.760000 0.564859
10.770000 0.564225
10.780000 0.563476
10.790000 0.562988
10.800000 0.563156
10.810000 0.564131
10.820000 0.565730
10.830000 0.567524
10.840000 0.569036
10.850000 0.569931
10.860000 0.570129
10.870000 0.569749
10.880000 0.568993
10.890000 0.568047
10.900000 0.567030
10.910000 0.565981
10.920000 0.564894
10.930000 0.563790
10.940000 0.562761
10.950000 0.561937
10.960000 0.561389
10.970000 0.561043
10.980000 0.560662
10.990000 0.559953
11.000000 0.558747
11.010000 0.557110
11.020000 0.555305
11.030000 0.553662
11.040000 0.552501
11.050000 0.552119
11.060000 0.552712
11.070000 0.554212
11.080000 0.556186
11.090000 0.557990
11.100000 0.559084
11.110000 0.559251
11.120000 0.558597
11.130000 0.557443
11.140000 0.556206
11.150000 0.555289
11.160000 0.554921
11.170000 0.554987
11.180000 0.555019
11.190000 0.554421
11.200000 0.552836
11.210000 0.550376
11.220000 0.547594
11.230000 0.545199
11.240000 0.543729
11.250000 0.543363
11.260000 0.543970
11.270000 0.545277
11.280000 0.546944
11.290000 0.548549
11.300000 0.549602
11.310000 0.549719
11.320000 0.548820
11.330000 0.547162
11.340000 0.545190
11.350000 0.543369
11.360000 0.542080
11.370000 0.541534
11.380000 0.541670
11.390000 0.542109
11.400000 0.542303
11.410000 0.541842
11.420000 0.540688
11.430000 0.539152
11.440000 0.537649
11.450000 0.536460
11.460000 0.535666
11.470000 0.535239
11.480000 0.535154
11.490000 0.535402
11.500000 0.535886
11.510000 0.536356
11.520000 0.536510
11.530000 0.536227
11.540000 0.535672
11.550000 0.535165
11.560000 0.534934
11.570000 0.534974
11.580000 0.535074
11.590000 0.534911
11.600000 0.534161
11.610000 0.532637
11.620000 0.530445
11.630000 0.528014
11.640000 0.525927
11.650000 0.524631
11.660000 0.524195
11.670000 0.524281
11.680000 0.524312
11.690000 0.523729
11.700000 0.522243
11.710000 0.520008
11.720000 0.517626
11.730000 0.515948
11.740000 0.515745
11.750000 0.517373
11.760000 0.520607
11.770000 0.524721
11.780000 0.528765
11.790000 0.531845
11.800000 0.533287
11.810000 0.532727
11.820000 0.530200
11.830000 0.526172
11.840000 0.521419
11.850000 0.516784
11.860000 0.512916
11.870000 0.510118
11.880000 0.508339
11.890000 0.507320
11.900000 0.506759
11.910000 0.506433
11.920000 0.506230
11.930000 0.506154
11.940000 0.506291
11.950000 0.506740
11.960000 0.507525
11.970000 0.508562
11.980000 0.509723
11.990000 0.510935
12.000000 0.512239
12.010000 0.513731
12.020000 0.515419
12.030000 0.517106
12.040000 0.518370
12.050000 0.518679
12.060000 0.517576
12.070000 0.514886
12.080000 0.510836
12.090000 0.506009
12.100000 0.501161
12.110000 0.496994
12.120000 0.494020
12.130000 0.492523
12.140000 0.492561
12.150000 0.493959
12.160000 0.496298
12.170000 0.498981
12.180000 0.501398
12.190000 0.503120
12.200000 0.504009
12.210000 0.504208
12.220000 0.504062
12.230000 0.503990
12.240000 0.504331
12.250000 0.505161
12.260000 0.506174
12.270000 0.506771
12.280000 0.506352
12.290000 0.504655
12.300000 0.501872
12.310000 0.498483
12.320000 0.494965
12.330000 0.491622
12.340000 0.488607
12.350000 0.486051
12.360000 0.484162
12.370000 0.483235
12.380000 0.483562
12.390000 0.485268
12.400000 0.488209
12.410000 0.492015
12.420000 0.496198
12.430000 0.500247
12.440000 0.503654
12.450000 0.505965
12.460000 0.506851
12.470000 0.506170
12.480000 0.503974
12.490000 0.500483
12.500000 0.496052
12.510000 0.491131
12.520000 0.486193
12.530000 0.481674
12.540000 0.477940
12.550000 0.475280
12.560000 0.473896
12.570000 0.473864
12.580000 0.475115
12.590000 0.477447
12.600000 0.480553
12.610000 0.484069
12.620000 0.487674
12.630000 0.491185
12.640000 0.494579
12.650000 0.497891
12.660000 0.501059
12.670000 0.503859
12.680000 0.505932
12.690000 0.506828
12.700000 0.506070
12.710000 0.503304
12.720000 0.498522
12.730000 0.492179
12.740000 0.485086
12.750000 0.478162
12.760000 0.472207
12.770000 0.467775
12.780000 0.465143
12.790000 0.464343
12.800000 0.465215
12.810000 0.467474
12.820000 0.470782
12.830000 0.474814
12.840000 0.479282
12.850000 0.483917
12.860000 0.488416
12.870000 0.492425
12.880000 0.495571
12.890000 0.497539
12.900000 0.498143
12.910000 0.497373
12.920000 0.495427
12.930000 0.492664
12.940000 0.489492
12.950000 0.486213
12.960000 0.482932
12.970000 0.479607
12.980000 0.476196
12.990000 0.472814
13.000000 0.469779
13.010000 0.467524
13.020000 0.466428
13.030000 0.466667
13.040000 0.468182
13.050000 0.470736
13.060000 0.474008
13.070000 0.477689
13.080000 0.481505
13.090000 0.485198
13.100000 0.488475
13.110000 0.491014
13.120000 0.492532
13.130000 0.492895
13.140000 0.492190
13.150000 0.490691
13.160000 0.488749
13.170000 0.486701
13.180000 0.484814
13.190000 0.483242
13.200000 0.481992
13.210000 0.480940
13.220000 0.479910
13.230000 0.478808
13.240000 0.477725
13.250000 0.476969
13.260000 0.476952
13.270000 0.478007
13.280000 0.480213
13.290000 0.483345
13.300000 0.486939
13.310000 0.490397
13.320000 0.493091
13.330000 0.494483
13.340000 0.494307
13.350000 0.492728
13.360000 0.490326
13.370000 0.487875
13.380000 0.486076
13.390000 0.485381
13.400000 0.485950
13.410000 0.487666
13.420000 0.490203
13.430000 0.493119
13.440000 0.496003
13.450000 0.498575
13.460000 0.500685
13.470000 0.502237
13.480000 0.503136
13.490000 0.503338
13.500000 0.502940
13.510000 0.502189
13.520000 0.501361
13.530000 0.500614
13.540000 0.499927
13.550000 0.499177
13.560000 0.498285
13.570000 0.497318
13.580000 0.496466
13.590000 0.495932
13.600000 0.495853
13.610000 0.496287
13.620000 0.497249
13.630000 0.498751
13.640000 0.500821
13.650000 0.503498
13.660000 0.506795
13.670000 0.510641
13.680000 0.514824
13.690000 0.519008
13.700000 0.522805
13.710000 0.525866
13.720000 0.527923
13.730000 0.528805
13.740000 0.528446
13.750000 0.526913
13.760000 0.524426
13.770000 0.521338
13.780000 0.518088
13.790000 0.515128
13.800000 0.512864
13.810000 0.511599
13.820000 0.511488
13.830000 0.512508
13.840000 0.514500
13.850000 0.517224
13.860000 0.520427
13.870000 0.523889
13.880000 0.527467
13.890000 0.531133
13.900000 0.534957
13.910000 0.539037
13.920000 0.543392
13.930000 0.547874
13.940000 0.552158
13.950000 0.555798
13.960000 0.558327
13.970000 0.559338
13.980000 0.558563
13.990000 0.555973
14.000000 0.551841
14.010000 0.546726
14.020000 0.541368
14.030000 0.536533
14.040000 0.532857
14.050000 0.530750
14.060000 0.530351
14.070000 0.531550
14.080000 0.534061
14.090000 0.537515
14.100000 0.541547
14.110000 0.545829
14.120000 0.550047
14.130000 0.553861
14.140000 0.556924
14.150000 0.558992
14.160000 0.560060
14.170000 0.560392
14.180000 0.560374
14.190000 0.560302
14.200000 0.560286
14.210000 0.560278
14.220000 0.560149
14.230000 0.559726
14.240000 0.558831
14.250000 0.557369
14.260000 0.555411
14.270000 0.553222
14.280000 0.551176
14.290000 0.549631
14.300000 0.548859
14.310000 0.549037
14.320000 0.550289
14.330000 0.552721
14.340000 0.556395
14.350000 0.561256
14.360000 0.567052
14.370000 0.573317
14.380000 0.579436
14.390000 0.584783
14.400000 0.588884
14.410000 0.591538
14.420000 0.592837
14.430000 0.593083
14.440000 0.592646
14.450000 0.591838
14.460000 0.590845
14.470000 0.589743
14.480000 0.588560
14.490000 0.587346
14.500000 0.586228
14.510000 0.585427
14.520000 0.585240
14.530000 0.585968
14.540000 0.587809
14.550000 0.590775
14.560000 0.594681
14.570000 0.599194
14.580000 0.603907
14.590000 0.608408
14.600000 0.612322
14.610000 0.615372
14.620000 0.617445
14.630000 0.618652
14.640000 0.619314
14.650000 0.619871
14.660000 0.620714
14.670000 0.622051
14.680000 0.623849
14.690000 0.625877
14.700000 0.627779
14.710000 0.629180
14.720000 0.629813
14.730000 0.629653
14.740000 0.628958
14.750000 0.628178
14.760000 0.627762
14.770000 0.627985
14.780000 0.628880
14.790000 0.630305
14.800000 0.632046
14.810000 0.633919
14.820000 0.635788
14.830000 0.637546
14.840000 0.639096
14.850000 0.640398
14.860000 0.641522
14.870000 0.642646
14.880000 0.643968
14.890000 0.645597
14.900000 0.647493
14.910000 0.649472
14.920000 0.651252
14.930000 0.652500
14.940000 0.652893
14.950000 0.652208
14.960000 0.650434
14.970000 0.647846
14.980000 0.644983
14.990000 0.642487
15.000000 0.640860
15.010000 0.640278
15.020000 0.640573
15.030000 0.641370
15.040000 0.642279
15.050000 0.643008
15.060000 0.643390
15.070000 0.643352
15.080000 0.642894
15.090000 0.642079
15.100000 0.641011
15.110000 0.639802
15.120000 0.638529
15.130000 0.637213
15.140000 0.635836
15.150000 0.634362
15.160000 0.632757
15.170000 0.630989
15.180000 0.629045
15.190000 0.626968
15.200000 0.624870
15.210000 0.622896
15.220000 0.621149
15.230000 0.619660
15.240000 0.618412
15.250000 0.617398
15.260000 0.616638
15.270000 0.616126
15.280000 0.615774
15.290000 0.615409
15.300000 0.614844
15.310000 0.613962
15.320000 0.612785
15.330000 0.611484
15.340000 0.610322
15.350000 0.609561
15.360000 0.609370
15.370000 0.609762
15.380000 0.610578
15.390000 0.611518
15.400000 0.612240
15.410000 0.612472
15.420000 0.612118
15.430000 0.611270
15.440000 0.610132
15.450000 0.608891
15.460000 0.607637
15.470000 0.606372
15.480000 0.605089
15.490000 0.603838
15.500000 0.602762
15.510000 0.602066
15.520000 0.601951
15.530000 0.602532
15.540000 0.603802
15.550000 0.605650
15.560000 0.607905
15.570000 0.610363
15.580000 0.612798
15.590000 0.614963
15.600000 0.616628
15.610000 0.617621
15.620000 0.617898
15.630000 0.617580
15.640000 0.616939
15.650000 0.616301
15.660000 0.615924
15.670000 0.615923
15.680000 0.616288
15.690000 0.616965
15.700000 0.617929
15.710000 0.619219
15.720000 0.620883
15.730000 0.622892
15.740000 0.625098
15.750000 0.627256
15.760000 0.629085
15.770000 0.630313
15.780000 0.630719
15.790000 0.630174
15.800000 0.628667
15.810000 0.626297
15.820000 0.623224
15.830000 0.619618
15.840000 0.615637
15.850000 0.611430
15.860000 0.607140
15.870000 0.602885
15.880000 0.598759
15.890000 0.594835
15.900000 0.591179
15.910000 0.587838
15.920000 0.584824
15.930000 0.582109
15.940000 0.579647
15.950000 0.577405
15.960000 0.575372
15.970000 0.573508
15.980000 0.571690
15.990000 0.569714
16.000000 0.567348
16.010000 0.564414
16.020000 0.560842
16.030000 0.556715
16.040000 0.552293
16.050000 0.547957
16.060000 0.544086
16.070000 0.540923
16.080000 0.538540
16.090000 0.536901
16.100000 0.535953
16.110000 0.535648
16.120000 0.535914
16.130000 0.536642
16.140000 0.537719
16.150000 0.539033
16.160000 0.540451
16.170000 0.541780
16.180000 0.542795
16.190000 0.543286
16.200000 0.543105
16.210000 0.542202
16.220000 0.540651
16.230000 0.538670
16.240000 0.536621
16.250000 0.534945
16.260000 0.534034
16.270000 0.534107
16.280000 0.535169
16.290000 0.537053
16.300000 0.539496
16.310000 0.542192
16.320000 0.544830
16.330000 0.547110
16.340000 0.548761
16.350000 0.549571
16.360000 0.549453
16.370000 0.548496
16.380000 0.546983
16.390000 0.545322
16.400000 0.543941
16.410000 0.543169
16.420000 0.543183
16.430000 0.543991
16.440000 0.545452
16.450000 0.547315
16.460000 0.549300
16.470000 0.551174
16.480000 0.552777
16.490000 0.554001
16.500000 0.554765
16.510000 0.555036
16.520000 0.554889
16.530000 0.554535
16.540000 0.554257
16.550000 0.554270
16.560000 0.554625
16.570000 0.555219
16.580000 0.555894
16.590000 0.556516
16.600000 0.557019
16.610000 0.557392
16.620000 0.557641
16.630000 0.557779
16.640000 0.557836
16.650000 0.557900
16.660000 0.558107
16.670000 0.558589
16.680000 0.559397
16.690000 0.560464
16.700000 0.561633
16.710000 0.562724
16.720000 0.563587
16.730000 0.564123
16.740000 0.564296
16.750000 0.564158
16.760000 0.563870
16.770000 0.563667
16.780000 0.563779
16.790000 0.564321
16.800000 0.565268
16.810000 0.566486
16.820000 0.567806
16.830000 0.569071
16.840000 0.570162
16.850000 0.571017
16.860000 0.571638
16.870000 0.572087
16.880000 0.572473
16.890000 0.572919
16.900000 0.573517
16.910000 0.574297
16.920000 0.575221
16.930000 0.576222
16.940000 0.577252
16.950000 0.578287
16.960000 0.579302
16.970000 0.580255
16.980000 0.581110
16.990000 0.581870
17.000000 0.582585
17.010000 0.583317
17.020000 0.584105
17.030000 0.584945
17.040000 0.585813
17.050000 0.586691
17.060000 0.587586
17.070000 0.588516
17.080000 0.589470
17.090000 0.590388
17.100000 0.591186
17.110000 0.591822
17.120000 0.592333
17.130000 0.592835
17.140000 0.593474
17.150000 0.594372
17.160000 0.595590
17.170000 0.597114
17.180000 0.598854
17.190000 0.600644
17.200000 0.602268
17.210000 0.603508
17.220000 0.604229
17.230000 0.604412
17.240000 0.604137
17.250000 0.603527
17.260000 0.602691
17.270000 0.601721
17.280000 0.600700
17.290000 0.599710
17.300000 0.598827
17.310000 0.598104
17.320000 0.597560
17.330000 0.597178
17.340000 0.596920
17.350000 0.596729
17.360000 0.596548
17.370000 0.596315
17.380000 0.595985
17.390000 0.595548
17.400000 0.595048
17.410000 0.594562
17.420000 0.594147
17.430000 0.593784
17.440000 0.593370
17.450000 0.592762
17.460000 0.591850
17.470000 0.590608
17.480000 0.589102
17.490000 0.587462
17.500000 0.585836
17.510000 0.584343
17.520000 0.583032
17.530000 0.581853
17.540000 0.580667
17.550000 0.579297
17.560000 0.577596
17.570000 0.575521
17.580000 0.573150
17.590000 0.570641
17.600000 0.568165
17.610000 0.565866
17.620000 0.563851
17.630000 0.562205
17.640000 0.560980
17.650000 0.560174
17.660000 0.559722
17.670000 0.559517
17.680000 0.559449
17.690000 0.559439
17.700000 0.559442
17.710000 0.559435
17.720000 0.559419
17.730000 0.559411
17.740000 0.559444
17.750000 0.559546
17.760000 0.559714
17.770000 0.559906
17.780000 0.560065
17.790000 0.560160
17.800000 0.560209
17.810000 0.560266
17.820000 0.560395
17.830000 0.560647
17.840000 0.561045
17.850000 0.561586
17.860000 0.562245
17.870000 0.562965
17.880000 0.563652
17.890000 0.564188
17.900000 0.564478
17.910000 0.564492
17.920000 0.564290
17.930000 0.564004
17.940000 0.563798
17.950000 0.563813
17.960000 0.564116
17.970000 0.564688
17.980000 0.565436
17.990000 0.566244
18.000000 0.567023
18.010000 0.567727
18.020000 0.568355
18.030000 0.568922
18.040000 0.569437
18.050000 0.569884
18.060000 0.570235
18.070000 0.570466
18.080000 0.570573
18.090000 0.570591
18.100000 0.570585
18.110000 0.570642
18.120000 0.570838
18.130000 0.571203
18.140000 0.571712
18.150000 0.572311
18.160000 0.572947
18.170000 0.573568
18.180000 0.574120
18.190000 0.574552
18.200000 0.574848
18.210000 0.575050
18.220000 0.575225
18.230000 0.575433
18.240000 0.575707
18.250000 0.576064
18.260000 0.576504
18.270000 0.576999
18.280000 0.577496
18.290000 0.577942
18.300000 0.578317
18.310000 0.578627
18.320000 0.578885
18.330000 0.579097
18.340000 0.579270
18.350000 0.579411
18.360000 0.579534
18.370000 0.579662
18.380000 0.579828
18.390000 0.580060
18.400000 0.580346
18.410000 0.580617
18.420000 0.580783
18.430000 0.580779
18.440000 0.580609
18.450000 0.580331
18.460000 0.580023
18.470000 0.579748
18.480000 0.579534
18.490000 0.579375
18.500000 0.579246
18.510000 0.579125
18.520000 0.579013
18.530000 0.578939
18.540000 0.578945
18.550000 0.579068
18.560000 0.579315
18.570000 0.579662
18.580000 0.580069
18.590000 0.580498
18.600000 0.580930
18.610000 0.581363
18.620000 0.581801
18.630000 0.582237
18.640000 0.582658
18.650000 0.583054
18.660000 0.583435
18.670000 0.583828
18.680000 0.584255
18.690000 0.584713
18.700000 0.585171
18.710000 0.585588
18.720000 0.585944
18.730000 0.586258
18.740000 0.586587
18.750000 0.586999
18.760000 0.587537
18.770000 0.588192
18.780000 0.588909
18.790000 0.589618
18.800000 0.590268
18.810000 0.590847
18.820000 0.591358
18.830000 0.591804
18.840000 0.592183
18.850000 0.592501
18.860000 0.592796
18.870000 0.593124
18.880000 0.593539
18.890000 0.594059
18.900000 0.594666
18.910000 0.595320
18.920000 0.595989
18.930000 0.596665
18.940000 0.597355
18.950000 0.598069
18.960000 0.598808
18.970000 0.599565
18.980000 0.600329
18.990000 0.601090
19.000000 0.601830
19.010000 0.602525
19.020000 0.603151
19.030000 0.603691
19.040000 0.604158
19.050000 0.604594
19.060000 0.605066
19.070000 0.605638
19.080000 0.606339
19.090000 0.607144
19.100000 0.607993
19.110000 0.608813
19.120000 0.609554
19.130000 0.610200
19.140000 0.610769
19.150000 0.611288
19.160000 0.611785
19.170000 0.612269
19.180000 0.612734
19.190000 0.613164
19.200000 0.613534
19.210000 0.613822
19.220000 0.614016
19.230000 0.614118
19.240000 0.614140
19.250000 0.614099
19.260000 0.614011
19.270000 0.613883
19.280000 0.613717
19.290000 0.613518
19.300000 0.613307
19.310000 0.613130
19.320000 0.613042
19.330000 0.613097
19.340000 0.613330
19.350000 0.613756
19.360000 0.614371
19.370000 0.615153
19.380000 0.616052
19.390000 0.617007
19.400000 0.617961
19.410000 0.618880
19.420000 0.619766
19.430000 0.620654
19.440000 0.621599
19.450000 0.622664
19.460000 0.623895
19.470000 0.625297
19.480000 0.626821
19.490000 0.628376
19.500000 0.629865
19.510000 0.631218
19.520000 0.632408
19.530000 0.633460
19.540000 0.634435
19.550000 0.635413
19.560000 0.636475
19.570000 0.637675
19.580000 0.639026
19.590000 0.640504
19.600000 0.642061
19.610000 0.643646
19.620000 0.645217
19.630000 0.646752
19.640000 0.648250
19.650000 0.649718
19.660000 0.651159
19.670000 0.652556
19.680000 0.653875
19.690000 0.655062
19.700000 0.656062
19.710000 0.656831
19.720000 0.657359
19.730000 0.657672
19.740000 0.657823
19.750000 0.657868
19.760000 0.657859
19.770000 0.657829
19.780000 0.657786
19.790000 0.657723
19.800000 0.657640
19.810000 0.657563
19.820000 0.657534
19.830000 0.657591
19.840000 0.657749
19.850000 0.657995
19.860000 0.658306
19.870000 0.658661
19.880000 0.659042
19.890000 0.659429
19.900000 0.659796
19.910000 0.660127
19.920000 0.660429
19.930000 0.660740
19.940000 0.661111
19.950000 0.661575
19.960000 0.662130
19.970000 0.662747
19.980000 0.663376
19.990000 0.663972
20.000000 0.664507
