124000.0000000000 0.0000000010
62000.0000000000 0.0000000154
41333.3333333333 0.0000000725
31000.0000000000 0.0000002087
24800.0000000000 0.0000004570
20666.6666666667 0.0000008416
17714.2857142857 0.0000013772
15500.0000000000 0.0000020705
13777.7777777778 0.0000029233
12400.0000000000 0.0000039341
11272.7272727273 0.0000051002
10333.3333333333 0.0000063886
9538.4615384615 0.0000078514
8857.1428571429 0.0000094598
8266.6666666667 0.0000112111
7750.0000000000 0.0000131030
7294.1176470588 0.0000151335
6888.8888888889 0.0000173010
6526.3157894737 0.0000196042
6200.0000000000 0.0000220418
5904.7619047619 0.0000246129
5636.3636363636 0.0000273167
5391.3043478261 0.0000301525
5166.6666666667 0.0000331965
4960.0000000000 0.0000362985
4769.2307692308 0.0000395310
4592.5925925926 0.0000428937
4428.5714285714 0.0000463862
4275.8620689655 0.0000500084
4133.3333333333 0.0000537600
4000.0000000000 0.0000576408
3875.0000000000 0.0000616506
3757.5757575758 0.0000657894
3647.0588235294 0.0000700569
3542.8571428571 0.0000745713
3444.4444444444 0.0000790998
3351.3513513514 0.0000837568
3263.1578947368 0.0000885422
3179.4871794872 0.0000934560
3100.0000000000 0.0000984981
3024.3902439024 0.0001038087
2952.3809523810 0.0001091109
2883.7209302326 0.0001145413
2818.1818181818 0.0001200997
2755.5555555556 0.0001259412
2695.6521739130 0.0001317595
2638.2978723404 0.0001377058
2583.3333333333 0.0001439460
2530.6122448980 0.0001501519
2480.0000000000 0.0001564858
2431.3725490196 0.0001631244
2384.6153846154 0.0001697178
2339.6226415094 0.0001766231
2296.2962962963 0.0001834760
2254.5454545455 0.0001904568
2214.2857142857 0.0001977602
2175.4385964912 0.0002050003
2137.9310344828 0.0002125704
2101.6949152542 0.0002200698
2066.6666666667 0.0002279064
2032.7868852459 0.0002358780
2000.0000000000 0.0002437681
1968.2539682540 0.0002520062
1937.5000000000 0.0002601556
1907.6923076923 0.0002686600
1878.7878787879 0.0002772995
1850.7462686567 0.0002860740
1823.5294117647 0.0002947454
1797.1014492754 0.0003037862
1771.4285714286 0.0003129620
1746.4788732394 0.0003222728
1722.2222222222 0.0003314661
1698.6301369863 0.0003410432
1675.6756756757 0.0003507552
1653.3333333333 0.0003606022
1631.5789473684 0.0003705841
1610.3896103896 0.0003807010
1589.7435897436 0.0003909528
1569.6202531646 0.0004013395
1550.0000000000 0.0004118611
1530.8641975309 0.0004225177
1512.1951219512 0.0004333091
1493.9759036145 0.0004442355
1476.1904761905 0.0004552968
1458.8235294118 0.0004667920
1441.8604651163 0.0004781267
1425.2873563218 0.0004895962
1409.0909090909 0.0005012007
1393.2584269663 0.0005132534
1377.7777777778 0.0005251312
1362.6373626374 0.0005371439
1347.8260869565 0.0005496156
1333.3333333333 0.0005619016
1319.1489361702 0.0005746538
1305.2631578947 0.0005872131
1291.6666666667 0.0006002458
1278.3505154639 0.0006130785
1265.3061224490 0.0006263916
1252.5252525253 0.0006398467
1240.0000000000 0.0006530911
1227.7227722772 0.0006668267
1215.6862745098 0.0006807042
1203.8834951456 0.0006947238
1192.3076923077 0.0007088853
1180.9523809524 0.0007231889
1169.8113207547 0.0007372604
1158.8785046729 0.0007518444
1148.1481481481 0.0007665703
1137.6146788991 0.0007818230
1127.2727272727 0.0007968366
1117.1171171171 0.0008119921
1107.1428571429 0.0008272895
1097.3451327434 0.0008427290
1087.7192982456 0.0008583105
1078.2608695652 0.0008744400
1068.9655172414 0.0008903090
1059.8290598291 0.0009067332
1050.8474576271 0.0009228897
1042.0168067227 0.0009391882
1033.3333333333 0.0009560525
1024.7933884298 0.0009730660
1016.3934426230 0.0009897975
1008.1300813008 0.0010071056
1000.0000000000 0.0010245628
992.0000000000 0.0010421691
984.1269841270 0.0010594792
976.3779527559 0.0010773801
968.7500000000 0.0010954301
961.2403100775 0.0011136291
953.8461538462 0.0011319773
946.5648854962 0.0011504745
939.3939393939 0.0011695875
932.3308270677 0.0011883864
925.3731343284 0.0012073344
918.5185185185 0.0012264315
911.7647058824 0.0012461586
905.1094890511 0.0012655574
898.5507246377 0.0012855933
892.0863309353 0.0013052938
885.7142857143 0.0013256385
879.4326241135 0.0013461394
873.2394366197 0.0013662942
867.1328671329 0.0013871039
861.1111111111 0.0014080698
855.1724137931 0.0014291918
849.3150684932 0.0014504701
843.5374149660 0.0014719045
837.8378378378 0.0014934950
832.2147651007 0.0015152418
826.6666666667 0.0015376754
821.1920529801 0.0015597381
815.7894736842 0.0015819569
810.4575163399 0.0016048733
805.1948051948 0.0016274079
800.0000000000 0.0016506473
794.8717948718 0.0016734979
789.8089171975 0.0016970603
784.8101265823 0.0017207859
779.8742138365 0.0017446749
775.0000000000 0.0017687270
770.1863354037 0.0017929425
765.4320987654 0.0018173212
760.7361963190 0.0018418632
756.0975609756 0.0018665684
751.5151515152 0.0018920211
746.9879518072 0.0019170564
742.5149700599 0.0019428462
738.0952380952 0.0019682115
733.7278106509 0.0019943385
729.4117647059 0.0020206359
725.1461988304 0.0020471036
720.9302325581 0.0020731326
716.7630057803 0.0020999375
712.6436781609 0.0021275289
708.5714285714 0.0021546780
704.5454545455 0.0021819975
700.5649717514 0.0022094873
696.6292134831 0.0022377779
692.7374301676 0.0022656120
688.8888888889 0.0022942539
685.0828729282 0.0023230732
681.3186813187 0.0023520700
677.5956284153 0.0023805962
673.9130434783 0.0024099444
670.2702702703 0.0024401252
666.6666666667 0.0024698318
663.1016042781 0.0024997159
659.5744680851 0.0025304433
656.0846560847 0.0025606858
652.6315789474 0.0025917787
649.2146596859 0.0026223797
645.8333333333 0.0026538382
642.4870466321 0.0026854812
639.1752577320 0.0027173088
635.8974358974 0.0027493209
632.6530612245 0.0027822119
629.4416243655 0.0028145966
626.2626262626 0.0028478673
623.1155778894 0.0028806247
620.0000000000 0.0029142751
616.9154228856 0.0029481172
613.8613861386 0.0029821510
610.8374384236 0.0030163763
607.8431372549 0.0030507933
604.8780487805 0.0030861282
601.9417475728 0.0031209320
599.0338164251 0.0031566609
596.1538461538 0.0031918515
593.3014354067 0.0032279742
590.4761904762 0.0032642957
587.6777251185 0.0033008159
584.9056603774 0.0033382860
582.1596244131 0.0033752072
579.4392523364 0.0034130855
576.7441860465 0.0034504077
574.0740740741 0.0034886940
571.4285714286 0.0035271861
568.8073394495 0.0035658841
566.2100456621 0.0036055639
563.6363636364 0.0036446770
561.0859728507 0.0036847791
558.5585585586 0.0037243074
556.0538116592 0.0037648318
553.5714285714 0.0038055691
551.1111111111 0.0038473166
548.6725663717 0.0038884833
546.2555066079 0.0039306673
543.8596491228 0.0039722633
541.4847161572 0.0040148838
539.1304347826 0.0040577243
536.7965367965 0.0041016034
534.4827586207 0.0041448875
532.1888412017 0.0041892173
529.9145299145 0.0042337742
527.6595744681 0.0042785582
525.4237288136 0.0043235693
523.2067510549 0.0043688075
521.0084033613 0.0044151163
518.8284518828 0.0044616593
516.6666666667 0.0045084365
514.5228215768 0.0045554479
512.3966942149 0.0046035512
510.2880658436 0.0046510345
508.1967213115 0.0046996168
506.1224489796 0.0047484404
504.0650406504 0.0047983771
502.0242914980 0.0048476868
500.0000000000 0.0048981168
497.9919678715 0.0049487952
496.0000000000 0.0049997220
494.0239043825 0.0050517868
492.0634920635 0.0051041070
490.1185770751 0.0051566827
488.1889763780 0.0052095139
486.2745098039 0.0052626006
484.3750000000 0.0053168501
482.4902723735 0.0053713622
480.6201550388 0.0054270514
478.7644787645 0.0054820922
476.9230769231 0.0055383171
475.0957854406 0.0055957369
473.2824427481 0.0056525047
471.4828897338 0.0057104744
469.6969696970 0.0057687208
467.9245283019 0.0058281834
466.1654135338 0.0058879298
464.4194756554 0.0059479600
462.6865671642 0.0060092241
460.9665427509 0.0060707792
459.2592592593 0.0061326251
457.5645756458 0.0061947620
455.8823529412 0.0062581540
454.2124542125 0.0063228118
452.5547445255 0.0063877747
450.9090909091 0.0064530427
449.2753623188 0.0065186158
447.6534296029 0.0065864580
446.0431654676 0.0066536339
444.4444444444 0.0067221111
442.8571428571 0.0067909076
441.2811387900 0.0068610196
439.7163120567 0.0069324576
438.1625441696 0.0070032259
436.6197183099 0.0070763342
435.0877192982 0.0071497830
433.5664335664 0.0072235724
432.0557491289 0.0072987198
430.5555555556 0.0073752359
429.0657439446 0.0074521068
427.5862068966 0.0075293323
426.1168384880 0.0076089760
424.6575342466 0.0076889885
423.2081911263 0.0077704088
421.7687074830 0.0078522050
420.3389830508 0.0079354232
418.9189189189 0.0080200738
417.5084175084 0.0081051146
416.1073825503 0.0081926587
414.7157190635 0.0082806071
413.3333333333 0.0083700234
411.9601328904 0.0084609184
410.5960264901 0.0085522320
409.2409240924 0.0086461126
407.8947368421 0.0087415037
406.5573770492 0.0088384159
405.2287581699 0.0089357752
403.9087947883 0.0090357581
402.5974025974 0.0091372942
401.2944983819 0.0092403939
400.0000000000 0.0093461671
398.7138263666 0.0094535324
397.4358974359 0.0095625003
396.1661341853 0.0096730817
394.9044585987 0.0097864002
393.6507936508 0.0099024773
392.4050632911 0.0100202139
391.1671924290 0.0101407444
389.9371069182 0.0102640901
388.7147335423 0.0103902724
387.5000000000 0.0105193125
386.2928348910 0.0106512316
385.0931677019 0.0107860510
383.9009287926 0.0109249373
382.7160493827 0.0110667734
381.5384615385 0.0112127331
380.3680981595 0.0113628482
379.2048929664 0.0115171505
378.0487804878 0.0116768350
376.8996960486 0.0118407776
375.7575757576 0.0120101803
374.6223564955 0.0121850856
373.4939759036 0.0123655360
372.3723723724 0.0125527547
371.2574850299 0.0127467949
370.1492537313 0.0129488973
369.0476190476 0.0131591258
367.9525222552 0.0133787389
366.8639053254 0.0136078110
365.7817109145 0.0138464166
364.7058823529 0.0140970409
363.6363636364 0.0143609884
362.5730994152 0.0146395779
361.5160349854 0.0149329264
360.4651162791 0.0152423701
359.4202898551 0.0155717060
358.3815028902 0.0159223201
357.3487031700 0.0162968426
356.3218390805 0.0166979321
355.3008595989 0.0171282755
354.2857142857 0.0175918286
353.2763532764 0.0180938342
352.2727272727 0.0186370956
351.2747875354 0.0192294499
350.2824858757 0.0198750542
349.2957746479 0.0205806247
348.3146067416 0.0213554718
347.3389355742 0.0222039426
346.3687150838 0.0231355021
345.4038997214 0.0241546233
344.4444444444 0.0252645448
343.4903047091 0.0264646938
342.5414364641 0.0277480673
341.5977961433 0.0290972840
340.6593406593 0.0304831539
339.7260273973 0.0318619334
338.7978142077 0.0331829152
337.8746594005 0.0343857391
336.9565217391 0.0354159188
336.0433604336 0.0362393135
335.1351351351 0.0368450310
334.2318059299 0.0372536334
333.3333333333 0.0375096513
332.4396782842 0.0376766156
331.5508021390 0.0378174254
330.6666666667 0.0379943307
329.7872340426 0.0382595869
328.9124668435 0.0386526407
328.0423280423 0.0391986125
327.1767810026 0.0399161598
326.3157894737 0.0408106557
325.4593175853 0.0418821127
324.6073298429 0.0431237589
323.7597911227 0.0445314507
322.9166666667 0.0460955434
322.0779220779 0.0478035504
321.2435233161 0.0496332696
320.4134366925 0.0515471773
319.5876288660 0.0534826135
318.7660668380 0.0553597380
317.9487179487 0.0570799382
317.1355498721 0.0585477633
316.3265306122 0.0596834708
315.5216284987 0.0604455077
314.7208121827 0.0608296036
313.9240506329 0.0608692459
313.1313131313 0.0606151168
312.3425692695 0.0601212451
311.5577889447 0.0594365850
310.7769423559 0.0585992929
310.0000000000 0.0576507572
309.2269326683 0.0566370562
308.4577114428 0.0556161329
307.6923076923 0.0546536556
306.9306930693 0.0538102241
306.1728395062 0.0531427323
305.4187192118 0.0526942439
304.6683046683 0.0524981382
303.9215686275 0.0525750933
303.1784841076 0.0529416198
302.4390243902 0.0536027435
301.7031630170 0.0545576884
300.9708737864 0.0557998063
300.2421307506 0.0573077277
299.5169082126 0.0590510542
298.7951807229 0.0609799637
298.0769230769 0.0630264598
297.3621103118 0.0651085951
296.6507177033 0.0671362389
295.9427207637 0.0690273152
295.2380952381 0.0707153435
294.5368171021 0.0721570846
293.8388625592 0.0733358068
293.1442080378 0.0742571064
292.4528301887 0.0749461673
291.7647058824 0.0754449807
291.0798122066 0.0758200835
290.3981264637 0.0761522573
289.7196261682 0.0765382040
289.0442890443 0.0770679326
288.3720930233 0.0778185783
287.7030162413 0.0788420300
287.0370370370 0.0801554501
286.3741339492 0.0817408696
285.7142857143 0.0835478597
285.0574712644 0.0854931678
284.4036697248 0.0874773356
283.7528604119 0.0893953575
283.1050228311 0.0911645420
282.4601366743 0.0927356508
281.8181818182 0.0941088581
281.1791383220 0.0953249423
280.5429864253 0.0964469646
279.9097065463 0.0975322874
279.2792792793 0.0986215024
278.6516853933 0.0997193350
278.0269058296 0.1008037135
277.4049217002 0.1018318004
276.7857142857 0.1027587931
276.1692650334 0.1035537997
275.5555555556 0.1042111453
274.9445676275 0.1047538460
274.3362831858 0.1052355262
273.7306843267 0.1057295299
273.1277533040 0.1063227052
272.5274725275 0.1071010494
271.9298245614 0.1081303222
271.3347921225 0.1094444923
270.7423580786 0.1110259335
270.1525054466 0.1128048661
269.5652173913 0.1146555463
268.9804772234 0.1164119905
268.3982683983 0.1179084290
267.8185745140 0.1190104471
267.2413793103 0.1196448793
266.6666666667 0.1198251508
266.0944206009 0.1196241784
265.5246252677 0.1191634443
264.9572649573 0.1185721156
264.3923240938 0.1179738432
263.8297872340 0.1174667341
263.2696390658 0.1171264001
262.7118644068 0.1170006955
262.1564482030 0.1171060667
261.6033755274 0.1174356011
261.0526315789 0.1179537377
260.5042016807 0.1186144968
259.9580712788 0.1193681272
259.4142259414 0.1201712211
258.8726513570 0.1210088191
258.3333333333 0.1219015026
257.7962577963 0.1229125698
257.2614107884 0.1241433566
256.7287784679 0.1257028576
256.1983471074 0.1277009400
255.6701030928 0.1302191657
255.1440329218 0.1333053307
254.6201232033 0.1369696695
254.0983606557 0.1411810244
253.5787321063 0.1458837339
253.0612244898 0.1509939356
252.5458248473 0.1564027766
252.0325203252 0.1619640091
251.5212981744 0.1674919031
251.0121457490 0.1727434190
250.5050505051 0.1774281622
250.0000000000 0.1812447353
249.4969818913 0.1839368165
248.9959839357 0.1853586858
248.4969939880 0.1855327220
248.0000000000 0.1846475469
247.5049900200 0.1830101472
247.0119521912 0.1809814591
246.5208747515 0.1788880384
246.0317460317 0.1769860710
245.5445544554 0.1754285018
245.0592885375 0.1742764857
244.5759368836 0.1735307084
244.0944881890 0.1731469397
243.6149312377 0.1730823708
243.1372549020 0.1732902272
242.6614481409 0.1737161234
242.1875000000 0.1742889458
241.7153996101 0.1748971245
241.2451361868 0.1753973322
240.7766990291 0.1756396686
240.3100775194 0.1755113755
239.8452611219 0.1749664388
239.3822393822 0.1740427192
238.9210019268 0.1728370884
238.4615384615 0.1714802722
238.0038387716 0.1701003426
237.5478927203 0.1688023860
237.0936902486 0.1676812117
236.6412213740 0.1668286528
236.1904761905 0.1663446618
235.7414448669 0.1663410949
235.2941176471 0.1669343569
234.8484848485 0.1682323579
234.4045368620 0.1703119712
233.9622641509 0.1732243460
233.5216572505 0.1769852733
233.0827067669 0.1815804982
232.6454033771 0.1869711017
232.2097378277 0.1930970625
231.7757009346 0.1998714124
231.3432835821 0.2071724452
230.9124767225 0.2148168829
230.4832713755 0.2225441731
230.0556586271 0.2300139472
229.6296296296 0.2368320387
229.2051756007 0.2425843822
228.7822878229 0.2469190556
228.3609576427 0.2495870038
227.9411764706 0.2504908888
227.5229357798 0.2496864295
227.1062271062 0.2473722557
226.6910420475 0.2438391571
226.2773722628 0.2394284517
225.8652094718 0.2344879373
225.4545454545 0.2293564421
225.0453720508 0.2243462282
224.6376811594 0.2197310195
224.2314647378 0.2157495039
223.8267148014 0.2125853909
223.4234234234 0.2103746928
223.0215827338 0.2092072085
222.6211849192 0.2091162347
222.2222222222 0.2100859243
221.8246869410 0.2120547969
221.4285714286 0.2149113934
221.0338680927 0.2185097153
220.6405693950 0.2226828495
220.2486678508 0.2272686631
219.8581560284 0.2321377483
219.4690265487 0.2372276239
219.0812720848 0.2425612875
218.6948853616 0.2482359222
218.3098591549 0.2544094727
217.9261862917 0.2612489257
217.5438596491 0.2688800823
217.1628721541 0.2773388598
216.7832167832 0.2865281994
216.4048865620 0.2962069276
216.0278745645 0.3059744979
215.6521739130 0.3153245075
215.2777777778 0.3236966543
214.9046793761 0.3305779191
214.5328719723 0.3355863327
214.1623488774 0.3385433188
213.7931034483 0.3395039108
213.4251290878 0.3387341696
213.0584192440 0.3366700143
212.6929674099 0.3338530750
212.3287671233 0.3308370461
211.9658119658 0.3281094793
211.6040955631 0.3260209534
211.2436115843 0.3247631236
210.8843537415 0.3243569276
210.5263157895 0.3246967610
210.1694915254 0.3255972315
209.8138747885 0.3268674878
209.4594594595 0.3283341482
209.1062394604 0.3298644532
208.7542087542 0.3313289429
208.4033613445 0.3325805279
208.0536912752 0.3334312476
207.7051926298 0.3336750636
207.3578595318 0.3331445868
207.0116861436 0.3317535985
206.6666666667 0.3295209849
206.3227953411 0.3265652838
205.9800664452 0.3230758517
205.6384742952 0.3192752373
205.2980132450 0.3154067017
204.9586776860 0.3117343932
204.6204620462 0.3085285569
204.2833607908 0.3060484351
203.9473684211 0.3045378402
203.6124794745 0.3042099403
203.2786885246 0.3052383427
202.9459901800 0.3077739449
202.6143790850 0.3119403862
202.2838499184 0.3178337876
201.9543973941 0.3255225025
201.6260162602 0.3350403821
201.2987012987 0.3463539628
200.9724473258 0.3593641719
200.6472491909 0.3738558712
200.3231017771 0.3894927879
200.0000000000 0.4057906332
199.6779388084 0.4221227890
199.3569131833 0.4377544358
199.0369181380 0.4518834292
198.7179487179 0.4637339921
198.4000000000 0.4726532405
198.0830670927 0.4782238716
197.7671451356 0.4803515131
197.4522292994 0.4793222379
197.1383147854 0.4757526786
196.8253968254 0.4705177629
196.5134706815 0.4645802348
196.2025316456 0.4588805197
195.8925750395 0.4542052664
195.5835962145 0.4511636163
195.2755905512 0.4501520460
194.9685534591 0.4513792834
194.6624803768 0.4548848587
194.3573667712 0.4605512278
194.0532081377 0.4681206111
193.7500000000 0.4772210662
193.4477379095 0.4873770774
193.1464174455 0.4980608267
192.8460342146 0.5087257985
192.5465838509 0.5188609493
192.2480620155 0.5280724211
191.9504643963 0.5361500270
191.6537867079 0.5431252250
191.3580246914 0.5492841737
191.0631741140 0.5551058385
190.7692307692 0.5611517056
190.4761904762 0.5679476543
190.1840490798 0.5758602017
189.8928024502 0.5850586808
189.6024464832 0.5955000814
189.3129770992 0.6069643426
189.0243902439 0.6191198689
188.7366818874 0.6315688828
188.4498480243 0.6438931226
188.1638846737 0.6557067814
187.8787878788 0.6666936542
187.5945537065 0.6766538066
187.3111782477 0.6855297742
187.0286576169 0.6934353170
186.7469879518 0.7006565848
186.4661654135 0.7076440196
186.1861861862 0.7149715915
185.9070464768 0.7232536859
185.6287425150 0.7330565709
185.3512705531 0.7448067626
185.0746268657 0.7587384711
184.7988077496 0.7749063379
184.5238095238 0.7932194967
184.2496285290 0.8135346775
183.9762611276 0.8357288375
183.7037037037 0.8597487315
183.4319526627 0.8855948225
183.1610044313 0.9132814896
182.8908554572 0.9427545250
182.6215022091 0.9738790314
182.3529411765 1.0064556440
182.0851688693 1.0403290919
181.8181818182 1.0754712496
181.5519765739 1.1120337553
181.2865497076 1.1503083730
181.0218978102 1.1906278228
180.7580174927 1.2332329210
180.4949053857 1.2781914599
180.2325581395 1.3254000197
179.9709724238 1.3746571897
179.7101449275 1.4257846416
179.4500723589 1.4786986007
179.1907514451 1.5334362607
178.9321789322 1.5901060480
178.6743515850 1.6488115644
178.4172661871 1.7095753721
178.1609195402 1.7722746198
177.9053084648 1.8366099933
177.6504297994 1.9020771213
177.3962804006 1.9679522946
177.1428571429 2.0332829394
176.8901569187 2.0968874697
176.6381766382 2.1574287001
176.3869132290 2.2134869249
176.1363636364 2.2636302256
175.8865248227 2.3064796923
175.6373937677 2.3407720834
175.3889674682 2.3654990323
175.1412429379 2.3800687602
174.8942172073 2.3845296055
174.6478873239 2.3797441705
174.4022503516 2.3674710766
174.1573033708 2.3502424794
173.9130434783 2.3309903094
173.6694677871 2.3125444862
173.4265734266 2.2971337003
173.1843575419 2.2861051079
172.9428172943 2.2798985263
172.7019498607 2.2783447069
172.4617524339 2.2810818025
172.2222222222 2.2880051858
171.9833564494 2.2995304307
171.7451523546 2.3165719086
171.5076071923 2.3402881362
171.2707182320 2.3717293679
171.0344827586 2.4115345360
170.7988980716 2.4597401510
170.5639614856 2.5157271206
170.3296703297 2.5782155881
170.0960219479 2.6453027370
169.8630136986 2.7144939515
169.6306429549 2.7828096400
169.3989071038 2.8469739908
169.1678035471 2.9038245176
168.9373297003 2.9507541904
168.7074829932 2.9861120842
168.4782608696 3.0092903772
168.2496607870 3.0205177756
168.0216802168 3.0204729107
167.7943166441 3.0099436484
167.5675675676 2.9896765182
167.3414304993 2.9604619520
167.1159029650 2.9233964111
166.8909825034 2.8801407247
166.6666666667 2.8330256847
166.4429530201 2.7848797595
166.2198391421 2.7386758932
165.9973226238 2.6970913605
165.7754010695 2.6621932482
165.5540720961 2.6352906407
165.3333333333 2.6169851742
165.1131824234 2.6073223293
164.8936170213 2.6059509489
164.6746347942 2.6122120192
164.4562334218 2.6251807907
164.2384105960 2.6437046248
164.0211640212 2.6665403220
163.8044914135 2.6925277375
163.5883905013 2.7207335058
163.3728590250 2.7504398458
163.1578947368 2.7810082617
162.9434954008 2.8117271191
162.7296587927 2.8417731609
162.5163826999 2.8703512978
162.3036649215 2.8969115366
162.0915032680 2.9213413896
161.8798955614 2.9439088576
161.6688396349 2.9650184936
161.4583333333 2.9848688672
161.2483745124 3.0032234125
161.0389610390 3.0194159007
160.8300907912 3.0326306133
160.6217616580 3.0422560590
160.4139715395 3.0481972962
160.2067183463 3.0509459670
160.0000000000 3.0514087284
159.7938144330 3.0506028142
159.5881595882 3.0493413270
159.3830334190 3.0479987004
159.1784338896 3.0463960944
158.9743589744 3.0438365153
158.7708066581 3.0393352925
158.5677749361 3.0319747552
158.3652618135 3.0212696895
158.1632653061 3.0073350356
157.9617834395 2.9908357025
157.7608142494 2.9727841780
157.5603557814 2.9543966269
157.3604060914 2.9370631271
157.1609632446 2.9223779221
156.9620253165 2.9121061216
156.7635903919 2.9079987507
156.5656565657 2.9115313948
156.3682219420 2.9236327238
156.1712846348 2.9445206098
155.9748427673 2.9736212041
155.7788944724 3.0095639617
155.5834378921 3.0502155268
155.3884711779 3.0928101910
155.1939924906 3.1342423370
155.0000000000 3.1716052965
154.8064918851 3.2028177918
154.6134663342 3.2270818630
154.4209215442 3.2449128614
154.2288557214 3.2576868861
154.0372670807 3.2669550195
153.8461538462 3.2738549095
153.6555142503 3.2789484671
153.4653465347 3.2824301805
153.2756489493 3.2846048864
153.0864197531 3.2863207705
152.8976572133 3.2891181211
152.7093596059 3.2950559576
152.5215252153 3.3062913551
152.3341523342 3.3246170846
152.1472392638 3.3511310116
151.9607843137 3.3861152304
151.7747858017 3.4291406550
151.5892420538 3.4792872625
151.4041514042 3.5354147066
151.2195121951 3.5963635268
151.0353227771 3.6609620296
150.8515815085 3.7278952240
150.6682867558 3.7954736986
150.4854368932 3.8615479178
150.3030303030 3.9236780219
150.1210653753 3.9795531640
149.9395405079 4.0274152965
149.7584541063 4.0662594865
149.5778045838 4.0956119623
149.3975903614 4.1150548375
149.2178098676 4.1237410136
149.0384615385 4.1203332100
148.8595438175 4.1033748769
148.6810551559 4.0719785968
148.5029940120 4.0263652296
148.3253588517 3.9680259967
148.1481481481 3.8994535932
147.9713603819 3.8237019145
147.7949940405 3.7440131892
147.6190476190 3.6636940695
147.4435196195 3.5860843567
147.2684085511 3.5144923755
147.0937129300 3.4520156448
146.9194312796 3.4012704756
146.7455621302 3.3641339560
146.5721040189 3.3416017599
146.3990554900 3.3337653630
146.2264150943 3.3399306666
146.0541813899 3.3587750268
145.8823529412 3.3885051226
145.7109283196 3.4269861071
145.5399061033 3.4718378127
145.3692848769 3.5205842583
145.1990632319 3.5708558204
145.0292397661 3.6205988178
144.8598130841 3.6683179483
144.6907817970 3.7132340025
144.5221445221 3.7553940769
144.3538998836 3.7956192831
144.1860465116 3.8352473051
144.0185830430 3.8757617789
143.8515081206 3.9183612371
143.6848203940 3.9636988018
143.5185185185 4.0118639192
143.3526011561 4.0626436478
143.1870669746 4.1158946234
143.0219146482 4.1717857714
142.8571428571 4.2308380146
142.6927502877 4.2936930829
142.5287356322 4.3608059572
142.3650975890 4.4322108730
142.2018348624 4.5074344642
142.0389461627 4.5855110644
141.8764302059 4.6649619646
141.7142857143 4.7437073702
141.5525114155 4.8189189624
141.3911060433 4.8870647569
141.2300683371 4.9442960001
141.0693970421 4.9871753599
140.9090909091 5.0135022607
140.7491486947 5.0228369126
140.5895691610 5.0164940152
140.4303510759 4.9970404283
140.2714932127 4.9675767275
140.1129943503 4.9311655538
139.9548532731 4.8905498250
139.7970687711 4.8481524834
139.6396396396 4.8061913027
139.4825646794 4.7667368885
139.3258426966 4.7316818486
139.1694725028 4.7026516288
139.0134529148 4.6808079411
138.8577827548 4.6666419005
138.7024608501 4.6597404964
138.5474860335 4.6587314866
138.3928571429 4.6614545959
138.2385730212 4.6653945794
138.0846325167 4.6681976720
137.9310344828 4.6680400785
137.7777777778 4.6637288987
137.6248612653 4.6545862418
137.4722838137 4.6403849787
137.3200442968 4.6213979752
137.1681415929 4.5986670257
137.0165745856 4.5741761831
136.8653421634 4.5507671918
136.7144432194 4.5317106607
136.5638766520 4.5201447689
136.4136413641 4.5185859026
136.2637362637 4.5287080035
136.1141602634 4.5514042093
135.9649122807 4.5870249046
135.8159912377 4.6356161711
135.6673960613 4.6970868159
135.5191256831 4.7712294603
135.3711790393 4.8575161499
135.2235550709 4.9547812476
135.0762527233 5.0608840440
134.9292709467 5.1725946366
134.7826086957 5.2859224334
134.6362649294 5.3968432665
134.4902386117 5.5022627595
134.3445287107 5.6007996135
134.1991341991 5.6930511242
134.0540540541 5.7811756663
133.9092872570 5.8679864869
133.7648327940 5.9559709141
133.6206896552 6.0466309595
133.4768568353 6.1403153126
133.3333333333 6.2364432222
133.1901181525 6.3338120684
133.0472103004 6.4308230959
132.9046087889 6.5254664927
132.7623126338 6.6151761123
132.6203208556 6.6966685680
132.4786324786 6.7660209718
132.3372465315 6.8191199396
132.1961620469 6.8524935581
132.0553780618 6.8642501598
131.9148936170 6.8547772770
131.7747077577 6.8268964636
131.6348195329 6.7854735989
131.4952279958 6.7366770457
131.3559322034 6.6870951063
131.2169312169 6.6429479121
131.0782241015 6.6094902460
130.9398099261 6.5906062378
130.8016877637 6.5884819839
130.6638566913 6.6033367449
130.5263157895 6.6331884285
130.3890641430 6.6739009933
130.2521008403 6.7196842970
130.1154249738 6.7641952435
129.9790356394 6.8020409221
129.8429319372 6.8302073362
129.7071129707 6.8489353628
129.5715778474 6.8616955552
129.4363256785 6.8743044067
129.3013555787 6.8935597007
129.1666666667 6.9259166872
129.0322580645 6.9764208212
128.8981288981 7.0480742948
128.7642782970 7.1415450207
128.6307053942 7.2551546726
128.4974093264 7.3851020319
128.3643892340 7.5259445106
128.2316442606 7.6712625620
128.0991735537 7.8143854713
127.9669762642 7.9490187452
127.8350515464 8.0696236375
127.7033985582 8.1716909651
127.5720164609 8.2519821678
127.4409044193 8.3088448091
127.3100616016 8.3424529273
127.1794871795 8.3548617415
127.0491803279 8.3497903253
126.9191402252 8.3320889601
126.7893660532 8.3068894312
126.6598569969 8.2786510752
126.5306122449 8.2503189998
126.4016309888 8.2230080700
126.2729124236 8.1963363211
126.1444557477 8.1692186826
126.0162601626 8.1408012135
125.8883248731 8.1111235926
125.7606490872 8.0813978634
125.6332320162 8.0538868391
125.5060728745 8.0314381498
125.3791708797 8.0167339683
125.2525252525 8.0115497558
125.1261352170 8.0161585326
125.0000000000 8.0291966694
124.8741188318 8.0479632447
124.7484909457 8.0692542366
124.6231155779 8.0903866423
124.4979919679 8.1101327527
124.3731193581 8.1290841969
124.2484969940 8.1492513148
124.1241241241 8.1731197155
124.0000000000 8.2025622570
123.8761238761 8.2381098908
123.7524950100 8.2787963771
123.6291126620 8.3225081080
123.5059760956 8.3664934587
123.3830845771 8.4077471872
123.2604373757 8.4431107933
123.1380337637 8.4692247529
123.0158730159 8.4826116436
122.8939544103 8.4800007643
122.7722772277 8.4590255155
122.6508407517 8.4189611440
122.5296442688 8.3612862038
122.4086870681 8.2897555455
122.2879684418 8.2099577512
122.1674876847 8.1284063745
122.0472440945 8.0514711970
121.9272369715 7.9843372056
121.8074656189 7.9302365498
121.6879293425 7.8900982638
121.5686274510 7.8626633197
121.4495592556 7.8449751588
121.3307240705 7.8331297854
121.2121212121 7.8230641790
121.0937500000 7.8111302410
120.9756097561 7.7942515045
120.8576998051 7.7697707702
120.7400194742 7.7352427651
120.6225680934 7.6884836675
120.5053449951 7.6280268770
120.3883495146 7.5537604104
120.2715809893 7.4674913893
120.1550387597 7.3730142326
120.0387221684 7.2755892489
119.9226305609 7.1809010479
119.8067632850 7.0939568463
119.6911196911 7.0182850281
119.5756991321 6.9557506097
119.4605009634 6.9068363122
119.3455245428 6.8711692038
119.2307692308 6.8478893103
119.1162343900 6.8358394243
119.0019193858 6.8336267558
118.8878235858 6.8397303596
118.7739463602 6.8526348369
118.6602870813 6.8708746003
118.5468451243 6.8929527796
118.4336198663 6.9171503849
118.3206106870 6.9413922393
118.2078169685 6.9632659164
118.0952380952 6.9801744165
117.9828734539 6.9895263209
117.8707224335 6.9888930005
117.7587844255 6.9760947204
117.6470588235 6.9493578316
117.5355450237 6.9075707793
117.4242424242 6.8505805426
117.3131504257 6.7792922748
117.2022684310 6.6954432673
117.0915958451 6.6010407706
116.9811320755 6.4978140511
116.8708765316 6.3869542062
116.7608286252 6.2693384994
116.6509877705 6.1461686699
116.5413533835 6.0196760732
116.4319248826 5.8935759198
116.3227016886 5.7730214765
116.2136832240 5.6641086457
116.1048689139 5.5731253007
115.9962581852 5.5057531742
115.8878504673 5.4665020418
115.7796451914 5.4582846394
115.6716417910 5.4822149596
115.5638397018 5.5374962509
115.4562383613 5.6214158070
115.3488372093 5.7294221157
115.2416356877 5.8554415608
115.1346332405 5.9923840098
115.0278293135 6.1329598936
114.9212233550 6.2705823557
114.8148148148 6.4002577102
114.7086031452 6.5191417830
114.6025878004 6.6266609636
114.4967682364 6.7241321026
114.3911439114 6.8140230724
114.2857142857 6.8990594211
114.1804788214 6.9814263603
114.0754369825 7.0620832222
113.9705882353 7.1403618615
113.8659320478 7.2138507419
113.7614678899 7.2786579149
113.6571952337 7.3300353488
113.5531135531 7.3632660142
113.4492223239 7.3746110387
113.3455210238 7.3621299014
113.2420091324 7.3261454010
113.1386861314 7.2692491907
113.0355515041 7.1958600456
112.9326047359 7.1115622307
112.8298453139 7.0224553217
112.7272727273 6.9347404332
112.6248864668 6.8544397604
112.5226860254 6.7871404899
112.4206708976 6.7375589088
112.3188405797 6.7089435099
112.2171945701 6.7025675080
112.1157323689 6.7175038830
112.0144534779 6.7508462604
111.9133574007 6.7983686161
111.8124436429 6.8553243534
111.7117117117 6.9170808022
111.6111611161 6.9792758802
111.5107913669 7.0374976694
111.4106019766 7.0868213334
111.3105924596 7.1216197964
111.2107623318 7.1359437154
111.1111111111 7.1243585073
111.0116383169 7.0829777582
110.9123434705 7.0103471527
110.8132260947 6.9079954520
110.7142857143 6.7804653326
110.6155218555 6.6348492773
110.5169340463 6.4798355601
110.4185218166 6.3245005933
110.3202846975 6.1770726424
110.2222222222 6.0440100032
110.1243339254 5.9295078070
110.0266193434 5.8354858243
109.9290780142 5.7617685965
109.8317094774 5.7063679746
109.7345132743 5.6656858596
109.6374889478 5.6348450675
109.5406360424 5.6082581986
109.4439541041 5.5805169004
109.3474426808 5.5474941785
109.2511013216 5.5072552242
109.1549295775 5.4604175575
109.0589270009 5.4097924777
108.9630931459 5.3594091924
108.8674275680 5.3134148121
108.7719298246 5.2751792096
108.6765994741 5.2468920198
108.5814360771 5.2295958445
108.4864391951 5.2233935215
108.3916083916 5.2277402409
108.2969432314 5.2416489522
108.2024432810 5.2638436490
108.1081081081 5.2928738683
108.0139372822 5.3271749781
107.9199303742 5.3651174394
107.8260869565 5.4050993991
107.7324066030 5.4456933776
107.6388888889 5.4858251498
107.5455333912 5.5249849866
107.4523396880 5.5634096361
107.3593073593 5.6022097992
107.2664359862 5.6432426488
107.1737251513 5.6887142573
107.0811744387 5.7405007429
106.9887834340 5.7994841426
106.8965517241 5.8651053296
106.8044788975 5.9353716013
106.7125645439 6.0072225892
106.6208082545 6.0770982291
106.5292096220 6.1413828064
106.4377682403 6.1967575197
106.3464837050 6.2404446705
106.2553556127 6.2704761142
106.1643835616 6.2860175325
106.0735671514 6.2874758248
105.9829059829 6.2763216356
105.8923996584 6.2545846674
105.8020477816 6.2242713888
105.7118499574 6.1869566558
105.6218057922 6.1437211395
105.5319148936 6.0953100638
105.4421768707 6.0423587629
105.3525913339 5.9854437753
105.2631578947 5.9250495736
105.1738761662 5.8614497371
105.0847457627 5.7946826964
104.9957662997 5.7247534426
104.9069373942 5.6519309833
104.8182586644 5.5771994223
104.7297297297 5.5025400417
104.6413502110 5.4308797927
104.5531197302 5.3656090071
104.4650379107 5.3098260281
104.3771043771 5.2655210729
104.2893187553 5.2330882370
104.2016806723 5.2112384537
104.1141897565 5.1972548286
104.0268456376 5.1875156590
103.9396479464 5.1780861042
103.8525963149 5.1653874264
103.7656903766 5.1468828909
103.6789297659 5.1217215251
103.5923141186 5.0910946958
103.5058430718 5.0581404155
103.4195162636 5.0273241783
103.3333333333 5.0034748076
103.2472939217 4.9908265665
103.1613976705 4.9922965744
103.0756442228 5.0091549507
102.9900332226 5.0409299490
102.9045643154 5.0854476994
102.8192371476 5.1388371853
102.7340513670 5.1956474369
102.6490066225 5.2491753784
102.5641025641 5.2922586504
102.4793388430 5.3183982558
102.3947151115 5.3230149384
102.3102310231 5.3044141460
102.2258862325 5.2641313312
102.1416803954 5.2066264073
102.0576131687 5.1384318791
101.9736842105 5.0670170837
101.8898931800 4.9996272517
101.8062397373 4.9423099753
101.7227235439 4.8992957606
101.6393442623 4.8727891691
101.5561015561 4.8631947687
101.4729950900 4.8695301522
101.3900245298 4.8900097936
101.3071895425 4.9225964260
101.2244897959 4.9654331978
101.1419249592 5.0170948965
101.0594947025 5.0765592869
100.9771986971 5.1429618538
100.8950366151 5.2151199357
100.8130081301 5.2910784460
100.7311129163 5.3678768023
100.6493506494 5.4416169747
100.5677210057 5.5078600198
100.4862236629 5.5621567507
100.4048582996 5.6006032256
100.3236245955 5.6202995435
100.2425222312 5.6195728576
100.1615508885 5.5979920951
100.0807102502 5.5561833653
100.0000000000 5.4956278588
99.9194198227 5.4185261693
99.8389694042 5.3277000435
99.7586484312 5.2263444141
99.6784565916 5.1176205796
99.5983935743 5.0042401485
99.5184590690 4.8881861417
99.4386527666 4.7707107641
99.3589743590 4.6525528307
99.2794235388 4.5343364062
99.2000000000 4.4169368116
99.1207034373 4.3018050767
99.0415335463 4.1909929182
98.9624900239 4.0869851203
98.8835725678 3.9923140901
98.8047808765 3.9091824639
98.7261146497 3.8392519622
98.6475735879 3.7836363039
98.5691573927 3.7430446134
98.4908657665 3.7179159049
98.4126984127 3.7084941428
98.3346550357 3.7147226269
98.2567353407 3.7360894107
98.1789390340 3.7714741578
98.1012658228 3.8190718169
98.0237154150 3.8764222609
97.9462875197 3.9405614923
97.8689818469 4.0082305262
97.7917981073 4.0761360956
97.7147360126 4.1412372179
97.6377952756 4.2010038198
97.5609756098 4.2536030370
97.4842767296 4.2979158043
97.4076983504 4.3335173197
97.3312401884 4.3605023015
97.2549019608 4.3793282475
97.1786833856 4.3906347779
97.1025841817 4.3949804241
97.0266040689 4.3926322795
96.9507427678 4.3834536314
96.8750000000 4.3670307231
96.7993754879 4.3429905468
96.7238689548 4.3113705743
96.6484801247 4.2729254707
96.5732087227 4.2292042709
96.4980544747 4.1824373164
96.4230171073 4.1351921120
96.3480963481 4.0899283308
96.2732919255 4.0485427242
96.1986035687 4.0121359395
96.1240310078 3.9811187930
96.0495739737 3.9555736189
95.9752321981 3.9356827107
95.9010054138 3.9220078188
95.8268933539 3.9155339592
95.7528957529 3.9174329347
95.6790123457 3.9287612862
95.6052428682 3.9501102263
95.5315870570 3.9813191456
95.4580446497 4.0212331166
95.3846153846 4.0675774200
95.3112990008 4.1169826773
95.2380952381 4.1652476427
95.1650038373 4.2078366461
95.0920245399 4.2405968731
95.0191570881 4.2604887725
94.9464012251 4.2662450638
94.8737566947 4.2586417766
94.8012232416 4.2403027522
94.7288006112 4.2150590614
94.6564885496 4.1869955184
94.5842868040 4.1595605676
94.5121951220 4.1349906450
94.4402132521 4.1142502466
94.3683409437 4.0973358364
94.2965779468 4.0838315590
94.2249240122 4.0733877395
94.1533788914 4.0659490170
94.0819423369 4.0617342791
94.0106141016 4.0610441808
93.9393939394 4.0641278371
93.8682816048 4.0711264638
93.7972768533 4.0821763136
93.7263794407 4.0974386988
93.6555891239 4.1170610587
93.5849056604 4.1409740144
93.5143288084 4.1685933715
93.4438583271 4.1985222778
93.3734939759 4.2284349273
93.3032355154 4.2551542030
93.2330827068 4.2749608638
93.1630353118 4.2841203141
93.0930930931 4.2794117795
93.0232558140 4.2586452485
92.9535232384 4.2209451782
92.8838951311 4.1668291593
92.8143712575 4.0980202566
92.7449513837 4.0171846999
92.6756352765 3.9275820891
92.6064227035 3.8326145552
92.5373134328 3.7354243298
92.4683072334 3.6384822224
92.3994038748 3.5433928776
92.3306031273 3.4509133699
92.2619047619 3.3611413346
92.1933085502 3.2738449397
92.1248142645 3.1886866735
92.0564216778 3.1053655748
91.9881305638 3.0237346733
91.9199406968 2.9438885709
91.8518518519 2.8662747344
91.7838638046 2.7917654198
91.7159763314 2.7216031437
91.6481892092 2.6571947772
91.5805022157 2.5999068514
91.5129151292 2.5508853460
91.4454277286 2.5109420579
91.3780397937 2.4805319240
91.3107511046 2.4598089401
91.2435614422 2.4486880229
91.1764705882 2.4469952679
91.1094783248 2.4546240142
91.0425844347 2.4716226080
90.9757887014 2.4981901589
90.9090909091 2.5345156145
90.8424908425 2.5805384988
90.7759882870 2.6356689618
90.7095830285 2.6985554602
90.6432748538 2.7669739818
90.5770635500 2.8378747357
90.5109489051 2.9076804471
90.4449307075 2.9727463583
90.3790087464 3.0299529158
90.3131828114 3.0772535037
90.2474526929 3.1139381076
90.1818181818 3.1405980714
90.1162790698 3.1587701456
90.0508351489 3.1704228873
89.9854862119 3.1774795458
89.9202320522 3.1815406684
89.8550724638 3.1838019537
89.7900072411 3.1851820938
89.7250361795 3.1866022291
89.6601590745 3.1892709253
89.5953757225 3.1948320886
89.5306859206 3.2054208138
89.4660894661 3.2234835014
89.4015861572 3.2514623683
89.3371757925 3.2914274257
89.2728581713 3.3447127394
89.2086330935 3.4116329965
89.1445003595 3.4913101412
89.0804597701 3.5815421716
89.0165111271 3.6787367225
88.9526542324 3.7778523094
88.8888888889 3.8725583382
88.8252148997 3.9556570282
88.7616320687 4.0199748308
88.6981402003 4.0595978850
88.6347390994 4.0711141983
88.5714285714 4.0544203449
88.5082084226 4.0128018893
88.4450784593 3.9521487036
88.3820384890 3.8796973064
88.3190883191 3.8027317137
88.2562277580 3.7275716970
88.1934566145 3.6590824849
88.1307746979 3.6005381356
88.0681818182 3.5538031489
88.0056777857 3.5195842616
87.9432624113 3.4977074686
87.8809355067 3.4873218509
87.8186968839 3.4871168696
87.7565463553 3.4954678183
87.6944837341 3.5105778870
87.6325088339 3.5305926223
87.5706214689 3.5536441220
87.5088214538 3.5778105694
87.4471086037 3.6011076829
87.3854827343 3.6215120728
87.3239436620 3.6371753862
87.2624912034 3.6466942995
87.2011251758 3.6493671415
87.1398453970 3.6452977593
87.0786516854 3.6353279622
87.0175438596 3.6208303728
86.9565217391 3.6034445813
86.8955851437 3.5848869495
86.8347338936 3.5667634526
86.7739678097 3.5504749600
86.7132867133 3.5370177076
86.6526904263 3.5268815894
86.5921787709 3.5200142959
86.5317515701 3.5159134455
86.4714086471 3.5137953395
86.4111498258 3.5128641494
86.3509749304 3.5125111679
86.2908837857 3.5124720911
86.2308762170 3.5128330099
86.1709520500 3.5139461480
86.1111111111 3.5163024306
86.0513532269 3.5203559265
85.9916782247 3.5265235879
85.9320859321 3.5351849690
85.8725761773 3.5467676436
85.8131487889 3.5618185275
85.7538035961 3.5810466472
85.6945404285 3.6052799610
85.6353591160 3.6352979034
85.5762594893 3.6715349937
85.5172413793 3.7136656934
85.4583046175 3.7603336009
85.3994490358 3.8090824424
85.3406744666 3.8566590614
85.2819807428 3.8995954512
85.2233676976 3.9348207745
85.1648351648 3.9601472444
85.1063829787 3.9744564116
85.0480109739 3.9776975923
84.9897189856 3.9706847753
84.9315068493 3.9549340187
84.8733744011 3.9324781971
84.8153214774 3.9056049334
84.7573479152 3.8765780558
84.6994535519 3.8472600532
84.6416382253 3.8188890631
84.5839017735 3.7920314889
84.5262440354 3.7667749786
84.4686648501 3.7430772986
84.4111640572 3.7210551170
84.3537414966 3.7011008406
84.2963970088 3.6838163093
84.2391304348 3.6698683870
84.1819416158 3.6598677311
84.1248303935 3.6542904563
84.0677966102 3.6534771214
84.0108401084 3.6576124364
83.9539607312 3.6666710972
83.8971583221 3.6803005546
83.8404327248 3.6977136205
83.7837837838 3.7176250861
83.7272113437 3.7383393152
83.6707152497 3.7579010843
83.6142953473 3.7743579722
83.5579514825 3.7859834604
83.5016835017 3.7914269150
83.4454912517 3.7898103743
83.3893745797 3.7808457876
83.3333333333 3.7650222790
83.2773673606 3.7437519821
83.2214765101 3.7192931419
83.1656606304 3.6944184978
83.1099195710 3.6718549141
83.0542531815 3.6537422118
82.9986613119 3.6412645564
82.9431438127 3.6345950820
82.8877005348 3.6330288815
82.8323313293 3.6353152708
82.7770360481 3.6399429423
82.7218145430 3.6454163498
82.6666666667 3.6503747161
82.6115922718 3.6536714924
82.5565912117 3.6543846093
82.5016633400 3.6518414891
82.4468085106 3.6456590585
82.3920265781 3.6357692914
82.3373173971 3.6224650288
82.2826808228 3.6062925705
82.2281167109 3.5879289993
82.1736249172 3.5680538749
82.1192052980 3.5472648633
82.0648577101 3.5260973848
82.0105820106 3.5050592757
81.9563780568 3.4845906681
81.9022457067 3.4650335734
81.8481848185 3.4465561960
81.7941952507 3.4291970768
81.7402768622 3.4129346426
81.6864295125 3.3978275085
81.6326530612 3.3841555985
81.5789473684 3.3724815014
81.5253122945 3.3635760386
81.4717477004 3.3582071481
81.4182534471 3.3569124416
81.3648293963 3.3597910418
81.3114754098 3.3665121101
81.2581913499 3.3763340482
81.2049770792 3.3882808008
81.1518324607 3.4011974519
81.0987573578 3.4138918077
81.0457516340 3.4252406532
80.9928151535 3.4343516585
80.9399477807 3.4406749381
80.8871493803 3.4440592937
80.8344198175 3.4447632978
80.7817589577 3.4433703767
80.7291666667 3.4408002672
80.6766428107 3.4382291491
80.6241872562 3.4370398144
80.5717998700 3.4386593672
80.5194805195 3.4443755044
80.4672290720 3.4551314937
80.4150453956 3.4713715972
80.3629293584 3.4929733316
80.3108808290 3.5193027848
80.2588996764 3.5491943932
80.2069857697 3.5809720450
80.1551389787 3.6123989939
80.1033591731 3.6406629213
80.0516462234 3.6626092363
80.0000000000 3.6752169467
79.9484203740 3.6762263494
79.8969072165 3.6648044272
79.8454603992 3.6418999255
79.7940797941 3.6102227091
79.7427652733 3.5737823316
79.6915167095 3.5371831799
79.6403339756 3.5048136046
79.5892169448 3.4802199801
79.5381654907 3.4656900641
79.4871794872 3.4620561583
79.4362588085 3.4686813759
79.3854033291 3.4835485873
79.3346129239 3.5034979854
79.2838874680 3.5246473212
79.2332268371 3.5429921820
79.1826309068 3.5551074063
79.1320995533 3.5587543649
79.0816326531 3.5531229764
79.0312300829 3.5386996954
78.9808917197 3.5167758891
78.9306174411 3.4888675992
78.8804071247 3.4562982220
78.8302606484 3.4200064337
78.7801778907 3.3806487113
78.7301587302 3.3388430482
78.6802030457 3.2954198045
78.6303107166 3.2515439797
78.5804816223 3.2087703749
78.5307156428 3.1688626923
78.4810126582 3.1336103490
78.4313725490 3.1046324977
78.3817951960 3.0832432928
78.3322804801 3.0703743019
78.2828282828 3.0665022998
78.2334384858 3.0715830231
78.1841109710 3.0850282793
78.1348456207 3.1056316202
78.0856423174 3.1316061496
78.0365009440 3.1606496213
77.9874213836 3.1900782569
77.9384035198 3.2171657696
77.8894472362 3.2394704569
77.8405524168 3.2552141346
77.7917189460 3.2635080413
77.7429467085 3.2643687678
77.6942355890 3.2585614211
77.6455854728 3.2473008415
77.5969962453 3.2318727957
77.5484677924 3.2133541226
77.5000000000 3.1923786917
77.4515927545 3.1690823566
77.4032459426 3.1431856668
77.3549594510 3.1142635074
77.3067331671 3.0820217876
77.2585669782 3.0466617999
77.2104607721 3.0090228159
77.1624144368 2.9706619211
77.1144278607 2.9336767540
77.0665009323 2.9004454650
77.0186335404 2.8732287519
76.9708255742 2.8537947910
76.9230769231 2.8431224808
76.8753874768 2.8412122246
76.8277571252 2.8471196576
76.7801857585 2.8591594611
76.7326732673 2.8752464284
76.6852195424 2.8933077974
76.6378244747 2.9115928376
76.5904879555 2.9289279333
76.5432098765 2.9447605084
76.4959901295 2.9590081304
76.4488286067 2.9717938231
76.4017252002 2.9831051821
76.3546798030 2.9924961143
76.3076923077 2.9990425058
76.2607626076 3.0014926467
76.2138905962 2.9986237921
76.1670761671 2.9896484991
76.1203192142 2.9745251202
76.0736196319 2.9540423567
76.0269773145 2.9296495892
75.9803921569 2.9031506139
75.9338640539 2.8763461803
75.8873929009 2.8507336520
75.8409785933 2.8274230120
75.7946210269 2.8071068809
75.7483200977 2.7902114647
75.7020757021 2.7770156840
75.6558877364 2.7677546530
75.6097560976 2.7626192850
75.5636806825 2.7616183903
75.5176613886 2.7644458940
75.4716981132 2.7703368951
75.4257907543 2.7780944953
75.3799392097 2.7862161432
75.3341433779 2.7931249240
75.2884031573 2.7974727669
75.2427184466 2.7983723831
75.1970891449 2.7955360550
75.1515151515 2.7893269452
75.1059963658 2.7806231397
75.0605326877 2.7706317139
75.0151240169 2.7606521164
74.9697702539 2.7518437174
74.9244712991 2.7450585774
74.8792270531 2.7406844451
74.8340374170 2.7386595534
74.7889022919 2.7385100392
74.7438215793 2.7395102125
74.6987951807 2.7409381669
74.6538229982 2.7422653443
74.6089049338 2.7432797495
74.5640408900 2.7440477868
74.5192307692 2.7447420246
74.4744744745 2.7453734328
74.4297719088 2.7455785764
74.3851229754 2.7445234523
74.3405275779 2.7409522971
74.2959856201 2.7333817415
74.2514970060 2.7203064005
74.2070616397 2.7004273292
74.1626794258 2.6728422734
74.1183502690 2.6371757299
74.0740740741 2.5937391681
74.0298507463 2.5435756259
73.9856801909 2.4884440789
73.9415623137 2.4306347748
73.8974970203 2.3727372662
73.8534842168 2.3173879881
73.8095238095 2.2670308655
73.7656157049 2.2237597993
73.7217598098 2.1891648001
73.6779560309 2.1642685583
73.6342042755 2.1494350586
73.5905044510 2.1443423300
73.5468564650 2.1479914739
73.5032602253 2.1588092740
73.4597156398 2.1748211227
73.4162226169 2.1939049033
73.3727810651 2.2140161368
73.3293908930 2.2333265425
73.2860520095 2.2502529856
73.2427643237 2.2633826660
73.1995277450 2.2714552429
73.1563421829 2.2734308624
73.1132075472 2.2686503367
73.0701237478 2.2569733513
73.0270906949 2.2388145936
72.9841082990 2.2150140654
72.9411764706 2.1867420811
72.8982951205 2.1554040399
72.8554641598 2.1225850160
72.8126834997 2.0900457730
72.7699530516 2.0595558834
72.7272727273 2.0327307959
72.6846424385 2.0107917089
72.6420620972 1.9943994337
72.5995316159 1.9836275320
72.5570509070 1.9780119547
72.5146198830 1.9767242304
72.4722384570 1.9787459267
72.4299065421 1.9831080750
72.3876240514 1.9889969481
72.3453908985 1.9958715758
72.3032069971 2.0034294733
72.2610722611 2.0115546203
72.2189866045 2.0201833891
72.1769499418 2.0291818203
72.1349621873 2.0382109038
72.0930232558 2.0466091011
72.0511330622 2.0533155192
72.0092915215 2.0569156961
71.9674985490 2.0558218507
71.9257540603 2.0484765241
71.8840579710 2.0336856838
71.8424101970 2.0109123744
71.8008106543 1.9804612824
71.7592592593 1.9436132874
71.7177559283 1.9024678084
71.6763005780 1.8596371109
71.6348931254 1.8178607082
71.5935334873 1.7796092297
71.5522215811 1.7468498767
71.5109573241 1.7209045707
71.4697406340 1.7024800023
71.4285714286 1.6916810734
71.3874496258 1.6881806032
71.3463751438 1.6913015250
71.3053479011 1.7001657435
71.2643678161 1.7137543531
71.2234348076 1.7309084476
71.1825487945 1.7502881286
71.1417096959 1.7703492208
71.1009174312 1.7893853070
71.0601719198 1.8056827204
71.0194730813 1.8178005236
70.9788208357 1.8247968496
70.9382151030 1.8263962051
70.8976558033 1.8229906111
70.8571428571 1.8153604936
70.8166761850 1.8043831397
70.7762557078 1.7906980169
70.7358813463 1.7746102390
70.6955530217 1.7561854174
70.6552706553 1.7354770726
70.6150341686 1.7127673313
70.5748434832 1.6886766175
70.5346985210 1.6641294014
70.4945992041 1.6402050122
70.4545454545 1.6178966706
70.4145371948 1.5979414117
70.3745743473 1.5806913235
70.3346568349 1.5661357366
70.2947845805 1.5539602142
70.2549575071 1.5437274982
70.2151755379 1.5349986929
70.1754385965 1.5273638109
70.1357466063 1.5204419936
70.0960994912 1.5138025511
70.0564971751 1.5069648324
70.0169395822 1.4994102505
69.9774266366 1.4906858179
69.9379582628 1.4805264168
69.8985343856 1.4690081965
69.8591549296 1.4566049501
69.8198198198 1.4441836694
69.7805289814 1.4328224283
69.7412823397 1.4235720275
69.7020798201 1.4172040365
69.6629213483 1.4140252229
69.6238068501 1.4138204910
69.5847362514 1.4158882411
69.5457094784 1.4191684428
69.5067264574 1.4224511803
69.4677871148 1.4245795043
69.4288913774 1.4246587957
69.3900391718 1.4221988886
69.3512304251 1.4171951453
69.3124650643 1.4101052587
69.2737430168 1.4016842734
69.2350642099 1.3928190429
69.1964285714 1.3843309897
69.1578360290 1.3769325536
69.1192865106 1.3711895374
69.0807799443 1.3675514106
69.0423162584 1.3664003415
69.0038953812 1.3679887790
68.9655172414 1.3723706819
68.9271817676 1.3793078466
68.8888888889 1.3882755594
68.8506385341 1.3984995105
68.8124306326 1.4091047263
68.7742651137 1.4192150056
68.7361419069 1.4280461997
68.6980609418 1.4349186855
68.6600221484 1.4392386723
68.6220254566 1.4405167989
68.5840707965 1.4383369473
68.5461580984 1.4324185262
68.5082872928 1.4226354012
68.4704583103 1.4090662913
68.4326710817 1.3920393656
68.3949255378 1.3721460314
68.3572216097 1.3501547933
68.3195592287 1.3269497721
68.2819383260 1.3034562432
68.2443588332 1.2805655770
68.2068206821 1.2591476041
68.1693238043 1.2400062446
68.1318681319 1.2238410658
68.0944535969 1.2111707464
68.0570801317 1.2023067022
68.0197476687 1.1973078205
67.9824561404 1.1960237214
67.9452054795 1.1981447630
67.9079956188 1.2032840206
67.8708264915 1.2110406105
67.8336980306 1.2210695098
67.7966101695 1.2330691796
67.7595628415 1.2467501129
67.7225559803 1.2617779568
67.6855895197 1.2777672194
67.6486633933 1.2942622878
67.6117775354 1.3108261490
67.5749318801 1.3270087407
67.5381263617 1.3423722883
67.5013609145 1.3563961302
67.4646354733 1.3684257486
67.4279499728 1.3777548684
67.3913043478 1.3837266262
67.3546985334 1.3859555933
67.3181324647 1.3844997006
67.2816060770 1.3798741142
67.2451193059 1.3729892454
67.2086720867 1.3648849835
67.1722643554 1.3565721508
67.1358960476 1.3488220673
67.0995670996 1.3421146187
67.0632774473 1.3367010278
67.0270270270 1.3326413629
66.9908157753 1.3299573594
66.9546436285 1.3286578875
66.9185105235 1.3287709189
66.8824163970 1.3303627878
66.8463611860 1.3334485696
66.8103448276 1.3379663036
66.7743672590 1.3437191088
66.7384284177 1.3503813482
66.7025282410 1.3574791692
66.6666666667 1.3644865765
66.6308436325 1.3708189232
66.5950590763 1.3759227154
66.5593129361 1.3792755731
66.5236051502 1.3804054406
66.4879356568 1.3789613165
66.4523043944 1.3747456044
66.4167113016 1.3677531144
66.3811563169 1.3581071713
66.3456393793 1.3459697593
66.3101604278 1.3315029889
66.2747194014 1.3147980562
66.2393162393 1.2960108894
66.2039508809 1.2753819343
66.1686232657 1.2533144446
66.1333333333 1.2303299534
66.0980810235 1.2070234917
66.0628662760 1.1839469561
66.0276890309 1.1616153993
65.9925492283 1.1404285920
65.9574468085 1.1207682086
65.9223817119 1.1029976318
65.8873538789 1.0875532097
65.8523632501 1.0749247743
65.8174097665 1.0656032571
65.7824933687 1.0599756239
65.7476139979 1.0582128519
65.7127715951 1.0601707844
65.6779661017 1.0653434421
65.6431974590 1.0729018351
65.6084656085 1.0817855926
65.5737704918 1.0908210666
65.5391120507 1.0988920383
65.5044902272 1.1050908373
65.4699049630 1.1088302175
65.4353562005 1.1099161063
65.4008438819 1.1085681477
65.3663679494 1.1053286937
65.3319283456 1.1008992366
65.2975250132 1.0959301569
65.2631578947 1.0908162069
65.2288269332 1.0856033359
65.1945320715 1.0799809809
65.1602732528 1.0733734265
65.1260504202 1.0651835445
65.0918635171 1.0549712576
65.0577124869 1.0426725027
65.0235972732 1.0286271089
64.9895178197 1.0135274182
64.9554740702 0.9982472569
64.9214659686 0.9836567166
64.8874934589 0.9704624765
64.8535564854 0.9591271196
64.8196549922 0.9498480352
64.7857889237 0.9426229879
64.7519582245 0.9372827506
64.7181628392 0.9335373193
64.6844027126 0.9309889861
64.6506777894 0.9291855686
64.6169880146 0.9276671284
64.5833333333 0.9260930654
64.5497136908 0.9243160688
64.5161290323 0.9224161308
64.4825793032 0.9206944857
64.4490644491 0.9195602809
64.4155844156 0.9194369546
64.3821391485 0.9206951112
64.3487285937 0.9235650299
64.3153526971 0.9281631102
64.2820114049 0.9344982876
64.2487046632 0.9424650813
64.2154324184 0.9518568514
64.1821946170 0.9623455089
64.1489912054 0.9734141291
64.1158221303 0.9844105685
64.0826873385 0.9945674787
64.0495867769 1.0031501794
64.0165203924 1.0095710343
63.9834881321 1.0135916474
63.9504899433 1.0153571539
63.9175257732 1.0154173624
63.8845955693 1.0145794637
63.8516992791 1.0137400802
63.8188368502 1.0136693866
63.7860082305 1.0149025699
63.7532133676 1.0176917784
63.7204522097 1.0219715301
63.6877247047 1.0274662837
63.6550308008 1.0336900590
63.6223704464 1.0400070552
63.5897435897 1.0457194865
63.5571501794 1.0500877605
63.5245901639 1.0524590990
63.4920634921 1.0523489330
63.4595701126 1.0495293498
63.4271099744 1.0440636144
63.3946830266 1.0362526589
63.3622892182 1.0265679450
63.3299284985 1.0155160766
63.2976008167 1.0035845802
63.2653061224 0.9912078501
63.2330443651 0.9787670033
63.2008154944 0.9666170073
63.1686194600 0.9550729034
63.1364562118 0.9443617557
63.1043256997 0.9345675432
63.0722278739 0.9255826837
63.0401626843 0.9171142224
63.0081300813 0.9087723666
62.9761300152 0.9001731125
62.9441624365 0.8910687325
62.9122272958 0.8814032068
62.8803245436 0.8712922565
62.8484541308 0.8609689112
62.8166160081 0.8507081859
62.7848101266 0.8407789958
62.7530364372 0.8314717011
62.7212948912 0.8230429481
62.6895854398 0.8157638482
62.6579080344 0.8098992403
62.6262626263 0.8057006863
62.5946491671 0.8033440950
62.5630676085 0.8029571196
62.5315179022 0.8045497323
62.5000000000 0.8080347016
62.4685138539 0.8131858141
62.4370594159 0.8197139110
62.4056366381 0.8272044346
62.3742454728 0.8352144124
62.3428858723 0.8432516530
62.3115577889 0.8508163429
62.2802611753 0.8574079532
62.2489959839 0.8625807487
62.2177621676 0.8659090315
62.1865596790 0.8670704897
62.1553884712 0.8658323825
62.1242484970 0.8620934214
62.0931397096 0.8559467651
62.0620620621 0.8476597205
62.0310155078 0.8377511395
62.0000000000 0.8268737801
