0.0100000000 0.0000000414
0.0200000000 0.0000005089
0.0300000000 0.0000018675
0.0400000000 0.0000042597
0.0500000000 0.0000076457
0.0600000000 0.0000119947
0.0700000000 0.0000172573
0.0800000000 0.0000234068
0.0900000000 0.0000303981
0.1000000000 0.0000382742
0.1100000000 0.0000470035
0.1200000000 0.0000565815
0.1300000000 0.0000670052
0.1400000000 0.0000782725
0.1500000000 0.0000904329
0.1600000000 0.0001033869
0.1700000000 0.0001171811
0.1800000000 0.0001318770
0.1900000000 0.0001473536
0.2000000000 0.0001637383
0.2100000000 0.0001809689
0.2200000000 0.0001990450
0.2300000000 0.0002178863
0.2400000000 0.0002377332
0.2500000000 0.0002583450
0.2600000000 0.0002798019
0.2700000000 0.0003021982
0.2800000000 0.0003253484
0.2900000000 0.0003494451
0.3000000000 0.0003743938
0.3100000000 0.0004001943
0.3200000000 0.0004269592
0.3300000000 0.0004544669
0.3400000000 0.0004829460
0.3500000000 0.0005122840
0.3600000000 0.0005424809
0.3700000000 0.0005735365
0.3800000000 0.0006054510
0.3900000000 0.0006383618
0.4000000000 0.0006721384
0.4100000000 0.0007067809
0.4200000000 0.0007422893
0.4300000000 0.0007788153
0.4400000000 0.0008162143
0.4500000000 0.0008544862
0.4600000000 0.0008936310
0.4700000000 0.0009338147
0.4800000000 0.0009748785
0.4900000000 0.0010168223
0.5000000000 0.0010596461
0.5100000000 0.0011035301
0.5200000000 0.0011483012
0.5300000000 0.0011939594
0.5400000000 0.0012405047
0.5500000000 0.0012881315
0.5600000000 0.0013366525
0.5700000000 0.0013862693
0.5800000000 0.0014367873
0.5900000000 0.0014882066
0.6000000000 0.0015405271
0.6100000000 0.0015939647
0.6200000000 0.0016483106
0.6300000000 0.0017037877
0.6400000000 0.0017601803
0.6500000000 0.0018174883
0.6600000000 0.0018759453
0.6700000000 0.0019353248
0.6800000000 0.0019956268
0.6900000000 0.0020570956
0.7000000000 0.0021197418
0.7100000000 0.0021830732
0.7200000000 0.0022478441
0.7300000000 0.0023133002
0.7400000000 0.0023799550
0.7500000000 0.0024478193
0.7600000000 0.0025166343
0.7700000000 0.0025864001
0.7800000000 0.0026573930
0.7900000000 0.0027293438
0.8000000000 0.0028025359
0.8100000000 0.0028766930
0.8200000000 0.0029521055
0.8300000000 0.0030287842
0.8400000000 0.0031064420
0.8500000000 0.0031850789
0.8600000000 0.0032649997
0.8700000000 0.0033459067
0.8800000000 0.0034284235
0.8900000000 0.0035116254
0.9000000000 0.0035961395
0.9100000000 0.0036819764
0.9200000000 0.0037691469
0.9300000000 0.0038573319
0.9400000000 0.0039465314
0.9500000000 0.0040370821
0.9600000000 0.0041289947
0.9700000000 0.0042222798
0.9800000000 0.0043166007
0.9900000000 0.0044123082
1.0000000000 0.0045090586
1.0100000000 0.0046075679
1.0200000000 0.0047067726
1.0300000000 0.0048077575
1.0400000000 0.0049098065
1.0500000000 0.0050132918
1.0600000000 0.0051182240
1.0700000000 0.0052246137
1.0800000000 0.0053320888
1.0900000000 0.0054410357
1.1000000000 0.0055514649
1.1100000000 0.0056629936
1.1200000000 0.0057764159
1.1300000000 0.0058909519
1.1400000000 0.0060070057
1.1500000000 0.0061245879
1.1600000000 0.0062437092
1.1700000000 0.0063639653
1.1800000000 0.0064861931
1.1900000000 0.0066095699
1.2000000000 0.0067345212
1.2100000000 0.0068614866
1.2200000000 0.0069896223
1.2300000000 0.0071193644
1.2400000000 0.0072507235
1.2500000000 0.0073837102
1.2600000000 0.0075183351
1.2700000000 0.0076546090
1.2800000000 0.0077925424
1.2900000000 0.0079321458
1.3000000000 0.0080734301
1.3100000000 0.0082164057
1.3200000000 0.0083610834
1.3300000000 0.0085079452
1.3400000000 0.0086560623
1.3500000000 0.0088063919
1.3600000000 0.0089579909
1.3700000000 0.0091118308
1.3800000000 0.0092674435
1.3900000000 0.0094253325
1.4000000000 0.0095845263
1.4100000000 0.0097460247
1.4200000000 0.0099093455
1.4300000000 0.0100744994
1.4400000000 0.0102420075
1.4500000000 0.0104108628
1.4600000000 0.0105826183
1.4700000000 0.0107557423
1.4800000000 0.0109312843
1.4900000000 0.0111087372
1.5000000000 0.0112886434
1.5100000000 0.0114704889
1.5200000000 0.0116542843
1.5300000000 0.0118405826
1.5400000000 0.0120294050
1.5500000000 0.0122202234
1.5600000000 0.0124136013
1.5700000000 0.0126090035
1.5800000000 0.0128070006
1.5900000000 0.0130070502
1.6000000000 0.0132097303
1.6100000000 0.0134150619
1.6200000000 0.0136224921
1.6300000000 0.0138326093
1.6400000000 0.0140454348
1.6500000000 0.0142609898
1.6600000000 0.0144787069
1.6700000000 0.0146991890
1.6800000000 0.0149224572
1.6900000000 0.0151485328
1.7000000000 0.0153774369
1.7100000000 0.0156091909
1.7200000000 0.0158438160
1.7300000000 0.0160813334
1.7400000000 0.0163217643
1.7500000000 0.0165651299
1.7600000000 0.0168114515
1.7700000000 0.0170613779
1.7800000000 0.0173136787
1.7900000000 0.0175696337
1.8000000000 0.0178286368
1.8100000000 0.0180907090
1.8200000000 0.0183565168
1.8300000000 0.0186254434
1.8400000000 0.0188975098
1.8500000000 0.0191733933
1.8600000000 0.0194531257
1.8700000000 0.0197360757
1.8800000000 0.0200222647
1.8900000000 0.0203123839
1.9000000000 0.0206064651
1.9100000000 0.0209045402
1.9200000000 0.0212059603
1.9300000000 0.0215114308
1.9400000000 0.0218209836
1.9500000000 0.0221346504
1.9600000000 0.0224524632
1.9700000000 0.0227744536
1.9800000000 0.0231013556
1.9900000000 0.0234318005
2.0000000000 0.0237665185
2.0100000000 0.0241062540
2.0200000000 0.0244503334
2.0300000000 0.0247995081
2.0400000000 0.0251530973
2.0500000000 0.0255111328
2.0600000000 0.0258743767
2.0700000000 0.0262428714
2.0800000000 0.0266159220
2.0900000000 0.0269943011
2.1000000000 0.0273787955
2.1100000000 0.0277679624
2.1200000000 0.0281625849
2.1300000000 0.0285627056
2.1400000000 0.0289683667
2.1500000000 0.0293803729
2.1600000000 0.0297980113
2.1700000000 0.0302213245
2.1800000000 0.0306511274
2.1900000000 0.0310874731
2.2000000000 0.0315296347
2.2100000000 0.0319784380
2.2200000000 0.0324339359
2.2300000000 0.0328961813
2.2400000000 0.0333652271
2.2500000000 0.0338419240
2.2600000000 0.0343255343
2.2700000000 0.0348161109
2.2800000000 0.0353145150
2.2900000000 0.0358199984
2.3000000000 0.0363342443
2.3100000000 0.0368556895
2.3200000000 0.0373860314
2.3300000000 0.0379236924
2.3400000000 0.0384712134
2.3500000000 0.0390261806
2.3600000000 0.0395911560
2.3700000000 0.0401645443
2.3800000000 0.0407472526
2.3900000000 0.0413393548
2.4000000000 0.0419417755
2.4100000000 0.0425537452
2.4200000000 0.0431761956
2.4300000000 0.0438092113
2.4400000000 0.0444528768
2.4500000000 0.0451072767
2.4600000000 0.0457733673
2.4700000000 0.0464512436
2.4800000000 0.0471401221
2.4900000000 0.0478418519
2.5000000000 0.0485547669
2.5100000000 0.0492816198
2.5200000000 0.0500216338
2.5300000000 0.0507740182
2.5400000000 0.0515406679
2.5500000000 0.0523216990
2.5600000000 0.0531172277
2.5700000000 0.0539273701
2.5800000000 0.0547531564
2.5900000000 0.0555947131
2.6000000000 0.0564521669
2.6100000000 0.0573256444
2.6200000000 0.0582171286
2.6300000000 0.0591258353
2.6400000000 0.0600528368
2.6500000000 0.0609982808
2.6600000000 0.0619632571
2.6700000000 0.0629479238
2.6800000000 0.0639533883
2.6900000000 0.0649788663
2.7000000000 0.0660264284
2.7100000000 0.0670962537
2.7200000000 0.0681894847
2.7300000000 0.0693063107
2.7400000000 0.0704478916
2.7500000000 0.0716144274
2.7600000000 0.0728070954
2.7700000000 0.0740270869
2.7800000000 0.0752756073
2.7900000000 0.0765518996
2.8000000000 0.0778591593
2.8100000000 0.0791966433
2.8200000000 0.0805665905
2.8300000000 0.0819702653
2.8400000000 0.0834079407
2.8500000000 0.0848819076
2.8600000000 0.0863924598
2.8700000000 0.0879419231
2.8800000000 0.0895306120
2.8900000000 0.0911619102
2.9000000000 0.0928351367
2.9100000000 0.0945547472
2.9200000000 0.0963200848
2.9300000000 0.0981346270
2.9400000000 0.0999998119
2.9500000000 0.1019170912
2.9600000000 0.1038900258
2.9700000000 0.1059211669
2.9800000000 0.1080109843
2.9900000000 0.1101652378
3.0000000000 0.1123833872
3.0100000000 0.1146712684
3.0200000000 0.1170305125
3.0300000000 0.1194659799
3.0400000000 0.1219793598
3.0500000000 0.1245755918
3.0600000000 0.1272585882
3.0700000000 0.1300333879
3.0800000000 0.1329050850
3.0900000000 0.1358766424
3.1000000000 0.1389554353
3.1100000000 0.1421456216
3.1200000000 0.1454558129
3.1300000000 0.1488902893
3.1400000000 0.1524567018
3.1500000000 0.1561638964
3.1600000000 0.1600196967
3.1700000000 0.1640331280
3.1800000000 0.1682144336
3.1900000000 0.1725717097
3.2000000000 0.1771199172
3.2100000000 0.1818685072
3.2200000000 0.1868327119
3.2300000000 0.1920267824
3.2400000000 0.1974674045
3.2500000000 0.2031702883
3.2600000000 0.2091570578
3.2700000000 0.2154460971
3.2800000000 0.2220629204
3.2900000000 0.2290321422
3.3000000000 0.2363809522
3.3100000000 0.2441414831
3.3200000000 0.2523473601
3.3300000000 0.2610372388
3.3400000000 0.2702536891
3.3500000000 0.2800420592
3.3600000000 0.2904587945
3.3700000000 0.3015585117
3.3800000000 0.3134118240
3.3900000000 0.3260900153
3.4000000000 0.3396781991
3.4100000000 0.3542730780
3.4200000000 0.3699794541
3.4300000000 0.3869223676
3.4400000000 0.4052388455
3.4500000000 0.4250889168
3.4600000000 0.4466521894
3.4700000000 0.4701377627
3.4800000000 0.4957820422
3.4900000000 0.5238575139
3.5000000000 0.5546742351
3.5100000000 0.5885886771
3.5200000000 0.6260039922
3.5300000000 0.6673800831
3.5400000000 0.7132313251
3.5500000000 0.7641266201
3.5600000000 0.8206831087
3.5700000000 0.8835484793
3.5800000000 0.9533655401
3.5900000000 1.0307152065
3.6000000000 1.1160303823
3.6100000000 1.2094508031
3.6200000000 1.3106551513
3.6300000000 1.4186333447
3.6400000000 1.5314642649
3.6500000000 1.6461702852
3.6600000000 1.7587304725
3.6700000000 1.8643898701
3.6800000000 1.9582924735
3.6900000000 2.0363200962
3.7000000000 2.0959188786
3.7100000000 2.1366000134
3.7200000000 2.1600058989
3.7300000000 2.1695670746
3.7400000000 2.1699453303
3.7500000000 2.1663863281
3.7600000000 2.1640867437
3.7700000000 2.1676594744
3.7800000000 2.1807524168
3.7900000000 2.2058615021
3.8000000000 2.2443357456
3.8100000000 2.2965110618
3.8200000000 2.3619143634
3.8300000000 2.4394215695
3.8400000000 2.5272760520
3.8500000000 2.6229034306
3.8600000000 2.7225857116
3.8700000000 2.8211730730
3.8800000000 2.9121208029
3.8900000000 2.9880294550
3.9000000000 3.0417120470
3.9100000000 3.0675396504
3.9200000000 3.0626341813
3.9300000000 3.0274673217
3.9400000000 2.9656545150
3.9500000000 2.8830231739
3.9600000000 2.7862985819
3.9700000000 2.6818996672
3.9800000000 2.5751878147
3.9900000000 2.4702624944
4.0000000000 2.3701744912
4.0100000000 2.2772848914
4.0200000000 2.1935563934
4.0300000000 2.1206762133
4.0400000000 2.0600753437
4.0500000000 2.0129033411
4.0600000000 1.9800227765
4.0700000000 1.9620629384
4.0800000000 1.9594686643
4.0900000000 1.9725731871
4.1000000000 2.0016224381
4.1100000000 2.0467721477
4.1200000000 2.1080181861
4.1300000000 2.1850765963
4.1400000000 2.2772052119
4.1500000000 2.3829815214
4.1600000000 2.5000838649
4.1700000000 2.6251100412
4.1800000000 2.7535516487
4.1900000000 2.8799314555
4.2000000000 2.9982093166
4.2100000000 3.1023891493
4.2200000000 3.1873385569
4.2300000000 3.2496477544
4.2400000000 3.2883671771
4.2500000000 3.3053428274
4.2600000000 3.3049967023
4.2700000000 3.2935303769
4.2800000000 3.2777649069
4.2900000000 3.2639553253
4.3000000000 3.2568966494
4.3100000000 3.2595065728
4.3200000000 3.2728682659
4.3300000000 3.2966429720
4.3400000000 3.3295949444
4.3500000000 3.3700464002
4.3600000000 3.4160673417
4.3700000000 3.4654290395
4.3800000000 3.5154178803
4.3900000000 3.5627175873
4.4000000000 3.6034782238
4.4100000000 3.6336349995
4.4200000000 3.6494356233
4.4300000000 3.6480555503
4.4400000000 3.6280515423
4.4500000000 3.5895434325
4.4600000000 3.5340720766
4.4700000000 3.4642733587
4.4800000000 3.3834611453
4.4900000000 3.2952227227
4.5000000000 3.2030627436
4.5100000000 3.1101721158
4.5200000000 3.0193436210
4.5300000000 2.9330394337
4.5400000000 2.8535048794
4.5500000000 2.7828447301
4.5600000000 2.7229601009
4.5700000000 2.6753825648
4.5800000000 2.6410732115
4.5900000000 2.6202829831
4.6000000000 2.6125324891
4.6100000000 2.6167433414
4.6200000000 2.6314700484
4.6300000000 2.6551796150
4.6400000000 2.6864409653
4.6500000000 2.7239425854
4.6600000000 2.7663332011
4.6700000000 2.8119918737
4.6800000000 2.8588617391
4.6900000000 2.9044982719
4.7000000000 2.9463396841
4.7100000000 2.9821382554
4.7200000000 3.0104493608
4.7300000000 3.0310088298
4.7400000000 3.0448888527
4.7500000000 3.0543245623
4.7600000000 3.0623136183
4.7700000000 3.0721439661
4.7800000000 3.0870064039
4.7900000000 3.1098173335
4.8000000000 3.1431658361
4.8100000000 3.1892979887
4.8200000000 3.2500020488
4.8300000000 3.3263804154
4.8400000000 3.4185686450
4.8500000000 3.5254436249
4.8600000000 3.6443706532
4.8700000000 3.7710791768
4.8800000000 3.8997364160
4.8900000000 4.0233806187
4.9000000000 4.1347227040
4.9100000000 4.2272346590
4.9200000000 4.2961389199
4.9300000000 4.3389214502
4.9400000000 4.3551578348
4.9500000000 4.3458430409
4.9600000000 4.3127023503
4.9700000000 4.2579298100
4.9800000000 4.1843463207
4.9900000000 4.0957033190
5.0000000000 3.9966462078
5.0100000000 3.8922865001
5.0200000000 3.7875404328
5.0300000000 3.6865955120
5.0400000000 3.5926928432
5.0500000000 3.5081726148
5.0600000000 3.4346620193
5.0700000000 3.3732978350
5.0800000000 3.3248848862
5.0900000000 3.2900050601
5.1000000000 3.2689890311
5.1100000000 3.2617564447
5.1200000000 3.2675654680
5.1300000000 3.2847752055
5.1400000000 3.3107649748
5.1500000000 3.3420816545
5.1600000000 3.3748496742
5.1700000000 3.4053379257
5.1800000000 3.4305215921
5.1900000000 3.4484686671
5.2000000000 3.4584419274
5.2100000000 3.4607906811
5.2200000000 3.4567576276
5.2300000000 3.4483854550
5.2400000000 3.4384941567
5.2500000000 3.4305988024
5.2600000000 3.4286402596
5.2700000000 3.4365161752
5.2800000000 3.4575563172
5.2900000000 3.4940542887
5.3000000000 3.5469477609
5.3100000000 3.6156716801
5.3200000000 3.6981491266
5.3300000000 3.7909285674
5.3400000000 3.8895033369
5.3500000000 3.9888091183
5.3600000000 4.0838989517
5.3700000000 4.1706983196
5.3800000000 4.2466071558
5.3900000000 4.3106969473
5.4000000000 4.3633748129
5.4100000000 4.4056471712
5.4200000000 4.4383048425
5.4300000000 4.4614600899
5.4400000000 4.4746049682
5.4500000000 4.4771663067
5.4600000000 4.4692793866
5.4700000000 4.4523942062
5.4800000000 4.4294750546
5.4900000000 4.4047206990
5.5000000000 4.3829895330
5.5100000000 4.3691730551
5.5200000000 4.3677020189
5.5300000000 4.3822022701
5.5400000000 4.4153114607
5.5500000000 4.4685259440
5.5600000000 4.5421223228
5.5700000000 4.6351218986
5.5800000000 4.7454523900
5.5900000000 4.8703032224
5.6000000000 5.0067451337
5.6100000000 5.1524371096
5.6200000000 5.3062599888
5.6300000000 5.4686606080
5.6400000000 5.6416250203
5.6500000000 5.8283638108
5.6600000000 6.0328411226
5.6700000000 6.2592997687
5.6800000000 6.5118196097
5.6900000000 6.7939107854
5.7000000000 7.1080879677
5.7100000000 7.4553887583
5.7200000000 7.8349038519
5.7300000000 8.2434103567
5.7400000000 8.6753243391
5.7500000000 9.1230393967
5.7600000000 9.5776413040
5.7700000000 10.0298446617
5.7800000000 10.4709385990
5.7900000000 10.8935283105
5.8000000000 11.2918695449
5.8100000000 11.6617211507
5.8200000000 11.9997703589
5.8300000000 12.3029062153
5.8400000000 12.5677272619
5.8500000000 12.7905357392
5.8600000000 12.9678685597
5.8700000000 13.0972938312
5.8800000000 13.1781216105
5.8900000000 13.2116760356
5.9000000000 13.2010980745
5.9100000000 13.1508297145
5.9200000000 13.0660013286
5.9300000000 12.9519252641
5.9400000000 12.8137041629
5.9500000000 12.6560414483
5.9600000000 12.4832294416
5.9700000000 12.2993251423
5.9800000000 12.1083446202
5.9900000000 11.9143774076
6.0000000000 11.7214523003
6.0100000000 11.5332139202
6.0200000000 11.3524623856
6.0300000000 11.1808016477
6.0400000000 11.0185126668
6.0500000000 10.8647612380
6.0600000000 10.7179874476
6.0700000000 10.5763636480
6.0800000000 10.4381083070
6.0900000000 10.3015695187
6.1000000000 10.1650746654
6.1100000000 10.0266963313
6.1200000000 9.8841046162
6.1300000000 9.7347597634
6.1400000000 9.5764325015
6.1500000000 9.4079783604
6.1600000000 9.2300572680
6.1700000000 9.0455406746
6.1800000000 8.8593727090
6.1900000000 8.6779103093
6.2000000000 8.5078786835
6.2100000000 8.3553071548
6.2200000000 8.2247726052
6.2300000000 8.1191419073
6.2400000000 8.0397142603
6.2500000000 7.9864998468
6.2600000000 7.9584024383
6.2700000000 7.9532091127
6.2800000000 7.9674889323
6.2900000000 7.9965857518
6.3000000000 8.0349154997
6.3100000000 8.0765913674
6.3200000000 8.1162984196
6.3300000000 8.1500991802
6.3400000000 8.1758469872
6.3500000000 8.1929683539
6.3600000000 8.2017276539
6.3700000000 8.2022428204
6.3800000000 8.1936802955
6.3900000000 8.1739299201
6.4000000000 8.1399460160
6.4100000000 8.0886415670
6.4200000000 8.0180363080
6.4300000000 7.9282419297
6.4400000000 7.8218409977
6.4500000000 7.7035063547
6.4600000000 7.5790152139
6.4700000000 7.4539977169
6.4800000000 7.3329167052
6.4900000000 7.2185261088
6.5000000000 7.1120200508
6.5100000000 7.0137196023
6.5200000000 6.9240203829
6.5300000000 6.8441661015
6.5400000000 6.7765303651
6.5500000000 6.7243779521
6.5600000000 6.6912647528
6.5700000000 6.6803305375
6.5800000000 6.6936647590
6.5900000000 6.7318554420
6.6000000000 6.7937663196
6.6100000000 6.8765511535
6.6200000000 6.9759047667
6.6300000000 7.0865029222
6.6400000000 7.2025567178
6.6500000000 7.3183879565
6.6600000000 7.4289397458
6.6700000000 7.5302294943
6.6800000000 7.6197905871
6.6900000000 7.6970055271
6.7000000000 7.7631064003
6.7100000000 7.8206795289
6.7200000000 7.8726793275
6.7300000000 7.9212757235
6.7400000000 7.9668639133
6.7500000000 8.0074638824
6.7600000000 8.0386591360
6.7700000000 8.0540224437
6.7800000000 8.0461024828
6.7900000000 8.0078352762
6.8000000000 7.9342037429
6.8100000000 7.8237554908
6.8200000000 7.6794316810
6.8300000000 7.5084214821
6.8400000000 7.3209735400
6.8500000000 7.1285326929
6.8600000000 6.9418085026
6.8700000000 6.7692814768
6.8800000000 6.6164603105
6.8900000000 6.4859354580
6.9000000000 6.3780904148
6.9100000000 6.2921628022
6.9200000000 6.2273131574
6.9300000000 6.1833360816
6.9400000000 6.1608335520
6.9500000000 6.1608809356
6.9600000000 6.1844574390
6.9700000000 6.2318754632
6.9800000000 6.3023970428
6.9900000000 6.3941705552
7.0000000000 6.5044411313
7.0100000000 6.6299644443
7.0200000000 6.7674264056
7.0300000000 6.9135937627
7.0400000000 7.0651581234
7.0500000000 7.2183798343
7.0600000000 7.3689790608
7.0700000000 7.5125750492
7.0800000000 7.6456618507
7.0900000000 7.7666856288
7.1000000000 7.8766431920
7.1100000000 7.9788291779
7.1200000000 8.0779548042
7.1300000000 8.1791292409
7.1400000000 8.2871779024
7.1500000000 8.4064562901
7.1600000000 8.5408348483
7.1700000000 8.6935707728
7.1800000000 8.8668076656
7.1900000000 9.0608430341
7.2000000000 9.2733908289
7.2100000000 9.4991413942
7.2200000000 9.7298786027
7.2300000000 9.9552276632
7.2400000000 10.1639707039
7.2500000000 10.3456380601
7.2600000000 10.4919384405
7.2700000000 10.5975407097
7.2800000000 10.6601076093
7.2900000000 10.6797680485
7.3000000000 10.6585370385
7.3100000000 10.5999940967
7.3200000000 10.5091796705
7.3300000000 10.3924385180
7.3400000000 10.2570127235
7.3500000000 10.1103998898
7.3600000000 9.9597893333
7.3700000000 9.8116726067
7.3800000000 9.6715855922
7.3900000000 9.5438531461
7.4000000000 9.4313229256
7.4100000000 9.3352462021
7.4200000000 9.2554862840
7.4300000000 9.1911022959
7.4400000000 9.1411206992
7.4500000000 9.1051479038
7.4600000000 9.0835360820
7.4700000000 9.0769256099
7.4800000000 9.0854035719
7.4900000000 9.1077150669
7.5000000000 9.1409649188
7.5100000000 9.1810325262
7.5200000000 9.2235074330
7.5300000000 9.2646404108
7.5400000000 9.3019177378
7.5500000000 9.3341042919
7.5600000000 9.3610642470
7.5700000000 9.3836700820
7.5800000000 9.4039449345
7.5900000000 9.4251410447
7.6000000000 9.4514603691
7.6100000000 9.4872986179
7.6200000000 9.5361655638
7.6300000000 9.5997130352
7.6400000000 9.6771862757
7.6500000000 9.7655546457
7.6600000000 9.8603825386
7.6700000000 9.9572199909
7.6800000000 10.0530684841
7.6900000000 10.1473857245
7.7000000000 10.2421381446
7.7100000000 10.3408143963
7.7200000000 10.4467112221
7.7300000000 10.5610755437
7.7400000000 10.6818242717
7.7500000000 10.8032432761
7.7600000000 10.9168997787
7.7700000000 11.0135197915
7.7800000000 11.0852818262
7.7900000000 11.1277926583
7.8000000000 11.1410066714
7.8100000000 11.1288575508
7.8200000000 11.0979012031
7.8300000000 11.0556175660
7.8400000000 11.0089927745
7.8500000000 10.9636681891
7.8600000000 10.9236726619
7.8700000000 10.8916110341
7.8800000000 10.8690594113
7.8900000000 10.8568968207
7.9000000000 10.8553100628
7.9100000000 10.8635343903
7.9200000000 10.8796110596
7.9300000000 10.9005112223
7.9400000000 10.9226487650
7.9500000000 10.9426329848
7.9600000000 10.9578292356
7.9700000000 10.9666412839
7.9800000000 10.9685337888
7.9900000000 10.9639945552
8.0000000000 10.9543963757
8.0100000000 10.9416900574
8.0200000000 10.9279056302
8.0300000000 10.9146731812
8.0400000000 10.9028908751
8.0500000000 10.8926318400
8.0600000000 10.8830931305
8.0700000000 10.8725176834
8.0800000000 10.8581403780
8.0900000000 10.8362991150
8.1000000000 10.8027558428
8.1100000000 10.7531765915
8.1200000000 10.6836329409
8.1300000000 10.5911521270
8.1400000000 10.4743532822
8.1500000000 10.3341068852
8.1600000000 10.1740092862
8.1700000000 10.0003675396
8.1800000000 9.8216638948
8.1900000000 9.6475722767
8.2000000000 9.4878320390
8.2100000000 9.3511698303
8.2200000000 9.2443952539
8.2300000000 9.1717230821
8.2400000000 9.1343488263
8.2500000000 9.1303060074
8.2600000000 9.1546536386
8.2700000000 9.1999934435
8.2800000000 9.2573050065
8.2900000000 9.3170244665
8.3000000000 9.3701620809
8.3100000000 9.4091376214
8.3200000000 9.4281344277
8.3300000000 9.4229323987
8.3400000000 9.3905554839
8.3500000000 9.3290962684
8.3600000000 9.2379571906
8.3700000000 9.1183700174
8.3800000000 8.9739077383
8.3900000000 8.8105876890
8.4000000000 8.6365146200
8.4100000000 8.4610999745
8.4200000000 8.2940152247
8.4300000000 8.1440607248
8.4400000000 8.0180230493
8.4500000000 7.9197900460
8.4600000000 7.8499193954
8.4700000000 7.8057729285
8.4800000000 7.7821758331
8.4900000000 7.7724166150
8.5000000000 7.7692564716
8.5100000000 7.7656798557
8.5200000000 7.7553840537
8.5300000000 7.7329787531
8.5400000000 7.6941199923
8.5500000000 7.6355800076
8.5600000000 7.5553465529
8.5700000000 7.4527688832
8.5800000000 7.3288116130
8.5900000000 7.1863665709
8.6000000000 7.0303549430
8.6100000000 6.8674388326
8.6200000000 6.7051392407
8.6300000000 6.5506358514
8.6400000000 6.4095836671
8.6500000000 6.2853140228
8.6600000000 6.1785889566
8.6700000000 6.0879055489
8.6800000000 6.0102152551
8.6900000000 5.9418575131
8.7000000000 5.8795732489
8.7100000000 5.8213485662
8.7200000000 5.7669552304
8.7300000000 5.7180047661
8.7400000000 5.6774890363
8.7500000000 5.6489584689
8.7600000000 5.6355956660
8.7700000000 5.6394604131
8.7800000000 5.6611076029
8.7900000000 5.6995887902
8.8000000000 5.7527605247
8.8100000000 5.8177237271
8.8200000000 5.8912325130
8.8300000000 5.9699778729
8.8400000000 6.0507198313
8.8500000000 6.1304665189
8.8600000000 6.2067716051
8.8700000000 6.2782162989
8.8800000000 6.3448784889
8.8900000000 6.4084772380
8.9000000000 6.4720151779
8.9100000000 6.5389101289
8.9200000000 6.6119014571
8.9300000000 6.6920214688
8.9400000000 6.7779595519
8.9500000000 6.8658861293
8.9600000000 6.9497486612
8.9700000000 7.0219262062
8.9800000000 7.0741781081
8.9900000000 7.0988857249
9.0000000000 7.0904666004
9.0100000000 7.0467554304
9.0200000000 6.9699125503
9.0300000000 6.8663631746
9.0400000000 6.7457017905
9.0500000000 6.6188653891
9.0600000000 6.4961900516
9.0700000000 6.3858939983
9.0800000000 6.2932915998
9.0900000000 6.2207970529
9.1000000000 6.1685580740
9.1100000000 6.1354605162
9.1200000000 6.1201018292
9.1300000000 6.1213937312
9.1400000000 6.1385651714
9.1500000000 6.1706936920
9.1600000000 6.2160273988
9.1700000000 6.2714822725
9.1800000000 6.3326100806
9.1900000000 6.3940569916
9.2000000000 6.4503965487
9.2100000000 6.4969466027
9.2200000000 6.5303246240
9.2300000000 6.5485446086
9.2400000000 6.5508047405
9.2500000000 6.5370914648
9.2600000000 6.5078774506
9.2700000000 6.4640035429
9.2800000000 6.4067624719
9.2900000000 6.3381205808
9.3000000000 6.2609039124
9.3100000000 6.1787452542
9.3200000000 6.0956931231
9.3300000000 6.0155118561
9.3400000000 5.9409405814
9.3500000000 5.8731174274
9.3600000000 5.8113809791
9.3700000000 5.7535901567
9.3800000000 5.6967872748
9.3900000000 5.6380179480
9.4000000000 5.5749827194
9.4100000000 5.5064412565
9.4200000000 5.4323250815
9.4300000000 5.3537283495
9.4400000000 5.2728313490
9.4500000000 5.1927513731
9.4600000000 5.1172695518
9.4700000000 5.0504356249
9.4800000000 4.9961052170
9.4900000000 4.9574796913
9.5000000000 4.9367399989
9.5100000000 4.9349018282
9.5200000000 4.9518549027
9.5300000000 4.9866375353
9.5400000000 5.0377875668
9.5500000000 5.1036450697
9.5600000000 5.1824611768
9.5700000000 5.2723182337
9.5800000000 5.3709501458
9.5900000000 5.4756488793
9.6000000000 5.5833138532
9.6100000000 5.6906542108
9.6200000000 5.7944932542
9.6300000000 5.8919536288
9.6400000000 5.9804796526
9.6500000000 6.0576688371
9.6600000000 6.1211667456
9.6700000000 6.1687660297
9.6800000000 6.1988448304
9.6900000000 6.2108909897
9.7000000000 6.2058876570
9.7100000000 6.1862462451
9.7200000000 6.1552893116
9.7300000000 6.1165445556
9.7400000000 6.0731069845
9.7500000000 6.0272957193
9.7600000000 5.9807036415
9.7700000000 5.9345088373
9.7800000000 5.8898257063
9.7900000000 5.8479493673
9.8000000000 5.8103473048
9.8100000000 5.7784933566
9.8200000000 5.7536378470
9.8300000000 5.7366310207
9.8400000000 5.7278475715
9.8500000000 5.7272199882
9.8600000000 5.7343321677
9.8700000000 5.7485733927
9.8800000000 5.7691942770
9.8900000000 5.7953135330
9.9000000000 5.8258287070
9.9100000000 5.8593548337
9.9200000000 5.8942127839
9.9300000000 5.9285075283
9.9400000000 5.9603147183
9.9500000000 5.9879817395
9.9600000000 6.0104411050
9.9700000000 6.0273472147
9.9800000000 6.0389871059
9.9900000000 6.0460362176
10.0000000000 6.0493451490
10.0100000000 6.0498318881
10.0200000000 6.0484952602
10.0300000000 6.0463687393
10.0400000000 6.0443296331
10.0500000000 6.0428223630
10.0600000000 6.0416366907
10.0700000000 6.0399268359
10.0800000000 6.0364948685
10.0900000000 6.0301855313
10.1000000000 6.0201600351
10.1100000000 6.0058526404
10.1200000000 5.9866996885
10.1300000000 5.9618351479
10.1400000000 5.9299483109
10.1500000000 5.8894315688
10.1600000000 5.8386779968
10.1700000000 5.7764165814
10.1800000000 5.7020263880
10.1900000000 5.6157639077
10.2000000000 5.5188972130
10.2100000000 5.4136842625
10.2200000000 5.3032237023
10.2300000000 5.1912350865
10.2400000000 5.0817516068
10.2500000000 4.9787643284
10.2600000000 4.8858429324
10.2700000000 4.8057933265
10.2800000000 4.7404877388
10.2900000000 4.6908766260
10.3000000000 4.6571537133
10.3100000000 4.6388736986
10.3200000000 4.6350013563
10.3300000000 4.6437212257
10.3400000000 4.6622059225
10.3500000000 4.6864493740
10.3600000000 4.7113835595
10.3700000000 4.7313762727
10.3800000000 4.7410044128
10.3900000000 4.7360036806
10.4000000000 4.7139767139
10.4100000000 4.6747258922
10.4200000000 4.6200728461
10.4300000000 4.5533236892
10.4400000000 4.4785891276
10.4500000000 4.4000824769
10.4600000000 4.3215637106
10.4700000000 4.2459513197
10.4800000000 4.1751370284
10.4900000000 4.1100260367
10.5000000000 4.0507156981
10.5100000000 3.9967603877
10.5200000000 3.9473756126
10.5300000000 3.9016280748
10.5400000000 3.8585073972
10.5500000000 3.8170125001
10.5600000000 3.7762386987
10.5700000000 3.7354412682
10.5800000000 3.6940125832
10.5900000000 3.6514276367
10.6000000000 3.6072063932
10.6100000000 3.5609700970
10.6200000000 3.5126627856
10.6300000000 3.4627438083
10.6400000000 3.4123581834
10.6500000000 3.3632588694
10.6600000000 3.3176535996
10.6700000000 3.2779180592
10.6800000000 3.2463364762
10.6900000000 3.2248420479
10.7000000000 3.2148151712
10.7100000000 3.2169628342
10.7200000000 3.2312170499
10.7300000000 3.2567316097
10.7400000000 3.2919101635
10.7500000000 3.3345114227
10.7600000000 3.3818198440
10.7700000000 3.4309479505
10.7800000000 3.4791516073
10.7900000000 3.5241434339
10.8000000000 3.5642980791
10.8100000000 3.5987682410
10.8200000000 3.6274768215
10.8300000000 3.6510070152
10.8400000000 3.6704292284
10.8500000000 3.6870462873
10.8600000000 3.7021487431
10.8700000000 3.7168333930
10.8800000000 3.7318351134
10.8900000000 3.7475080309
10.9000000000 3.7638673707
10.9100000000 3.7807567352
10.9200000000 3.7980660605
10.9300000000 3.8159215835
10.9400000000 3.8347831620
10.9500000000 3.8554879945
10.9600000000 3.8791579417
10.9700000000 3.9070559483
10.9800000000 3.9403879123
10.9900000000 3.9801434221
11.0000000000 4.0269974273
11.0100000000 4.0813307168
11.0200000000 4.1432186524
11.0300000000 4.2123202214
11.0400000000 4.2876787837
11.0500000000 4.3674961698
11.0600000000 4.4489911920
11.0700000000 4.5285235173
11.0800000000 4.6019330436
11.0900000000 4.6650418639
11.1000000000 4.7142181581
11.1100000000 4.7467581868
11.1200000000 4.7610051139
11.1300000000 4.7562148917
11.1400000000 4.7322192688
11.1500000000 4.6891447248
11.1600000000 4.6272966947
11.1700000000 4.5472961175
11.1800000000 4.4504180291
11.1900000000 4.3389310607
11.2000000000 4.2162138291
11.2100000000 4.0864748371
11.2200000000 3.9541659620
11.2300000000 3.8233067007
11.2400000000 3.6969523266
11.2500000000 3.5769706656
11.2600000000 3.4641601530
11.2700000000 3.3585398863
11.2800000000 3.2597893126
11.2900000000 3.1675470886
11.3000000000 3.0815650919
11.3100000000 3.0016499765
11.3200000000 2.9275356828
11.3300000000 2.8588147318
11.3400000000 2.7949750566
11.3500000000 2.7355858621
11.3600000000 2.6804705477
11.3700000000 2.6297706517
11.3800000000 2.5838340765
11.3900000000 2.5430173385
11.4000000000 2.5074856050
11.4100000000 2.4770532247
11.4200000000 2.4512427889
11.4300000000 2.4293837554
11.4400000000 2.4108704667
11.4500000000 2.3953447837
11.4600000000 2.3828333441
11.4700000000 2.3737420542
11.4800000000 2.3687143615
11.4900000000 2.3683912596
11.5000000000 2.3732241865
11.5100000000 2.3833143535
11.5200000000 2.3983840982
11.5300000000 2.4178654920
11.5400000000 2.4410247066
11.5500000000 2.4671336362
11.5600000000 2.4955872919
11.5700000000 2.5259355024
11.5800000000 2.5578833196
11.5900000000 2.5912406171
11.6000000000 2.6259066608
11.6100000000 2.6618195110
11.6200000000 2.6989365648
11.6300000000 2.7371955741
11.6400000000 2.7764444532
11.6500000000 2.8164569106
11.6600000000 2.8569754005
11.6700000000 2.8977813728
11.6800000000 2.9387772061
11.6900000000 2.9800095873
11.7000000000 3.0216616835
11.7100000000 3.0640062871
11.7200000000 3.1073277419
11.7300000000 3.1518477710
11.7400000000 3.1976240467
11.7500000000 3.2443903877
11.7600000000 3.2914166852
11.7700000000 3.3374041175
11.7800000000 3.3804309268
11.7900000000 3.4180728485
11.8000000000 3.4475688197
11.8100000000 3.4660939284
11.8200000000 3.4711206349
11.8300000000 3.4608232718
11.8400000000 3.4344664058
11.8500000000 3.3926863520
11.8600000000 3.3375222034
11.8700000000 3.2721580777
11.8800000000 3.2003738888
11.8900000000 3.1259650430
11.9000000000 3.0521714086
11.9100000000 2.9813854134
11.9200000000 2.9150735289
11.9300000000 2.8539041699
11.9400000000 2.7980341004
11.9500000000 2.7473993039
11.9600000000 2.7019737010
11.9700000000 2.6619785487
11.9800000000 2.6279205897
11.9900000000 2.6005615140
12.0000000000 2.5807573859
12.0100000000 2.5693003923
12.0200000000 2.5667755691
12.0300000000 2.5735141363
12.0400000000 2.5895755743
12.0500000000 2.6147384553
12.0600000000 2.6484636973
12.0700000000 2.6898221124
12.0800000000 2.7374511490
12.0900000000 2.7896055346
12.1000000000 2.8442607756
12.1100000000 2.8992485973
12.1200000000 2.9523873324
12.1300000000 3.0015828124
12.1400000000 3.0449484111
12.1500000000 3.0809000672
12.1600000000 3.1083199187
12.1700000000 3.1266436610
12.1800000000 3.1359290152
12.1900000000 3.1368733091
12.2000000000 3.1307435638
12.2100000000 3.1192181642
12.2200000000 3.1041021299
12.2300000000 3.0869915108
12.2400000000 3.0689593441
12.2500000000 3.0504061338
12.2600000000 3.0311255106
12.2700000000 3.0105747483
12.2800000000 2.9882167316
12.2900000000 2.9638479453
12.3000000000 2.9377278000
12.3100000000 2.9105652447
12.3200000000 2.8833654064
12.3300000000 2.8572337013
12.3400000000 2.8332318248
12.3500000000 2.8122075667
12.3600000000 2.7947267454
12.3700000000 2.7810503814
12.3800000000 2.7711659308
12.3900000000 2.7648938017
12.4000000000 2.7620362832
12.4100000000 2.7624940616
12.4200000000 2.7663457805
12.4300000000 2.7738361379
12.4400000000 2.7852137129
12.4500000000 2.8005222626
12.4600000000 2.8193539811
12.4700000000 2.8406442745
12.4800000000 2.8624999516
12.4900000000 2.8822401073
12.5000000000 2.8966617125
12.5100000000 2.9025336664
12.5200000000 2.8972533103
12.5300000000 2.8793795711
12.5400000000 2.8489325636
12.5500000000 2.8073221406
12.5600000000 2.7570199857
12.5700000000 2.7011387106
12.5800000000 2.6430828676
12.5900000000 2.5862155541
12.6000000000 2.5336291341
12.6100000000 2.4878984961
12.6200000000 2.4509029702
12.6300000000 2.4237278053
12.6400000000 2.4067242716
12.6500000000 2.3995680947
12.6600000000 2.4014144693
12.6700000000 2.4109913573
12.6800000000 2.4266942357
12.6900000000 2.4466730390
12.7000000000 2.4689620900
12.7100000000 2.4916612082
12.7200000000 2.5131292794
12.7300000000 2.5321775261
12.7400000000 2.5481985475
12.7500000000 2.5612057236
12.7600000000 2.5717314826
12.7700000000 2.5806569775
12.7800000000 2.5889081084
12.7900000000 2.5972493701
12.8000000000 2.6061241719
12.8100000000 2.6156581877
12.8200000000 2.6256627436
12.8300000000 2.6357115580
12.8400000000 2.6452005021
12.8500000000 2.6534075163
12.8600000000 2.6595828574
12.8700000000 2.6630092870
12.8800000000 2.6630537499
12.8900000000 2.6592278983
12.9000000000 2.6512359658
12.9100000000 2.6390577770
12.9200000000 2.6229413052
12.9300000000 2.6033389872
12.9400000000 2.5807437193
12.9500000000 2.5555281212
12.9600000000 2.5278261722
12.9700000000 2.4975886219
12.9800000000 2.4646868322
12.9900000000 2.4291314048
13.0000000000 2.3912005304
13.0100000000 2.3514992890
13.0200000000 2.3109227418
13.0300000000 2.2705701613
13.0400000000 2.2315743261
13.0500000000 2.1949953373
13.0600000000 2.1617398397
13.0700000000 2.1325193625
13.0800000000 2.1078750369
13.0900000000 2.0881759462
13.1000000000 2.0736132149
13.1100000000 2.0641764743
13.1200000000 2.0596617403
13.1300000000 2.0596975035
13.1400000000 2.0638337736
13.1500000000 2.0716092602
13.1600000000 2.0825964494
13.1700000000 2.0963840954
13.1800000000 2.1125372176
13.1900000000 2.1305345531
13.2000000000 2.1497730954
13.2100000000 2.1695770988
13.2200000000 2.1892205156
13.2300000000 2.2079493781
13.2400000000 2.2250445215
13.2500000000 2.2399023054
13.2600000000 2.2521199813
13.2700000000 2.2616352929
13.2800000000 2.2687542679
13.2900000000 2.2741973658
13.3000000000 2.2789658610
13.3100000000 2.2842392732
13.3200000000 2.2912000629
13.3300000000 2.3008934991
13.3400000000 2.3141500418
13.3500000000 2.3315390760
13.3600000000 2.3533904448
13.3700000000 2.3798253227
13.3800000000 2.4107331928
13.3900000000 2.4457174846
13.4000000000 2.4839737684
13.4100000000 2.5241954438
13.4200000000 2.5645474674
13.4300000000 2.6028115397
13.4400000000 2.6366659346
13.4500000000 2.6641403444
13.4600000000 2.6839799123
13.4700000000 2.6959108188
13.4800000000 2.7006504059
13.4900000000 2.6996479192
13.5000000000 2.6947079190
13.5100000000 2.6875896515
13.5200000000 2.6796856454
13.5300000000 2.6718570237
13.5400000000 2.6644267150
13.5500000000 2.6572999849
13.5600000000 2.6500992993
13.5700000000 2.6422953202
13.5800000000 2.6332427082
13.5900000000 2.6221703402
13.6000000000 2.6081438917
13.6100000000 2.5901424323
13.6200000000 2.5671306405
13.6300000000 2.5382322179
13.6400000000 2.5029046010
13.6500000000 2.4610786413
13.6600000000 2.4132449821
13.6700000000 2.3604313776
13.6800000000 2.3040324595
13.6900000000 2.2456333131
13.7000000000 2.1867983356
13.7100000000 2.1289177243
13.7200000000 2.0731497081
13.7300000000 2.0204366415
13.7400000000 1.9715445945
13.7500000000 1.9271221621
13.7600000000 1.8876377969
13.7700000000 1.8533496450
13.7800000000 1.8242141683
13.7900000000 1.7998415959
13.8000000000 1.7795270937
13.8100000000 1.7623156535
13.8200000000 1.7472001039
13.8300000000 1.7332492637
13.8400000000 1.7198077925
13.8500000000 1.7065594063
13.8600000000 1.6935190804
13.8700000000 1.6808967815
13.8800000000 1.6689127597
13.8900000000 1.6576498908
13.9000000000 1.6469480984
13.9100000000 1.6364175566
13.9200000000 1.6255618805
13.9300000000 1.6139211052
13.9400000000 1.6011771214
13.9500000000 1.5872261736
13.9600000000 1.5721702871
13.9700000000 1.5562654877
13.9800000000 1.5398745696
13.9900000000 1.5234484425
14.0000000000 1.5074977064
14.0100000000 1.4925736442
14.0200000000 1.4792297192
14.0300000000 1.4679489620
14.0400000000 1.4590950824
14.0500000000 1.4528585040
14.0600000000 1.4492651896
14.0700000000 1.4482292572
14.0800000000 1.4496059477
14.0900000000 1.4532497245
14.1000000000 1.4590386194
14.1100000000 1.4668500632
14.1200000000 1.4764734202
14.1300000000 1.4875271422
14.1400000000 1.4994438658
14.1500000000 1.5114798362
14.1600000000 1.5228071235
14.1700000000 1.5326254713
14.1800000000 1.5402109496
14.1900000000 1.5449939462
14.2000000000 1.5466227803
14.2100000000 1.5450081251
14.2200000000 1.5403482769
14.2300000000 1.5331009613
14.2400000000 1.5239013377
14.2500000000 1.5134796851
14.2600000000 1.5025737159
14.2700000000 1.4918550542
14.2800000000 1.4819240353
14.2900000000 1.4732256653
14.3000000000 1.4660636050
14.3100000000 1.4605551106
14.3200000000 1.4566943370
14.3300000000 1.4544061402
14.3400000000 1.4536100542
14.3500000000 1.4542598360
14.3600000000 1.4562792944
14.3700000000 1.4595523092
14.3800000000 1.4638335863
14.3900000000 1.4687978684
14.4000000000 1.4740645471
14.4100000000 1.4792818828
14.4200000000 1.4841618522
14.4300000000 1.4885150982
14.4400000000 1.4922362962
14.4500000000 1.4952944480
14.4600000000 1.4977331085
14.4700000000 1.4997054850
14.4800000000 1.5014648353
14.4900000000 1.5033548262
14.5000000000 1.5057699033
14.5100000000 1.5090206150
14.5200000000 1.5132383783
14.5300000000 1.5183199208
14.5400000000 1.5239716145
14.5500000000 1.5298390852
14.5600000000 1.5356022048
14.5700000000 1.5410002415
14.5800000000 1.5457668399
14.5900000000 1.5495246398
14.6000000000 1.5517196394
14.6100000000 1.5517209817
14.6200000000 1.5489561930
14.6300000000 1.5431525768
14.6400000000 1.5344489313
14.6500000000 1.5233972642
14.6600000000 1.5108387173
14.6700000000 1.4977082618
14.6800000000 1.4849039148
14.6900000000 1.4731500061
14.7000000000 1.4629912004
14.7100000000 1.4547459254
14.7200000000 1.4485306137
14.7300000000 1.4442740303
14.7400000000 1.4417520996
14.7500000000 1.4406636466
14.7600000000 1.4407014182
14.7700000000 1.4415775869
14.7800000000 1.4429984087
14.7900000000 1.4445878070
14.8000000000 1.4458259401
14.8100000000 1.4460079117
14.8200000000 1.4442890267
14.8300000000 1.4397862764
14.8400000000 1.4316800823
14.8500000000 1.4193317666
14.8600000000 1.4024170613
14.8700000000 1.3810144965
14.8800000000 1.3556486121
14.8900000000 1.3272722803
14.9000000000 1.2971102413
14.9100000000 1.2665427604
14.9200000000 1.2368900574
14.9300000000 1.2092722713
14.9400000000 1.1845043457
14.9500000000 1.1630523089
14.9600000000 1.1450516872
14.9700000000 1.1303574998
14.9800000000 1.1186000636
14.9900000000 1.1092673447
15.0000000000 1.1017514361
15.0100000000 1.0953744554
15.0200000000 1.0894823017
15.0300000000 1.0834396490
15.0400000000 1.0767449222
15.0500000000 1.0690307937
15.0600000000 1.0600908185
15.0700000000 1.0498434089
15.0800000000 1.0383218667
15.0900000000 1.0256329403
15.1000000000 1.0119834249
15.1100000000 0.9977016834
15.1200000000 0.9832224822
15.1300000000 0.9690612044
15.1400000000 0.9557246414
15.1500000000 0.9436212323
15.1600000000 0.9330182905
15.1700000000 0.9239990291
15.1800000000 0.9164881668
15.1900000000 0.9103253634
15.2000000000 0.9053178776
15.2100000000 0.9013252801
15.2200000000 0.8982915040
15.2300000000 0.8962451673
15.2400000000 0.8952361440
15.2500000000 0.8952824876
15.2600000000 0.8962692880
15.2700000000 0.8979269771
15.2800000000 0.8998521779
15.2900000000 0.9015499429
15.3000000000 0.9025827354
15.3100000000 0.9026559198
15.3200000000 0.9017035760
15.3300000000 0.8998465014
15.3400000000 0.8973714772
15.3500000000 0.8946248991
15.3600000000 0.8919648391
15.3700000000 0.8897182380
15.3800000000 0.8881807780
15.3900000000 0.8876274665
15.4000000000 0.8883017814
15.4100000000 0.8904208822
15.4200000000 0.8941324776
15.4300000000 0.8994984404
15.4400000000 0.9065053000
15.4500000000 0.9150371347
15.4600000000 0.9249238070
15.4700000000 0.9359139519
15.4800000000 0.9476802475
15.4900000000 0.9598031430
15.5000000000 0.9717976833
15.5100000000 0.9831673406
15.5200000000 0.9934741237
15.5300000000 1.0024034288
15.5400000000 1.0098290679
15.5500000000 1.0157920491
15.5600000000 1.0204523240
15.5700000000 1.0240296141
15.5800000000 1.0267332342
15.5900000000 1.0287079242
15.6000000000 1.0300391048
15.6100000000 1.0307906836
15.6200000000 1.0310267097
15.6300000000 1.0308656967
15.6400000000 1.0305242868
15.6500000000 1.0302631885
15.6600000000 1.0303492235
15.6700000000 1.0310008773
15.6800000000 1.0323172894
15.6900000000 1.0342342506
15.7000000000 1.0365509880
15.7100000000 1.0389188580
15.7200000000 1.0409556214
15.7300000000 1.0423382421
15.7400000000 1.0428850641
15.7500000000 1.0426109385
15.7600000000 1.0417059369
15.7700000000 1.0404537486
15.7800000000 1.0391771810
15.7900000000 1.0381450275
15.8000000000 1.0375883531
15.8100000000 1.0376948587
15.8200000000 1.0386911725
15.8300000000 1.0408539335
15.8400000000 1.0445263941
15.8500000000 1.0500524454
15.8600000000 1.0576663273
15.8700000000 1.0674150979
15.8800000000 1.0790920094
15.8900000000 1.0922911929
15.9000000000 1.1064956766
15.9100000000 1.1211876916
15.9200000000 1.1359922904
15.9300000000 1.1506941801
15.9400000000 1.1652214164
15.9500000000 1.1795848506
15.9600000000 1.1937842912
15.9700000000 1.2077808358
15.9800000000 1.2214802082
15.9900000000 1.2347215916
16.0000000000 1.2472221414
16.0100000000 1.2585711935
16.0200000000 1.2682077829
16.0300000000 1.2754312657
16.0400000000 1.2794839101
16.0500000000 1.2796280241
16.0600000000 1.2752510024
16.0700000000 1.2659485739
16.0800000000 1.2516531229
16.0900000000 1.2326851187
16.1000000000 1.2097551972
16.1100000000 1.1838718476
16.1200000000 1.1562319509
16.1300000000 1.1280433757
16.1400000000 1.1004580927
16.1500000000 1.0744596675
16.1600000000 1.0508002935
16.1700000000 1.0299991645
16.1800000000 1.0123127958
16.1900000000 0.9977954352
16.2000000000 0.9863318498
16.2100000000 0.9776817413
16.2200000000 0.9715188640
16.2300000000 0.9673969754
16.2400000000 0.9647495955
16.2500000000 0.9629124066
16.2600000000 0.9612023012
16.2700000000 0.9589910023
16.2800000000 0.9558185531
16.2900000000 0.9514675318
16.3000000000 0.9459922088
16.3100000000 0.9396797631
16.3200000000 0.9329545676
16.3300000000 0.9262649998
16.3400000000 0.9199754077
16.3500000000 0.9142917368
16.3600000000 0.9092381246
16.3700000000 0.9047132716
16.3800000000 0.9005699100
16.3900000000 0.8967060404
16.4000000000 0.8931222518
16.4100000000 0.8899220758
16.4200000000 0.8872207608
16.4300000000 0.8850937592
16.4400000000 0.8834734374
16.4500000000 0.8821314128
16.4600000000 0.8807469063
16.4700000000 0.8789753532
16.4800000000 0.8765517286
16.4900000000 0.8733770170
16.5000000000 0.8695187475
16.5100000000 0.8652288333
16.5200000000 0.8608462888
16.5300000000 0.8567398945
16.5400000000 0.8532390623
16.5500000000 0.8505817147
16.5600000000 0.8488503996
16.5700000000 0.8479602029
16.5800000000 0.8476871444
16.5900000000 0.8476967104
16.6000000000 0.8476246128
16.6100000000 0.8471867951
16.6200000000 0.8462318464
16.6300000000 0.8447994110
16.6400000000 0.8430859571
16.6500000000 0.8413813879
16.6600000000 0.8399821570
16.6700000000 0.8390865908
16.6800000000 0.8387829231
16.6900000000 0.8389965382
16.7000000000 0.8395186149
16.7100000000 0.8400407214
16.7200000000 0.8402128618
16.7300000000 0.8397075476
16.7400000000 0.8383074413
16.7500000000 0.8359641045
16.7600000000 0.8328102179
16.7700000000 0.8291543354
16.7800000000 0.8254053729
16.7900000000 0.8220319435
16.8000000000 0.8194628567
16.8100000000 0.8180693309
16.8200000000 0.8181001515
16.8300000000 0.8196753509
16.8400000000 0.8227328937
16.8500000000 0.8270811040
16.8600000000 0.8323866061
16.8700000000 0.8382328967
16.8800000000 0.8441614253
16.8900000000 0.8497363294
16.9000000000 0.8546093191
16.9100000000 0.8585257529
16.9200000000 0.8613425331
16.9300000000 0.8630047501
16.9400000000 0.8634750187
16.9500000000 0.8628044492
16.9600000000 0.8611565751
16.9700000000 0.8588373175
16.9800000000 0.8562954770
16.9900000000 0.8540461847
17.0000000000 0.8525880906
17.0100000000 0.8522905248
17.0200000000 0.8533989610
17.0300000000 0.8560227053
17.0400000000 0.8601998477
17.0500000000 0.8659327321
17.0600000000 0.8731997632
17.0700000000 0.8819256053
17.0800000000 0.8919215608
17.0900000000 0.9028853872
17.1000000000 0.9144011451
17.1100000000 0.9259926828
17.1200000000 0.9371593270
17.1300000000 0.9474175668
17.1400000000 0.9563308524
17.1500000000 0.9634737763
17.1600000000 0.9684797364
17.1700000000 0.9710229995
17.1800000000 0.9708246315
17.1900000000 0.9676464961
17.2000000000 0.9612792685
17.2100000000 0.9515963190
17.2200000000 0.9385779133
17.2300000000 0.9223716341
17.2400000000 0.9033052032
17.2500000000 0.8818754725
17.2600000000 0.8586892997
17.2700000000 0.8344161391
17.2800000000 0.8097523544
17.2900000000 0.7853972979
17.3000000000 0.7619928664
17.3100000000 0.7400988966
17.3200000000 0.7201683576
17.3300000000 0.7025163280
17.3400000000 0.6873252515
17.3500000000 0.6746260092
17.3600000000 0.6643580178
17.3700000000 0.6563810456
17.3800000000 0.6504993163
17.3900000000 0.6465527594
17.4000000000 0.6443989182
17.4100000000 0.6439313600
17.4200000000 0.6450676229
17.4300000000 0.6476821619
17.4400000000 0.6516245928
17.4500000000 0.6566830057
17.4600000000 0.6626327735
17.4700000000 0.6692121032
17.4800000000 0.6761709444
17.4900000000 0.6832465554
17.5000000000 0.6901451177
17.5100000000 0.6965355395
17.5200000000 0.7020922599
17.5300000000 0.7065688094
17.5400000000 0.7098224915
17.5500000000 0.7119066884
17.5600000000 0.7129976623
17.5700000000 0.7133518966
17.5800000000 0.7132633132
17.5900000000 0.7129588109
17.6000000000 0.7125980879
17.6100000000 0.7122241727
17.6200000000 0.7117939029
17.6300000000 0.7111715093
17.6400000000 0.7102023912
17.6500000000 0.7087501008
17.6600000000 0.7067643454
17.6700000000 0.7043306984
17.6800000000 0.7016339057
17.6900000000 0.6989582042
17.7000000000 0.6965699583
17.7100000000 0.6946680181
17.7200000000 0.6932966823
17.7300000000 0.6923452255
17.7400000000 0.6916033174
17.7500000000 0.6908104358
17.7600000000 0.6897924621
17.7700000000 0.6885179023
17.7800000000 0.6871294186
17.7900000000 0.6858696326
17.8000000000 0.6850378088
17.8100000000 0.6848777997
17.8200000000 0.6855341991
17.8300000000 0.6870520375
17.8400000000 0.6894014737
17.8500000000 0.6925088335
17.8600000000 0.6963377503
17.8700000000 0.7008580051
17.8800000000 0.7060955881
17.8900000000 0.7120201842
17.9000000000 0.7185638313
17.9100000000 0.7255832652
17.9200000000 0.7328472416
17.9300000000 0.7401303933
17.9400000000 0.7472195202
17.9500000000 0.7539575291
17.9600000000 0.7602184383
17.9700000000 0.7658885981
17.9800000000 0.7708164487
17.9900000000 0.7747998458
18.0000000000 0.7775670429
18.0100000000 0.7788330895
18.0200000000 0.7783123090
18.0300000000 0.7757685952
18.0400000000 0.7710154669
18.0500000000 0.7639476788
18.0600000000 0.7545351297
18.0700000000 0.7428736502
18.0800000000 0.7291918416
18.0900000000 0.7138453691
18.1000000000 0.6973239522
18.1100000000 0.6801950220
18.1200000000 0.6630660894
18.1300000000 0.6465150983
18.1400000000 0.6311029629
18.1500000000 0.6172779715
18.1600000000 0.6053942732
18.1700000000 0.5956667626
18.1800000000 0.5882086930
18.1900000000 0.5830376271
18.2000000000 0.5801133938
18.2100000000 0.5793443084
18.2200000000 0.5805998379
18.2300000000 0.5836913674
18.2400000000 0.5883721222
18.2500000000 0.5943051155
18.2600000000 0.6011078490
18.2700000000 0.6083843202
18.2800000000 0.6157763033
18.2900000000 0.6229954985
18.3000000000 0.6298300851
18.3100000000 0.6361192096
18.3200000000 0.6417081516
18.3300000000 0.6464354784
18.3400000000 0.6500880389
18.3500000000 0.6524522181
18.3600000000 0.6533203149
18.3700000000 0.6525355370
18.3800000000 0.6500564636
18.3900000000 0.6459251512
18.4000000000 0.6402802891
18.4100000000 0.6333317461
18.4200000000 0.6253414990
18.4300000000 0.6165851124
18.4400000000 0.6073647643
18.4500000000 0.5979770305
18.4600000000 0.5886610916
18.4700000000 0.5796373931
18.4800000000 0.5710492199
18.4900000000 0.5630272804
18.5000000000 0.5556766630
18.5100000000 0.5490767330
18.5200000000 0.5433135344
18.5300000000 0.5384732947
18.5400000000 0.5346358999
18.5500000000 0.5318618355
18.5600000000 0.5301986285
18.5700000000 0.5296156014
18.5800000000 0.5300166991
18.5900000000 0.5311685356
18.6000000000 0.5327327153
18.6100000000 0.5342721334
18.6200000000 0.5353161048
18.6300000000 0.5354125780
18.6400000000 0.5342328230
18.6500000000 0.5316175315
18.6600000000 0.5275576001
18.6700000000 0.5222404669
18.6800000000 0.5159326806
18.6900000000 0.5089802139
18.7000000000 0.5017562231
18.7100000000 0.4946020066
18.7200000000 0.4878203234
18.7300000000 0.4816686631
18.7400000000 0.4762997856
18.7500000000 0.4717943096
18.7600000000 0.4681340852
18.7700000000 0.4652216853
18.7800000000 0.4628933839
18.7900000000 0.4610114710
18.8000000000 0.4594246834
18.8100000000 0.4580607725
18.8200000000 0.4568407056
18.8300000000 0.4557183778
18.8400000000 0.4546078325
18.8500000000 0.4534030363
18.8600000000 0.4519778218
18.8700000000 0.4502389158
18.8800000000 0.4481260271
18.8900000000 0.4456584416
18.9000000000 0.4429086634
18.9100000000 0.4400358307
18.9200000000 0.4372194204
18.9300000000 0.4346593096
18.9400000000 0.4325624993
18.9500000000 0.4311364538
18.9600000000 0.4305557250
18.9700000000 0.4309818545
18.9800000000 0.4325232469
18.9900000000 0.4352550485
19.0000000000 0.4391655832
19.0100000000 0.4441628361
19.0200000000 0.4500676040
19.0300000000 0.4565999622
19.0400000000 0.4634460385
19.0500000000 0.4702780637
19.0600000000 0.4768213475
19.0700000000 0.4828811833
19.0800000000 0.4883564031
19.0900000000 0.4932060215
19.1000000000 0.4974829082
19.1100000000 0.5012400081
19.1200000000 0.5045303475
19.1300000000 0.5073935990
19.1400000000 0.5097955486
19.1500000000 0.5116817285
19.1600000000 0.5129639025
19.1700000000 0.5135536398
19.1800000000 0.5133420927
19.1900000000 0.5122740695
19.2000000000 0.5103211925
19.2100000000 0.5075224524
19.2200000000 0.5039844058
19.2300000000 0.4999084101
19.2400000000 0.4955436105
19.2500000000 0.4912006307
19.2600000000 0.4871637800
19.2700000000 0.4836706467
19.2800000000 0.4808916074
19.2900000000 0.4788685883
19.3000000000 0.4775621720
19.3100000000 0.4768378007
19.3200000000 0.4765266480
19.3300000000 0.4764391318
19.3400000000 0.4763852671
19.3500000000 0.4762698865
19.3600000000 0.4760452556
19.3700000000 0.4757588566
19.3800000000 0.4755059554
19.3900000000 0.4753956498
19.4000000000 0.4755236276
19.4100000000 0.4759175488
19.4200000000 0.4765505185
19.4300000000 0.4773409494
19.4400000000 0.4782207508
19.4500000000 0.4791353656
19.4600000000 0.4800574837
19.4700000000 0.4810281677
19.4800000000 0.4820885608
19.4900000000 0.4833346829
19.5000000000 0.4848490350
19.5100000000 0.4867348413
19.5200000000 0.4890955151
19.5300000000 0.4920415123
19.5400000000 0.4956560097
19.5500000000 0.5000017009
19.5600000000 0.5051138702
19.5700000000 0.5109522133
19.5800000000 0.5174763264
19.5900000000 0.5246319538
19.6000000000 0.5324128999
19.6100000000 0.5408473532
19.6200000000 0.5500048312
19.6300000000 0.5599480261
19.6400000000 0.5707052278
19.6500000000 0.5822013452
19.6600000000 0.5942439779
19.6700000000 0.6065163784
19.6800000000 0.6186186865
19.6900000000 0.6300885171
19.7000000000 0.6404905485
19.7100000000 0.6495131367
19.7200000000 0.6569960562
19.7300000000 0.6629652491
19.7400000000 0.6676539080
19.7500000000 0.6714268827
19.7600000000 0.6747187741
19.7700000000 0.6779580171
19.7800000000 0.6814976499
19.7900000000 0.6855666530
19.8000000000 0.6902419385
19.8100000000 0.6954826791
19.8200000000 0.7011231309
19.8300000000 0.7069417706
19.8400000000 0.7126889587
19.8500000000 0.7181285481
19.8600000000 0.7230795747
19.8700000000 0.7273816143
19.8800000000 0.7309156631
19.8900000000 0.7335763874
19.9000000000 0.7352860538
19.9100000000 0.7360293811
19.9200000000 0.7358327955
19.9300000000 0.7348272535
19.9400000000 0.7332066986
19.9500000000 0.7312282560
19.9600000000 0.7291077242
19.9700000000 0.7270264582
19.9800000000 0.7251103089
19.9900000000 0.7233945102
20.0000000000 0.7219003792
