0.0100000000 0.0000000010
0.0200000000 0.0000000154
0.0300000000 0.0000000725
0.0400000000 0.0000002087
0.0500000000 0.0000004570
0.0600000000 0.0000008416
0.0700000000 0.0000013772
0.0800000000 0.0000020705
0.0900000000 0.0000029233
0.1000000000 0.0000039341
0.1100000000 0.0000051002
0.1200000000 0.0000063886
0.1300000000 0.0000078514
0.1400000000 0.0000094598
0.1500000000 0.0000112111
0.1600000000 0.0000131030
0.1700000000 0.0000151335
0.1800000000 0.0000173010
0.1900000000 0.0000196042
0.2000000000 0.0000220418
0.2100000000 0.0000246129
0.2200000000 0.0000273167
0.2300000000 0.0000301525
0.2400000000 0.0000331965
0.2500000000 0.0000362985
0.2600000000 0.0000395310
0.2700000000 0.0000428937
0.2800000000 0.0000463862
0.2900000000 0.0000500084
0.3000000000 0.0000537600
0.3100000000 0.0000576408
0.3200000000 0.0000616506
0.3300000000 0.0000657894
0.3400000000 0.0000700569
0.3500000000 0.0000745713
0.3600000000 0.0000790998
0.3700000000 0.0000837568
0.3800000000 0.0000885422
0.3900000000 0.0000934560
0.4000000000 0.0000984981
0.4100000000 0.0001038087
0.4200000000 0.0001091109
0.4300000000 0.0001145413
0.4400000000 0.0001200997
0.4500000000 0.0001259412
0.4600000000 0.0001317595
0.4700000000 0.0001377058
0.4800000000 0.0001439460
0.4900000000 0.0001501519
0.5000000000 0.0001564858
0.5100000000 0.0001631244
0.5200000000 0.0001697178
0.5300000000 0.0001766231
0.5400000000 0.0001834760
0.5500000000 0.0001904568
0.5600000000 0.0001977602
0.5700000000 0.0002050003
0.5800000000 0.0002125704
0.5900000000 0.0002200698
0.6000000000 0.0002279064
0.6100000000 0.0002358780
0.6200000000 0.0002437681
0.6300000000 0.0002520062
0.6400000000 0.0002601556
0.6500000000 0.0002686600
0.6600000000 0.0002772995
0.6700000000 0.0002860740
0.6800000000 0.0002947454
0.6900000000 0.0003037862
0.7000000000 0.0003129620
0.7100000000 0.0003222728
0.7200000000 0.0003314661
0.7300000000 0.0003410432
0.7400000000 0.0003507552
0.7500000000 0.0003606022
0.7600000000 0.0003705841
0.7700000000 0.0003807010
0.7800000000 0.0003909528
0.7900000000 0.0004013395
0.8000000000 0.0004118611
0.8100000000 0.0004225177
0.8200000000 0.0004333091
0.8300000000 0.0004442355
0.8400000000 0.0004552968
0.8500000000 0.0004667920
0.8600000000 0.0004781267
0.8700000000 0.0004895962
0.8800000000 0.0005012007
0.8900000000 0.0005132534
0.9000000000 0.0005251312
0.9100000000 0.0005371439
0.9200000000 0.0005496156
0.9300000000 0.0005619016
0.9400000000 0.0005746538
0.9500000000 0.0005872131
0.9600000000 0.0006002458
0.9700000000 0.0006130785
0.9800000000 0.0006263916
0.9900000000 0.0006398467
1.0000000000 0.0006530911
1.0100000000 0.0006668267
1.0200000000 0.0006807042
1.0300000000 0.0006947238
1.0400000000 0.0007088853
1.0500000000 0.0007231889
1.0600000000 0.0007372604
1.0700000000 0.0007518444
1.0800000000 0.0007665703
1.0900000000 0.0007818230
1.1000000000 0.0007968366
1.1100000000 0.0008119921
1.1200000000 0.0008272895
1.1300000000 0.0008427290
1.1400000000 0.0008583105
1.1500000000 0.0008744400
1.1600000000 0.0008903090
1.1700000000 0.0009067332
1.1800000000 0.0009228897
1.1900000000 0.0009391882
1.2000000000 0.0009560525
1.2100000000 0.0009730660
1.2200000000 0.0009897975
1.2300000000 0.0010071056
1.2400000000 0.0010245628
1.2500000000 0.0010421691
1.2600000000 0.0010594792
1.2700000000 0.0010773801
1.2800000000 0.0010954301
1.2900000000 0.0011136291
1.3000000000 0.0011319773
1.3100000000 0.0011504745
1.3200000000 0.0011695875
1.3300000000 0.0011883864
1.3400000000 0.0012073344
1.3500000000 0.0012264315
1.3600000000 0.0012461586
1.3700000000 0.0012655574
1.3800000000 0.0012855933
1.3900000000 0.0013052938
1.4000000000 0.0013256385
1.4100000000 0.0013461394
1.4200000000 0.0013662942
1.4300000000 0.0013871039
1.4400000000 0.0014080698
1.4500000000 0.0014291918
1.4600000000 0.0014504701
1.4700000000 0.0014719045
1.4800000000 0.0014934950
1.4900000000 0.0015152418
1.5000000000 0.0015376754
1.5100000000 0.0015597381
1.5200000000 0.0015819569
1.5300000000 0.0016048733
1.5400000000 0.0016274079
1.5500000000 0.0016506473
1.5600000000 0.0016734979
1.5700000000 0.0016970603
1.5800000000 0.0017207859
1.5900000000 0.0017446749
1.6000000000 0.0017687270
1.6100000000 0.0017929425
1.6200000000 0.0018173212
1.6300000000 0.0018418632
1.6400000000 0.0018665684
1.6500000000 0.0018920211
1.6600000000 0.0019170564
1.6700000000 0.0019428462
1.6800000000 0.0019682115
1.6900000000 0.0019943385
1.7000000000 0.0020206359
1.7100000000 0.0020471036
1.7200000000 0.0020731326
1.7300000000 0.0020999375
1.7400000000 0.0021275289
1.7500000000 0.0021546780
1.7600000000 0.0021819975
1.7700000000 0.0022094873
1.7800000000 0.0022377779
1.7900000000 0.0022656120
1.8000000000 0.0022942539
1.8100000000 0.0023230732
1.8200000000 0.0023520700
1.8300000000 0.0023805962
1.8400000000 0.0024099444
1.8500000000 0.0024401252
1.8600000000 0.0024698318
1.8700000000 0.0024997159
1.8800000000 0.0025304433
1.8900000000 0.0025606858
1.9000000000 0.0025917787
1.9100000000 0.0026223797
1.9200000000 0.0026538382
1.9300000000 0.0026854812
1.9400000000 0.0027173088
1.9500000000 0.0027493209
1.9600000000 0.0027822119
1.9700000000 0.0028145966
1.9800000000 0.0028478673
1.9900000000 0.0028806247
2.0000000000 0.0029142751
2.0100000000 0.0029481172
2.0200000000 0.0029821510
2.0300000000 0.0030163763
2.0400000000 0.0030507933
2.0500000000 0.0030861282
2.0600000000 0.0031209320
2.0700000000 0.0031566609
2.0800000000 0.0031918515
2.0900000000 0.0032279742
2.1000000000 0.0032642957
2.1100000000 0.0033008159
2.1200000000 0.0033382860
2.1300000000 0.0033752072
2.1400000000 0.0034130855
2.1500000000 0.0034504077
2.1600000000 0.0034886940
2.1700000000 0.0035271861
2.1800000000 0.0035658841
2.1900000000 0.0036055639
2.2000000000 0.0036446770
2.2100000000 0.0036847791
2.2200000000 0.0037243074
2.2300000000 0.0037648318
2.2400000000 0.0038055691
2.2500000000 0.0038473166
2.2600000000 0.0038884833
2.2700000000 0.0039306673
2.2800000000 0.0039722633
2.2900000000 0.0040148838
2.3000000000 0.0040577243
2.3100000000 0.0041016034
2.3200000000 0.0041448875
2.3300000000 0.0041892173
2.3400000000 0.0042337742
2.3500000000 0.0042785582
2.3600000000 0.0043235693
2.3700000000 0.0043688075
2.3800000000 0.0044151163
2.3900000000 0.0044616593
2.4000000000 0.0045084365
2.4100000000 0.0045554479
2.4200000000 0.0046035512
2.4300000000 0.0046510345
2.4400000000 0.0046996168
2.4500000000 0.0047484404
2.4600000000 0.0047983771
2.4700000000 0.0048476868
2.4800000000 0.0048981168
2.4900000000 0.0049487952
2.5000000000 0.0049997220
2.5100000000 0.0050517868
2.5200000000 0.0051041070
2.5300000000 0.0051566827
2.5400000000 0.0052095139
2.5500000000 0.0052626006
2.5600000000 0.0053168501
2.5700000000 0.0053713622
2.5800000000 0.0054270514
2.5900000000 0.0054820922
2.6000000000 0.0055383171
2.6100000000 0.0055957369
2.6200000000 0.0056525047
2.6300000000 0.0057104744
2.6400000000 0.0057687208
2.6500000000 0.0058281834
2.6600000000 0.0058879298
2.6700000000 0.0059479600
2.6800000000 0.0060092241
2.6900000000 0.0060707792
2.7000000000 0.0061326251
2.7100000000 0.0061947620
2.7200000000 0.0062581540
2.7300000000 0.0063228118
2.7400000000 0.0063877747
2.7500000000 0.0064530427
2.7600000000 0.0065186158
2.7700000000 0.0065864580
2.7800000000 0.0066536339
2.7900000000 0.0067221111
2.8000000000 0.0067909076
2.8100000000 0.0068610196
2.8200000000 0.0069324576
2.8300000000 0.0070032259
2.8400000000 0.0070763342
2.8500000000 0.0071497830
2.8600000000 0.0072235724
2.8700000000 0.0072987198
2.8800000000 0.0073752359
2.8900000000 0.0074521068
2.9000000000 0.0075293323
2.9100000000 0.0076089760
2.9200000000 0.0076889885
2.9300000000 0.0077704088
2.9400000000 0.0078522050
2.9500000000 0.0079354232
2.9600000000 0.0080200738
2.9700000000 0.0081051146
2.9800000000 0.0081926587
2.9900000000 0.0082806071
3.0000000000 0.0083700234
3.0100000000 0.0084609184
3.0200000000 0.0085522320
3.0300000000 0.0086461126
3.0400000000 0.0087415037
3.0500000000 0.0088384159
3.0600000000 0.0089357752
3.0700000000 0.0090357581
3.0800000000 0.0091372942
3.0900000000 0.0092403939
3.1000000000 0.0093461671
3.1100000000 0.0094535324
3.1200000000 0.0095625003
3.1300000000 0.0096730817
3.1400000000 0.0097864002
3.1500000000 0.0099024773
3.1600000000 0.0100202139
3.1700000000 0.0101407444
3.1800000000 0.0102640901
3.1900000000 0.0103902724
3.2000000000 0.0105193125
3.2100000000 0.0106512316
3.2200000000 0.0107860510
3.2300000000 0.0109249373
3.2400000000 0.0110667734
3.2500000000 0.0112127331
3.2600000000 0.0113628482
3.2700000000 0.0115171505
3.2800000000 0.0116768350
3.2900000000 0.0118407776
3.3000000000 0.0120101803
3.3100000000 0.0121850856
3.3200000000 0.0123655360
3.3300000000 0.0125527547
3.3400000000 0.0127467949
3.3500000000 0.0129488973
3.3600000000 0.0131591258
3.3700000000 0.0133787389
3.3800000000 0.0136078110
3.3900000000 0.0138464166
3.4000000000 0.0140970409
3.4100000000 0.0143609884
3.4200000000 0.0146395779
3.4300000000 0.0149329264
3.4400000000 0.0152423701
3.4500000000 0.0155717060
3.4600000000 0.0159223201
3.4700000000 0.0162968426
3.4800000000 0.0166979321
3.4900000000 0.0171282755
3.5000000000 0.0175918286
3.5100000000 0.0180938342
3.5200000000 0.0186370956
3.5300000000 0.0192294499
3.5400000000 0.0198750542
3.5500000000 0.0205806247
3.5600000000 0.0213554718
3.5700000000 0.0222039426
3.5800000000 0.0231355021
3.5900000000 0.0241546233
3.6000000000 0.0252645448
3.6100000000 0.0264646938
3.6200000000 0.0277480673
3.6300000000 0.0290972840
3.6400000000 0.0304831539
3.6500000000 0.0318619334
3.6600000000 0.0331829152
3.6700000000 0.0343857391
3.6800000000 0.0354159188
3.6900000000 0.0362393135
3.7000000000 0.0368450310
3.7100000000 0.0372536334
3.7200000000 0.0375096513
3.7300000000 0.0376766156
3.7400000000 0.0378174254
3.7500000000 0.0379943307
3.7600000000 0.0382595869
3.7700000000 0.0386526407
3.7800000000 0.0391986125
3.7900000000 0.0399161598
3.8000000000 0.0408106557
3.8100000000 0.0418821127
3.8200000000 0.0431237589
3.8300000000 0.0445314507
3.8400000000 0.0460955434
3.8500000000 0.0478035504
3.8600000000 0.0496332696
3.8700000000 0.0515471773
3.8800000000 0.0534826135
3.8900000000 0.0553597380
3.9000000000 0.0570799382
3.9100000000 0.0585477633
3.9200000000 0.0596834708
3.9300000000 0.0604455077
3.9400000000 0.0608296036
3.9500000000 0.0608692459
3.9600000000 0.0606151168
3.9700000000 0.0601212451
3.9800000000 0.0594365850
3.9900000000 0.0585992929
4.0000000000 0.0576507572
4.0100000000 0.0566370562
4.0200000000 0.0556161329
4.0300000000 0.0546536556
4.0400000000 0.0538102241
4.0500000000 0.0531427323
4.0600000000 0.0526942439
4.0700000000 0.0524981382
4.0800000000 0.0525750933
4.0900000000 0.0529416198
4.1000000000 0.0536027435
4.1100000000 0.0545576884
4.1200000000 0.0557998063
4.1300000000 0.0573077277
4.1400000000 0.0590510542
4.1500000000 0.0609799637
4.1600000000 0.0630264598
4.1700000000 0.0651085951
4.1800000000 0.0671362389
4.1900000000 0.0690273152
4.2000000000 0.0707153435
4.2100000000 0.0721570846
4.2200000000 0.0733358068
4.2300000000 0.0742571064
4.2400000000 0.0749461673
4.2500000000 0.0754449807
4.2600000000 0.0758200835
4.2700000000 0.0761522573
4.2800000000 0.0765382040
4.2900000000 0.0770679326
4.3000000000 0.0778185783
4.3100000000 0.0788420300
4.3200000000 0.0801554501
4.3300000000 0.0817408696
4.3400000000 0.0835478597
4.3500000000 0.0854931678
4.3600000000 0.0874773356
4.3700000000 0.0893953575
4.3800000000 0.0911645420
4.3900000000 0.0927356508
4.4000000000 0.0941088581
4.4100000000 0.0953249423
4.4200000000 0.0964469646
4.4300000000 0.0975322874
4.4400000000 0.0986215024
4.4500000000 0.0997193350
4.4600000000 0.1008037135
4.4700000000 0.1018318004
4.4800000000 0.1027587931
4.4900000000 0.1035537997
4.5000000000 0.1042111453
4.5100000000 0.1047538460
4.5200000000 0.1052355262
4.5300000000 0.1057295299
4.5400000000 0.1063227052
4.5500000000 0.1071010494
4.5600000000 0.1081303222
4.5700000000 0.1094444923
4.5800000000 0.1110259335
4.5900000000 0.1128048661
4.6000000000 0.1146555463
4.6100000000 0.1164119905
4.6200000000 0.1179084290
4.6300000000 0.1190104471
4.6400000000 0.1196448793
4.6500000000 0.1198251508
4.6600000000 0.1196241784
4.6700000000 0.1191634443
4.6800000000 0.1185721156
4.6900000000 0.1179738432
4.7000000000 0.1174667341
4.7100000000 0.1171264001
4.7200000000 0.1170006955
4.7300000000 0.1171060667
4.7400000000 0.1174356011
4.7500000000 0.1179537377
4.7600000000 0.1186144968
4.7700000000 0.1193681272
4.7800000000 0.1201712211
4.7900000000 0.1210088191
4.8000000000 0.1219015026
4.8100000000 0.1229125698
4.8200000000 0.1241433566
4.8300000000 0.1257028576
4.8400000000 0.1277009400
4.8500000000 0.1302191657
4.8600000000 0.1333053307
4.8700000000 0.1369696695
4.8800000000 0.1411810244
4.8900000000 0.1458837339
4.9000000000 0.1509939356
4.9100000000 0.1564027766
4.9200000000 0.1619640091
4.9300000000 0.1674919031
4.9400000000 0.1727434190
4.9500000000 0.1774281622
4.9600000000 0.1812447353
4.9700000000 0.1839368165
4.9800000000 0.1853586858
4.9900000000 0.1855327220
5.0000000000 0.1846475469
5.0100000000 0.1830101472
5.0200000000 0.1809814591
5.0300000000 0.1788880384
5.0400000000 0.1769860710
5.0500000000 0.1754285018
5.0600000000 0.1742764857
5.0700000000 0.1735307084
5.0800000000 0.1731469397
5.0900000000 0.1730823708
5.1000000000 0.1732902272
5.1100000000 0.1737161234
5.1200000000 0.1742889458
5.1300000000 0.1748971245
5.1400000000 0.1753973322
5.1500000000 0.1756396686
5.1600000000 0.1755113755
5.1700000000 0.1749664388
5.1800000000 0.1740427192
5.1900000000 0.1728370884
5.2000000000 0.1714802722
5.2100000000 0.1701003426
5.2200000000 0.1688023860
5.2300000000 0.1676812117
5.2400000000 0.1668286528
5.2500000000 0.1663446618
5.2600000000 0.1663410949
5.2700000000 0.1669343569
5.2800000000 0.1682323579
5.2900000000 0.1703119712
5.3000000000 0.1732243460
5.3100000000 0.1769852733
5.3200000000 0.1815804982
5.3300000000 0.1869711017
5.3400000000 0.1930970625
5.3500000000 0.1998714124
5.3600000000 0.2071724452
5.3700000000 0.2148168829
5.3800000000 0.2225441731
5.3900000000 0.2300139472
5.4000000000 0.2368320387
5.4100000000 0.2425843822
5.4200000000 0.2469190556
5.4300000000 0.2495870038
5.4400000000 0.2504908888
5.4500000000 0.2496864295
5.4600000000 0.2473722557
5.4700000000 0.2438391571
5.4800000000 0.2394284517
5.4900000000 0.2344879373
5.5000000000 0.2293564421
5.5100000000 0.2243462282
5.5200000000 0.2197310195
5.5300000000 0.2157495039
5.5400000000 0.2125853909
5.5500000000 0.2103746928
5.5600000000 0.2092072085
5.5700000000 0.2091162347
5.5800000000 0.2100859243
5.5900000000 0.2120547969
5.6000000000 0.2149113934
5.6100000000 0.2185097153
5.6200000000 0.2226828495
5.6300000000 0.2272686631
5.6400000000 0.2321377483
5.6500000000 0.2372276239
5.6600000000 0.2425612875
5.6700000000 0.2482359222
5.6800000000 0.2544094727
5.6900000000 0.2612489257
5.7000000000 0.2688800823
5.7100000000 0.2773388598
5.7200000000 0.2865281994
5.7300000000 0.2962069276
5.7400000000 0.3059744979
5.7500000000 0.3153245075
5.7600000000 0.3236966543
5.7700000000 0.3305779191
5.7800000000 0.3355863327
5.7900000000 0.3385433188
5.8000000000 0.3395039108
5.8100000000 0.3387341696
5.8200000000 0.3366700143
5.8300000000 0.3338530750
5.8400000000 0.3308370461
5.8500000000 0.3281094793
5.8600000000 0.3260209534
5.8700000000 0.3247631236
5.8800000000 0.3243569276
5.8900000000 0.3246967610
5.9000000000 0.3255972315
5.9100000000 0.3268674878
5.9200000000 0.3283341482
5.9300000000 0.3298644532
5.9400000000 0.3313289429
5.9500000000 0.3325805279
5.9600000000 0.3334312476
5.9700000000 0.3336750636
5.9800000000 0.3331445868
5.9900000000 0.3317535985
6.0000000000 0.3295209849
6.0100000000 0.3265652838
6.0200000000 0.3230758517
6.0300000000 0.3192752373
6.0400000000 0.3154067017
6.0500000000 0.3117343932
6.0600000000 0.3085285569
6.0700000000 0.3060484351
6.0800000000 0.3045378402
6.0900000000 0.3042099403
6.1000000000 0.3052383427
6.1100000000 0.3077739449
6.1200000000 0.3119403862
6.1300000000 0.3178337876
6.1400000000 0.3255225025
6.1500000000 0.3350403821
6.1600000000 0.3463539628
6.1700000000 0.3593641719
6.1800000000 0.3738558712
6.1900000000 0.3894927879
6.2000000000 0.4057906332
6.2100000000 0.4221227890
6.2200000000 0.4377544358
6.2300000000 0.4518834292
6.2400000000 0.4637339921
6.2500000000 0.4726532405
6.2600000000 0.4782238716
6.2700000000 0.4803515131
6.2800000000 0.4793222379
6.2900000000 0.4757526786
6.3000000000 0.4705177629
6.3100000000 0.4645802348
6.3200000000 0.4588805197
6.3300000000 0.4542052664
6.3400000000 0.4511636163
6.3500000000 0.4501520460
6.3600000000 0.4513792834
6.3700000000 0.4548848587
6.3800000000 0.4605512278
6.3900000000 0.4681206111
6.4000000000 0.4772210662
6.4100000000 0.4873770774
6.4200000000 0.4980608267
6.4300000000 0.5087257985
6.4400000000 0.5188609493
6.4500000000 0.5280724211
6.4600000000 0.5361500270
6.4700000000 0.5431252250
6.4800000000 0.5492841737
6.4900000000 0.5551058385
6.5000000000 0.5611517056
6.5100000000 0.5679476543
6.5200000000 0.5758602017
6.5300000000 0.5850586808
6.5400000000 0.5955000814
6.5500000000 0.6069643426
6.5600000000 0.6191198689
6.5700000000 0.6315688828
6.5800000000 0.6438931226
6.5900000000 0.6557067814
6.6000000000 0.6666936542
6.6100000000 0.6766538066
6.6200000000 0.6855297742
6.6300000000 0.6934353170
6.6400000000 0.7006565848
6.6500000000 0.7076440196
6.6600000000 0.7149715915
6.6700000000 0.7232536859
6.6800000000 0.7330565709
6.6900000000 0.7448067626
6.7000000000 0.7587384711
6.7100000000 0.7749063379
6.7200000000 0.7932194967
6.7300000000 0.8135346775
6.7400000000 0.8357288375
6.7500000000 0.8597487315
6.7600000000 0.8855948225
6.7700000000 0.9132814896
6.7800000000 0.9427545250
6.7900000000 0.9738790314
6.8000000000 1.0064556440
6.8100000000 1.0403290919
6.8200000000 1.0754712496
6.8300000000 1.1120337553
6.8400000000 1.1503083730
6.8500000000 1.1906278228
6.8600000000 1.2332329210
6.8700000000 1.2781914599
6.8800000000 1.3254000197
6.8900000000 1.3746571897
6.9000000000 1.4257846416
6.9100000000 1.4786986007
6.9200000000 1.5334362607
6.9300000000 1.5901060480
6.9400000000 1.6488115644
6.9500000000 1.7095753721
6.9600000000 1.7722746198
6.9700000000 1.8366099933
6.9800000000 1.9020771213
6.9900000000 1.9679522946
7.0000000000 2.0332829394
7.0100000000 2.0968874697
7.0200000000 2.1574287001
7.0300000000 2.2134869249
7.0400000000 2.2636302256
7.0500000000 2.3064796923
7.0600000000 2.3407720834
7.0700000000 2.3654990323
7.0800000000 2.3800687602
7.0900000000 2.3845296055
7.1000000000 2.3797441705
7.1100000000 2.3674710766
7.1200000000 2.3502424794
7.1300000000 2.3309903094
7.1400000000 2.3125444862
7.1500000000 2.2971337003
7.1600000000 2.2861051079
7.1700000000 2.2798985263
7.1800000000 2.2783447069
7.1900000000 2.2810818025
7.2000000000 2.2880051858
7.2100000000 2.2995304307
7.2200000000 2.3165719086
7.2300000000 2.3402881362
7.2400000000 2.3717293679
7.2500000000 2.4115345360
7.2600000000 2.4597401510
7.2700000000 2.5157271206
7.2800000000 2.5782155881
7.2900000000 2.6453027370
7.3000000000 2.7144939515
7.3100000000 2.7828096400
7.3200000000 2.8469739908
7.3300000000 2.9038245176
7.3400000000 2.9507541904
7.3500000000 2.9861120842
7.3600000000 3.0092903772
7.3700000000 3.0205177756
7.3800000000 3.0204729107
7.3900000000 3.0099436484
7.4000000000 2.9896765182
7.4100000000 2.9604619520
7.4200000000 2.9233964111
7.4300000000 2.8801407247
7.4400000000 2.8330256847
7.4500000000 2.7848797595
7.4600000000 2.7386758932
7.4700000000 2.6970913605
7.4800000000 2.6621932482
7.4900000000 2.6352906407
7.5000000000 2.6169851742
7.5100000000 2.6073223293
7.5200000000 2.6059509489
7.5300000000 2.6122120192
7.5400000000 2.6251807907
7.5500000000 2.6437046248
7.5600000000 2.6665403220
7.5700000000 2.6925277375
7.5800000000 2.7207335058
7.5900000000 2.7504398458
7.6000000000 2.7810082617
7.6100000000 2.8117271191
7.6200000000 2.8417731609
7.6300000000 2.8703512978
7.6400000000 2.8969115366
7.6500000000 2.9213413896
7.6600000000 2.9439088576
7.6700000000 2.9650184936
7.6800000000 2.9848688672
7.6900000000 3.0032234125
7.7000000000 3.0194159007
7.7100000000 3.0326306133
7.7200000000 3.0422560590
7.7300000000 3.0481972962
7.7400000000 3.0509459670
7.7500000000 3.0514087284
7.7600000000 3.0506028142
7.7700000000 3.0493413270
7.7800000000 3.0479987004
7.7900000000 3.0463960944
7.8000000000 3.0438365153
7.8100000000 3.0393352925
7.8200000000 3.0319747552
7.8300000000 3.0212696895
7.8400000000 3.0073350356
7.8500000000 2.9908357025
7.8600000000 2.9727841780
7.8700000000 2.9543966269
7.8800000000 2.9370631271
7.8900000000 2.9223779221
7.9000000000 2.9121061216
7.9100000000 2.9079987507
7.9200000000 2.9115313948
7.9300000000 2.9236327238
7.9400000000 2.9445206098
7.9500000000 2.9736212041
7.9600000000 3.0095639617
7.9700000000 3.0502155268
7.9800000000 3.0928101910
7.9900000000 3.1342423370
8.0000000000 3.1716052965
8.0100000000 3.2028177918
8.0200000000 3.2270818630
8.0300000000 3.2449128614
8.0400000000 3.2576868861
8.0500000000 3.2669550195
8.0600000000 3.2738549095
8.0700000000 3.2789484671
8.0800000000 3.2824301805
8.0900000000 3.2846048864
8.1000000000 3.2863207705
8.1100000000 3.2891181211
8.1200000000 3.2950559576
8.1300000000 3.3062913551
8.1400000000 3.3246170846
8.1500000000 3.3511310116
8.1600000000 3.3861152304
8.1700000000 3.4291406550
8.1800000000 3.4792872625
8.1900000000 3.5354147066
8.2000000000 3.5963635268
8.2100000000 3.6609620296
8.2200000000 3.7278952240
8.2300000000 3.7954736986
8.2400000000 3.8615479178
8.2500000000 3.9236780219
8.2600000000 3.9795531640
8.2700000000 4.0274152965
8.2800000000 4.0662594865
8.2900000000 4.0956119623
8.3000000000 4.1150548375
8.3100000000 4.1237410136
8.3200000000 4.1203332100
8.3300000000 4.1033748769
8.3400000000 4.0719785968
8.3500000000 4.0263652296
8.3600000000 3.9680259967
8.3700000000 3.8994535932
8.3800000000 3.8237019145
8.3900000000 3.7440131892
8.4000000000 3.6636940695
8.4100000000 3.5860843567
8.4200000000 3.5144923755
8.4300000000 3.4520156448
8.4400000000 3.4012704756
8.4500000000 3.3641339560
8.4600000000 3.3416017599
8.4700000000 3.3337653630
8.4800000000 3.3399306666
8.4900000000 3.3587750268
8.5000000000 3.3885051226
8.5100000000 3.4269861071
8.5200000000 3.4718378127
8.5300000000 3.5205842583
8.5400000000 3.5708558204
8.5500000000 3.6205988178
8.5600000000 3.6683179483
8.5700000000 3.7132340025
8.5800000000 3.7553940769
8.5900000000 3.7956192831
8.6000000000 3.8352473051
8.6100000000 3.8757617789
8.6200000000 3.9183612371
8.6300000000 3.9636988018
8.6400000000 4.0118639192
8.6500000000 4.0626436478
8.6600000000 4.1158946234
8.6700000000 4.1717857714
8.6800000000 4.2308380146
8.6900000000 4.2936930829
8.7000000000 4.3608059572
8.7100000000 4.4322108730
8.7200000000 4.5074344642
8.7300000000 4.5855110644
8.7400000000 4.6649619646
8.7500000000 4.7437073702
8.7600000000 4.8189189624
8.7700000000 4.8870647569
8.7800000000 4.9442960001
8.7900000000 4.9871753599
8.8000000000 5.0135022607
8.8100000000 5.0228369126
8.8200000000 5.0164940152
8.8300000000 4.9970404283
8.8400000000 4.9675767275
8.8500000000 4.9311655538
8.8600000000 4.8905498250
8.8700000000 4.8481524834
8.8800000000 4.8061913027
8.8900000000 4.7667368885
8.9000000000 4.7316818486
8.9100000000 4.7026516288
8.9200000000 4.6808079411
8.9300000000 4.6666419005
8.9400000000 4.6597404964
8.9500000000 4.6587314866
8.9600000000 4.6614545959
8.9700000000 4.6653945794
8.9800000000 4.6681976720
8.9900000000 4.6680400785
9.0000000000 4.6637288987
9.0100000000 4.6545862418
9.0200000000 4.6403849787
9.0300000000 4.6213979752
9.0400000000 4.5986670257
9.0500000000 4.5741761831
9.0600000000 4.5507671918
9.0700000000 4.5317106607
9.0800000000 4.5201447689
9.0900000000 4.5185859026
9.1000000000 4.5287080035
9.1100000000 4.5514042093
9.1200000000 4.5870249046
9.1300000000 4.6356161711
9.1400000000 4.6970868159
9.1500000000 4.7712294603
9.1600000000 4.8575161499
9.1700000000 4.9547812476
9.1800000000 5.0608840440
9.1900000000 5.1725946366
9.2000000000 5.2859224334
9.2100000000 5.3968432665
9.2200000000 5.5022627595
9.2300000000 5.6007996135
9.2400000000 5.6930511242
9.2500000000 5.7811756663
9.2600000000 5.8679864869
9.2700000000 5.9559709141
9.2800000000 6.0466309595
9.2900000000 6.1403153126
9.3000000000 6.2364432222
9.3100000000 6.3338120684
9.3200000000 6.4308230959
9.3300000000 6.5254664927
9.3400000000 6.6151761123
9.3500000000 6.6966685680
9.3600000000 6.7660209718
9.3700000000 6.8191199396
9.3800000000 6.8524935581
9.3900000000 6.8642501598
9.4000000000 6.8547772770
9.4100000000 6.8268964636
9.4200000000 6.7854735989
9.4300000000 6.7366770457
9.4400000000 6.6870951063
9.4500000000 6.6429479121
9.4600000000 6.6094902460
9.4700000000 6.5906062378
9.4800000000 6.5884819839
9.4900000000 6.6033367449
9.5000000000 6.6331884285
9.5100000000 6.6739009933
9.5200000000 6.7196842970
9.5300000000 6.7641952435
9.5400000000 6.8020409221
9.5500000000 6.8302073362
9.5600000000 6.8489353628
9.5700000000 6.8616955552
9.5800000000 6.8743044067
9.5900000000 6.8935597007
9.6000000000 6.9259166872
9.6100000000 6.9764208212
9.6200000000 7.0480742948
9.6300000000 7.1415450207
9.6400000000 7.2551546726
9.6500000000 7.3851020319
9.6600000000 7.5259445106
9.6700000000 7.6712625620
9.6800000000 7.8143854713
9.6900000000 7.9490187452
9.7000000000 8.0696236375
9.7100000000 8.1716909651
9.7200000000 8.2519821678
9.7300000000 8.3088448091
9.7400000000 8.3424529273
9.7500000000 8.3548617415
9.7600000000 8.3497903253
9.7700000000 8.3320889601
9.7800000000 8.3068894312
9.7900000000 8.2786510752
9.8000000000 8.2503189998
9.8100000000 8.2230080700
9.8200000000 8.1963363211
9.8300000000 8.1692186826
9.8400000000 8.1408012135
9.8500000000 8.1111235926
9.8600000000 8.0813978634
9.8700000000 8.0538868391
9.8800000000 8.0314381498
9.8900000000 8.0167339683
9.9000000000 8.0115497558
9.9100000000 8.0161585326
9.9200000000 8.0291966694
9.9300000000 8.0479632447
9.9400000000 8.0692542366
9.9500000000 8.0903866423
9.9600000000 8.1101327527
9.9700000000 8.1290841969
9.9800000000 8.1492513148
9.9900000000 8.1731197155
10.0000000000 8.2025622570
10.0100000000 8.2381098908
10.0200000000 8.2787963771
10.0300000000 8.3225081080
10.0400000000 8.3664934587
10.0500000000 8.4077471872
10.0600000000 8.4431107933
10.0700000000 8.4692247529
10.0800000000 8.4826116436
10.0900000000 8.4800007643
10.1000000000 8.4590255155
10.1100000000 8.4189611440
10.1200000000 8.3612862038
10.1300000000 8.2897555455
10.1400000000 8.2099577512
10.1500000000 8.1284063745
10.1600000000 8.0514711970
10.1700000000 7.9843372056
10.1800000000 7.9302365498
10.1900000000 7.8900982638
10.2000000000 7.8626633197
10.2100000000 7.8449751588
10.2200000000 7.8331297854
10.2300000000 7.8230641790
10.2400000000 7.8111302410
10.2500000000 7.7942515045
10.2600000000 7.7697707702
10.2700000000 7.7352427651
10.2800000000 7.6884836675
10.2900000000 7.6280268770
10.3000000000 7.5537604104
10.3100000000 7.4674913893
10.3200000000 7.3730142326
10.3300000000 7.2755892489
10.3400000000 7.1809010479
10.3500000000 7.0939568463
10.3600000000 7.0182850281
10.3700000000 6.9557506097
10.3800000000 6.9068363122
10.3900000000 6.8711692038
10.4000000000 6.8478893103
10.4100000000 6.8358394243
10.4200000000 6.8336267558
10.4300000000 6.8397303596
10.4400000000 6.8526348369
10.4500000000 6.8708746003
10.4600000000 6.8929527796
10.4700000000 6.9171503849
10.4800000000 6.9413922393
10.4900000000 6.9632659164
10.5000000000 6.9801744165
10.5100000000 6.9895263209
10.5200000000 6.9888930005
10.5300000000 6.9760947204
10.5400000000 6.9493578316
10.5500000000 6.9075707793
10.5600000000 6.8505805426
10.5700000000 6.7792922748
10.5800000000 6.6954432673
10.5900000000 6.6010407706
10.6000000000 6.4978140511
10.6100000000 6.3869542062
10.6200000000 6.2693384994
10.6300000000 6.1461686699
10.6400000000 6.0196760732
10.6500000000 5.8935759198
10.6600000000 5.7730214765
10.6700000000 5.6641086457
10.6800000000 5.5731253007
10.6900000000 5.5057531742
10.7000000000 5.4665020418
10.7100000000 5.4582846394
10.7200000000 5.4822149596
10.7300000000 5.5374962509
10.7400000000 5.6214158070
10.7500000000 5.7294221157
10.7600000000 5.8554415608
10.7700000000 5.9923840098
10.7800000000 6.1329598936
10.7900000000 6.2705823557
10.8000000000 6.4002577102
10.8100000000 6.5191417830
10.8200000000 6.6266609636
10.8300000000 6.7241321026
10.8400000000 6.8140230724
10.8500000000 6.8990594211
10.8600000000 6.9814263603
10.8700000000 7.0620832222
10.8800000000 7.1403618615
10.8900000000 7.2138507419
10.9000000000 7.2786579149
10.9100000000 7.3300353488
10.9200000000 7.3632660142
10.9300000000 7.3746110387
10.9400000000 7.3621299014
10.9500000000 7.3261454010
10.9600000000 7.2692491907
10.9700000000 7.1958600456
10.9800000000 7.1115622307
10.9900000000 7.0224553217
11.0000000000 6.9347404332
11.0100000000 6.8544397604
11.0200000000 6.7871404899
11.0300000000 6.7375589088
11.0400000000 6.7089435099
11.0500000000 6.7025675080
11.0600000000 6.7175038830
11.0700000000 6.7508462604
11.0800000000 6.7983686161
11.0900000000 6.8553243534
11.1000000000 6.9170808022
11.1100000000 6.9792758802
11.1200000000 7.0374976694
11.1300000000 7.0868213334
11.1400000000 7.1216197964
11.1500000000 7.1359437154
11.1600000000 7.1243585073
11.1700000000 7.0829777582
11.1800000000 7.0103471527
11.1900000000 6.9079954520
11.2000000000 6.7804653326
11.2100000000 6.6348492773
11.2200000000 6.4798355601
11.2300000000 6.3245005933
11.2400000000 6.1770726424
11.2500000000 6.0440100032
11.2600000000 5.9295078070
11.2700000000 5.8354858243
11.2800000000 5.7617685965
11.2900000000 5.7063679746
11.3000000000 5.6656858596
11.3100000000 5.6348450675
11.3200000000 5.6082581986
11.3300000000 5.5805169004
11.3400000000 5.5474941785
11.3500000000 5.5072552242
11.3600000000 5.4604175575
11.3700000000 5.4097924777
11.3800000000 5.3594091924
11.3900000000 5.3134148121
11.4000000000 5.2751792096
11.4100000000 5.2468920198
11.4200000000 5.2295958445
11.4300000000 5.2233935215
11.4400000000 5.2277402409
11.4500000000 5.2416489522
11.4600000000 5.2638436490
11.4700000000 5.2928738683
11.4800000000 5.3271749781
11.4900000000 5.3651174394
11.5000000000 5.4050993991
11.5100000000 5.4456933776
11.5200000000 5.4858251498
11.5300000000 5.5249849866
11.5400000000 5.5634096361
11.5500000000 5.6022097992
11.5600000000 5.6432426488
11.5700000000 5.6887142573
11.5800000000 5.7405007429
11.5900000000 5.7994841426
11.6000000000 5.8651053296
11.6100000000 5.9353716013
11.6200000000 6.0072225892
11.6300000000 6.0770982291
11.6400000000 6.1413828064
11.6500000000 6.1967575197
11.6600000000 6.2404446705
11.6700000000 6.2704761142
11.6800000000 6.2860175325
11.6900000000 6.2874758248
11.7000000000 6.2763216356
11.7100000000 6.2545846674
11.7200000000 6.2242713888
11.7300000000 6.1869566558
11.7400000000 6.1437211395
11.7500000000 6.0953100638
11.7600000000 6.0423587629
11.7700000000 5.9854437753
11.7800000000 5.9250495736
11.7900000000 5.8614497371
11.8000000000 5.7946826964
11.8100000000 5.7247534426
11.8200000000 5.6519309833
11.8300000000 5.5771994223
11.8400000000 5.5025400417
11.8500000000 5.4308797927
11.8600000000 5.3656090071
11.8700000000 5.3098260281
11.8800000000 5.2655210729
11.8900000000 5.2330882370
11.9000000000 5.2112384537
11.9100000000 5.1972548286
11.9200000000 5.1875156590
11.9300000000 5.1780861042
11.9400000000 5.1653874264
11.9500000000 5.1468828909
11.9600000000 5.1217215251
11.9700000000 5.0910946958
11.9800000000 5.0581404155
11.9900000000 5.0273241783
12.0000000000 5.0034748076
12.0100000000 4.9908265665
12.0200000000 4.9922965744
12.0300000000 5.0091549507
12.0400000000 5.0409299490
12.0500000000 5.0854476994
12.0600000000 5.1388371853
12.0700000000 5.1956474369
12.0800000000 5.2491753784
12.0900000000 5.2922586504
12.1000000000 5.3183982558
12.1100000000 5.3230149384
12.1200000000 5.3044141460
12.1300000000 5.2641313312
12.1400000000 5.2066264073
12.1500000000 5.1384318791
12.1600000000 5.0670170837
12.1700000000 4.9996272517
12.1800000000 4.9423099753
12.1900000000 4.8992957606
12.2000000000 4.8727891691
12.2100000000 4.8631947687
12.2200000000 4.8695301522
12.2300000000 4.8900097936
12.2400000000 4.9225964260
12.2500000000 4.9654331978
12.2600000000 5.0170948965
12.2700000000 5.0765592869
12.2800000000 5.1429618538
12.2900000000 5.2151199357
12.3000000000 5.2910784460
12.3100000000 5.3678768023
12.3200000000 5.4416169747
12.3300000000 5.5078600198
12.3400000000 5.5621567507
12.3500000000 5.6006032256
12.3600000000 5.6202995435
12.3700000000 5.6195728576
12.3800000000 5.5979920951
12.3900000000 5.5561833653
12.4000000000 5.4956278588
12.4100000000 5.4185261693
12.4200000000 5.3277000435
12.4300000000 5.2263444141
12.4400000000 5.1176205796
12.4500000000 5.0042401485
12.4600000000 4.8881861417
12.4700000000 4.7707107641
12.4800000000 4.6525528307
12.4900000000 4.5343364062
12.5000000000 4.4169368116
12.5100000000 4.3018050767
12.5200000000 4.1909929182
12.5300000000 4.0869851203
12.5400000000 3.9923140901
12.5500000000 3.9091824639
12.5600000000 3.8392519622
12.5700000000 3.7836363039
12.5800000000 3.7430446134
12.5900000000 3.7179159049
12.6000000000 3.7084941428
12.6100000000 3.7147226269
12.6200000000 3.7360894107
12.6300000000 3.7714741578
12.6400000000 3.8190718169
12.6500000000 3.8764222609
12.6600000000 3.9405614923
12.6700000000 4.0082305262
12.6800000000 4.0761360956
12.6900000000 4.1412372179
12.7000000000 4.2010038198
12.7100000000 4.2536030370
12.7200000000 4.2979158043
12.7300000000 4.3335173197
12.7400000000 4.3605023015
12.7500000000 4.3793282475
12.7600000000 4.3906347779
12.7700000000 4.3949804241
12.7800000000 4.3926322795
12.7900000000 4.3834536314
12.8000000000 4.3670307231
12.8100000000 4.3429905468
12.8200000000 4.3113705743
12.8300000000 4.2729254707
12.8400000000 4.2292042709
12.8500000000 4.1824373164
12.8600000000 4.1351921120
12.8700000000 4.0899283308
12.8800000000 4.0485427242
12.8900000000 4.0121359395
12.9000000000 3.9811187930
12.9100000000 3.9555736189
12.9200000000 3.9356827107
12.9300000000 3.9220078188
12.9400000000 3.9155339592
12.9500000000 3.9174329347
12.9600000000 3.9287612862
12.9700000000 3.9501102263
12.9800000000 3.9813191456
12.9900000000 4.0212331166
13.0000000000 4.0675774200
13.0100000000 4.1169826773
13.0200000000 4.1652476427
13.0300000000 4.2078366461
13.0400000000 4.2405968731
13.0500000000 4.2604887725
13.0600000000 4.2662450638
13.0700000000 4.2586417766
13.0800000000 4.2403027522
13.0900000000 4.2150590614
13.1000000000 4.1869955184
13.1100000000 4.1595605676
13.1200000000 4.1349906450
13.1300000000 4.1142502466
13.1400000000 4.0973358364
13.1500000000 4.0838315590
13.1600000000 4.0733877395
13.1700000000 4.0659490170
13.1800000000 4.0617342791
13.1900000000 4.0610441808
13.2000000000 4.0641278371
13.2100000000 4.0711264638
13.2200000000 4.0821763136
13.2300000000 4.0974386988
13.2400000000 4.1170610587
13.2500000000 4.1409740144
13.2600000000 4.1685933715
13.2700000000 4.1985222778
13.2800000000 4.2284349273
13.2900000000 4.2551542030
13.3000000000 4.2749608638
13.3100000000 4.2841203141
13.3200000000 4.2794117795
13.3300000000 4.2586452485
13.3400000000 4.2209451782
13.3500000000 4.1668291593
13.3600000000 4.0980202566
13.3700000000 4.0171846999
13.3800000000 3.9275820891
13.3900000000 3.8326145552
13.4000000000 3.7354243298
13.4100000000 3.6384822224
13.4200000000 3.5433928776
13.4300000000 3.4509133699
13.4400000000 3.3611413346
13.4500000000 3.2738449397
13.4600000000 3.1886866735
13.4700000000 3.1053655748
13.4800000000 3.0237346733
13.4900000000 2.9438885709
13.5000000000 2.8662747344
13.5100000000 2.7917654198
13.5200000000 2.7216031437
13.5300000000 2.6571947772
13.5400000000 2.5999068514
13.5500000000 2.5508853460
13.5600000000 2.5109420579
13.5700000000 2.4805319240
13.5800000000 2.4598089401
13.5900000000 2.4486880229
13.6000000000 2.4469952679
13.6100000000 2.4546240142
13.6200000000 2.4716226080
13.6300000000 2.4981901589
13.6400000000 2.5345156145
13.6500000000 2.5805384988
13.6600000000 2.6356689618
13.6700000000 2.6985554602
13.6800000000 2.7669739818
13.6900000000 2.8378747357
13.7000000000 2.9076804471
13.7100000000 2.9727463583
13.7200000000 3.0299529158
13.7300000000 3.0772535037
13.7400000000 3.1139381076
13.7500000000 3.1405980714
13.7600000000 3.1587701456
13.7700000000 3.1704228873
13.7800000000 3.1774795458
13.7900000000 3.1815406684
13.8000000000 3.1838019537
13.8100000000 3.1851820938
13.8200000000 3.1866022291
13.8300000000 3.1892709253
13.8400000000 3.1948320886
13.8500000000 3.2054208138
13.8600000000 3.2234835014
13.8700000000 3.2514623683
13.8800000000 3.2914274257
13.8900000000 3.3447127394
13.9000000000 3.4116329965
13.9100000000 3.4913101412
13.9200000000 3.5815421716
13.9300000000 3.6787367225
13.9400000000 3.7778523094
13.9500000000 3.8725583382
13.9600000000 3.9556570282
13.9700000000 4.0199748308
13.9800000000 4.0595978850
13.9900000000 4.0711141983
14.0000000000 4.0544203449
14.0100000000 4.0128018893
14.0200000000 3.9521487036
14.0300000000 3.8796973064
14.0400000000 3.8027317137
14.0500000000 3.7275716970
14.0600000000 3.6590824849
14.0700000000 3.6005381356
14.0800000000 3.5538031489
14.0900000000 3.5195842616
14.1000000000 3.4977074686
14.1100000000 3.4873218509
14.1200000000 3.4871168696
14.1300000000 3.4954678183
14.1400000000 3.5105778870
14.1500000000 3.5305926223
14.1600000000 3.5536441220
14.1700000000 3.5778105694
14.1800000000 3.6011076829
14.1900000000 3.6215120728
14.2000000000 3.6371753862
14.2100000000 3.6466942995
14.2200000000 3.6493671415
14.2300000000 3.6452977593
14.2400000000 3.6353279622
14.2500000000 3.6208303728
14.2600000000 3.6034445813
14.2700000000 3.5848869495
14.2800000000 3.5667634526
14.2900000000 3.5504749600
14.3000000000 3.5370177076
14.3100000000 3.5268815894
14.3200000000 3.5200142959
14.3300000000 3.5159134455
14.3400000000 3.5137953395
14.3500000000 3.5128641494
14.3600000000 3.5125111679
14.3700000000 3.5124720911
14.3800000000 3.5128330099
14.3900000000 3.5139461480
14.4000000000 3.5163024306
14.4100000000 3.5203559265
14.4200000000 3.5265235879
14.4300000000 3.5351849690
14.4400000000 3.5467676436
14.4500000000 3.5618185275
14.4600000000 3.5810466472
14.4700000000 3.6052799610
14.4800000000 3.6352979034
14.4900000000 3.6715349937
14.5000000000 3.7136656934
14.5100000000 3.7603336009
14.5200000000 3.8090824424
14.5300000000 3.8566590614
14.5400000000 3.8995954512
14.5500000000 3.9348207745
14.5600000000 3.9601472444
14.5700000000 3.9744564116
14.5800000000 3.9776975923
14.5900000000 3.9706847753
14.6000000000 3.9549340187
14.6100000000 3.9324781971
14.6200000000 3.9056049334
14.6300000000 3.8765780558
14.6400000000 3.8472600532
14.6500000000 3.8188890631
14.6600000000 3.7920314889
14.6700000000 3.7667749786
14.6800000000 3.7430772986
14.6900000000 3.7210551170
14.7000000000 3.7011008406
14.7100000000 3.6838163093
14.7200000000 3.6698683870
14.7300000000 3.6598677311
14.7400000000 3.6542904563
14.7500000000 3.6534771214
14.7600000000 3.6576124364
14.7700000000 3.6666710972
14.7800000000 3.6803005546
14.7900000000 3.6977136205
14.8000000000 3.7176250861
14.8100000000 3.7383393152
14.8200000000 3.7579010843
14.8300000000 3.7743579722
14.8400000000 3.7859834604
14.8500000000 3.7914269150
14.8600000000 3.7898103743
14.8700000000 3.7808457876
14.8800000000 3.7650222790
14.8900000000 3.7437519821
14.9000000000 3.7192931419
14.9100000000 3.6944184978
14.9200000000 3.6718549141
14.9300000000 3.6537422118
14.9400000000 3.6412645564
14.9500000000 3.6345950820
14.9600000000 3.6330288815
14.9700000000 3.6353152708
14.9800000000 3.6399429423
14.9900000000 3.6454163498
15.0000000000 3.6503747161
15.0100000000 3.6536714924
15.0200000000 3.6543846093
15.0300000000 3.6518414891
15.0400000000 3.6456590585
15.0500000000 3.6357692914
15.0600000000 3.6224650288
15.0700000000 3.6062925705
15.0800000000 3.5879289993
15.0900000000 3.5680538749
15.1000000000 3.5472648633
15.1100000000 3.5260973848
15.1200000000 3.5050592757
15.1300000000 3.4845906681
15.1400000000 3.4650335734
15.1500000000 3.4465561960
15.1600000000 3.4291970768
15.1700000000 3.4129346426
15.1800000000 3.3978275085
15.1900000000 3.3841555985
15.2000000000 3.3724815014
15.2100000000 3.3635760386
15.2200000000 3.3582071481
15.2300000000 3.3569124416
15.2400000000 3.3597910418
15.2500000000 3.3665121101
15.2600000000 3.3763340482
15.2700000000 3.3882808008
15.2800000000 3.4011974519
15.2900000000 3.4138918077
15.3000000000 3.4252406532
15.3100000000 3.4343516585
15.3200000000 3.4406749381
15.3300000000 3.4440592937
15.3400000000 3.4447632978
15.3500000000 3.4433703767
15.3600000000 3.4408002672
15.3700000000 3.4382291491
15.3800000000 3.4370398144
15.3900000000 3.4386593672
15.4000000000 3.4443755044
15.4100000000 3.4551314937
15.4200000000 3.4713715972
15.4300000000 3.4929733316
15.4400000000 3.5193027848
15.4500000000 3.5491943932
15.4600000000 3.5809720450
15.4700000000 3.6123989939
15.4800000000 3.6406629213
15.4900000000 3.6626092363
15.5000000000 3.6752169467
15.5100000000 3.6762263494
15.5200000000 3.6648044272
15.5300000000 3.6418999255
15.5400000000 3.6102227091
15.5500000000 3.5737823316
15.5600000000 3.5371831799
15.5700000000 3.5048136046
15.5800000000 3.4802199801
15.5900000000 3.4656900641
15.6000000000 3.4620561583
15.6100000000 3.4686813759
15.6200000000 3.4835485873
15.6300000000 3.5034979854
15.6400000000 3.5246473212
15.6500000000 3.5429921820
15.6600000000 3.5551074063
15.6700000000 3.5587543649
15.6800000000 3.5531229764
15.6900000000 3.5386996954
15.7000000000 3.5167758891
15.7100000000 3.4888675992
15.7200000000 3.4562982220
15.7300000000 3.4200064337
15.7400000000 3.3806487113
15.7500000000 3.3388430482
15.7600000000 3.2954198045
15.7700000000 3.2515439797
15.7800000000 3.2087703749
15.7900000000 3.1688626923
15.8000000000 3.1336103490
15.8100000000 3.1046324977
15.8200000000 3.0832432928
15.8300000000 3.0703743019
15.8400000000 3.0665022998
15.8500000000 3.0715830231
15.8600000000 3.0850282793
15.8700000000 3.1056316202
15.8800000000 3.1316061496
15.8900000000 3.1606496213
15.9000000000 3.1900782569
15.9100000000 3.2171657696
15.9200000000 3.2394704569
15.9300000000 3.2552141346
15.9400000000 3.2635080413
15.9500000000 3.2643687678
15.9600000000 3.2585614211
15.9700000000 3.2473008415
15.9800000000 3.2318727957
15.9900000000 3.2133541226
16.0000000000 3.1923786917
16.0100000000 3.1690823566
16.0200000000 3.1431856668
16.0300000000 3.1142635074
16.0400000000 3.0820217876
16.0500000000 3.0466617999
16.0600000000 3.0090228159
16.0700000000 2.9706619211
16.0800000000 2.9336767540
16.0900000000 2.9004454650
16.1000000000 2.8732287519
16.1100000000 2.8537947910
16.1200000000 2.8431224808
16.1300000000 2.8412122246
16.1400000000 2.8471196576
16.1500000000 2.8591594611
16.1600000000 2.8752464284
16.1700000000 2.8933077974
16.1800000000 2.9115928376
16.1900000000 2.9289279333
16.2000000000 2.9447605084
16.2100000000 2.9590081304
16.2200000000 2.9717938231
16.2300000000 2.9831051821
16.2400000000 2.9924961143
16.2500000000 2.9990425058
16.2600000000 3.0014926467
16.2700000000 2.9986237921
16.2800000000 2.9896484991
16.2900000000 2.9745251202
16.3000000000 2.9540423567
16.3100000000 2.9296495892
16.3200000000 2.9031506139
16.3300000000 2.8763461803
16.3400000000 2.8507336520
16.3500000000 2.8274230120
16.3600000000 2.8071068809
16.3700000000 2.7902114647
16.3800000000 2.7770156840
16.3900000000 2.7677546530
16.4000000000 2.7626192850
16.4100000000 2.7616183903
16.4200000000 2.7644458940
16.4300000000 2.7703368951
16.4400000000 2.7780944953
16.4500000000 2.7862161432
16.4600000000 2.7931249240
16.4700000000 2.7974727669
16.4800000000 2.7983723831
16.4900000000 2.7955360550
16.5000000000 2.7893269452
16.5100000000 2.7806231397
16.5200000000 2.7706317139
16.5300000000 2.7606521164
16.5400000000 2.7518437174
16.5500000000 2.7450585774
16.5600000000 2.7406844451
16.5700000000 2.7386595534
16.5800000000 2.7385100392
16.5900000000 2.7395102125
16.6000000000 2.7409381669
16.6100000000 2.7422653443
16.6200000000 2.7432797495
16.6300000000 2.7440477868
16.6400000000 2.7447420246
16.6500000000 2.7453734328
16.6600000000 2.7455785764
16.6700000000 2.7445234523
16.6800000000 2.7409522971
16.6900000000 2.7333817415
16.7000000000 2.7203064005
16.7100000000 2.7004273292
16.7200000000 2.6728422734
16.7300000000 2.6371757299
16.7400000000 2.5937391681
16.7500000000 2.5435756259
16.7600000000 2.4884440789
16.7700000000 2.4306347748
16.7800000000 2.3727372662
16.7900000000 2.3173879881
16.8000000000 2.2670308655
16.8100000000 2.2237597993
16.8200000000 2.1891648001
16.8300000000 2.1642685583
16.8400000000 2.1494350586
16.8500000000 2.1443423300
16.8600000000 2.1479914739
16.8700000000 2.1588092740
16.8800000000 2.1748211227
16.8900000000 2.1939049033
16.9000000000 2.2140161368
16.9100000000 2.2333265425
16.9200000000 2.2502529856
16.9300000000 2.2633826660
16.9400000000 2.2714552429
16.9500000000 2.2734308624
16.9600000000 2.2686503367
16.9700000000 2.2569733513
16.9800000000 2.2388145936
16.9900000000 2.2150140654
17.0000000000 2.1867420811
17.0100000000 2.1554040399
17.0200000000 2.1225850160
17.0300000000 2.0900457730
17.0400000000 2.0595558834
17.0500000000 2.0327307959
17.0600000000 2.0107917089
17.0700000000 1.9943994337
17.0800000000 1.9836275320
17.0900000000 1.9780119547
17.1000000000 1.9767242304
17.1100000000 1.9787459267
17.1200000000 1.9831080750
17.1300000000 1.9889969481
17.1400000000 1.9958715758
17.1500000000 2.0034294733
17.1600000000 2.0115546203
17.1700000000 2.0201833891
17.1800000000 2.0291818203
17.1900000000 2.0382109038
17.2000000000 2.0466091011
17.2100000000 2.0533155192
17.2200000000 2.0569156961
17.2300000000 2.0558218507
17.2400000000 2.0484765241
17.2500000000 2.0336856838
17.2600000000 2.0109123744
17.2700000000 1.9804612824
17.2800000000 1.9436132874
17.2900000000 1.9024678084
17.3000000000 1.8596371109
17.3100000000 1.8178607082
17.3200000000 1.7796092297
17.3300000000 1.7468498767
17.3400000000 1.7209045707
17.3500000000 1.7024800023
17.3600000000 1.6916810734
17.3700000000 1.6881806032
17.3800000000 1.6913015250
17.3900000000 1.7001657435
17.4000000000 1.7137543531
17.4100000000 1.7309084476
17.4200000000 1.7502881286
17.4300000000 1.7703492208
17.4400000000 1.7893853070
17.4500000000 1.8056827204
17.4600000000 1.8178005236
17.4700000000 1.8247968496
17.4800000000 1.8263962051
17.4900000000 1.8229906111
17.5000000000 1.8153604936
17.5100000000 1.8043831397
17.5200000000 1.7906980169
17.5300000000 1.7746102390
17.5400000000 1.7561854174
17.5500000000 1.7354770726
17.5600000000 1.7127673313
17.5700000000 1.6886766175
17.5800000000 1.6641294014
17.5900000000 1.6402050122
17.6000000000 1.6178966706
17.6100000000 1.5979414117
17.6200000000 1.5806913235
17.6300000000 1.5661357366
17.6400000000 1.5539602142
17.6500000000 1.5437274982
17.6600000000 1.5349986929
17.6700000000 1.5273638109
17.6800000000 1.5204419936
17.6900000000 1.5138025511
17.7000000000 1.5069648324
17.7100000000 1.4994102505
17.7200000000 1.4906858179
17.7300000000 1.4805264168
17.7400000000 1.4690081965
17.7500000000 1.4566049501
17.7600000000 1.4441836694
17.7700000000 1.4328224283
17.7800000000 1.4235720275
17.7900000000 1.4172040365
17.8000000000 1.4140252229
17.8100000000 1.4138204910
17.8200000000 1.4158882411
17.8300000000 1.4191684428
17.8400000000 1.4224511803
17.8500000000 1.4245795043
17.8600000000 1.4246587957
17.8700000000 1.4221988886
17.8800000000 1.4171951453
17.8900000000 1.4101052587
17.9000000000 1.4016842734
17.9100000000 1.3928190429
17.9200000000 1.3843309897
17.9300000000 1.3769325536
17.9400000000 1.3711895374
17.9500000000 1.3675514106
17.9600000000 1.3664003415
17.9700000000 1.3679887790
17.9800000000 1.3723706819
17.9900000000 1.3793078466
18.0000000000 1.3882755594
18.0100000000 1.3984995105
18.0200000000 1.4091047263
18.0300000000 1.4192150056
18.0400000000 1.4280461997
18.0500000000 1.4349186855
18.0600000000 1.4392386723
18.0700000000 1.4405167989
18.0800000000 1.4383369473
18.0900000000 1.4324185262
18.1000000000 1.4226354012
18.1100000000 1.4090662913
18.1200000000 1.3920393656
18.1300000000 1.3721460314
18.1400000000 1.3501547933
18.1500000000 1.3269497721
18.1600000000 1.3034562432
18.1700000000 1.2805655770
18.1800000000 1.2591476041
18.1900000000 1.2400062446
18.2000000000 1.2238410658
18.2100000000 1.2111707464
18.2200000000 1.2023067022
18.2300000000 1.1973078205
18.2400000000 1.1960237214
18.2500000000 1.1981447630
18.2600000000 1.2032840206
18.2700000000 1.2110406105
18.2800000000 1.2210695098
18.2900000000 1.2330691796
18.3000000000 1.2467501129
18.3100000000 1.2617779568
18.3200000000 1.2777672194
18.3300000000 1.2942622878
18.3400000000 1.3108261490
18.3500000000 1.3270087407
18.3600000000 1.3423722883
18.3700000000 1.3563961302
18.3800000000 1.3684257486
18.3900000000 1.3777548684
18.4000000000 1.3837266262
18.4100000000 1.3859555933
18.4200000000 1.3844997006
18.4300000000 1.3798741142
18.4400000000 1.3729892454
18.4500000000 1.3648849835
18.4600000000 1.3565721508
18.4700000000 1.3488220673
18.4800000000 1.3421146187
18.4900000000 1.3367010278
18.5000000000 1.3326413629
18.5100000000 1.3299573594
18.5200000000 1.3286578875
18.5300000000 1.3287709189
18.5400000000 1.3303627878
18.5500000000 1.3334485696
18.5600000000 1.3379663036
18.5700000000 1.3437191088
18.5800000000 1.3503813482
18.5900000000 1.3574791692
18.6000000000 1.3644865765
18.6100000000 1.3708189232
18.6200000000 1.3759227154
18.6300000000 1.3792755731
18.6400000000 1.3804054406
18.6500000000 1.3789613165
18.6600000000 1.3747456044
18.6700000000 1.3677531144
18.6800000000 1.3581071713
18.6900000000 1.3459697593
18.7000000000 1.3315029889
18.7100000000 1.3147980562
18.7200000000 1.2960108894
18.7300000000 1.2753819343
18.7400000000 1.2533144446
18.7500000000 1.2303299534
18.7600000000 1.2070234917
18.7700000000 1.1839469561
18.7800000000 1.1616153993
18.7900000000 1.1404285920
18.8000000000 1.1207682086
18.8100000000 1.1029976318
18.8200000000 1.0875532097
18.8300000000 1.0749247743
18.8400000000 1.0656032571
18.8500000000 1.0599756239
18.8600000000 1.0582128519
18.8700000000 1.0601707844
18.8800000000 1.0653434421
18.8900000000 1.0729018351
18.9000000000 1.0817855926
18.9100000000 1.0908210666
18.9200000000 1.0988920383
18.9300000000 1.1050908373
18.9400000000 1.1088302175
18.9500000000 1.1099161063
18.9600000000 1.1085681477
18.9700000000 1.1053286937
18.9800000000 1.1008992366
18.9900000000 1.0959301569
19.0000000000 1.0908162069
19.0100000000 1.0856033359
19.0200000000 1.0799809809
19.0300000000 1.0733734265
19.0400000000 1.0651835445
19.0500000000 1.0549712576
19.0600000000 1.0426725027
19.0700000000 1.0286271089
19.0800000000 1.0135274182
19.0900000000 0.9982472569
19.1000000000 0.9836567166
19.1100000000 0.9704624765
19.1200000000 0.9591271196
19.1300000000 0.9498480352
19.1400000000 0.9426229879
19.1500000000 0.9372827506
19.1600000000 0.9335373193
19.1700000000 0.9309889861
19.1800000000 0.9291855686
19.1900000000 0.9276671284
19.2000000000 0.9260930654
19.2100000000 0.9243160688
19.2200000000 0.9224161308
19.2300000000 0.9206944857
19.2400000000 0.9195602809
19.2500000000 0.9194369546
19.2600000000 0.9206951112
19.2700000000 0.9235650299
19.2800000000 0.9281631102
19.2900000000 0.9344982876
19.3000000000 0.9424650813
19.3100000000 0.9518568514
19.3200000000 0.9623455089
19.3300000000 0.9734141291
19.3400000000 0.9844105685
19.3500000000 0.9945674787
19.3600000000 1.0031501794
19.3700000000 1.0095710343
19.3800000000 1.0135916474
19.3900000000 1.0153571539
19.4000000000 1.0154173624
19.4100000000 1.0145794637
19.4200000000 1.0137400802
19.4300000000 1.0136693866
19.4400000000 1.0149025699
19.4500000000 1.0176917784
19.4600000000 1.0219715301
19.4700000000 1.0274662837
19.4800000000 1.0336900590
19.4900000000 1.0400070552
19.5000000000 1.0457194865
19.5100000000 1.0500877605
19.5200000000 1.0524590990
19.5300000000 1.0523489330
19.5400000000 1.0495293498
19.5500000000 1.0440636144
19.5600000000 1.0362526589
19.5700000000 1.0265679450
19.5800000000 1.0155160766
19.5900000000 1.0035845802
19.6000000000 0.9912078501
19.6100000000 0.9787670033
19.6200000000 0.9666170073
19.6300000000 0.9550729034
19.6400000000 0.9443617557
19.6500000000 0.9345675432
19.6600000000 0.9255826837
19.6700000000 0.9171142224
19.6800000000 0.9087723666
19.6900000000 0.9001731125
19.7000000000 0.8910687325
19.7100000000 0.8814032068
19.7200000000 0.8712922565
19.7300000000 0.8609689112
19.7400000000 0.8507081859
19.7500000000 0.8407789958
19.7600000000 0.8314717011
19.7700000000 0.8230429481
19.7800000000 0.8157638482
19.7900000000 0.8098992403
19.8000000000 0.8057006863
19.8100000000 0.8033440950
19.8200000000 0.8029571196
19.8300000000 0.8045497323
19.8400000000 0.8080347016
19.8500000000 0.8131858141
19.8600000000 0.8197139110
19.8700000000 0.8272044346
19.8800000000 0.8352144124
19.8900000000 0.8432516530
19.9000000000 0.8508163429
19.9100000000 0.8574079532
19.9200000000 0.8625807487
19.9300000000 0.8659090315
19.9400000000 0.8670704897
19.9500000000 0.8658323825
19.9600000000 0.8620934214
19.9700000000 0.8559467651
19.9800000000 0.8476597205
19.9900000000 0.8377511395
20.0000000000 0.8268737801
