124000.0000000000 0.0000000414
62000.0000000000 0.0000005089
41333.3333333333 0.0000018675
31000.0000000000 0.0000042597
24800.0000000000 0.0000076457
20666.6666666667 0.0000119947
17714.2857142857 0.0000172573
15500.0000000000 0.0000234068
13777.7777777778 0.0000303981
12400.0000000000 0.0000382742
11272.7272727273 0.0000470035
10333.3333333333 0.0000565815
9538.4615384615 0.0000670052
8857.1428571429 0.0000782725
8266.6666666667 0.0000904329
7750.0000000000 0.0001033869
7294.1176470588 0.0001171811
6888.8888888889 0.0001318770
6526.3157894737 0.0001473536
6200.0000000000 0.0001637383
5904.7619047619 0.0001809689
5636.3636363636 0.0001990450
5391.3043478261 0.0002178863
5166.6666666667 0.0002377332
4960.0000000000 0.0002583450
4769.2307692308 0.0002798019
4592.5925925926 0.0003021982
4428.5714285714 0.0003253484
4275.8620689655 0.0003494451
4133.3333333333 0.0003743938
4000.0000000000 0.0004001943
3875.0000000000 0.0004269592
3757.5757575758 0.0004544669
3647.0588235294 0.0004829460
3542.8571428571 0.0005122840
3444.4444444444 0.0005424809
3351.3513513514 0.0005735365
3263.1578947368 0.0006054510
3179.4871794872 0.0006383618
3100.0000000000 0.0006721384
3024.3902439024 0.0007067809
2952.3809523810 0.0007422893
2883.7209302326 0.0007788153
2818.1818181818 0.0008162143
2755.5555555556 0.0008544862
2695.6521739130 0.0008936310
2638.2978723404 0.0009338147
2583.3333333333 0.0009748785
2530.6122448980 0.0010168223
2480.0000000000 0.0010596461
2431.3725490196 0.0011035301
2384.6153846154 0.0011483012
2339.6226415094 0.0011939594
2296.2962962963 0.0012405047
2254.5454545455 0.0012881315
2214.2857142857 0.0013366525
2175.4385964912 0.0013862693
2137.9310344828 0.0014367873
2101.6949152542 0.0014882066
2066.6666666667 0.0015405271
2032.7868852459 0.0015939647
2000.0000000000 0.0016483106
1968.2539682540 0.0017037877
1937.5000000000 0.0017601803
1907.6923076923 0.0018174883
1878.7878787879 0.0018759453
1850.7462686567 0.0019353248
1823.5294117647 0.0019956268
1797.1014492754 0.0020570956
1771.4285714286 0.0021197418
1746.4788732394 0.0021830732
1722.2222222222 0.0022478441
1698.6301369863 0.0023133002
1675.6756756757 0.0023799550
1653.3333333333 0.0024478193
1631.5789473684 0.0025166343
1610.3896103896 0.0025864001
1589.7435897436 0.0026573930
1569.6202531646 0.0027293438
1550.0000000000 0.0028025359
1530.8641975309 0.0028766930
1512.1951219512 0.0029521055
1493.9759036145 0.0030287842
1476.1904761905 0.0031064420
1458.8235294118 0.0031850789
1441.8604651163 0.0032649997
1425.2873563218 0.0033459067
1409.0909090909 0.0034284235
1393.2584269663 0.0035116254
1377.7777777778 0.0035961395
1362.6373626374 0.0036819764
1347.8260869565 0.0037691469
1333.3333333333 0.0038573319
1319.1489361702 0.0039465314
1305.2631578947 0.0040370821
1291.6666666667 0.0041289947
1278.3505154639 0.0042222798
1265.3061224490 0.0043166007
1252.5252525253 0.0044123082
1240.0000000000 0.0045090586
1227.7227722772 0.0046075679
1215.6862745098 0.0047067726
1203.8834951456 0.0048077575
1192.3076923077 0.0049098065
1180.9523809524 0.0050132918
1169.8113207547 0.0051182240
1158.8785046729 0.0052246137
1148.1481481481 0.0053320888
1137.6146788991 0.0054410357
1127.2727272727 0.0055514649
1117.1171171171 0.0056629936
1107.1428571429 0.0057764159
1097.3451327434 0.0058909519
1087.7192982456 0.0060070057
1078.2608695652 0.0061245879
1068.9655172414 0.0062437092
1059.8290598291 0.0063639653
1050.8474576271 0.0064861931
1042.0168067227 0.0066095699
1033.3333333333 0.0067345212
1024.7933884298 0.0068614866
1016.3934426230 0.0069896223
1008.1300813008 0.0071193644
1000.0000000000 0.0072507235
992.0000000000 0.0073837102
984.1269841270 0.0075183351
976.3779527559 0.0076546090
968.7500000000 0.0077925424
961.2403100775 0.0079321458
953.8461538462 0.0080734301
946.5648854962 0.0082164057
939.3939393939 0.0083610834
932.3308270677 0.0085079452
925.3731343284 0.0086560623
918.5185185185 0.0088063919
911.7647058824 0.0089579909
905.1094890511 0.0091118308
898.5507246377 0.0092674435
892.0863309353 0.0094253325
885.7142857143 0.0095845263
879.4326241135 0.0097460247
873.2394366197 0.0099093455
867.1328671329 0.0100744994
861.1111111111 0.0102420075
855.1724137931 0.0104108628
849.3150684932 0.0105826183
843.5374149660 0.0107557423
837.8378378378 0.0109312843
832.2147651007 0.0111087372
826.6666666667 0.0112886434
821.1920529801 0.0114704889
815.7894736842 0.0116542843
810.4575163399 0.0118405826
805.1948051948 0.0120294050
800.0000000000 0.0122202234
794.8717948718 0.0124136013
789.8089171975 0.0126090035
784.8101265823 0.0128070006
779.8742138365 0.0130070502
775.0000000000 0.0132097303
770.1863354037 0.0134150619
765.4320987654 0.0136224921
760.7361963190 0.0138326093
756.0975609756 0.0140454348
751.5151515152 0.0142609898
746.9879518072 0.0144787069
742.5149700599 0.0146991890
738.0952380952 0.0149224572
733.7278106509 0.0151485328
729.4117647059 0.0153774369
725.1461988304 0.0156091909
720.9302325581 0.0158438160
716.7630057803 0.0160813334
712.6436781609 0.0163217643
708.5714285714 0.0165651299
704.5454545455 0.0168114515
700.5649717514 0.0170613779
696.6292134831 0.0173136787
692.7374301676 0.0175696337
688.8888888889 0.0178286368
685.0828729282 0.0180907090
681.3186813187 0.0183565168
677.5956284153 0.0186254434
673.9130434783 0.0188975098
670.2702702703 0.0191733933
666.6666666667 0.0194531257
663.1016042781 0.0197360757
659.5744680851 0.0200222647
656.0846560847 0.0203123839
652.6315789474 0.0206064651
649.2146596859 0.0209045402
645.8333333333 0.0212059603
642.4870466321 0.0215114308
639.1752577320 0.0218209836
635.8974358974 0.0221346504
632.6530612245 0.0224524632
629.4416243655 0.0227744536
626.2626262626 0.0231013556
623.1155778894 0.0234318005
620.0000000000 0.0237665185
616.9154228856 0.0241062540
613.8613861386 0.0244503334
610.8374384236 0.0247995081
607.8431372549 0.0251530973
604.8780487805 0.0255111328
601.9417475728 0.0258743767
599.0338164251 0.0262428714
596.1538461538 0.0266159220
593.3014354067 0.0269943011
590.4761904762 0.0273787955
587.6777251185 0.0277679624
584.9056603774 0.0281625849
582.1596244131 0.0285627056
579.4392523364 0.0289683667
576.7441860465 0.0293803729
574.0740740741 0.0297980113
571.4285714286 0.0302213245
568.8073394495 0.0306511274
566.2100456621 0.0310874731
563.6363636364 0.0315296347
561.0859728507 0.0319784380
558.5585585586 0.0324339359
556.0538116592 0.0328961813
553.5714285714 0.0333652271
551.1111111111 0.0338419240
548.6725663717 0.0343255343
546.2555066079 0.0348161109
543.8596491228 0.0353145150
541.4847161572 0.0358199984
539.1304347826 0.0363342443
536.7965367965 0.0368556895
534.4827586207 0.0373860314
532.1888412017 0.0379236924
529.9145299145 0.0384712134
527.6595744681 0.0390261806
525.4237288136 0.0395911560
523.2067510549 0.0401645443
521.0084033613 0.0407472526
518.8284518828 0.0413393548
516.6666666667 0.0419417755
514.5228215768 0.0425537452
512.3966942149 0.0431761956
510.2880658436 0.0438092113
508.1967213115 0.0444528768
506.1224489796 0.0451072767
504.0650406504 0.0457733673
502.0242914980 0.0464512436
500.0000000000 0.0471401221
497.9919678715 0.0478418519
496.0000000000 0.0485547669
494.0239043825 0.0492816198
492.0634920635 0.0500216338
490.1185770751 0.0507740182
488.1889763780 0.0515406679
486.2745098039 0.0523216990
484.3750000000 0.0531172277
482.4902723735 0.0539273701
480.6201550388 0.0547531564
478.7644787645 0.0555947131
476.9230769231 0.0564521669
475.0957854406 0.0573256444
473.2824427481 0.0582171286
471.4828897338 0.0591258353
469.6969696970 0.0600528368
467.9245283019 0.0609982808
466.1654135338 0.0619632571
464.4194756554 0.0629479238
462.6865671642 0.0639533883
460.9665427509 0.0649788663
459.2592592593 0.0660264284
457.5645756458 0.0670962537
455.8823529412 0.0681894847
454.2124542125 0.0693063107
452.5547445255 0.0704478916
450.9090909091 0.0716144274
449.2753623188 0.0728070954
447.6534296029 0.0740270869
446.0431654676 0.0752756073
444.4444444444 0.0765518996
442.8571428571 0.0778591593
441.2811387900 0.0791966433
439.7163120567 0.0805665905
438.1625441696 0.0819702653
436.6197183099 0.0834079407
435.0877192982 0.0848819076
433.5664335664 0.0863924598
432.0557491289 0.0879419231
430.5555555556 0.0895306120
429.0657439446 0.0911619102
427.5862068966 0.0928351367
426.1168384880 0.0945547472
424.6575342466 0.0963200848
423.2081911263 0.0981346270
421.7687074830 0.0999998119
420.3389830508 0.1019170912
418.9189189189 0.1038900258
417.5084175084 0.1059211669
416.1073825503 0.1080109843
414.7157190635 0.1101652378
413.3333333333 0.1123833872
411.9601328904 0.1146712684
410.5960264901 0.1170305125
409.2409240924 0.1194659799
407.8947368421 0.1219793598
406.5573770492 0.1245755918
405.2287581699 0.1272585882
403.9087947883 0.1300333879
402.5974025974 0.1329050850
401.2944983819 0.1358766424
400.0000000000 0.1389554353
398.7138263666 0.1421456216
397.4358974359 0.1454558129
396.1661341853 0.1488902893
394.9044585987 0.1524567018
393.6507936508 0.1561638964
392.4050632911 0.1600196967
391.1671924290 0.1640331280
389.9371069182 0.1682144336
388.7147335423 0.1725717097
387.5000000000 0.1771199172
386.2928348910 0.1818685072
385.0931677019 0.1868327119
383.9009287926 0.1920267824
382.7160493827 0.1974674045
381.5384615385 0.2031702883
380.3680981595 0.2091570578
379.2048929664 0.2154460971
378.0487804878 0.2220629204
376.8996960486 0.2290321422
375.7575757576 0.2363809522
374.6223564955 0.2441414831
373.4939759036 0.2523473601
372.3723723724 0.2610372388
371.2574850299 0.2702536891
370.1492537313 0.2800420592
369.0476190476 0.2904587945
367.9525222552 0.3015585117
366.8639053254 0.3134118240
365.7817109145 0.3260900153
364.7058823529 0.3396781991
363.6363636364 0.3542730780
362.5730994152 0.3699794541
361.5160349854 0.3869223676
360.4651162791 0.4052388455
359.4202898551 0.4250889168
358.3815028902 0.4466521894
357.3487031700 0.4701377627
356.3218390805 0.4957820422
355.3008595989 0.5238575139
354.2857142857 0.5546742351
353.2763532764 0.5885886771
352.2727272727 0.6260039922
351.2747875354 0.6673800831
350.2824858757 0.7132313251
349.2957746479 0.7641266201
348.3146067416 0.8206831087
347.3389355742 0.8835484793
346.3687150838 0.9533655401
345.4038997214 1.0307152065
344.4444444444 1.1160303823
343.4903047091 1.2094508031
342.5414364641 1.3106551513
341.5977961433 1.4186333447
340.6593406593 1.5314642649
339.7260273973 1.6461702852
338.7978142077 1.7587304725
337.8746594005 1.8643898701
336.9565217391 1.9582924735
336.0433604336 2.0363200962
335.1351351351 2.0959188786
334.2318059299 2.1366000134
333.3333333333 2.1600058989
332.4396782842 2.1695670746
331.5508021390 2.1699453303
330.6666666667 2.1663863281
329.7872340426 2.1640867437
328.9124668435 2.1676594744
328.0423280423 2.1807524168
327.1767810026 2.2058615021
326.3157894737 2.2443357456
325.4593175853 2.2965110618
324.6073298429 2.3619143634
323.7597911227 2.4394215695
322.9166666667 2.5272760520
322.0779220779 2.6229034306
321.2435233161 2.7225857116
320.4134366925 2.8211730730
319.5876288660 2.9121208029
318.7660668380 2.9880294550
317.9487179487 3.0417120470
317.1355498721 3.0675396504
316.3265306122 3.0626341813
315.5216284987 3.0274673217
314.7208121827 2.9656545150
313.9240506329 2.8830231739
313.1313131313 2.7862985819
312.3425692695 2.6818996672
311.5577889447 2.5751878147
310.7769423559 2.4702624944
310.0000000000 2.3701744912
309.2269326683 2.2772848914
308.4577114428 2.1935563934
307.6923076923 2.1206762133
306.9306930693 2.0600753437
306.1728395062 2.0129033411
305.4187192118 1.9800227765
304.6683046683 1.9620629384
303.9215686275 1.9594686643
303.1784841076 1.9725731871
302.4390243902 2.0016224381
301.7031630170 2.0467721477
300.9708737864 2.1080181861
300.2421307506 2.1850765963
299.5169082126 2.2772052119
298.7951807229 2.3829815214
298.0769230769 2.5000838649
297.3621103118 2.6251100412
296.6507177033 2.7535516487
295.9427207637 2.8799314555
295.2380952381 2.9982093166
294.5368171021 3.1023891493
293.8388625592 3.1873385569
293.1442080378 3.2496477544
292.4528301887 3.2883671771
291.7647058824 3.3053428274
291.0798122066 3.3049967023
290.3981264637 3.2935303769
289.7196261682 3.2777649069
289.0442890443 3.2639553253
288.3720930233 3.2568966494
287.7030162413 3.2595065728
287.0370370370 3.2728682659
286.3741339492 3.2966429720
285.7142857143 3.3295949444
285.0574712644 3.3700464002
284.4036697248 3.4160673417
283.7528604119 3.4654290395
283.1050228311 3.5154178803
282.4601366743 3.5627175873
281.8181818182 3.6034782238
281.1791383220 3.6336349995
280.5429864253 3.6494356233
279.9097065463 3.6480555503
279.2792792793 3.6280515423
278.6516853933 3.5895434325
278.0269058296 3.5340720766
277.4049217002 3.4642733587
276.7857142857 3.3834611453
276.1692650334 3.2952227227
275.5555555556 3.2030627436
274.9445676275 3.1101721158
274.3362831858 3.0193436210
273.7306843267 2.9330394337
273.1277533040 2.8535048794
272.5274725275 2.7828447301
271.9298245614 2.7229601009
271.3347921225 2.6753825648
270.7423580786 2.6410732115
270.1525054466 2.6202829831
269.5652173913 2.6125324891
268.9804772234 2.6167433414
268.3982683983 2.6314700484
267.8185745140 2.6551796150
267.2413793103 2.6864409653
266.6666666667 2.7239425854
266.0944206009 2.7663332011
265.5246252677 2.8119918737
264.9572649573 2.8588617391
264.3923240938 2.9044982719
263.8297872340 2.9463396841
263.2696390658 2.9821382554
262.7118644068 3.0104493608
262.1564482030 3.0310088298
261.6033755274 3.0448888527
261.0526315789 3.0543245623
260.5042016807 3.0623136183
259.9580712788 3.0721439661
259.4142259414 3.0870064039
258.8726513570 3.1098173335
258.3333333333 3.1431658361
257.7962577963 3.1892979887
257.2614107884 3.2500020488
256.7287784679 3.3263804154
256.1983471074 3.4185686450
255.6701030928 3.5254436249
255.1440329218 3.6443706532
254.6201232033 3.7710791768
254.0983606557 3.8997364160
253.5787321063 4.0233806187
253.0612244898 4.1347227040
252.5458248473 4.2272346590
252.0325203252 4.2961389199
251.5212981744 4.3389214502
251.0121457490 4.3551578348
250.5050505051 4.3458430409
250.0000000000 4.3127023503
249.4969818913 4.2579298100
248.9959839357 4.1843463207
248.4969939880 4.0957033190
248.0000000000 3.9966462078
247.5049900200 3.8922865001
247.0119521912 3.7875404328
246.5208747515 3.6865955120
246.0317460317 3.5926928432
245.5445544554 3.5081726148
245.0592885375 3.4346620193
244.5759368836 3.3732978350
244.0944881890 3.3248848862
243.6149312377 3.2900050601
243.1372549020 3.2689890311
242.6614481409 3.2617564447
242.1875000000 3.2675654680
241.7153996101 3.2847752055
241.2451361868 3.3107649748
240.7766990291 3.3420816545
240.3100775194 3.3748496742
239.8452611219 3.4053379257
239.3822393822 3.4305215921
238.9210019268 3.4484686671
238.4615384615 3.4584419274
238.0038387716 3.4607906811
237.5478927203 3.4567576276
237.0936902486 3.4483854550
236.6412213740 3.4384941567
236.1904761905 3.4305988024
235.7414448669 3.4286402596
235.2941176471 3.4365161752
234.8484848485 3.4575563172
234.4045368620 3.4940542887
233.9622641509 3.5469477609
233.5216572505 3.6156716801
233.0827067669 3.6981491266
232.6454033771 3.7909285674
232.2097378277 3.8895033369
231.7757009346 3.9888091183
231.3432835821 4.0838989517
230.9124767225 4.1706983196
230.4832713755 4.2466071558
230.0556586271 4.3106969473
229.6296296296 4.3633748129
229.2051756007 4.4056471712
228.7822878229 4.4383048425
228.3609576427 4.4614600899
227.9411764706 4.4746049682
227.5229357798 4.4771663067
227.1062271062 4.4692793866
226.6910420475 4.4523942062
226.2773722628 4.4294750546
225.8652094718 4.4047206990
225.4545454545 4.3829895330
225.0453720508 4.3691730551
224.6376811594 4.3677020189
224.2314647378 4.3822022701
223.8267148014 4.4153114607
223.4234234234 4.4685259440
223.0215827338 4.5421223228
222.6211849192 4.6351218986
222.2222222222 4.7454523900
221.8246869410 4.8703032224
221.4285714286 5.0067451337
221.0338680927 5.1524371096
220.6405693950 5.3062599888
220.2486678508 5.4686606080
219.8581560284 5.6416250203
219.4690265487 5.8283638108
219.0812720848 6.0328411226
218.6948853616 6.2592997687
218.3098591549 6.5118196097
217.9261862917 6.7939107854
217.5438596491 7.1080879677
217.1628721541 7.4553887583
216.7832167832 7.8349038519
216.4048865620 8.2434103567
216.0278745645 8.6753243391
215.6521739130 9.1230393967
215.2777777778 9.5776413040
214.9046793761 10.0298446617
214.5328719723 10.4709385990
214.1623488774 10.8935283105
213.7931034483 11.2918695449
213.4251290878 11.6617211507
213.0584192440 11.9997703589
212.6929674099 12.3029062153
212.3287671233 12.5677272619
211.9658119658 12.7905357392
211.6040955631 12.9678685597
211.2436115843 13.0972938312
210.8843537415 13.1781216105
210.5263157895 13.2116760356
210.1694915254 13.2010980745
209.8138747885 13.1508297145
209.4594594595 13.0660013286
209.1062394604 12.9519252641
208.7542087542 12.8137041629
208.4033613445 12.6560414483
208.0536912752 12.4832294416
207.7051926298 12.2993251423
207.3578595318 12.1083446202
207.0116861436 11.9143774076
206.6666666667 11.7214523003
206.3227953411 11.5332139202
205.9800664452 11.3524623856
205.6384742952 11.1808016477
205.2980132450 11.0185126668
204.9586776860 10.8647612380
204.6204620462 10.7179874476
204.2833607908 10.5763636480
203.9473684211 10.4381083070
203.6124794745 10.3015695187
203.2786885246 10.1650746654
202.9459901800 10.0266963313
202.6143790850 9.8841046162
202.2838499184 9.7347597634
201.9543973941 9.5764325015
201.6260162602 9.4079783604
201.2987012987 9.2300572680
200.9724473258 9.0455406746
200.6472491909 8.8593727090
200.3231017771 8.6779103093
200.0000000000 8.5078786835
199.6779388084 8.3553071548
199.3569131833 8.2247726052
199.0369181380 8.1191419073
198.7179487179 8.0397142603
198.4000000000 7.9864998468
198.0830670927 7.9584024383
197.7671451356 7.9532091127
197.4522292994 7.9674889323
197.1383147854 7.9965857518
196.8253968254 8.0349154997
196.5134706815 8.0765913674
196.2025316456 8.1162984196
195.8925750395 8.1500991802
195.5835962145 8.1758469872
195.2755905512 8.1929683539
194.9685534591 8.2017276539
194.6624803768 8.2022428204
194.3573667712 8.1936802955
194.0532081377 8.1739299201
193.7500000000 8.1399460160
193.4477379095 8.0886415670
193.1464174455 8.0180363080
192.8460342146 7.9282419297
192.5465838509 7.8218409977
192.2480620155 7.7035063547
191.9504643963 7.5790152139
191.6537867079 7.4539977169
191.3580246914 7.3329167052
191.0631741140 7.2185261088
190.7692307692 7.1120200508
190.4761904762 7.0137196023
190.1840490798 6.9240203829
189.8928024502 6.8441661015
189.6024464832 6.7765303651
189.3129770992 6.7243779521
189.0243902439 6.6912647528
188.7366818874 6.6803305375
188.4498480243 6.6936647590
188.1638846737 6.7318554420
187.8787878788 6.7937663196
187.5945537065 6.8765511535
187.3111782477 6.9759047667
187.0286576169 7.0865029222
186.7469879518 7.2025567178
186.4661654135 7.3183879565
186.1861861862 7.4289397458
185.9070464768 7.5302294943
185.6287425150 7.6197905871
185.3512705531 7.6970055271
185.0746268657 7.7631064003
184.7988077496 7.8206795289
184.5238095238 7.8726793275
184.2496285290 7.9212757235
183.9762611276 7.9668639133
183.7037037037 8.0074638824
183.4319526627 8.0386591360
183.1610044313 8.0540224437
182.8908554572 8.0461024828
182.6215022091 8.0078352762
182.3529411765 7.9342037429
182.0851688693 7.8237554908
181.8181818182 7.6794316810
181.5519765739 7.5084214821
181.2865497076 7.3209735400
181.0218978102 7.1285326929
180.7580174927 6.9418085026
180.4949053857 6.7692814768
180.2325581395 6.6164603105
179.9709724238 6.4859354580
179.7101449275 6.3780904148
179.4500723589 6.2921628022
179.1907514451 6.2273131574
178.9321789322 6.1833360816
178.6743515850 6.1608335520
178.4172661871 6.1608809356
178.1609195402 6.1844574390
177.9053084648 6.2318754632
177.6504297994 6.3023970428
177.3962804006 6.3941705552
177.1428571429 6.5044411313
176.8901569187 6.6299644443
176.6381766382 6.7674264056
176.3869132290 6.9135937627
176.1363636364 7.0651581234
175.8865248227 7.2183798343
175.6373937677 7.3689790608
175.3889674682 7.5125750492
175.1412429379 7.6456618507
174.8942172073 7.7666856288
174.6478873239 7.8766431920
174.4022503516 7.9788291779
174.1573033708 8.0779548042
173.9130434783 8.1791292409
173.6694677871 8.2871779024
173.4265734266 8.4064562901
173.1843575419 8.5408348483
172.9428172943 8.6935707728
172.7019498607 8.8668076656
172.4617524339 9.0608430341
172.2222222222 9.2733908289
171.9833564494 9.4991413942
171.7451523546 9.7298786027
171.5076071923 9.9552276632
171.2707182320 10.1639707039
171.0344827586 10.3456380601
170.7988980716 10.4919384405
170.5639614856 10.5975407097
170.3296703297 10.6601076093
170.0960219479 10.6797680485
169.8630136986 10.6585370385
169.6306429549 10.5999940967
169.3989071038 10.5091796705
169.1678035471 10.3924385180
168.9373297003 10.2570127235
168.7074829932 10.1103998898
168.4782608696 9.9597893333
168.2496607870 9.8116726067
168.0216802168 9.6715855922
167.7943166441 9.5438531461
167.5675675676 9.4313229256
167.3414304993 9.3352462021
167.1159029650 9.2554862840
166.8909825034 9.1911022959
166.6666666667 9.1411206992
166.4429530201 9.1051479038
166.2198391421 9.0835360820
165.9973226238 9.0769256099
165.7754010695 9.0854035719
165.5540720961 9.1077150669
165.3333333333 9.1409649188
165.1131824234 9.1810325262
164.8936170213 9.2235074330
164.6746347942 9.2646404108
164.4562334218 9.3019177378
164.2384105960 9.3341042919
164.0211640212 9.3610642470
163.8044914135 9.3836700820
163.5883905013 9.4039449345
163.3728590250 9.4251410447
163.1578947368 9.4514603691
162.9434954008 9.4872986179
162.7296587927 9.5361655638
162.5163826999 9.5997130352
162.3036649215 9.6771862757
162.0915032680 9.7655546457
161.8798955614 9.8603825386
161.6688396349 9.9572199909
161.4583333333 10.0530684841
161.2483745124 10.1473857245
161.0389610390 10.2421381446
160.8300907912 10.3408143963
160.6217616580 10.4467112221
160.4139715395 10.5610755437
160.2067183463 10.6818242717
160.0000000000 10.8032432761
159.7938144330 10.9168997787
159.5881595882 11.0135197915
159.3830334190 11.0852818262
159.1784338896 11.1277926583
158.9743589744 11.1410066714
158.7708066581 11.1288575508
158.5677749361 11.0979012031
158.3652618135 11.0556175660
158.1632653061 11.0089927745
157.9617834395 10.9636681891
157.7608142494 10.9236726619
157.5603557814 10.8916110341
157.3604060914 10.8690594113
157.1609632446 10.8568968207
156.9620253165 10.8553100628
156.7635903919 10.8635343903
156.5656565657 10.8796110596
156.3682219420 10.9005112223
156.1712846348 10.9226487650
155.9748427673 10.9426329848
155.7788944724 10.9578292356
155.5834378921 10.9666412839
155.3884711779 10.9685337888
155.1939924906 10.9639945552
155.0000000000 10.9543963757
154.8064918851 10.9416900574
154.6134663342 10.9279056302
154.4209215442 10.9146731812
154.2288557214 10.9028908751
154.0372670807 10.8926318400
153.8461538462 10.8830931305
153.6555142503 10.8725176834
153.4653465347 10.8581403780
153.2756489493 10.8362991150
153.0864197531 10.8027558428
152.8976572133 10.7531765915
152.7093596059 10.6836329409
152.5215252153 10.5911521270
152.3341523342 10.4743532822
152.1472392638 10.3341068852
151.9607843137 10.1740092862
151.7747858017 10.0003675396
151.5892420538 9.8216638948
151.4041514042 9.6475722767
151.2195121951 9.4878320390
151.0353227771 9.3511698303
150.8515815085 9.2443952539
150.6682867558 9.1717230821
150.4854368932 9.1343488263
150.3030303030 9.1303060074
150.1210653753 9.1546536386
149.9395405079 9.1999934435
149.7584541063 9.2573050065
149.5778045838 9.3170244665
149.3975903614 9.3701620809
149.2178098676 9.4091376214
149.0384615385 9.4281344277
148.8595438175 9.4229323987
148.6810551559 9.3905554839
148.5029940120 9.3290962684
148.3253588517 9.2379571906
148.1481481481 9.1183700174
147.9713603819 8.9739077383
147.7949940405 8.8105876890
147.6190476190 8.6365146200
147.4435196195 8.4610999745
147.2684085511 8.2940152247
147.0937129300 8.1440607248
146.9194312796 8.0180230493
146.7455621302 7.9197900460
146.5721040189 7.8499193954
146.3990554900 7.8057729285
146.2264150943 7.7821758331
146.0541813899 7.7724166150
145.8823529412 7.7692564716
145.7109283196 7.7656798557
145.5399061033 7.7553840537
145.3692848769 7.7329787531
145.1990632319 7.6941199923
145.0292397661 7.6355800076
144.8598130841 7.5553465529
144.6907817970 7.4527688832
144.5221445221 7.3288116130
144.3538998836 7.1863665709
144.1860465116 7.0303549430
144.0185830430 6.8674388326
143.8515081206 6.7051392407
143.6848203940 6.5506358514
143.5185185185 6.4095836671
143.3526011561 6.2853140228
143.1870669746 6.1785889566
143.0219146482 6.0879055489
142.8571428571 6.0102152551
142.6927502877 5.9418575131
142.5287356322 5.8795732489
142.3650975890 5.8213485662
142.2018348624 5.7669552304
142.0389461627 5.7180047661
141.8764302059 5.6774890363
141.7142857143 5.6489584689
141.5525114155 5.6355956660
141.3911060433 5.6394604131
141.2300683371 5.6611076029
141.0693970421 5.6995887902
140.9090909091 5.7527605247
140.7491486947 5.8177237271
140.5895691610 5.8912325130
140.4303510759 5.9699778729
140.2714932127 6.0507198313
140.1129943503 6.1304665189
139.9548532731 6.2067716051
139.7970687711 6.2782162989
139.6396396396 6.3448784889
139.4825646794 6.4084772380
139.3258426966 6.4720151779
139.1694725028 6.5389101289
139.0134529148 6.6119014571
138.8577827548 6.6920214688
138.7024608501 6.7779595519
138.5474860335 6.8658861293
138.3928571429 6.9497486612
138.2385730212 7.0219262062
138.0846325167 7.0741781081
137.9310344828 7.0988857249
137.7777777778 7.0904666004
137.6248612653 7.0467554304
137.4722838137 6.9699125503
137.3200442968 6.8663631746
137.1681415929 6.7457017905
137.0165745856 6.6188653891
136.8653421634 6.4961900516
136.7144432194 6.3858939983
136.5638766520 6.2932915998
136.4136413641 6.2207970529
136.2637362637 6.1685580740
136.1141602634 6.1354605162
135.9649122807 6.1201018292
135.8159912377 6.1213937312
135.6673960613 6.1385651714
135.5191256831 6.1706936920
135.3711790393 6.2160273988
135.2235550709 6.2714822725
135.0762527233 6.3326100806
134.9292709467 6.3940569916
134.7826086957 6.4503965487
134.6362649294 6.4969466027
134.4902386117 6.5303246240
134.3445287107 6.5485446086
134.1991341991 6.5508047405
134.0540540541 6.5370914648
133.9092872570 6.5078774506
133.7648327940 6.4640035429
133.6206896552 6.4067624719
133.4768568353 6.3381205808
133.3333333333 6.2609039124
133.1901181525 6.1787452542
133.0472103004 6.0956931231
132.9046087889 6.0155118561
132.7623126338 5.9409405814
132.6203208556 5.8731174274
132.4786324786 5.8113809791
132.3372465315 5.7535901567
132.1961620469 5.6967872748
132.0553780618 5.6380179480
131.9148936170 5.5749827194
131.7747077577 5.5064412565
131.6348195329 5.4323250815
131.4952279958 5.3537283495
131.3559322034 5.2728313490
131.2169312169 5.1927513731
131.0782241015 5.1172695518
130.9398099261 5.0504356249
130.8016877637 4.9961052170
130.6638566913 4.9574796913
130.5263157895 4.9367399989
130.3890641430 4.9349018282
130.2521008403 4.9518549027
130.1154249738 4.9866375353
129.9790356394 5.0377875668
129.8429319372 5.1036450697
129.7071129707 5.1824611768
129.5715778474 5.2723182337
129.4363256785 5.3709501458
129.3013555787 5.4756488793
129.1666666667 5.5833138532
129.0322580645 5.6906542108
128.8981288981 5.7944932542
128.7642782970 5.8919536288
128.6307053942 5.9804796526
128.4974093264 6.0576688371
128.3643892340 6.1211667456
128.2316442606 6.1687660297
128.0991735537 6.1988448304
127.9669762642 6.2108909897
127.8350515464 6.2058876570
127.7033985582 6.1862462451
127.5720164609 6.1552893116
127.4409044193 6.1165445556
127.3100616016 6.0731069845
127.1794871795 6.0272957193
127.0491803279 5.9807036415
126.9191402252 5.9345088373
126.7893660532 5.8898257063
126.6598569969 5.8479493673
126.5306122449 5.8103473048
126.4016309888 5.7784933566
126.2729124236 5.7536378470
126.1444557477 5.7366310207
126.0162601626 5.7278475715
125.8883248731 5.7272199882
125.7606490872 5.7343321677
125.6332320162 5.7485733927
125.5060728745 5.7691942770
125.3791708797 5.7953135330
125.2525252525 5.8258287070
125.1261352170 5.8593548337
125.0000000000 5.8942127839
124.8741188318 5.9285075283
124.7484909457 5.9603147183
124.6231155779 5.9879817395
124.4979919679 6.0104411050
124.3731193581 6.0273472147
124.2484969940 6.0389871059
124.1241241241 6.0460362176
124.0000000000 6.0493451490
123.8761238761 6.0498318881
123.7524950100 6.0484952602
123.6291126620 6.0463687393
123.5059760956 6.0443296331
123.3830845771 6.0428223630
123.2604373757 6.0416366907
123.1380337637 6.0399268359
123.0158730159 6.0364948685
122.8939544103 6.0301855313
122.7722772277 6.0201600351
122.6508407517 6.0058526404
122.5296442688 5.9866996885
122.4086870681 5.9618351479
122.2879684418 5.9299483109
122.1674876847 5.8894315688
122.0472440945 5.8386779968
121.9272369715 5.7764165814
121.8074656189 5.7020263880
121.6879293425 5.6157639077
121.5686274510 5.5188972130
121.4495592556 5.4136842625
121.3307240705 5.3032237023
121.2121212121 5.1912350865
121.0937500000 5.0817516068
120.9756097561 4.9787643284
120.8576998051 4.8858429324
120.7400194742 4.8057933265
120.6225680934 4.7404877388
120.5053449951 4.6908766260
120.3883495146 4.6571537133
120.2715809893 4.6388736986
120.1550387597 4.6350013563
120.0387221684 4.6437212257
119.9226305609 4.6622059225
119.8067632850 4.6864493740
119.6911196911 4.7113835595
119.5756991321 4.7313762727
119.4605009634 4.7410044128
119.3455245428 4.7360036806
119.2307692308 4.7139767139
119.1162343900 4.6747258922
119.0019193858 4.6200728461
118.8878235858 4.5533236892
118.7739463602 4.4785891276
118.6602870813 4.4000824769
118.5468451243 4.3215637106
118.4336198663 4.2459513197
118.3206106870 4.1751370284
118.2078169685 4.1100260367
118.0952380952 4.0507156981
117.9828734539 3.9967603877
117.8707224335 3.9473756126
117.7587844255 3.9016280748
117.6470588235 3.8585073972
117.5355450237 3.8170125001
117.4242424242 3.7762386987
117.3131504257 3.7354412682
117.2022684310 3.6940125832
117.0915958451 3.6514276367
116.9811320755 3.6072063932
116.8708765316 3.5609700970
116.7608286252 3.5126627856
116.6509877705 3.4627438083
116.5413533835 3.4123581834
116.4319248826 3.3632588694
116.3227016886 3.3176535996
116.2136832240 3.2779180592
116.1048689139 3.2463364762
115.9962581852 3.2248420479
115.8878504673 3.2148151712
115.7796451914 3.2169628342
115.6716417910 3.2312170499
115.5638397018 3.2567316097
115.4562383613 3.2919101635
115.3488372093 3.3345114227
115.2416356877 3.3818198440
115.1346332405 3.4309479505
115.0278293135 3.4791516073
114.9212233550 3.5241434339
114.8148148148 3.5642980791
114.7086031452 3.5987682410
114.6025878004 3.6274768215
114.4967682364 3.6510070152
114.3911439114 3.6704292284
114.2857142857 3.6870462873
114.1804788214 3.7021487431
114.0754369825 3.7168333930
113.9705882353 3.7318351134
113.8659320478 3.7475080309
113.7614678899 3.7638673707
113.6571952337 3.7807567352
113.5531135531 3.7980660605
113.4492223239 3.8159215835
113.3455210238 3.8347831620
113.2420091324 3.8554879945
113.1386861314 3.8791579417
113.0355515041 3.9070559483
112.9326047359 3.9403879123
112.8298453139 3.9801434221
112.7272727273 4.0269974273
112.6248864668 4.0813307168
112.5226860254 4.1432186524
112.4206708976 4.2123202214
112.3188405797 4.2876787837
112.2171945701 4.3674961698
112.1157323689 4.4489911920
112.0144534779 4.5285235173
111.9133574007 4.6019330436
111.8124436429 4.6650418639
111.7117117117 4.7142181581
111.6111611161 4.7467581868
111.5107913669 4.7610051139
111.4106019766 4.7562148917
111.3105924596 4.7322192688
111.2107623318 4.6891447248
111.1111111111 4.6272966947
111.0116383169 4.5472961175
110.9123434705 4.4504180291
110.8132260947 4.3389310607
110.7142857143 4.2162138291
110.6155218555 4.0864748371
110.5169340463 3.9541659620
110.4185218166 3.8233067007
110.3202846975 3.6969523266
110.2222222222 3.5769706656
110.1243339254 3.4641601530
110.0266193434 3.3585398863
109.9290780142 3.2597893126
109.8317094774 3.1675470886
109.7345132743 3.0815650919
109.6374889478 3.0016499765
109.5406360424 2.9275356828
109.4439541041 2.8588147318
109.3474426808 2.7949750566
109.2511013216 2.7355858621
109.1549295775 2.6804705477
109.0589270009 2.6297706517
108.9630931459 2.5838340765
108.8674275680 2.5430173385
108.7719298246 2.5074856050
108.6765994741 2.4770532247
108.5814360771 2.4512427889
108.4864391951 2.4293837554
108.3916083916 2.4108704667
108.2969432314 2.3953447837
108.2024432810 2.3828333441
108.1081081081 2.3737420542
108.0139372822 2.3687143615
107.9199303742 2.3683912596
107.8260869565 2.3732241865
107.7324066030 2.3833143535
107.6388888889 2.3983840982
107.5455333912 2.4178654920
107.4523396880 2.4410247066
107.3593073593 2.4671336362
107.2664359862 2.4955872919
107.1737251513 2.5259355024
107.0811744387 2.5578833196
106.9887834340 2.5912406171
106.8965517241 2.6259066608
106.8044788975 2.6618195110
106.7125645439 2.6989365648
106.6208082545 2.7371955741
106.5292096220 2.7764444532
106.4377682403 2.8164569106
106.3464837050 2.8569754005
106.2553556127 2.8977813728
106.1643835616 2.9387772061
106.0735671514 2.9800095873
105.9829059829 3.0216616835
105.8923996584 3.0640062871
105.8020477816 3.1073277419
105.7118499574 3.1518477710
105.6218057922 3.1976240467
105.5319148936 3.2443903877
105.4421768707 3.2914166852
105.3525913339 3.3374041175
105.2631578947 3.3804309268
105.1738761662 3.4180728485
105.0847457627 3.4475688197
104.9957662997 3.4660939284
104.9069373942 3.4711206349
104.8182586644 3.4608232718
104.7297297297 3.4344664058
104.6413502110 3.3926863520
104.5531197302 3.3375222034
104.4650379107 3.2721580777
104.3771043771 3.2003738888
104.2893187553 3.1259650430
104.2016806723 3.0521714086
104.1141897565 2.9813854134
104.0268456376 2.9150735289
103.9396479464 2.8539041699
103.8525963149 2.7980341004
103.7656903766 2.7473993039
103.6789297659 2.7019737010
103.5923141186 2.6619785487
103.5058430718 2.6279205897
103.4195162636 2.6005615140
103.3333333333 2.5807573859
103.2472939217 2.5693003923
103.1613976705 2.5667755691
103.0756442228 2.5735141363
102.9900332226 2.5895755743
102.9045643154 2.6147384553
102.8192371476 2.6484636973
102.7340513670 2.6898221124
102.6490066225 2.7374511490
102.5641025641 2.7896055346
102.4793388430 2.8442607756
102.3947151115 2.8992485973
102.3102310231 2.9523873324
102.2258862325 3.0015828124
102.1416803954 3.0449484111
102.0576131687 3.0809000672
101.9736842105 3.1083199187
101.8898931800 3.1266436610
101.8062397373 3.1359290152
101.7227235439 3.1368733091
101.6393442623 3.1307435638
101.5561015561 3.1192181642
101.4729950900 3.1041021299
101.3900245298 3.0869915108
101.3071895425 3.0689593441
101.2244897959 3.0504061338
101.1419249592 3.0311255106
101.0594947025 3.0105747483
100.9771986971 2.9882167316
100.8950366151 2.9638479453
100.8130081301 2.9377278000
100.7311129163 2.9105652447
100.6493506494 2.8833654064
100.5677210057 2.8572337013
100.4862236629 2.8332318248
100.4048582996 2.8122075667
100.3236245955 2.7947267454
100.2425222312 2.7810503814
100.1615508885 2.7711659308
100.0807102502 2.7648938017
100.0000000000 2.7620362832
99.9194198227 2.7624940616
99.8389694042 2.7663457805
99.7586484312 2.7738361379
99.6784565916 2.7852137129
99.5983935743 2.8005222626
99.5184590690 2.8193539811
99.4386527666 2.8406442745
99.3589743590 2.8624999516
99.2794235388 2.8822401073
99.2000000000 2.8966617125
99.1207034373 2.9025336664
99.0415335463 2.8972533103
98.9624900239 2.8793795711
98.8835725678 2.8489325636
98.8047808765 2.8073221406
98.7261146497 2.7570199857
98.6475735879 2.7011387106
98.5691573927 2.6430828676
98.4908657665 2.5862155541
98.4126984127 2.5336291341
98.3346550357 2.4878984961
98.2567353407 2.4509029702
98.1789390340 2.4237278053
98.1012658228 2.4067242716
98.0237154150 2.3995680947
97.9462875197 2.4014144693
97.8689818469 2.4109913573
97.7917981073 2.4266942357
97.7147360126 2.4466730390
97.6377952756 2.4689620900
97.5609756098 2.4916612082
97.4842767296 2.5131292794
97.4076983504 2.5321775261
97.3312401884 2.5481985475
97.2549019608 2.5612057236
97.1786833856 2.5717314826
97.1025841817 2.5806569775
97.0266040689 2.5889081084
96.9507427678 2.5972493701
96.8750000000 2.6061241719
96.7993754879 2.6156581877
96.7238689548 2.6256627436
96.6484801247 2.6357115580
96.5732087227 2.6452005021
96.4980544747 2.6534075163
96.4230171073 2.6595828574
96.3480963481 2.6630092870
96.2732919255 2.6630537499
96.1986035687 2.6592278983
96.1240310078 2.6512359658
96.0495739737 2.6390577770
95.9752321981 2.6229413052
95.9010054138 2.6033389872
95.8268933539 2.5807437193
95.7528957529 2.5555281212
95.6790123457 2.5278261722
95.6052428682 2.4975886219
95.5315870570 2.4646868322
95.4580446497 2.4291314048
95.3846153846 2.3912005304
95.3112990008 2.3514992890
95.2380952381 2.3109227418
95.1650038373 2.2705701613
95.0920245399 2.2315743261
95.0191570881 2.1949953373
94.9464012251 2.1617398397
94.8737566947 2.1325193625
94.8012232416 2.1078750369
94.7288006112 2.0881759462
94.6564885496 2.0736132149
94.5842868040 2.0641764743
94.5121951220 2.0596617403
94.4402132521 2.0596975035
94.3683409437 2.0638337736
94.2965779468 2.0716092602
94.2249240122 2.0825964494
94.1533788914 2.0963840954
94.0819423369 2.1125372176
94.0106141016 2.1305345531
93.9393939394 2.1497730954
93.8682816048 2.1695770988
93.7972768533 2.1892205156
93.7263794407 2.2079493781
93.6555891239 2.2250445215
93.5849056604 2.2399023054
93.5143288084 2.2521199813
93.4438583271 2.2616352929
93.3734939759 2.2687542679
93.3032355154 2.2741973658
93.2330827068 2.2789658610
93.1630353118 2.2842392732
93.0930930931 2.2912000629
93.0232558140 2.3008934991
92.9535232384 2.3141500418
92.8838951311 2.3315390760
92.8143712575 2.3533904448
92.7449513837 2.3798253227
92.6756352765 2.4107331928
92.6064227035 2.4457174846
92.5373134328 2.4839737684
92.4683072334 2.5241954438
92.3994038748 2.5645474674
92.3306031273 2.6028115397
92.2619047619 2.6366659346
92.1933085502 2.6641403444
92.1248142645 2.6839799123
92.0564216778 2.6959108188
91.9881305638 2.7006504059
91.9199406968 2.6996479192
91.8518518519 2.6947079190
91.7838638046 2.6875896515
91.7159763314 2.6796856454
91.6481892092 2.6718570237
91.5805022157 2.6644267150
91.5129151292 2.6572999849
91.4454277286 2.6500992993
91.3780397937 2.6422953202
91.3107511046 2.6332427082
91.2435614422 2.6221703402
91.1764705882 2.6081438917
91.1094783248 2.5901424323
91.0425844347 2.5671306405
90.9757887014 2.5382322179
90.9090909091 2.5029046010
90.8424908425 2.4610786413
90.7759882870 2.4132449821
90.7095830285 2.3604313776
90.6432748538 2.3040324595
90.5770635500 2.2456333131
90.5109489051 2.1867983356
90.4449307075 2.1289177243
90.3790087464 2.0731497081
90.3131828114 2.0204366415
90.2474526929 1.9715445945
90.1818181818 1.9271221621
90.1162790698 1.8876377969
90.0508351489 1.8533496450
89.9854862119 1.8242141683
89.9202320522 1.7998415959
89.8550724638 1.7795270937
89.7900072411 1.7623156535
89.7250361795 1.7472001039
89.6601590745 1.7332492637
89.5953757225 1.7198077925
89.5306859206 1.7065594063
89.4660894661 1.6935190804
89.4015861572 1.6808967815
89.3371757925 1.6689127597
89.2728581713 1.6576498908
89.2086330935 1.6469480984
89.1445003595 1.6364175566
89.0804597701 1.6255618805
89.0165111271 1.6139211052
88.9526542324 1.6011771214
88.8888888889 1.5872261736
88.8252148997 1.5721702871
88.7616320687 1.5562654877
88.6981402003 1.5398745696
88.6347390994 1.5234484425
88.5714285714 1.5074977064
88.5082084226 1.4925736442
88.4450784593 1.4792297192
88.3820384890 1.4679489620
88.3190883191 1.4590950824
88.2562277580 1.4528585040
88.1934566145 1.4492651896
88.1307746979 1.4482292572
88.0681818182 1.4496059477
88.0056777857 1.4532497245
87.9432624113 1.4590386194
87.8809355067 1.4668500632
87.8186968839 1.4764734202
87.7565463553 1.4875271422
87.6944837341 1.4994438658
87.6325088339 1.5114798362
87.5706214689 1.5228071235
87.5088214538 1.5326254713
87.4471086037 1.5402109496
87.3854827343 1.5449939462
87.3239436620 1.5466227803
87.2624912034 1.5450081251
87.2011251758 1.5403482769
87.1398453970 1.5331009613
87.0786516854 1.5239013377
87.0175438596 1.5134796851
86.9565217391 1.5025737159
86.8955851437 1.4918550542
86.8347338936 1.4819240353
86.7739678097 1.4732256653
86.7132867133 1.4660636050
86.6526904263 1.4605551106
86.5921787709 1.4566943370
86.5317515701 1.4544061402
86.4714086471 1.4536100542
86.4111498258 1.4542598360
86.3509749304 1.4562792944
86.2908837857 1.4595523092
86.2308762170 1.4638335863
86.1709520500 1.4687978684
86.1111111111 1.4740645471
86.0513532269 1.4792818828
85.9916782247 1.4841618522
85.9320859321 1.4885150982
85.8725761773 1.4922362962
85.8131487889 1.4952944480
85.7538035961 1.4977331085
85.6945404285 1.4997054850
85.6353591160 1.5014648353
85.5762594893 1.5033548262
85.5172413793 1.5057699033
85.4583046175 1.5090206150
85.3994490358 1.5132383783
85.3406744666 1.5183199208
85.2819807428 1.5239716145
85.2233676976 1.5298390852
85.1648351648 1.5356022048
85.1063829787 1.5410002415
85.0480109739 1.5457668399
84.9897189856 1.5495246398
84.9315068493 1.5517196394
84.8733744011 1.5517209817
84.8153214774 1.5489561930
84.7573479152 1.5431525768
84.6994535519 1.5344489313
84.6416382253 1.5233972642
84.5839017735 1.5108387173
84.5262440354 1.4977082618
84.4686648501 1.4849039148
84.4111640572 1.4731500061
84.3537414966 1.4629912004
84.2963970088 1.4547459254
84.2391304348 1.4485306137
84.1819416158 1.4442740303
84.1248303935 1.4417520996
84.0677966102 1.4406636466
84.0108401084 1.4407014182
83.9539607312 1.4415775869
83.8971583221 1.4429984087
83.8404327248 1.4445878070
83.7837837838 1.4458259401
83.7272113437 1.4460079117
83.6707152497 1.4442890267
83.6142953473 1.4397862764
83.5579514825 1.4316800823
83.5016835017 1.4193317666
83.4454912517 1.4024170613
83.3893745797 1.3810144965
83.3333333333 1.3556486121
83.2773673606 1.3272722803
83.2214765101 1.2971102413
83.1656606304 1.2665427604
83.1099195710 1.2368900574
83.0542531815 1.2092722713
82.9986613119 1.1845043457
82.9431438127 1.1630523089
82.8877005348 1.1450516872
82.8323313293 1.1303574998
82.7770360481 1.1186000636
82.7218145430 1.1092673447
82.6666666667 1.1017514361
82.6115922718 1.0953744554
82.5565912117 1.0894823017
82.5016633400 1.0834396490
82.4468085106 1.0767449222
82.3920265781 1.0690307937
82.3373173971 1.0600908185
82.2826808228 1.0498434089
82.2281167109 1.0383218667
82.1736249172 1.0256329403
82.1192052980 1.0119834249
82.0648577101 0.9977016834
82.0105820106 0.9832224822
81.9563780568 0.9690612044
81.9022457067 0.9557246414
81.8481848185 0.9436212323
81.7941952507 0.9330182905
81.7402768622 0.9239990291
81.6864295125 0.9164881668
81.6326530612 0.9103253634
81.5789473684 0.9053178776
81.5253122945 0.9013252801
81.4717477004 0.8982915040
81.4182534471 0.8962451673
81.3648293963 0.8952361440
81.3114754098 0.8952824876
81.2581913499 0.8962692880
81.2049770792 0.8979269771
81.1518324607 0.8998521779
81.0987573578 0.9015499429
81.0457516340 0.9025827354
80.9928151535 0.9026559198
80.9399477807 0.9017035760
80.8871493803 0.8998465014
80.8344198175 0.8973714772
80.7817589577 0.8946248991
80.7291666667 0.8919648391
80.6766428107 0.8897182380
80.6241872562 0.8881807780
80.5717998700 0.8876274665
80.5194805195 0.8883017814
80.4672290720 0.8904208822
80.4150453956 0.8941324776
80.3629293584 0.8994984404
80.3108808290 0.9065053000
80.2588996764 0.9150371347
80.2069857697 0.9249238070
80.1551389787 0.9359139519
80.1033591731 0.9476802475
80.0516462234 0.9598031430
80.0000000000 0.9717976833
79.9484203740 0.9831673406
79.8969072165 0.9934741237
79.8454603992 1.0024034288
79.7940797941 1.0098290679
79.7427652733 1.0157920491
79.6915167095 1.0204523240
79.6403339756 1.0240296141
79.5892169448 1.0267332342
79.5381654907 1.0287079242
79.4871794872 1.0300391048
79.4362588085 1.0307906836
79.3854033291 1.0310267097
79.3346129239 1.0308656967
79.2838874680 1.0305242868
79.2332268371 1.0302631885
79.1826309068 1.0303492235
79.1320995533 1.0310008773
79.0816326531 1.0323172894
79.0312300829 1.0342342506
78.9808917197 1.0365509880
78.9306174411 1.0389188580
78.8804071247 1.0409556214
78.8302606484 1.0423382421
78.7801778907 1.0428850641
78.7301587302 1.0426109385
78.6802030457 1.0417059369
78.6303107166 1.0404537486
78.5804816223 1.0391771810
78.5307156428 1.0381450275
78.4810126582 1.0375883531
78.4313725490 1.0376948587
78.3817951960 1.0386911725
78.3322804801 1.0408539335
78.2828282828 1.0445263941
78.2334384858 1.0500524454
78.1841109710 1.0576663273
78.1348456207 1.0674150979
78.0856423174 1.0790920094
78.0365009440 1.0922911929
77.9874213836 1.1064956766
77.9384035198 1.1211876916
77.8894472362 1.1359922904
77.8405524168 1.1506941801
77.7917189460 1.1652214164
77.7429467085 1.1795848506
77.6942355890 1.1937842912
77.6455854728 1.2077808358
77.5969962453 1.2214802082
77.5484677924 1.2347215916
77.5000000000 1.2472221414
77.4515927545 1.2585711935
77.4032459426 1.2682077829
77.3549594510 1.2754312657
77.3067331671 1.2794839101
77.2585669782 1.2796280241
77.2104607721 1.2752510024
77.1624144368 1.2659485739
77.1144278607 1.2516531229
77.0665009323 1.2326851187
77.0186335404 1.2097551972
76.9708255742 1.1838718476
76.9230769231 1.1562319509
76.8753874768 1.1280433757
76.8277571252 1.1004580927
76.7801857585 1.0744596675
76.7326732673 1.0508002935
76.6852195424 1.0299991645
76.6378244747 1.0123127958
76.5904879555 0.9977954352
76.5432098765 0.9863318498
76.4959901295 0.9776817413
76.4488286067 0.9715188640
76.4017252002 0.9673969754
76.3546798030 0.9647495955
76.3076923077 0.9629124066
76.2607626076 0.9612023012
76.2138905962 0.9589910023
76.1670761671 0.9558185531
76.1203192142 0.9514675318
76.0736196319 0.9459922088
76.0269773145 0.9396797631
75.9803921569 0.9329545676
75.9338640539 0.9262649998
75.8873929009 0.9199754077
75.8409785933 0.9142917368
75.7946210269 0.9092381246
75.7483200977 0.9047132716
75.7020757021 0.9005699100
75.6558877364 0.8967060404
75.6097560976 0.8931222518
75.5636806825 0.8899220758
75.5176613886 0.8872207608
75.4716981132 0.8850937592
75.4257907543 0.8834734374
75.3799392097 0.8821314128
75.3341433779 0.8807469063
75.2884031573 0.8789753532
75.2427184466 0.8765517286
75.1970891449 0.8733770170
75.1515151515 0.8695187475
75.1059963658 0.8652288333
75.0605326877 0.8608462888
75.0151240169 0.8567398945
74.9697702539 0.8532390623
74.9244712991 0.8505817147
74.8792270531 0.8488503996
74.8340374170 0.8479602029
74.7889022919 0.8476871444
74.7438215793 0.8476967104
74.6987951807 0.8476246128
74.6538229982 0.8471867951
74.6089049338 0.8462318464
74.5640408900 0.8447994110
74.5192307692 0.8430859571
74.4744744745 0.8413813879
74.4297719088 0.8399821570
74.3851229754 0.8390865908
74.3405275779 0.8387829231
74.2959856201 0.8389965382
74.2514970060 0.8395186149
74.2070616397 0.8400407214
74.1626794258 0.8402128618
74.1183502690 0.8397075476
74.0740740741 0.8383074413
74.0298507463 0.8359641045
73.9856801909 0.8328102179
73.9415623137 0.8291543354
73.8974970203 0.8254053729
73.8534842168 0.8220319435
73.8095238095 0.8194628567
73.7656157049 0.8180693309
73.7217598098 0.8181001515
73.6779560309 0.8196753509
73.6342042755 0.8227328937
73.5905044510 0.8270811040
73.5468564650 0.8323866061
73.5032602253 0.8382328967
73.4597156398 0.8441614253
73.4162226169 0.8497363294
73.3727810651 0.8546093191
73.3293908930 0.8585257529
73.2860520095 0.8613425331
73.2427643237 0.8630047501
73.1995277450 0.8634750187
73.1563421829 0.8628044492
73.1132075472 0.8611565751
73.0701237478 0.8588373175
73.0270906949 0.8562954770
72.9841082990 0.8540461847
72.9411764706 0.8525880906
72.8982951205 0.8522905248
72.8554641598 0.8533989610
72.8126834997 0.8560227053
72.7699530516 0.8601998477
72.7272727273 0.8659327321
72.6846424385 0.8731997632
72.6420620972 0.8819256053
72.5995316159 0.8919215608
72.5570509070 0.9028853872
72.5146198830 0.9144011451
72.4722384570 0.9259926828
72.4299065421 0.9371593270
72.3876240514 0.9474175668
72.3453908985 0.9563308524
72.3032069971 0.9634737763
72.2610722611 0.9684797364
72.2189866045 0.9710229995
72.1769499418 0.9708246315
72.1349621873 0.9676464961
72.0930232558 0.9612792685
72.0511330622 0.9515963190
72.0092915215 0.9385779133
71.9674985490 0.9223716341
71.9257540603 0.9033052032
71.8840579710 0.8818754725
71.8424101970 0.8586892997
71.8008106543 0.8344161391
71.7592592593 0.8097523544
71.7177559283 0.7853972979
71.6763005780 0.7619928664
71.6348931254 0.7400988966
71.5935334873 0.7201683576
71.5522215811 0.7025163280
71.5109573241 0.6873252515
71.4697406340 0.6746260092
71.4285714286 0.6643580178
71.3874496258 0.6563810456
71.3463751438 0.6504993163
71.3053479011 0.6465527594
71.2643678161 0.6443989182
71.2234348076 0.6439313600
71.1825487945 0.6450676229
71.1417096959 0.6476821619
71.1009174312 0.6516245928
71.0601719198 0.6566830057
71.0194730813 0.6626327735
70.9788208357 0.6692121032
70.9382151030 0.6761709444
70.8976558033 0.6832465554
70.8571428571 0.6901451177
70.8166761850 0.6965355395
70.7762557078 0.7020922599
70.7358813463 0.7065688094
70.6955530217 0.7098224915
70.6552706553 0.7119066884
70.6150341686 0.7129976623
70.5748434832 0.7133518966
70.5346985210 0.7132633132
70.4945992041 0.7129588109
70.4545454545 0.7125980879
70.4145371948 0.7122241727
70.3745743473 0.7117939029
70.3346568349 0.7111715093
70.2947845805 0.7102023912
70.2549575071 0.7087501008
70.2151755379 0.7067643454
70.1754385965 0.7043306984
70.1357466063 0.7016339057
70.0960994912 0.6989582042
70.0564971751 0.6965699583
70.0169395822 0.6946680181
69.9774266366 0.6932966823
69.9379582628 0.6923452255
69.8985343856 0.6916033174
69.8591549296 0.6908104358
69.8198198198 0.6897924621
69.7805289814 0.6885179023
69.7412823397 0.6871294186
69.7020798201 0.6858696326
69.6629213483 0.6850378088
69.6238068501 0.6848777997
69.5847362514 0.6855341991
69.5457094784 0.6870520375
69.5067264574 0.6894014737
69.4677871148 0.6925088335
69.4288913774 0.6963377503
69.3900391718 0.7008580051
69.3512304251 0.7060955881
69.3124650643 0.7120201842
69.2737430168 0.7185638313
69.2350642099 0.7255832652
69.1964285714 0.7328472416
69.1578360290 0.7401303933
69.1192865106 0.7472195202
69.0807799443 0.7539575291
69.0423162584 0.7602184383
69.0038953812 0.7658885981
68.9655172414 0.7708164487
68.9271817676 0.7747998458
68.8888888889 0.7775670429
68.8506385341 0.7788330895
68.8124306326 0.7783123090
68.7742651137 0.7757685952
68.7361419069 0.7710154669
68.6980609418 0.7639476788
68.6600221484 0.7545351297
68.6220254566 0.7428736502
68.5840707965 0.7291918416
68.5461580984 0.7138453691
68.5082872928 0.6973239522
68.4704583103 0.6801950220
68.4326710817 0.6630660894
68.3949255378 0.6465150983
68.3572216097 0.6311029629
68.3195592287 0.6172779715
68.2819383260 0.6053942732
68.2443588332 0.5956667626
68.2068206821 0.5882086930
68.1693238043 0.5830376271
68.1318681319 0.5801133938
68.0944535969 0.5793443084
68.0570801317 0.5805998379
68.0197476687 0.5836913674
67.9824561404 0.5883721222
67.9452054795 0.5943051155
67.9079956188 0.6011078490
67.8708264915 0.6083843202
67.8336980306 0.6157763033
67.7966101695 0.6229954985
67.7595628415 0.6298300851
67.7225559803 0.6361192096
67.6855895197 0.6417081516
67.6486633933 0.6464354784
67.6117775354 0.6500880389
67.5749318801 0.6524522181
67.5381263617 0.6533203149
67.5013609145 0.6525355370
67.4646354733 0.6500564636
67.4279499728 0.6459251512
67.3913043478 0.6402802891
67.3546985334 0.6333317461
67.3181324647 0.6253414990
67.2816060770 0.6165851124
67.2451193059 0.6073647643
67.2086720867 0.5979770305
67.1722643554 0.5886610916
67.1358960476 0.5796373931
67.0995670996 0.5710492199
67.0632774473 0.5630272804
67.0270270270 0.5556766630
66.9908157753 0.5490767330
66.9546436285 0.5433135344
66.9185105235 0.5384732947
66.8824163970 0.5346358999
66.8463611860 0.5318618355
66.8103448276 0.5301986285
66.7743672590 0.5296156014
66.7384284177 0.5300166991
66.7025282410 0.5311685356
66.6666666667 0.5327327153
66.6308436325 0.5342721334
66.5950590763 0.5353161048
66.5593129361 0.5354125780
66.5236051502 0.5342328230
66.4879356568 0.5316175315
66.4523043944 0.5275576001
66.4167113016 0.5222404669
66.3811563169 0.5159326806
66.3456393793 0.5089802139
66.3101604278 0.5017562231
66.2747194014 0.4946020066
66.2393162393 0.4878203234
66.2039508809 0.4816686631
66.1686232657 0.4762997856
66.1333333333 0.4717943096
66.0980810235 0.4681340852
66.0628662760 0.4652216853
66.0276890309 0.4628933839
65.9925492283 0.4610114710
65.9574468085 0.4594246834
65.9223817119 0.4580607725
65.8873538789 0.4568407056
65.8523632501 0.4557183778
65.8174097665 0.4546078325
65.7824933687 0.4534030363
65.7476139979 0.4519778218
65.7127715951 0.4502389158
65.6779661017 0.4481260271
65.6431974590 0.4456584416
65.6084656085 0.4429086634
65.5737704918 0.4400358307
65.5391120507 0.4372194204
65.5044902272 0.4346593096
65.4699049630 0.4325624993
65.4353562005 0.4311364538
65.4008438819 0.4305557250
65.3663679494 0.4309818545
65.3319283456 0.4325232469
65.2975250132 0.4352550485
65.2631578947 0.4391655832
65.2288269332 0.4441628361
65.1945320715 0.4500676040
65.1602732528 0.4565999622
65.1260504202 0.4634460385
65.0918635171 0.4702780637
65.0577124869 0.4768213475
65.0235972732 0.4828811833
64.9895178197 0.4883564031
64.9554740702 0.4932060215
64.9214659686 0.4974829082
64.8874934589 0.5012400081
64.8535564854 0.5045303475
64.8196549922 0.5073935990
64.7857889237 0.5097955486
64.7519582245 0.5116817285
64.7181628392 0.5129639025
64.6844027126 0.5135536398
64.6506777894 0.5133420927
64.6169880146 0.5122740695
64.5833333333 0.5103211925
64.5497136908 0.5075224524
64.5161290323 0.5039844058
64.4825793032 0.4999084101
64.4490644491 0.4955436105
64.4155844156 0.4912006307
64.3821391485 0.4871637800
64.3487285937 0.4836706467
64.3153526971 0.4808916074
64.2820114049 0.4788685883
64.2487046632 0.4775621720
64.2154324184 0.4768378007
64.1821946170 0.4765266480
64.1489912054 0.4764391318
64.1158221303 0.4763852671
64.0826873385 0.4762698865
64.0495867769 0.4760452556
64.0165203924 0.4757588566
63.9834881321 0.4755059554
63.9504899433 0.4753956498
63.9175257732 0.4755236276
63.8845955693 0.4759175488
63.8516992791 0.4765505185
63.8188368502 0.4773409494
63.7860082305 0.4782207508
63.7532133676 0.4791353656
63.7204522097 0.4800574837
63.6877247047 0.4810281677
63.6550308008 0.4820885608
63.6223704464 0.4833346829
63.5897435897 0.4848490350
63.5571501794 0.4867348413
63.5245901639 0.4890955151
63.4920634921 0.4920415123
63.4595701126 0.4956560097
63.4271099744 0.5000017009
63.3946830266 0.5051138702
63.3622892182 0.5109522133
63.3299284985 0.5174763264
63.2976008167 0.5246319538
63.2653061224 0.5324128999
63.2330443651 0.5408473532
63.2008154944 0.5500048312
63.1686194600 0.5599480261
63.1364562118 0.5707052278
63.1043256997 0.5822013452
63.0722278739 0.5942439779
63.0401626843 0.6065163784
63.0081300813 0.6186186865
62.9761300152 0.6300885171
62.9441624365 0.6404905485
62.9122272958 0.6495131367
62.8803245436 0.6569960562
62.8484541308 0.6629652491
62.8166160081 0.6676539080
62.7848101266 0.6714268827
62.7530364372 0.6747187741
62.7212948912 0.6779580171
62.6895854398 0.6814976499
62.6579080344 0.6855666530
62.6262626263 0.6902419385
62.5946491671 0.6954826791
62.5630676085 0.7011231309
62.5315179022 0.7069417706
62.5000000000 0.7126889587
62.4685138539 0.7181285481
62.4370594159 0.7230795747
62.4056366381 0.7273816143
62.3742454728 0.7309156631
62.3428858723 0.7335763874
62.3115577889 0.7352860538
62.2802611753 0.7360293811
62.2489959839 0.7358327955
62.2177621676 0.7348272535
62.1865596790 0.7332066986
62.1553884712 0.7312282560
62.1242484970 0.7291077242
62.0931397096 0.7270264582
62.0620620621 0.7251103089
62.0310155078 0.7233945102
62.0000000000 0.7219003792
