124000.0000000000 90.1046849969
62000.0000000000 69.4775306304
41333.3333333333 50.2870775569
31000.0000000000 36.2608918735
24800.0000000000 26.6867534732
20666.6666666667 20.1733291091
17714.2857142857 15.6549674077
15500.0000000000 12.4382124858
13777.7777777778 10.0872350588
12400.0000000000 8.3266315452
11272.7272727273 6.9789520404
10333.3333333333 5.9271020792
9538.4615384615 5.0919100181
8857.1428571429 4.4185844293
8266.6666666667 3.8683773831
7750.0000000000 3.4133378875
7294.1176470588 3.0329354025
6888.8888888889 2.7118397391
6526.3157894737 2.4384310162
6200.0000000000 2.2037806556
5904.7619047619 2.0009419021
5636.3636363636 1.8244479043
5391.3043478261 1.6699510742
5166.6666666667 1.5339604503
4960.0000000000 1.4136478456
4769.2307692308 1.3067030452
4592.5925925926 1.2112244964
4428.5714285714 1.1256358521
4275.8620689655 1.0486217033
4133.3333333333 0.9790775608
4000.0000000000 0.9160706805
3875.0000000000 0.8588090743
3757.5757575758 0.8066168293
3647.0588235294 0.7589143415
3542.8571428571 0.7152023262
3444.4444444444 0.6750488907
3351.3513513514 0.6380788927
3263.1578947368 0.6039652474
3179.4871794872 0.5724217665
3100.0000000000 0.5431971460
3024.3902439024 0.5160700162
2952.3809523810 0.4908447681
2883.7209302326 0.4673480380
2818.1818181818 0.4454257428
2755.5555555556 0.4249405771
2695.6521739130 0.4057698553
2638.2978723404 0.3878036985
2583.3333333333 0.3709434807
2530.6122448980 0.3551004165
2480.0000000000 0.3401944772
2431.3725490196 0.3261533325
2384.6153846154 0.3129114989
2339.6226415094 0.3004095557
2296.2962962963 0.2885935236
2254.5454545455 0.2774142305
2214.2857142857 0.2668268353
2175.4385964912 0.2567903892
2137.9310344828 0.2472674097
2101.6949152542 0.2382235502
2066.6666666667 0.2296272732
2032.7868852459 0.2214496103
2000.0000000000 0.2136638960
1968.2539682540 0.2062455631
1937.5000000000 0.1991719105
1907.6923076923 0.1924219891
1878.7878787879 0.1859764120
1850.7462686567 0.1798172117
1823.5294117647 0.1739277416
1797.1014492754 0.1682925476
1771.4285714286 0.1628972496
1746.4788732394 0.1577284849
1722.2222222222 0.1527738093
1698.6301369863 0.1480216188
1675.6756756757 0.1434610861
1653.3333333333 0.1390820885
1631.5789473684 0.1348751775
1610.3896103896 0.1308315038
1589.7435897436 0.1269427886
1569.6202531646 0.1232012627
1550.0000000000 0.1195996494
1530.8641975309 0.1161310977
1512.1951219512 0.1127891893
1493.9759036145 0.1095678863
1476.1904761905 0.1064614958
1458.8235294118 0.1034646804
1441.8604651163 0.1005723706
1425.2873563218 0.0977798316
1409.0909090909 0.0950825719
1393.2584269663 0.0924763404
1377.7777777778 0.0899571475
1362.6373626374 0.0875212019
1347.8260869565 0.0851649126
1333.3333333333 0.0828849086
1319.1489361702 0.0806779628
1305.2631578947 0.0785410289
1291.6666666667 0.0764712412
1278.3505154639 0.0744658363
1265.3061224490 0.0725222266
1252.5252525253 0.0706379496
1240.0000000000 0.0688106559
1227.7227722772 0.0670381045
1215.6862745098 0.0653181788
1203.8834951456 0.0636488702
1192.3076923077 0.0620282389
1180.9523809524 0.0604544620
1169.8113207547 0.0589257924
1158.8785046729 0.0574405619
1148.1481481481 0.0559971938
1137.6146788991 0.0545941598
1127.2727272727 0.0532300195
1117.1171171171 0.0519033872
1107.1428571429 0.0506129421
1097.3451327434 0.0493574232
1087.7192982456 0.0481356210
1078.2608695652 0.0469463890
1068.9655172414 0.0457886186
1059.8290598291 0.0446612502
1050.8474576271 0.0435632649
1042.0168067227 0.0424936962
1033.3333333333 0.0414516124
1024.7933884298 0.0404361273
1016.3934426230 0.0394463841
1008.1300813008 0.0384815477
1000.0000000000 0.0375408487
992.0000000000 0.0366235244
984.1269841270 0.0357288369
976.3779527559 0.0348561077
968.7500000000 0.0340046510
961.2403100775 0.0331738335
953.8461538462 0.0323630243
946.5648854962 0.0315716377
939.3939393939 0.0307990922
932.3308270677 0.0300448357
925.3731343284 0.0293083464
918.5185185185 0.0285891080
911.7647058824 0.0278866191
905.1094890511 0.0272004255
898.5507246377 0.0265300483
892.0863309353 0.0258750564
885.7142857143 0.0252350272
879.4326241135 0.0246095463
873.2394366197 0.0239982163
867.1328671329 0.0234006648
861.1111111111 0.0228165131
855.1724137931 0.0222454159
849.3150684932 0.0216870297
843.5374149660 0.0211410143
837.8378378378 0.0206070546
832.2147651007 0.0200848467
826.6666666667 0.0195740897
821.1920529801 0.0190744865
815.7894736842 0.0185857734
810.4575163399 0.0181076683
805.1948051948 0.0176399155
800.0000000000 0.0171822561
794.8717948718 0.0167344576
789.8089171975 0.0162962774
784.8101265823 0.0158674918
779.8742138365 0.0154478749
775.0000000000 0.0150372197
770.1863354037 0.0146353034
765.4320987654 0.0142419431
760.7361963190 0.0138569399
756.0975609756 0.0134801005
751.5151515152 0.0131112436
746.9879518072 0.0127502002
742.5149700599 0.0123967929
738.0952380952 0.0120508568
733.7278106509 0.0117122324
729.4117647059 0.0113807593
725.1461988304 0.0110562955
720.9302325581 0.0107386855
716.7630057803 0.0104277983
712.6436781609 0.0101234836
708.5714285714 0.0098256216
704.5454545455 0.0095340734
700.5649717514 0.0092487181
696.6292134831 0.0089694283
692.7374301676 0.0086960887
688.8888888889 0.0084285950
685.0828729282 0.0081668194
681.3186813187 0.0079106632
677.5956284153 0.0076600218
673.9130434783 0.0074147960
670.2702702703 0.0071748811
666.6666666667 0.0069401836
663.1016042781 0.0067106155
659.5744680851 0.0064860781
656.0846560847 0.0062664943
652.6315789474 0.0060517763
649.2146596859 0.0058418369
645.8333333333 0.0056365992
642.4870466321 0.0054359920
639.1752577320 0.0052399287
635.8974358974 0.0050483485
632.6530612245 0.0048611757
629.4416243655 0.0046783401
626.2626262626 0.0044997767
623.1155778894 0.0043254253
620.0000000000 0.0041552171
616.9154228856 0.0039890976
613.8613861386 0.0038270033
610.8374384236 0.0036688804
607.8431372549 0.0035146756
604.8780487805 0.0033643315
601.9417475728 0.0032178001
599.0338164251 0.0030750336
596.1538461538 0.0029359767
593.3014354067 0.0028005868
590.4761904762 0.0026688220
587.6777251185 0.0025406366
584.9056603774 0.0024159859
582.1596244131 0.0022948297
579.4392523364 0.0021771319
576.7441860465 0.0020628535
574.0740740741 0.0019519595
571.4285714286 0.0018444121
568.8073394495 0.0017401812
566.2100456621 0.0016392306
563.6363636364 0.0015415313
561.0859728507 0.0014470519
558.5585585586 0.0013557648
556.0538116592 0.0012676459
553.5714285714 0.0011826633
551.1111111111 0.0011007944
548.6725663717 0.0010220172
546.2555066079 0.0009463052
543.8596491228 0.0008736406
541.4847161572 0.0008040032
539.1304347826 0.0007373698
536.7965367965 0.0006737264
534.4827586207 0.0006130518
532.1888412017 0.0005553352
529.9145299145 0.0005005577
527.6595744681 0.0004487060
525.4237288136 0.0003997703
523.2067510549 0.0003537358
521.0084033613 0.0003105940
518.8284518828 0.0002703339
516.6666666667 0.0002329476
514.5228215768 0.0001984285
512.3966942149 0.0001667692
510.2880658436 0.0001379664
508.1967213115 0.0001120143
506.1224489796 0.0000889096
504.0650406504 0.0000686518
502.0242914980 0.0000512388
500.0000000000 0.0000366715
497.9919678715 0.0000249511
496.0000000000 0.0000160797
494.0239043825 0.0000100615
492.0634920635 0.0000069009
490.1185770751 0.0000066036
488.1889763780 0.0000091770
486.2745098039 0.0000146293
484.3750000000 0.0000229697
482.4902723735 0.0000342088
480.6201550388 0.0000483589
478.7644787645 0.0000654326
476.9230769231 0.0000854453
475.0957854406 0.0001084114
473.2824427481 0.0001343496
471.4828897338 0.0001632774
469.6969696970 0.0001952142
467.9245283019 0.0002301830
466.1654135338 0.0002682048
464.4194756554 0.0003093059
462.6865671642 0.0003535101
460.9665427509 0.0004008470
459.2592592593 0.0004513435
457.5645756458 0.0005050333
455.8823529412 0.0005619485
454.2124542125 0.0006221198
452.5547445255 0.0006855898
450.9090909091 0.0007523904
449.2753623188 0.0008225658
447.6534296029 0.0008961572
446.0431654676 0.0009732106
444.4444444444 0.0010537705
442.8571428571 0.0011378883
441.2811387900 0.0012256163
439.7163120567 0.0013170034
438.1625441696 0.0014121109
436.6197183099 0.0015109991
435.0877192982 0.0016137279
433.5664335664 0.0017203630
432.0557491289 0.0018309694
430.5555555556 0.0019456272
429.0657439446 0.0020644036
427.5862068966 0.0021873804
426.1168384880 0.0023146456
424.6575342466 0.0024462735
423.2081911263 0.0025823637
421.7687074830 0.0027230140
420.3389830508 0.0028683101
418.9189189189 0.0030183754
417.5084175084 0.0031733039
416.1073825503 0.0033332156
414.7157190635 0.0034982325
413.3333333333 0.0036684780
411.9601328904 0.0038440906
410.5960264901 0.0040252126
409.2409240924 0.0042119800
407.8947368421 0.0044045534
406.5573770492 0.0046030951
405.2287581699 0.0048077731
403.9087947883 0.0050187787
402.5974025974 0.0052362878
401.2944983819 0.0054605059
400.0000000000 0.0056916501
398.7138263666 0.0059299449
397.4358974359 0.0061756101
396.1661341853 0.0064289150
394.9044585987 0.0066901079
393.6507936508 0.0069594755
392.4050632911 0.0072373164
391.1671924290 0.0075239434
389.9371069182 0.0078196939
388.7147335423 0.0081249082
387.5000000000 0.0084399783
386.2928348910 0.0087652989
385.0931677019 0.0091012985
383.9009287926 0.0094484352
382.7160493827 0.0098071909
381.5384615385 0.0101780920
380.3680981595 0.0105616840
379.2048929664 0.0109585831
378.0487804878 0.0113694067
376.8996960486 0.0117948509
375.7575757576 0.0122356500
374.6223564955 0.0126925809
373.4939759036 0.0131665285
372.3723723724 0.0136583765
371.2574850299 0.0141691291
370.1492537313 0.0146998489
369.0476190476 0.0152517004
367.9525222552 0.0158259122
366.8639053254 0.0164238353
365.7817109145 0.0170469330
364.7058823529 0.0176967781
363.6363636364 0.0183750592
362.5730994152 0.0190836191
361.5160349854 0.0198244404
360.4651162791 0.0205996284
359.4202898551 0.0214114812
358.3815028902 0.0222624169
357.3487031700 0.0231549747
356.3218390805 0.0240918708
355.3008595989 0.0250758189
354.2857142857 0.0261096126
353.2763532764 0.0271959426
352.2727272727 0.0283372407
351.2747875354 0.0295355028
350.2824858757 0.0307919868
349.2957746479 0.0321066811
348.3146067416 0.0334777576
347.3389355742 0.0349006735
346.3687150838 0.0363670987
345.4038997214 0.0378634780
344.4444444444 0.0393693648
343.4903047091 0.0408557842
342.5414364641 0.0422836471
341.5977961433 0.0436035118
340.6593406593 0.0447570392
339.7260273973 0.0456818563
338.7978142077 0.0463201400
337.8746594005 0.0466305422
336.9565217391 0.0466008154
336.0433604336 0.0462563384
335.1351351351 0.0456609837
334.2318059299 0.0449089083
333.3333333333 0.0441104953
332.4396782842 0.0433766585
331.5508021390 0.0428054530
330.6666666667 0.0424723610
329.7872340426 0.0424241954
328.9124668435 0.0426776101
328.0423280423 0.0432210986
327.1767810026 0.0440203176
326.3157894737 0.0450245282
325.4593175853 0.0461730223
324.6073298429 0.0473994235
323.7597911227 0.0486332261
322.9166666667 0.0497976538
322.0779220779 0.0508059776
321.2435233161 0.0515595992
320.4134366925 0.0519521815
319.5876288660 0.0518823927
318.7660668380 0.0512742837
317.9487179487 0.0500990902
317.1355498721 0.0483908712
316.3265306122 0.0462484159
315.5216284987 0.0438207870
314.7208121827 0.0412809434
313.9240506329 0.0387955889
313.1313131313 0.0365011351
312.3425692695 0.0344923076
311.5577889447 0.0328239399
310.7769423559 0.0315213107
310.0000000000 0.0305925911
309.2269326683 0.0300378605
308.4577114428 0.0298533424
307.6923076923 0.0300316966
306.9306930693 0.0305614217
306.1728395062 0.0314265416
305.4187192118 0.0326073307
304.6683046683 0.0340814861
303.9215686275 0.0358249241
303.1784841076 0.0378122122
302.4390243902 0.0400155763
301.7031630170 0.0424033122
300.9708737864 0.0449373477
300.2421307506 0.0475702563
299.5169082126 0.0502423396
298.7951807229 0.0528795458
298.0769230769 0.0553934188
297.3621103118 0.0576838536
296.6507177033 0.0596460772
295.9427207637 0.0611812099
295.2380952381 0.0622103353
294.5368171021 0.0626891597
293.8388625592 0.0626216484
293.1442080378 0.0620677717
292.4528301887 0.0611422407
291.7647058824 0.0600011305
291.0798122066 0.0588179854
290.3981264637 0.0577549745
289.7196261682 0.0569370180
289.0442890443 0.0564361556
288.3720930233 0.0562688083
287.7030162413 0.0564048437
287.0370370370 0.0567830063
286.3741339492 0.0573284122
285.7142857143 0.0579652081
285.0574712644 0.0586226941
284.4036697248 0.0592343776
283.7528604119 0.0597336356
283.1050228311 0.0600508565
282.4601366743 0.0601148723
281.8181818182 0.0598602152
281.1791383220 0.0592379296
280.5429864253 0.0582270993
279.9097065463 0.0568429070
279.2792792793 0.0551367649
278.6516853933 0.0531893881
278.0269058296 0.0510988550
277.4049217002 0.0489685285
276.7857142857 0.0468964317
276.1692650334 0.0449678216
275.5555555556 0.0432510256
274.9445676275 0.0417970492
274.3362831858 0.0406422976
273.7306843267 0.0398126503
273.1277533040 0.0393263433
272.5274725275 0.0391940727
271.9298245614 0.0394163448
271.3347921225 0.0399800942
270.7423580786 0.0408569790
270.1525054466 0.0420046534
269.5652173913 0.0433708536
268.9804772234 0.0448998869
268.3982683983 0.0465386997
267.8185745140 0.0482414082
267.2413793103 0.0499692665
266.6666666667 0.0516871127
266.0944206009 0.0533583842
265.5246252677 0.0549422346
264.9572649573 0.0563955781
264.3923240938 0.0576802305
263.8297872340 0.0587728228
263.2696390658 0.0596743838
262.7118644068 0.0604161790
262.1564482030 0.0610586357
261.6033755274 0.0616836316
261.0526315789 0.0623810419
260.5042016807 0.0632348085
259.9580712788 0.0643131035
259.4142259414 0.0656641868
258.8726513570 0.0673170165
258.3333333333 0.0692827783
257.7962577963 0.0715543968
257.2614107884 0.0741031527
256.7287784679 0.0768734512
256.1983471074 0.0797794921
255.6701030928 0.0827037727
255.1440329218 0.0854996292
254.6201232033 0.0879993386
254.0983606557 0.0900287395
253.5787321063 0.0914298857
253.0612244898 0.0920870503
252.5458248473 0.0919488963
252.0325203252 0.0910364837
251.5212981744 0.0894325882
251.0121457490 0.0872566212
250.5050505051 0.0846387742
250.0000000000 0.0817063885
249.4969818913 0.0785858807
248.9959839357 0.0754107398
248.4969939880 0.0723238094
248.0000000000 0.0694665518
247.5049900200 0.0669618089
247.0119521912 0.0648989966
246.5208747515 0.0633295377
246.0317460317 0.0622722354
245.5445544554 0.0617223384
245.0592885375 0.0616606340
244.5759368836 0.0620596721
244.0944881890 0.0628865161
243.6149312377 0.0641028510
243.1372549020 0.0656613182
242.6614481409 0.0675005339
242.1875000000 0.0695412874
241.7153996101 0.0716872697
241.2451361868 0.0738325748
240.7766990291 0.0758750332
240.3100775194 0.0777324072
239.8452611219 0.0793567215
239.3822393822 0.0807416477
238.9210019268 0.0819210390
238.4615384615 0.0829600181
238.0038387716 0.0839442667
237.5478927203 0.0849716182
237.0936902486 0.0861477104
236.6412213740 0.0875810083
236.1904761905 0.0893736655
235.7414448669 0.0916072240
235.2941176471 0.0943276857
234.8484848485 0.0975351701
234.4045368620 0.1011799065
233.9622641509 0.1051653249
233.5216572505 0.1093565671
233.0827067669 0.1135925931
232.6454033771 0.1177021748
232.2097378277 0.1215234956
231.7757009346 0.1249255740
231.3432835821 0.1278280343
230.9124767225 0.1302138152
230.4832713755 0.1321273076
230.0556586271 0.1336552198
229.6296296296 0.1348963097
229.2051756007 0.1359324437
228.7822878229 0.1368149336
228.3609576427 0.1375719397
227.9411764706 0.1382328781
227.5229357798 0.1388573237
227.1062271062 0.1395548285
226.6910420475 0.1404849604
226.2773722628 0.1418392686
225.8652094718 0.1438118206
225.4545454545 0.1465718041
225.0453720508 0.1502442078
224.6376811594 0.1549022067
224.2314647378 0.1605659959
223.8267148014 0.1672060049
223.4234234234 0.1747471157
223.0215827338 0.1830767269
222.6211849192 0.1920568743
222.2222222222 0.2015452026
221.8246869410 0.2114216690
221.4285714286 0.2216175622
221.0338680927 0.2321365643
220.6405693950 0.2430609677
220.2486678508 0.2545391010
219.8581560284 0.2667599182
219.4690265487 0.2799219289
219.0812720848 0.2942059751
218.6948853616 0.3097530054
218.3098591549 0.3266463745
217.9261862917 0.3448967642
217.5438596491 0.3644250773
217.1628721541 0.3850472034
216.7832167832 0.4064653014
216.4048865620 0.4282731246
216.0278745645 0.4499826395
215.6521739130 0.4710686401
215.2777777778 0.4910234634
214.9046793761 0.5094090955
214.5328719723 0.5258937834
214.1623488774 0.5402662189
213.7931034483 0.5524198071
213.4251290878 0.5623133661
213.0584192440 0.5699186007
212.6929674099 0.5751789740
212.3287671233 0.5779981884
211.9658119658 0.5782650789
211.6040955631 0.5759049644
211.2436115843 0.5709314901
210.8843537415 0.5634780079
210.5263157895 0.5537922765
210.1694915254 0.5422041683
209.8138747885 0.5290821822
209.4594594595 0.5147933074
209.1062394604 0.4996769317
208.7542087542 0.4840284332
208.4033613445 0.4680970953
208.0536912752 0.4520942413
207.7051926298 0.4362110292
207.3578595318 0.4206335228
207.0116861436 0.4055502516
206.6666666667 0.3911424322
206.3227953411 0.3775636553
205.9800664452 0.3649129357
205.6384742952 0.3532170725
205.2980132450 0.3424276976
204.9586776860 0.3324383453
204.6204620462 0.3231103312
204.2833607908 0.3143006255
203.9473684211 0.3058793299
203.6124794745 0.2977328161
203.2786885246 0.2897532965
202.9459901800 0.2818240364
202.6143790850 0.2738096874
202.2838499184 0.2655657025
201.9543973941 0.2569652698
201.6260162602 0.2479395234
201.2987012987 0.2385141387
200.9724473258 0.2288290569
200.6472491909 0.2191297532
200.3231017771 0.2097320319
200.0000000000 0.2009679000
199.6779388084 0.1931313717
199.3569131833 0.1864405994
199.0369181380 0.1810258124
198.7179487179 0.1769376849
198.4000000000 0.1741629094
198.0830670927 0.1726350087
197.7671451356 0.1722355704
197.4522292994 0.1727906672
197.1383147854 0.1740712623
196.8253968254 0.1758075122
196.5134706815 0.1777181230
196.2025316456 0.1795509832
195.8925750395 0.1811203342
195.5835962145 0.1823255878
195.2755905512 0.1831409470
194.9685534591 0.1835812623
194.6624803768 0.1836565876
194.3573667712 0.1833350138
194.0532081377 0.1825273479
193.7500000000 0.1811018852
193.4477379095 0.1789239994
193.1464174455 0.1759070694
192.8460342146 0.1720561950
192.5465838509 0.1674850845
192.2480620155 0.1623993930
191.9504643963 0.1570535830
191.6537867079 0.1516961528
191.3580246914 0.1465250532
191.0631741140 0.1416640138
190.7692307692 0.1371686148
190.4761904762 0.1330553978
190.1840490798 0.1293419747
189.8928024502 0.1260796748
189.6024464832 0.1233653178
189.3129770992 0.1213310191
189.0243902439 0.1201188962
188.7366818874 0.1198514930
188.4498480243 0.1206055805
188.1638846737 0.1223939486
187.8787878788 0.1251570243
187.5945537065 0.1287646354
187.3111782477 0.1330275653
187.0286576169 0.1377169421
186.7469879518 0.1425879189
186.4661654135 0.1474039165
186.1861861862 0.1519578662
185.9070464768 0.1560909321
185.6287425150 0.1597104583
185.3512705531 0.1628026524
185.0746268657 0.1654303779
184.7988077496 0.1677101184
184.5238095238 0.1697688577
184.2496285290 0.1716955737
183.9762611276 0.1735009253
183.7037037037 0.1750943091
183.4319526627 0.1762840411
183.1610044313 0.1767977048
182.8908554572 0.1763256871
182.6215022091 0.1745813929
182.3529411765 0.1713704681
182.0851688693 0.1666524289
181.8181818182 0.1605718840
181.5519765739 0.1534485119
181.2865497076 0.1457239755
181.0218978102 0.1378823219
180.7580174927 0.1303696834
180.4949053857 0.1235339644
180.2325581395 0.1175969083
179.9709724238 0.1126593091
179.7101449275 0.1087325697
179.4500723589 0.1057832477
179.1907514451 0.1037761234
178.9321789322 0.1027013025
178.6743515850 0.1025789380
178.4172661871 0.1034439391
178.1609195402 0.1053222924
177.9053084648 0.1082086556
177.6504297994 0.1120528590
177.3962804006 0.1167596542
177.1428571429 0.1221995306
176.8901569187 0.1282264502
176.6381766382 0.1346937639
176.3869132290 0.1414580232
176.1363636364 0.1483708553
175.8865248227 0.1552660429
175.6373937677 0.1619609597
175.3889674682 0.1682826049
175.1412429379 0.1741136167
174.8942172073 0.1794362194
174.6478873239 0.1843491710
174.4022503516 0.1890459874
174.1573033708 0.1937693367
173.9130434783 0.1987652843
173.6694677871 0.2042573534
173.4265734266 0.2104421974
173.1843575419 0.2174895849
172.9428172943 0.2255334808
172.7019498607 0.2346435716
172.4617524339 0.2447879009
172.2222222222 0.2557982839
171.9833564494 0.2673535047
171.7451523546 0.2789923100
171.5076071923 0.2901582536
171.2707182320 0.3002714259
171.0344827586 0.3088103992
170.7988980716 0.3153819384
170.5639614856 0.3197534633
170.3296703297 0.3218465827
170.0960219479 0.3217038011
169.8630136986 0.3194565676
169.6306429549 0.3153101385
169.3989071038 0.3095406869
169.1678035471 0.3024888328
168.9373297003 0.2945389151
168.7074829932 0.2860850552
168.4782608696 0.2775021103
168.2496607870 0.2691262925
168.0216802168 0.2612429003
167.7943166441 0.2540736821
167.5675675676 0.2477628456
167.3414304993 0.2423701713
167.1159029650 0.2378815443
166.8909825034 0.2342397821
166.6666666667 0.2313862235
166.4429530201 0.2292945895
166.2198391421 0.2279812460
165.9973226238 0.2274816987
165.7754010695 0.2278053175
165.5540720961 0.2288914654
165.3333333333 0.2305909754
165.1131824234 0.2326859705
164.8936170213 0.2349388633
164.6746347942 0.2371437793
164.4562334218 0.2391589223
164.2384105960 0.2409104823
164.0211640212 0.2423841537
163.8044914135 0.2436211132
163.5883905013 0.2447269990
163.3728590250 0.2458780930
163.1578947368 0.2473081025
162.9434954008 0.2492680124
162.7296587927 0.2519662338
162.5163826999 0.2555124414
162.3036649215 0.2598830551
162.0915032680 0.2649238728
161.8798955614 0.2703951786
161.6688396349 0.2760488728
161.4583333333 0.2817137547
161.2483745124 0.2873583450
161.0389610390 0.2931011244
160.8300907912 0.2991598627
160.6217616580 0.3057545165
160.4139715395 0.3129953084
160.2067183463 0.3207982579
160.0000000000 0.3288540052
159.7938144330 0.3366683055
159.5881595882 0.3436645756
159.3830334190 0.3493202205
159.1784338896 0.3532944296
158.9743589744 0.3555001990
158.7708066581 0.3561001924
158.5677749361 0.3554382280
158.3652618135 0.3539416654
158.1632653061 0.3520335044
157.9617834395 0.3500739025
157.7608142494 0.3483363184
157.5603557814 0.3470125990
157.3604060914 0.3462344592
157.1609632446 0.3460948949
156.9620253165 0.3466505320
156.7635903919 0.3479043306
156.5656565657 0.3497836985
156.3682219420 0.3521379609
156.1712846348 0.3547615501
155.9748427673 0.3574385449
155.7788944724 0.3599816304
155.5834378921 0.3622565407
155.3884711779 0.3641900191
155.1939924906 0.3657738173
155.0000000000 0.3670636138
154.8064918851 0.3681676134
154.6134663342 0.3692200415
154.4209215442 0.3703505639
154.2288557214 0.3716586822
154.0372670807 0.3732026884
153.8461538462 0.3749926218
153.6555142503 0.3769809539
153.4653465347 0.3790510428
153.2756489493 0.3810128468
153.0864197531 0.3826115183
152.8976572133 0.3835484338
152.7093596059 0.3835065999
152.5215252153 0.3821809852
152.3341523342 0.3793171772
152.1472392638 0.3747608602
151.9607843137 0.3685073919
151.7747858017 0.3607306796
151.5892420538 0.3517823983
151.4041514042 0.3421573395
151.2195121951 0.3324391906
151.0353227771 0.3232383016
150.8515815085 0.3151305858
150.6682867558 0.3086033087
150.4854368932 0.3040098397
150.3030303030 0.3015359458
150.1210653753 0.3011826393
149.9395405079 0.3027678054
149.7584541063 0.3059492115
149.5778045838 0.3102712793
149.3975903614 0.3152267635
149.2178098676 0.3203187666
149.0384615385 0.3251032962
148.8595438175 0.3292004240
148.6810551559 0.3322820369
148.5029940120 0.3340568090
148.3253588517 0.3342738400
148.1481481481 0.3327508908
147.9713603819 0.3294174810
147.7949940405 0.3243493545
147.6190476190 0.3177816558
147.4435196195 0.3100963032
147.2684085511 0.3017863146
147.0937129300 0.2934042004
146.9194312796 0.2854958384
146.7455621302 0.2785321591
146.5721040189 0.2728512308
146.3990554900 0.2686235667
146.2264150943 0.2658486255
146.0541813899 0.2643810637
145.8823529412 0.2639736495
145.7109283196 0.2643208906
145.5399061033 0.2650951183
145.3692848769 0.2659670334
145.1990632319 0.2666210283
145.0292397661 0.2667638499
144.8598130841 0.2661329677
144.6907817970 0.2645057167
144.5221445221 0.2617146179
144.3538998836 0.2576729568
144.1860465116 0.2524021203
144.0185830430 0.2460501402
143.8515081206 0.2388816565
143.6848203940 0.2312385887
143.5185185185 0.2234804322
143.3526011561 0.2159235809
143.1870669746 0.2087944183
143.0219146482 0.2022061868
142.8571428571 0.1961609150
142.6927502877 0.1905715976
142.5287356322 0.1853014765
142.3650975890 0.1802100210
142.2018348624 0.1751981279
142.0389461627 0.1702410376
141.8764302059 0.1653989550
141.7142857143 0.1608039393
141.5525114155 0.1566271967
141.3911060433 0.1530400248
141.2300683371 0.1501794624
141.0693970421 0.1481271383
140.9090909091 0.1469042831
140.7491486947 0.1464783312
140.5895691610 0.1467759672
140.4303510759 0.1476959107
140.2714932127 0.1491154190
140.1129943503 0.1508962427
139.9548532731 0.1528943612
139.7970687711 0.1549805570
139.6396396396 0.1570704933
139.4825646794 0.1591518767
139.3258426966 0.1612958770
139.1694725028 0.1636432921
139.0134529148 0.1663678935
138.8577827548 0.1696264916
138.7024608501 0.1735113101
138.5474860335 0.1780137387
138.3928571429 0.1830057647
138.2385730212 0.1882386954
138.0846325167 0.1933587354
137.9310344828 0.1979425384
137.7777777778 0.2015526099
137.6248612653 0.2038117639
137.4722838137 0.2044806974
137.3200442968 0.2035125945
137.1681415929 0.2010631549
137.0165745856 0.1974530485
136.8653421634 0.1930965173
136.7144432194 0.1884208246
136.5638766520 0.1837994653
136.4136413641 0.1795110377
136.2637362637 0.1757298265
136.1141602634 0.1725458212
135.9649122807 0.1700016340
135.8159912377 0.1681311325
135.6673960613 0.1669803770
135.5191256831 0.1666053252
135.3711790393 0.1670474133
135.2235550709 0.1683018128
135.0762527233 0.1702928516
134.9292709467 0.1728698810
134.7826086957 0.1758264224
134.6362649294 0.1789334251
134.4902386117 0.1819749378
134.3445287107 0.1847712981
134.1991341991 0.1871864592
134.0540540541 0.1891218001
133.9092872570 0.1905047012
133.7648327940 0.1912795813
133.6206896552 0.1914069754
133.4768568353 0.1908718237
133.3333333333 0.1896991061
133.1901181525 0.1879661314
133.0472103004 0.1858039681
132.9046087889 0.1833807881
132.7623126338 0.1808724878
132.6203208556 0.1784257237
132.4786324786 0.1761265346
132.3372465315 0.1739858401
132.1961620469 0.1719446085
132.0553780618 0.1698959775
131.9148936170 0.1677149751
131.7747077577 0.1652847582
131.6348195329 0.1625144086
131.4952279958 0.1593497586
131.3559322034 0.1557809911
131.2169312169 0.1518474029
131.0782241015 0.1476380552
130.9398099261 0.1432849766
130.8016877637 0.1389512918
130.6638566913 0.1348120169
130.5263157895 0.1310343202
130.3890641430 0.1277599783
130.2521008403 0.1250938271
130.1154249738 0.1231020415
129.9790356394 0.1218189369
129.8429319372 0.1212587540
129.7071129707 0.1214240459
129.5715778474 0.1223079123
129.4363256785 0.1238887623
129.3013555787 0.1261232040
129.1666666667 0.1289410613
129.0322580645 0.1322469176
128.8981288981 0.1359294307
128.7642782970 0.1398711393
128.6307053942 0.1439550901
128.4974093264 0.1480610325
128.3643892340 0.1520587038
128.2316442606 0.1558030299
128.0991735537 0.1591434844
127.9669762642 0.1619461015
127.8350515464 0.1641208077
127.7033985582 0.1656400900
127.5720164609 0.1665385587
127.4409044193 0.1668951840
127.3100616016 0.1668074087
127.1794871795 0.1663655492
127.0491803279 0.1656402677
126.9191402252 0.1646833847
126.7893660532 0.1635384548
126.6598569969 0.1622538785
126.5306122449 0.1608904130
126.4016309888 0.1595209892
126.2729124236 0.1582234185
126.1444557477 0.1570719671
126.0162601626 0.1561297948
125.8883248731 0.1554449517
125.7606490872 0.1550495994
125.6332320162 0.1549642499
125.5060728745 0.1552012039
125.3791708797 0.1557666415
125.2525252525 0.1566576158
125.1261352170 0.1578579982
125.0000000000 0.1593339610
124.8741188318 0.1610311350
124.7484909457 0.1628760764
124.6231155779 0.1647848177
124.4979919679 0.1666772071
124.3731193581 0.1684917105
124.2484969940 0.1701923010
124.1241241241 0.1717662034
124.0000000000 0.1732176511
123.8761238761 0.1745619205
123.7524950100 0.1758259608
123.6291126620 0.1770500336
123.5059760956 0.1782848638
123.3830845771 0.1795809986
123.2604373757 0.1809737335
123.1380337637 0.1824711257
123.0158730159 0.1840537238
122.8939544103 0.1856864477
122.7722772277 0.1873347261
122.6508407517 0.1889749176
122.5296442688 0.1905910124
122.4086870681 0.1921619857
122.2879684418 0.1936468258
122.1674876847 0.1949774629
122.0472440945 0.1960618132
121.9272369715 0.1967927217
121.8074656189 0.1970611302
121.6879293425 0.1967705692
121.5686274510 0.1958510966
121.4495592556 0.1942707683
121.3307240705 0.1920415209
121.2121212121 0.1892212253
121.0937500000 0.1859113544
120.9756097561 0.1822497660
120.8576998051 0.1783987849
120.7400194742 0.1745283201
120.6225680934 0.1708003461
120.5053449951 0.1673580868
120.3883495146 0.1643233410
120.2715809893 0.1617989565
120.1550387597 0.1598728964
120.0387221684 0.1586146041
119.9226305609 0.1580631926
119.8067632850 0.1582093580
119.6911196911 0.1589782048
119.5756991321 0.1602226917
119.4605009634 0.1617326765
119.3455245428 0.1632634963
119.2307692308 0.1645740696
119.1162343900 0.1654652972
119.0019193858 0.1658061008
118.8878235858 0.1655432488
118.7739463602 0.1646955245
118.6602870813 0.1633382457
118.5468451243 0.1615820198
118.4336198663 0.1595516072
118.3206106870 0.1573657091
118.2078169685 0.1551236010
118.0952380952 0.1528987670
117.9828734539 0.1507389093
117.8707224335 0.1486696634
117.7587844255 0.1466995624
117.6470588235 0.1448241351
117.5355450237 0.1430276947
117.4242424242 0.1412875585
117.3131504257 0.1395772335
117.2022684310 0.1378698012
117.0915958451 0.1361373064
116.9811320755 0.1343479666
116.8708765316 0.1324633182
116.7608286252 0.1304408804
116.6509877705 0.1282421258
116.5413533835 0.1258434391
116.4319248826 0.1232444299
116.3227016886 0.1204722871
116.2136832240 0.1175807785
116.1048689139 0.1146451623
115.9962581852 0.1117546694
115.8878504673 0.1090043137
115.7796451914 0.1064867463
115.6716417910 0.1042835409
115.5638397018 0.1024589187
115.4562383613 0.1010531798
115.3488372093 0.1000786205
115.2416356877 0.0995159493
115.1346332405 0.0993171774
115.0278293135 0.0994105025
114.9212233550 0.0997104480
114.8148148148 0.1001289216
114.7086031452 0.1005852311
114.6025878004 0.1010144669
114.4967682364 0.1013726531
114.3911439114 0.1016389062
114.2857142857 0.1018132984
114.1804788214 0.1019118611
114.0754369825 0.1019597749
113.9705882353 0.1019836947
113.8659320478 0.1020050502
113.7614678899 0.1020353301
113.6571952337 0.1020749235
113.5531135531 0.1021165524
113.4492223239 0.1021513857
113.3455210238 0.1021755629
113.2420091324 0.1021968681
113.1386861314 0.1022370838
113.0355515041 0.1023337486
112.9326047359 0.1025364017
112.8298453139 0.1029019535
112.7272727273 0.1034895748
112.6248864668 0.1043589553
112.5226860254 0.1055703398
112.4206708976 0.1071834974
112.3188405797 0.1092525642
112.2171945701 0.1118150628
112.1157323689 0.1148787956
112.0144534779 0.1184108254
111.9133574007 0.1223337052
111.8124436429 0.1265314727
111.7117117117 0.1308641840
111.6111611161 0.1351870532
111.5107913669 0.1393673004
111.4106019766 0.1432928256
111.3105924596 0.1468714984
111.2107623318 0.1500224807
111.1111111111 0.1526676887
111.0116383169 0.1547262880
110.9123434705 0.1561216901
110.8132260947 0.1567963117
110.7142857143 0.1567314927
110.6155218555 0.1559594898
110.5169340463 0.1545625179
110.4185218166 0.1526586300
110.3202846975 0.1503783087
110.2222222222 0.1478424704
110.1243339254 0.1451479891
110.0266193434 0.1423613743
109.9290780142 0.1395233046
109.8317094774 0.1366586291
109.7345132743 0.1337860847
109.6374889478 0.1309237446
109.5406360424 0.1280882850
109.4439541041 0.1252910197
109.3474426808 0.1225339906
109.2511013216 0.1198113174
109.1549295775 0.1171147861
109.0589270009 0.1144416727
108.9630931459 0.1117990433
108.8674275680 0.1092041042
108.7719298246 0.1066789395
108.6765994741 0.1042424666
108.5814360771 0.1019051509
108.4864391951 0.0996650132
108.3916083916 0.0975098622
108.2969432314 0.0954223597
108.2024432810 0.0933879819
108.1081081081 0.0914009910
108.0139372822 0.0894688782
107.9199303742 0.0876104450
107.8260869565 0.0858517376
107.7324066030 0.0842190306
107.6388888889 0.0827332496
107.5455333912 0.0814060147
107.4523396880 0.0802386686
107.3593073593 0.0792246049
107.2664359862 0.0783530400
107.1737251513 0.0776123869
107.0811744387 0.0769924241
106.9887834340 0.0764852334
106.8965517241 0.0760853162
106.8044788975 0.0757895260
106.7125645439 0.0755969703
106.6208082545 0.0755084401
106.5292096220 0.0755244149
106.4377682403 0.0756433612
106.3464837050 0.0758610539
106.2553556127 0.0761714060
106.1643835616 0.0765683084
106.0735671514 0.0770487672
105.9829059829 0.0776144389
105.8923996584 0.0782727586
105.8020477816 0.0790371713
105.7118499574 0.0799269063
105.6218057922 0.0809655271
105.5319148936 0.0821779990
105.4421768707 0.0835859451
105.3525913339 0.0852007504
105.2631578947 0.0870163622
105.1738761662 0.0890045904
105.0847457627 0.0911113477
104.9957662997 0.0932569502
104.9069373942 0.0953395013
104.8182586644 0.0972436559
104.7297297297 0.0988528470
104.6413502110 0.1000664797
104.5531197302 0.1008155810
104.4650379107 0.1010744808
104.3771043771 0.1008611719
104.2893187553 0.1002308124
104.2016806723 0.0992598541
104.1141897565 0.0980306145
104.0268456376 0.0966172858
103.9396479464 0.0950780561
103.8525963149 0.0934524685
103.7656903766 0.0917641496
103.6789297659 0.0900258559
103.5923141186 0.0882475336
103.5058430718 0.0864423281
103.4195162636 0.0846318026
103.3333333333 0.0828466467
103.2472939217 0.0811252594
103.1613976705 0.0795096677
103.0756442228 0.0780428645
102.9900332226 0.0767660451
102.9045643154 0.0757184866
102.8192371476 0.0749354908
102.7340513670 0.0744460595
102.6490066225 0.0742690129
102.5641025641 0.0744094382
102.4793388430 0.0748572867
102.3947151115 0.0755875189
102.3102310231 0.0765625295
102.2258862325 0.0777333036
102.1416803954 0.0790416534
102.0576131687 0.0804227669
101.9736842105 0.0818094095
101.8898931800 0.0831370923
101.8062397373 0.0843489878
101.7227235439 0.0854018539
101.6393442623 0.0862704993
101.5561015561 0.0869511129
101.4729950900 0.0874604700
101.3900245298 0.0878307727
101.3071895425 0.0880993164
101.2244897959 0.0882976085
101.1419249592 0.0884422000
101.0594947025 0.0885318596
100.9771986971 0.0885508304
100.8950366151 0.0884777421
100.8130081301 0.0882942644
100.7311129163 0.0879920550
100.6493506494 0.0875754685
100.5677210057 0.0870603613
100.4862236629 0.0864720823
100.4048582996 0.0858405997
100.3236245955 0.0851966685
100.2425222312 0.0845677456
100.1615508885 0.0839754205
100.0807102502 0.0834340923
100.0000000000 0.0829525160
99.9194198227 0.0825375074
99.8389694042 0.0821982134
99.7586484312 0.0819512916
99.6784565916 0.0818220539
99.5983935743 0.0818427924
99.5184590690 0.0820481804
99.4386527666 0.0824671210
99.3589743590 0.0831122061
99.2794235388 0.0839689568
99.2000000000 0.0849889034
99.1207034373 0.0860885919
99.0415335463 0.0871594768
98.9624900239 0.0880852751
98.8835725678 0.0887610873
98.8047808765 0.0891099226
98.7261146497 0.0890888861
98.6475735879 0.0886902007
98.5691573927 0.0879365858
98.4908657665 0.0868762821
98.4126984127 0.0855770559
98.3346550357 0.0841195754
98.2567353407 0.0825890480
98.1789390340 0.0810670651
98.1012658228 0.0796262755
98.0237154150 0.0783258154
97.9462875197 0.0772100372
97.8689818469 0.0763088375
97.7917981073 0.0756366613
97.7147360126 0.0751922228
97.6377952756 0.0749584395
97.5609756098 0.0749041148
97.4842767296 0.0749871074
97.4076983504 0.0751602092
97.3312401884 0.0753780549
97.2549019608 0.0756036466
97.1786833856 0.0758143764
97.1025841817 0.0760040290
97.0266040689 0.0761804611
96.9507427678 0.0763608113
96.8750000000 0.0765649936
96.7993754879 0.0768118047
96.7238689548 0.0771149087
96.6484801247 0.0774822693
96.5732087227 0.0779153637
96.4980544747 0.0784086098
96.4230171073 0.0789502817
96.3480963481 0.0795236904
96.2732919255 0.0801080259
96.1986035687 0.0806799720
96.1240310078 0.0812153738
96.0495739737 0.0816919261
95.9752321981 0.0820927345
95.9010054138 0.0824088879
95.8268933539 0.0826390032
95.7528957529 0.0827860320
95.6790123457 0.0828517574
95.6052428682 0.0828323843
95.5315870570 0.0827171784
95.4580446497 0.0824902567
95.3846153846 0.0821352570
95.3112990008 0.0816402061
95.2380952381 0.0810009165
95.1650038373 0.0802231695
95.0920245399 0.0793213121
95.0191570881 0.0783168553
94.9464012251 0.0772349291
94.8737566947 0.0761021475
94.8012232416 0.0749451787
94.7288006112 0.0737901886
94.6564885496 0.0726621135
94.5842868040 0.0715837529
94.5121951220 0.0705739390
94.4402132521 0.0696464928
94.3683409437 0.0688098381
94.2965779468 0.0680689781
94.2249240122 0.0674269911
94.1533788914 0.0668866356
94.0819423369 0.0664499323
94.0106141016 0.0661176094
93.9393939394 0.0658873886
93.8682816048 0.0657538588
93.7972768533 0.0657068880
93.7263794407 0.0657318796
93.6555891239 0.0658093956
93.5849056604 0.0659155380
93.5143288084 0.0660232545
93.4438583271 0.0661060845
93.3734939759 0.0661411121
93.3032355154 0.0661142671
93.2330827068 0.0660217890
93.1630353118 0.0658715826
93.0930930931 0.0656816906
93.0232558140 0.0654772000
92.9535232384 0.0652873999
92.8838951311 0.0651428536
92.8143712575 0.0650737764
92.7449513837 0.0651096008
92.6756352765 0.0652791895
92.6064227035 0.0656101225
92.5373134328 0.0661258547
92.4683072334 0.0668409962
92.3994038748 0.0677544741
92.3306031273 0.0688447470
92.2619047619 0.0700678686
92.1933085502 0.0713627804
92.1248142645 0.0726599979
92.0564216778 0.0738955273
91.9881305638 0.0750228583
91.9199406968 0.0760190383
91.8518518519 0.0768860876
91.7838638046 0.0776454694
91.7159763314 0.0783302692
91.6481892092 0.0789757425
91.5805022157 0.0796127495
91.5129151292 0.0802645226
91.4454277286 0.0809453340
91.3780397937 0.0816632945
91.3107511046 0.0824213429
91.2435614422 0.0832171932
91.1764705882 0.0840414856
91.1094783248 0.0848763873
91.0425844347 0.0856933795
90.9757887014 0.0864558964
90.9090909091 0.0871213508
90.8424908425 0.0876465001
90.7759882870 0.0879940910
90.7095830285 0.0881385778
90.6432748538 0.0880688031
90.5770635500 0.0877887146
90.5109489051 0.0873142836
90.4449307075 0.0866691388
90.3790087464 0.0858807539
90.3131828114 0.0849774790
90.2474526929 0.0839879506
90.1818181818 0.0829415089
90.1162790698 0.0818689924
90.0508351489 0.0808022823
89.9854862119 0.0797716341
89.9202320522 0.0788028503
89.8550724638 0.0779135997
89.7900072411 0.0771109486
89.7250361795 0.0763910137
89.6601590745 0.0757406384
89.5953757225 0.0751418552
89.5306859206 0.0745765098
89.4660894661 0.0740321283
89.4015861572 0.0735033090
89.3371757925 0.0729927662
89.2728581713 0.0725069601
89.2086330935 0.0720519017
89.1445003595 0.0716292036
89.0804597701 0.0712340076
89.0165111271 0.0708550365
88.9526542324 0.0704777900
88.8888888889 0.0700874313
88.8252148997 0.0696707749
88.7616320687 0.0692184349
88.6981402003 0.0687240462
88.6347390994 0.0681846986
88.5714285714 0.0676010570
88.5082084226 0.0669774311
88.4450784593 0.0663225620
88.3820384890 0.0656483419
88.3190883191 0.0649690873
88.2562277580 0.0642995826
88.1934566145 0.0636526261
88.1307746979 0.0630388236
88.0681818182 0.0624659111
88.0056777857 0.0619401408
87.9432624113 0.0614677685
87.8809355067 0.0610561846
87.8186968839 0.0607141143
87.7565463553 0.0604498406
87.6944837341 0.0602682816
87.6325088339 0.0601691996
87.5706214689 0.0601460157
87.5088214538 0.0601863008
87.4471086037 0.0602728564
87.3854827343 0.0603849991
87.3239436620 0.0604998481
87.2624912034 0.0605950871
87.2011251758 0.0606507648
87.1398453970 0.0606519789
87.0786516854 0.0605903585
87.0175438596 0.0604635643
86.9565217391 0.0602747616
86.8955851437 0.0600315054
86.8347338936 0.0597445324
86.7739678097 0.0594262335
86.7132867133 0.0590900589
86.6526904263 0.0587478781
86.5921787709 0.0584090404
86.5317515701 0.0580806475
86.4714086471 0.0577674292
86.4111498258 0.0574743400
86.3509749304 0.0572065756
86.2908837857 0.0569698421
86.2308762170 0.0567685817
86.1709520500 0.0566048189
86.1111111111 0.0564768492
86.0513532269 0.0563801843
85.9916782247 0.0563086089
85.9320859321 0.0562552376
85.8725761773 0.0562132172
85.8131487889 0.0561762315
85.7538035961 0.0561383895
85.6945404285 0.0560951624
85.6353591160 0.0560436606
85.5762594893 0.0559847402
85.5172413793 0.0559239817
85.4583046175 0.0558706144
85.3994490358 0.0558360295
85.3406744666 0.0558300593
85.2819807428 0.0558587693
85.2233676976 0.0559236722
85.1648351648 0.0560237866
85.1063829787 0.0561577718
85.0480109739 0.0563252959
84.9897189856 0.0565254707
84.9315068493 0.0567537209
84.8733744011 0.0569985773
84.8153214774 0.0572415806
84.7573479152 0.0574598004
84.6994535519 0.0576312241
84.6416382253 0.0577396061
84.5839017735 0.0577782224
84.5262440354 0.0577488306
84.4686648501 0.0576612549
84.4111640572 0.0575295344
84.3537414966 0.0573705275
84.2963970088 0.0572009219
84.2391304348 0.0570368516
84.1819416158 0.0568920185
84.1248303935 0.0567770067
84.0677966102 0.0566987496
84.0108401084 0.0566616060
83.9539607312 0.0566691821
83.8971583221 0.0567258136
83.8404327248 0.0568355888
83.7837837838 0.0570018338
83.7272113437 0.0572239002
83.6707152497 0.0574952302
83.6142953473 0.0578023690
83.5579514825 0.0581252491
83.5016835017 0.0584381400
83.4454912517 0.0587114965
83.3893745797 0.0589161244
83.3333333333 0.0590264444
83.2773673606 0.0590245925
83.2214765101 0.0589031041
83.1656606304 0.0586656271
83.1099195710 0.0583260079
83.0542531815 0.0579052260
82.9986613119 0.0574288225
82.9431438127 0.0569228656
82.8877005348 0.0564114872
82.8323313293 0.0559151863
82.7770360481 0.0554495117
82.7218145430 0.0550254414
82.6666666667 0.0546491883
82.6115922718 0.0543221373
82.5565912117 0.0540412359
82.5016633400 0.0537995903
82.4468085106 0.0535872899
82.3920265781 0.0533929535
82.3373173971 0.0532049112
82.2826808228 0.0530126665
82.2281167109 0.0528068157
82.1736249172 0.0525787037
82.1192052980 0.0523211233
82.0648577101 0.0520280281
82.0105820106 0.0516966812
81.9563780568 0.0513280845
81.9022457067 0.0509276002
81.8481848185 0.0505034662
81.7941952507 0.0500661319
81.7402768622 0.0496252676
81.6864295125 0.0491885086
81.6326530612 0.0487609890
81.5789473684 0.0483447881
81.5253122945 0.0479398966
81.4717477004 0.0475458649
81.4182534471 0.0471635217
81.3648293963 0.0467957208
81.3114754098 0.0464469813
81.2581913499 0.0461228238
81.2049770792 0.0458278538
81.1518324607 0.0455631492
81.0987573578 0.0453255704
81.0457516340 0.0451075210
80.9928151535 0.0448985824
80.9399477807 0.0446878008
80.8871493803 0.0444657543
80.8344198175 0.0442263466
80.7817589577 0.0439670064
80.7291666667 0.0436874598
80.6766428107 0.0433897538
80.6241872562 0.0430769095
80.5717998700 0.0427528464
80.5194805195 0.0424225483
80.4672290720 0.0420921806
80.4150453956 0.0417686798
80.3629293584 0.0414594521
80.3108808290 0.0411718589
80.2588996764 0.0409122317
80.2069857697 0.0406861793
80.1551389787 0.0404984708
80.1033591731 0.0403524102
80.0516462234 0.0402494424
80.0000000000 0.0401880983
79.9484203740 0.0401637142
79.8969072165 0.0401683452
79.8454603992 0.0401923653
79.7940797941 0.0402257552
79.7427652733 0.0402597291
79.6915167095 0.0402885421
79.6403339756 0.0403087893
79.5892169448 0.0403193877
79.5381654907 0.0403203509
79.4871794872 0.0403113135
79.4362588085 0.0402918155
79.3854033291 0.0402598032
79.3346129239 0.0402137068
79.2838874680 0.0401525460
79.2332268371 0.0400774844
79.1826309068 0.0399917505
79.1320995533 0.0399012235
79.0816326531 0.0398122677
79.0312300829 0.0397310861
78.9808917197 0.0396623513
78.9306174411 0.0396072306
78.8804071247 0.0395629879
78.8302606484 0.0395236576
78.7801778907 0.0394810957
78.7301587302 0.0394275996
78.6802030457 0.0393572984
78.6303107166 0.0392674556
78.5804816223 0.0391580921
78.5307156428 0.0390305696
78.4810126582 0.0388873494
78.4313725490 0.0387301609
78.3817951960 0.0385608356
78.3322804801 0.0383822143
78.2828282828 0.0381992881
78.2334384858 0.0380200296
78.1841109710 0.0378552484
78.1348456207 0.0377168054
78.0856423174 0.0376150383
78.0365009440 0.0375569084
77.9874213836 0.0375443457
77.9384035198 0.0375752363
77.8894472362 0.0376447212
77.8405524168 0.0377478260
77.7917189460 0.0378811830
77.7429467085 0.0380437786
77.6942355890 0.0382365590
77.6455854728 0.0384613422
77.5969962453 0.0387210421
77.5484677924 0.0390186678
77.5000000000 0.0393572115
77.4515927545 0.0397385554
77.4032459426 0.0401620493
77.3549594510 0.0406229366
77.3067331671 0.0411118318
77.2585669782 0.0416143631
77.2104607721 0.0421115003
77.1624144368 0.0425804895
77.1144278607 0.0429976019
77.0665009323 0.0433404312
77.0186335404 0.0435914999
76.9708255742 0.0437399266
76.9230769231 0.0437829622
76.8753874768 0.0437252941
76.8277571252 0.0435772934
76.7801857585 0.0433543979
76.7326732673 0.0430741441
76.6852195424 0.0427553343
76.6378244747 0.0424159063
76.5904879555 0.0420718033
76.5432098765 0.0417366014
76.4959901295 0.0414216292
76.4488286067 0.0411361619
76.4017252002 0.0408873901
76.3546798030 0.0406796448
76.3076923077 0.0405133954
76.2607626076 0.0403843917
76.2138905962 0.0402841224
76.1670761671 0.0402007720
76.1203192142 0.0401216629
76.0736196319 0.0400352560
76.0269773145 0.0399335129
75.9803921569 0.0398130044
75.9338640539 0.0396751734
75.8873929009 0.0395248500
75.8409785933 0.0393680387
75.7946210269 0.0392106082
75.7483200977 0.0390558777
75.7020757021 0.0389045284
75.6558877364 0.0387555535
75.6097560976 0.0386073871
75.5636806825 0.0384597816
75.5176613886 0.0383149676
75.4716981132 0.0381769871
75.4257907543 0.0380502719
75.3799392097 0.0379379227
75.3341433779 0.0378399093
75.2884031573 0.0377527062
75.2427184466 0.0376701670
75.1970891449 0.0375847589
75.1515151515 0.0374896472
75.1059963658 0.0373801825
75.0605326877 0.0372546993
75.0151240169 0.0371150401
74.9697702539 0.0369653897
74.9244712991 0.0368122803
74.8792270531 0.0366626940
74.8340374170 0.0365230358
74.7889022919 0.0363978337
74.7438215793 0.0362883388
74.6987951807 0.0361925319
74.6538229982 0.0361054607
74.6089049338 0.0360205423
74.5640408900 0.0359319652
74.5192307692 0.0358358507
74.4744744745 0.0357312946
74.4297719088 0.0356207739
74.3851229754 0.0355089692
74.3405275779 0.0354015216
74.2959856201 0.0353034212
74.2514970060 0.0352181498
74.2070616397 0.0351467439
74.1626794258 0.0350871673
74.1183502690 0.0350343558
74.0740740741 0.0349813213
74.0298507463 0.0349199223
73.9856801909 0.0348429563
73.9415623137 0.0347455311
73.8974970203 0.0346258387
73.8534842168 0.0344852024
73.8095238095 0.0343278999
73.7656157049 0.0341606555
73.7217598098 0.0339916330
73.6779560309 0.0338296546
73.6342042755 0.0336829235
73.5905044510 0.0335584738
73.5468564650 0.0334611663
73.5032602253 0.0333927489
73.4597156398 0.0333526594
73.4162226169 0.0333371210
73.3727810651 0.0333406798
73.3293908930 0.0333567677
73.2860520095 0.0333790505
73.2427643237 0.0334016576
73.1995277450 0.0334184732
73.1563421829 0.0334233160
73.1132075472 0.0334101425
73.0701237478 0.0333739114
73.0270906949 0.0333125000
72.9841082990 0.0332274601
72.9411764706 0.0331235789
72.8982951205 0.0330079997
72.8554641598 0.0328885415
72.8126834997 0.0327722691
72.7699530516 0.0326656465
72.7272727273 0.0325746799
72.6846424385 0.0325051800
72.6420620972 0.0324636960
72.5995316159 0.0324565276
72.5570509070 0.0324891864
72.5146198830 0.0325650157
72.4722384570 0.0326849853
72.4299065421 0.0328479419
72.3876240514 0.0330506806
72.3453908985 0.0332890275
72.3032069971 0.0335572537
72.2610722611 0.0338491367
72.2189866045 0.0341572341
72.1769499418 0.0344739780
72.1349621873 0.0347908885
72.0930232558 0.0350986128
72.0511330622 0.0353864922
72.0092915215 0.0356431829
71.9674985490 0.0358572139
71.9257540603 0.0360181011
71.8840579710 0.0361182736
71.8424101970 0.0361526948
71.8008106543 0.0361196790
71.7592592593 0.0360203088
71.7177559283 0.0358583514
71.6763005780 0.0356400495
71.6348931254 0.0353739449
71.5935334873 0.0350695730
71.5522215811 0.0347372738
71.5109573241 0.0343874498
71.4697406340 0.0340293036
71.4285714286 0.0336707233
71.3874496258 0.0333178977
71.3463751438 0.0329749722
71.3053479011 0.0326448907
71.2643678161 0.0323296776
71.2234348076 0.0320316921
71.1825487945 0.0317532570
71.1417096959 0.0314972129
71.1009174312 0.0312663137
71.0601719198 0.0310627930
71.0194730813 0.0308879766
70.9788208357 0.0307422163
70.9382151030 0.0306254680
70.8976558033 0.0305372203
70.8571428571 0.0304762249
70.8166761850 0.0304396302
70.7762557078 0.0304230142
70.7358813463 0.0304199938
70.6955530217 0.0304230529
70.6552706553 0.0304254372
70.6150341686 0.0304220823
70.5748434832 0.0304102134
70.5346985210 0.0303897314
70.4945992041 0.0303623353
70.4545454545 0.0303307765
70.4145371948 0.0302981645
70.3745743473 0.0302665831
70.3346568349 0.0302369633
70.2947845805 0.0302082690
70.2549575071 0.0301779370
70.2151755379 0.0301421016
70.1754385965 0.0300971332
70.1357466063 0.0300404688
70.0960994912 0.0299721985
70.0564971751 0.0298945724
70.0169395822 0.0298119431
69.9774266366 0.0297290017
69.9379582628 0.0296496147
69.8985343856 0.0295753161
69.8591549296 0.0295046286
69.8198198198 0.0294338264
69.7805289814 0.0293584906
69.7412823397 0.0292748759
69.7020798201 0.0291814609
69.6629213483 0.0290794348
69.6238068501 0.0289719120
69.5847362514 0.0288632607
69.5457094784 0.0287573137
69.5067264574 0.0286571335
69.4677871148 0.0285649030
69.4288913774 0.0284816681
69.3900391718 0.0284087041
69.3512304251 0.0283478883
69.3124650643 0.0283018543
69.2737430168 0.0282736315
69.2350642099 0.0282656850
69.1964285714 0.0282793461
69.1578360290 0.0283146066
69.1192865106 0.0283703492
69.0807799443 0.0284452309
69.0423162584 0.0285380186
69.0038953812 0.0286483635
68.9655172414 0.0287760032
68.9271817676 0.0289205083
68.8888888889 0.0290800568
68.8506385341 0.0292518410
68.8124306326 0.0294312602
68.7742651137 0.0296124063
68.7361419069 0.0297885819
68.6980609418 0.0299526188
68.6600221484 0.0300964109
68.6220254566 0.0302118249
68.5840707965 0.0302914585
68.5461580984 0.0303287063
68.5082872928 0.0303196124
68.4704583103 0.0302623452
68.4326710817 0.0301578351
68.3949255378 0.0300094541
68.3572216097 0.0298226253
68.3195592287 0.0296046568
68.2819383260 0.0293637232
68.2443588332 0.0291082103
68.2068206821 0.0288460795
68.1693238043 0.0285847878
68.1318681319 0.0283305418
68.0944535969 0.0280892868
68.0570801317 0.0278664196
68.0197476687 0.0276668460
67.9824561404 0.0274948741
67.9452054795 0.0273538109
67.9079956188 0.0272448250
67.8708264915 0.0271676737
67.8336980306 0.0271202248
67.7966101695 0.0270997100
67.7595628415 0.0271029600
67.7225559803 0.0271276956
67.6855895197 0.0271716672
67.6486633933 0.0272331388
67.6117775354 0.0273097062
67.5749318801 0.0273980260
67.5381263617 0.0274935145
67.5013609145 0.0275905811
67.4646354733 0.0276831316
67.4279499728 0.0277654143
67.3913043478 0.0278324789
67.3546985334 0.0278803071
67.3181324647 0.0279063933
67.2816060770 0.0279090985
67.2451193059 0.0278884372
67.2086720867 0.0278453443
67.1722643554 0.0277817508
67.1358960476 0.0277000540
67.0995670996 0.0276027511
67.0632774473 0.0274924042
67.0270270270 0.0273711788
66.9908157753 0.0272413817
66.9546436285 0.0271052227
66.9185105235 0.0269652230
66.8824163970 0.0268238788
66.8463611860 0.0266846894
66.8103448276 0.0265513207
66.7743672590 0.0264285039
66.7384284177 0.0263205872
66.7025282410 0.0262319988
66.6666666667 0.0261653308
66.6308436325 0.0261214699
66.5950590763 0.0260981907
66.5593129361 0.0260908158
66.5236051502 0.0260923701
66.4879356568 0.0260949484
66.4523043944 0.0260908150
66.4167113016 0.0260737637
66.3811563169 0.0260390325
66.3456393793 0.0259845571
66.3101604278 0.0259097875
66.2747194014 0.0258159675
66.2393162393 0.0257058037
66.2039508809 0.0255829229
66.1686232657 0.0254514290
66.1333333333 0.0253160821
66.0980810235 0.0251806775
66.0628662760 0.0250485154
66.0276890309 0.0249213956
65.9925492283 0.0248000296
65.9574468085 0.0246840688
65.9223817119 0.0245732314
65.8873538789 0.0244670197
65.8523632501 0.0243653176
65.8174097665 0.0242681345
65.7824933687 0.0241750304
65.7476139979 0.0240846068
65.7127715951 0.0239949283
65.6779661017 0.0239033222
65.6431974590 0.0238067829
65.6084656085 0.0237028373
65.5737704918 0.0235898105
65.5391120507 0.0234664846
65.5044902272 0.0233331097
65.4699049630 0.0231903548
65.4353562005 0.0230398983
65.4008438819 0.0228840523
65.3663679494 0.0227257959
65.3319283456 0.0225685911
65.2975250132 0.0224164144
65.2631578947 0.0222735447
65.2288269332 0.0221442681
65.1945320715 0.0220318688
65.1602732528 0.0219387000
65.1260504202 0.0218654335
65.0918635171 0.0218109154
65.0577124869 0.0217726151
65.0235972732 0.0217473846
64.9895178197 0.0217316961
64.9554740702 0.0217226546
64.9214659686 0.0217180782
64.8874934589 0.0217165819
64.8535564854 0.0217178696
64.8196549922 0.0217220145
64.7857889237 0.0217291192
64.7519582245 0.0217392413
64.7181628392 0.0217515749
64.6844027126 0.0217650206
64.6506777894 0.0217775469
64.6169880146 0.0217867599
64.5833333333 0.0217897412
64.5497136908 0.0217833401
64.5161290323 0.0217645670
64.4825793032 0.0217310498
64.4490644491 0.0216816117
64.4155844156 0.0216166937
64.3821391485 0.0215380500
64.3487285937 0.0214487977
64.3153526971 0.0213529722
64.2820114049 0.0212544062
64.2487046632 0.0211566399
64.2154324184 0.0210622073
64.1821946170 0.0209725790
64.1489912054 0.0208876130
64.1158221303 0.0208061937
64.0826873385 0.0207265434
64.0495867769 0.0206463182
64.0165203924 0.0205637840
63.9834881321 0.0204781929
63.9504899433 0.0203897033
63.9175257732 0.0202993136
63.8845955693 0.0202084468
63.8516992791 0.0201181096
63.8188368502 0.0200287975
63.7860082305 0.0199400730
63.7532133676 0.0198510519
63.7204522097 0.0197604384
63.6877247047 0.0196673833
63.6550308008 0.0195708566
63.6223704464 0.0194705316
63.5897435897 0.0193664388
63.5571501794 0.0192587575
63.5245901639 0.0191481462
63.4920634921 0.0190356611
63.4595701126 0.0189227679
63.4271099744 0.0188113503
63.3946830266 0.0187033150
63.3622892182 0.0186001952
63.3299284985 0.0185031397
63.2976008167 0.0184126077
63.2653061224 0.0183288043
63.2330443651 0.0182522103
63.2008154944 0.0181840642
63.1686194600 0.0181263314
63.1364562118 0.0180822651
63.1043256997 0.0180552006
63.0722278739 0.0180482211
63.0401626843 0.0180632943
63.0081300813 0.0181004581
62.9761300152 0.0181577754
62.9441624365 0.0182307707
62.9122272958 0.0183130916
62.8803245436 0.0183977990
62.8484541308 0.0184779539
62.8166160081 0.0185483620
62.7848101266 0.0186058236
62.7530364372 0.0186497863
62.7212948912 0.0186822097
62.6895854398 0.0187067951
62.6579080344 0.0187283619
62.6262626263 0.0187515425
62.5946491671 0.0187806027
62.5630676085 0.0188184753
62.5315179022 0.0188666040
62.5000000000 0.0189249321
62.4685138539 0.0189925944
62.4370594159 0.0190677791
62.4056366381 0.0191483538
62.3742454728 0.0192322207
62.3428858723 0.0193168459
62.3115577889 0.0193995894
62.2802611753 0.0194771661
62.2489959839 0.0195466093
62.2177621676 0.0196053053
62.1865596790 0.0196515140
62.1553884712 0.0196851371
62.1242484970 0.0197069791
62.0931397096 0.0197190661
62.0620620621 0.0197234300
62.0310155078 0.0197214126
62.0000000000 0.0197144110
