0.0100000000 90.1046849969
0.0200000000 69.4775306304
0.0300000000 50.2870775569
0.0400000000 36.2608918735
0.0500000000 26.6867534732
0.0600000000 20.1733291091
0.0700000000 15.6549674077
0.0800000000 12.4382124858
0.0900000000 10.0872350588
0.1000000000 8.3266315452
0.1100000000 6.9789520404
0.1200000000 5.9271020792
0.1300000000 5.0919100181
0.1400000000 4.4185844293
0.1500000000 3.8683773831
0.1600000000 3.4133378875
0.1700000000 3.0329354025
0.1800000000 2.7118397391
0.1900000000 2.4384310162
0.2000000000 2.2037806556
0.2100000000 2.0009419021
0.2200000000 1.8244479043
0.2300000000 1.6699510742
0.2400000000 1.5339604503
0.2500000000 1.4136478456
0.2600000000 1.3067030452
0.2700000000 1.2112244964
0.2800000000 1.1256358521
0.2900000000 1.0486217033
0.3000000000 0.9790775608
0.3100000000 0.9160706805
0.3200000000 0.8588090743
0.3300000000 0.8066168293
0.3400000000 0.7589143415
0.3500000000 0.7152023262
0.3600000000 0.6750488907
0.3700000000 0.6380788927
0.3800000000 0.6039652474
0.3900000000 0.5724217665
0.4000000000 0.5431971460
0.4100000000 0.5160700162
0.4200000000 0.4908447681
0.4300000000 0.4673480380
0.4400000000 0.4454257428
0.4500000000 0.4249405771
0.4600000000 0.4057698553
0.4700000000 0.3878036985
0.4800000000 0.3709434807
0.4900000000 0.3551004165
0.5000000000 0.3401944772
0.5100000000 0.3261533325
0.5200000000 0.3129114989
0.5300000000 0.3004095557
0.5400000000 0.2885935236
0.5500000000 0.2774142305
0.5600000000 0.2668268353
0.5700000000 0.2567903892
0.5800000000 0.2472674097
0.5900000000 0.2382235502
0.6000000000 0.2296272732
0.6100000000 0.2214496103
0.6200000000 0.2136638960
0.6300000000 0.2062455631
0.6400000000 0.1991719105
0.6500000000 0.1924219891
0.6600000000 0.1859764120
0.6700000000 0.1798172117
0.6800000000 0.1739277416
0.6900000000 0.1682925476
0.7000000000 0.1628972496
0.7100000000 0.1577284849
0.7200000000 0.1527738093
0.7300000000 0.1480216188
0.7400000000 0.1434610861
0.7500000000 0.1390820885
0.7600000000 0.1348751775
0.7700000000 0.1308315038
0.7800000000 0.1269427886
0.7900000000 0.1232012627
0.8000000000 0.1195996494
0.8100000000 0.1161310977
0.8200000000 0.1127891893
0.8300000000 0.1095678863
0.8400000000 0.1064614958
0.8500000000 0.1034646804
0.8600000000 0.1005723706
0.8700000000 0.0977798316
0.8800000000 0.0950825719
0.8900000000 0.0924763404
0.9000000000 0.0899571475
0.9100000000 0.0875212019
0.9200000000 0.0851649126
0.9300000000 0.0828849086
0.9400000000 0.0806779628
0.9500000000 0.0785410289
0.9600000000 0.0764712412
0.9700000000 0.0744658363
0.9800000000 0.0725222266
0.9900000000 0.0706379496
1.0000000000 0.0688106559
1.0100000000 0.0670381045
1.0200000000 0.0653181788
1.0300000000 0.0636488702
1.0400000000 0.0620282389
1.0500000000 0.0604544620
1.0600000000 0.0589257924
1.0700000000 0.0574405619
1.0800000000 0.0559971938
1.0900000000 0.0545941598
1.1000000000 0.0532300195
1.1100000000 0.0519033872
1.1200000000 0.0506129421
1.1300000000 0.0493574232
1.1400000000 0.0481356210
1.1500000000 0.0469463890
1.1600000000 0.0457886186
1.1700000000 0.0446612502
1.1800000000 0.0435632649
1.1900000000 0.0424936962
1.2000000000 0.0414516124
1.2100000000 0.0404361273
1.2200000000 0.0394463841
1.2300000000 0.0384815477
1.2400000000 0.0375408487
1.2500000000 0.0366235244
1.2600000000 0.0357288369
1.2700000000 0.0348561077
1.2800000000 0.0340046510
1.2900000000 0.0331738335
1.3000000000 0.0323630243
1.3100000000 0.0315716377
1.3200000000 0.0307990922
1.3300000000 0.0300448357
1.3400000000 0.0293083464
1.3500000000 0.0285891080
1.3600000000 0.0278866191
1.3700000000 0.0272004255
1.3800000000 0.0265300483
1.3900000000 0.0258750564
1.4000000000 0.0252350272
1.4100000000 0.0246095463
1.4200000000 0.0239982163
1.4300000000 0.0234006648
1.4400000000 0.0228165131
1.4500000000 0.0222454159
1.4600000000 0.0216870297
1.4700000000 0.0211410143
1.4800000000 0.0206070546
1.4900000000 0.0200848467
1.5000000000 0.0195740897
1.5100000000 0.0190744865
1.5200000000 0.0185857734
1.5300000000 0.0181076683
1.5400000000 0.0176399155
1.5500000000 0.0171822561
1.5600000000 0.0167344576
1.5700000000 0.0162962774
1.5800000000 0.0158674918
1.5900000000 0.0154478749
1.6000000000 0.0150372197
1.6100000000 0.0146353034
1.6200000000 0.0142419431
1.6300000000 0.0138569399
1.6400000000 0.0134801005
1.6500000000 0.0131112436
1.6600000000 0.0127502002
1.6700000000 0.0123967929
1.6800000000 0.0120508568
1.6900000000 0.0117122324
1.7000000000 0.0113807593
1.7100000000 0.0110562955
1.7200000000 0.0107386855
1.7300000000 0.0104277983
1.7400000000 0.0101234836
1.7500000000 0.0098256216
1.7600000000 0.0095340734
1.7700000000 0.0092487181
1.7800000000 0.0089694283
1.7900000000 0.0086960887
1.8000000000 0.0084285950
1.8100000000 0.0081668194
1.8200000000 0.0079106632
1.8300000000 0.0076600218
1.8400000000 0.0074147960
1.8500000000 0.0071748811
1.8600000000 0.0069401836
1.8700000000 0.0067106155
1.8800000000 0.0064860781
1.8900000000 0.0062664943
1.9000000000 0.0060517763
1.9100000000 0.0058418369
1.9200000000 0.0056365992
1.9300000000 0.0054359920
1.9400000000 0.0052399287
1.9500000000 0.0050483485
1.9600000000 0.0048611757
1.9700000000 0.0046783401
1.9800000000 0.0044997767
1.9900000000 0.0043254253
2.0000000000 0.0041552171
2.0100000000 0.0039890976
2.0200000000 0.0038270033
2.0300000000 0.0036688804
2.0400000000 0.0035146756
2.0500000000 0.0033643315
2.0600000000 0.0032178001
2.0700000000 0.0030750336
2.0800000000 0.0029359767
2.0900000000 0.0028005868
2.1000000000 0.0026688220
2.1100000000 0.0025406366
2.1200000000 0.0024159859
2.1300000000 0.0022948297
2.1400000000 0.0021771319
2.1500000000 0.0020628535
2.1600000000 0.0019519595
2.1700000000 0.0018444121
2.1800000000 0.0017401812
2.1900000000 0.0016392306
2.2000000000 0.0015415313
2.2100000000 0.0014470519
2.2200000000 0.0013557648
2.2300000000 0.0012676459
2.2400000000 0.0011826633
2.2500000000 0.0011007944
2.2600000000 0.0010220172
2.2700000000 0.0009463052
2.2800000000 0.0008736406
2.2900000000 0.0008040032
2.3000000000 0.0007373698
2.3100000000 0.0006737264
2.3200000000 0.0006130518
2.3300000000 0.0005553352
2.3400000000 0.0005005577
2.3500000000 0.0004487060
2.3600000000 0.0003997703
2.3700000000 0.0003537358
2.3800000000 0.0003105940
2.3900000000 0.0002703339
2.4000000000 0.0002329476
2.4100000000 0.0001984285
2.4200000000 0.0001667692
2.4300000000 0.0001379664
2.4400000000 0.0001120143
2.4500000000 0.0000889096
2.4600000000 0.0000686518
2.4700000000 0.0000512388
2.4800000000 0.0000366715
2.4900000000 0.0000249511
2.5000000000 0.0000160797
2.5100000000 0.0000100615
2.5200000000 0.0000069009
2.5300000000 0.0000066036
2.5400000000 0.0000091770
2.5500000000 0.0000146293
2.5600000000 0.0000229697
2.5700000000 0.0000342088
2.5800000000 0.0000483589
2.5900000000 0.0000654326
2.6000000000 0.0000854453
2.6100000000 0.0001084114
2.6200000000 0.0001343496
2.6300000000 0.0001632774
2.6400000000 0.0001952142
2.6500000000 0.0002301830
2.6600000000 0.0002682048
2.6700000000 0.0003093059
2.6800000000 0.0003535101
2.6900000000 0.0004008470
2.7000000000 0.0004513435
2.7100000000 0.0005050333
2.7200000000 0.0005619485
2.7300000000 0.0006221198
2.7400000000 0.0006855898
2.7500000000 0.0007523904
2.7600000000 0.0008225658
2.7700000000 0.0008961572
2.7800000000 0.0009732106
2.7900000000 0.0010537705
2.8000000000 0.0011378883
2.8100000000 0.0012256163
2.8200000000 0.0013170034
2.8300000000 0.0014121109
2.8400000000 0.0015109991
2.8500000000 0.0016137279
2.8600000000 0.0017203630
2.8700000000 0.0018309694
2.8800000000 0.0019456272
2.8900000000 0.0020644036
2.9000000000 0.0021873804
2.9100000000 0.0023146456
2.9200000000 0.0024462735
2.9300000000 0.0025823637
2.9400000000 0.0027230140
2.9500000000 0.0028683101
2.9600000000 0.0030183754
2.9700000000 0.0031733039
2.9800000000 0.0033332156
2.9900000000 0.0034982325
3.0000000000 0.0036684780
3.0100000000 0.0038440906
3.0200000000 0.0040252126
3.0300000000 0.0042119800
3.0400000000 0.0044045534
3.0500000000 0.0046030951
3.0600000000 0.0048077731
3.0700000000 0.0050187787
3.0800000000 0.0052362878
3.0900000000 0.0054605059
3.1000000000 0.0056916501
3.1100000000 0.0059299449
3.1200000000 0.0061756101
3.1300000000 0.0064289150
3.1400000000 0.0066901079
3.1500000000 0.0069594755
3.1600000000 0.0072373164
3.1700000000 0.0075239434
3.1800000000 0.0078196939
3.1900000000 0.0081249082
3.2000000000 0.0084399783
3.2100000000 0.0087652989
3.2200000000 0.0091012985
3.2300000000 0.0094484352
3.2400000000 0.0098071909
3.2500000000 0.0101780920
3.2600000000 0.0105616840
3.2700000000 0.0109585831
3.2800000000 0.0113694067
3.2900000000 0.0117948509
3.3000000000 0.0122356500
3.3100000000 0.0126925809
3.3200000000 0.0131665285
3.3300000000 0.0136583765
3.3400000000 0.0141691291
3.3500000000 0.0146998489
3.3600000000 0.0152517004
3.3700000000 0.0158259122
3.3800000000 0.0164238353
3.3900000000 0.0170469330
3.4000000000 0.0176967781
3.4100000000 0.0183750592
3.4200000000 0.0190836191
3.4300000000 0.0198244404
3.4400000000 0.0205996284
3.4500000000 0.0214114812
3.4600000000 0.0222624169
3.4700000000 0.0231549747
3.4800000000 0.0240918708
3.4900000000 0.0250758189
3.5000000000 0.0261096126
3.5100000000 0.0271959426
3.5200000000 0.0283372407
3.5300000000 0.0295355028
3.5400000000 0.0307919868
3.5500000000 0.0321066811
3.5600000000 0.0334777576
3.5700000000 0.0349006735
3.5800000000 0.0363670987
3.5900000000 0.0378634780
3.6000000000 0.0393693648
3.6100000000 0.0408557842
3.6200000000 0.0422836471
3.6300000000 0.0436035118
3.6400000000 0.0447570392
3.6500000000 0.0456818563
3.6600000000 0.0463201400
3.6700000000 0.0466305422
3.6800000000 0.0466008154
3.6900000000 0.0462563384
3.7000000000 0.0456609837
3.7100000000 0.0449089083
3.7200000000 0.0441104953
3.7300000000 0.0433766585
3.7400000000 0.0428054530
3.7500000000 0.0424723610
3.7600000000 0.0424241954
3.7700000000 0.0426776101
3.7800000000 0.0432210986
3.7900000000 0.0440203176
3.8000000000 0.0450245282
3.8100000000 0.0461730223
3.8200000000 0.0473994235
3.8300000000 0.0486332261
3.8400000000 0.0497976538
3.8500000000 0.0508059776
3.8600000000 0.0515595992
3.8700000000 0.0519521815
3.8800000000 0.0518823927
3.8900000000 0.0512742837
3.9000000000 0.0500990902
3.9100000000 0.0483908712
3.9200000000 0.0462484159
3.9300000000 0.0438207870
3.9400000000 0.0412809434
3.9500000000 0.0387955889
3.9600000000 0.0365011351
3.9700000000 0.0344923076
3.9800000000 0.0328239399
3.9900000000 0.0315213107
4.0000000000 0.0305925911
4.0100000000 0.0300378605
4.0200000000 0.0298533424
4.0300000000 0.0300316966
4.0400000000 0.0305614217
4.0500000000 0.0314265416
4.0600000000 0.0326073307
4.0700000000 0.0340814861
4.0800000000 0.0358249241
4.0900000000 0.0378122122
4.1000000000 0.0400155763
4.1100000000 0.0424033122
4.1200000000 0.0449373477
4.1300000000 0.0475702563
4.1400000000 0.0502423396
4.1500000000 0.0528795458
4.1600000000 0.0553934188
4.1700000000 0.0576838536
4.1800000000 0.0596460772
4.1900000000 0.0611812099
4.2000000000 0.0622103353
4.2100000000 0.0626891597
4.2200000000 0.0626216484
4.2300000000 0.0620677717
4.2400000000 0.0611422407
4.2500000000 0.0600011305
4.2600000000 0.0588179854
4.2700000000 0.0577549745
4.2800000000 0.0569370180
4.2900000000 0.0564361556
4.3000000000 0.0562688083
4.3100000000 0.0564048437
4.3200000000 0.0567830063
4.3300000000 0.0573284122
4.3400000000 0.0579652081
4.3500000000 0.0586226941
4.3600000000 0.0592343776
4.3700000000 0.0597336356
4.3800000000 0.0600508565
4.3900000000 0.0601148723
4.4000000000 0.0598602152
4.4100000000 0.0592379296
4.4200000000 0.0582270993
4.4300000000 0.0568429070
4.4400000000 0.0551367649
4.4500000000 0.0531893881
4.4600000000 0.0510988550
4.4700000000 0.0489685285
4.4800000000 0.0468964317
4.4900000000 0.0449678216
4.5000000000 0.0432510256
4.5100000000 0.0417970492
4.5200000000 0.0406422976
4.5300000000 0.0398126503
4.5400000000 0.0393263433
4.5500000000 0.0391940727
4.5600000000 0.0394163448
4.5700000000 0.0399800942
4.5800000000 0.0408569790
4.5900000000 0.0420046534
4.6000000000 0.0433708536
4.6100000000 0.0448998869
4.6200000000 0.0465386997
4.6300000000 0.0482414082
4.6400000000 0.0499692665
4.6500000000 0.0516871127
4.6600000000 0.0533583842
4.6700000000 0.0549422346
4.6800000000 0.0563955781
4.6900000000 0.0576802305
4.7000000000 0.0587728228
4.7100000000 0.0596743838
4.7200000000 0.0604161790
4.7300000000 0.0610586357
4.7400000000 0.0616836316
4.7500000000 0.0623810419
4.7600000000 0.0632348085
4.7700000000 0.0643131035
4.7800000000 0.0656641868
4.7900000000 0.0673170165
4.8000000000 0.0692827783
4.8100000000 0.0715543968
4.8200000000 0.0741031527
4.8300000000 0.0768734512
4.8400000000 0.0797794921
4.8500000000 0.0827037727
4.8600000000 0.0854996292
4.8700000000 0.0879993386
4.8800000000 0.0900287395
4.8900000000 0.0914298857
4.9000000000 0.0920870503
4.9100000000 0.0919488963
4.9200000000 0.0910364837
4.9300000000 0.0894325882
4.9400000000 0.0872566212
4.9500000000 0.0846387742
4.9600000000 0.0817063885
4.9700000000 0.0785858807
4.9800000000 0.0754107398
4.9900000000 0.0723238094
5.0000000000 0.0694665518
5.0100000000 0.0669618089
5.0200000000 0.0648989966
5.0300000000 0.0633295377
5.0400000000 0.0622722354
5.0500000000 0.0617223384
5.0600000000 0.0616606340
5.0700000000 0.0620596721
5.0800000000 0.0628865161
5.0900000000 0.0641028510
5.1000000000 0.0656613182
5.1100000000 0.0675005339
5.1200000000 0.0695412874
5.1300000000 0.0716872697
5.1400000000 0.0738325748
5.1500000000 0.0758750332
5.1600000000 0.0777324072
5.1700000000 0.0793567215
5.1800000000 0.0807416477
5.1900000000 0.0819210390
5.2000000000 0.0829600181
5.2100000000 0.0839442667
5.2200000000 0.0849716182
5.2300000000 0.0861477104
5.2400000000 0.0875810083
5.2500000000 0.0893736655
5.2600000000 0.0916072240
5.2700000000 0.0943276857
5.2800000000 0.0975351701
5.2900000000 0.1011799065
5.3000000000 0.1051653249
5.3100000000 0.1093565671
5.3200000000 0.1135925931
5.3300000000 0.1177021748
5.3400000000 0.1215234956
5.3500000000 0.1249255740
5.3600000000 0.1278280343
5.3700000000 0.1302138152
5.3800000000 0.1321273076
5.3900000000 0.1336552198
5.4000000000 0.1348963097
5.4100000000 0.1359324437
5.4200000000 0.1368149336
5.4300000000 0.1375719397
5.4400000000 0.1382328781
5.4500000000 0.1388573237
5.4600000000 0.1395548285
5.4700000000 0.1404849604
5.4800000000 0.1418392686
5.4900000000 0.1438118206
5.5000000000 0.1465718041
5.5100000000 0.1502442078
5.5200000000 0.1549022067
5.5300000000 0.1605659959
5.5400000000 0.1672060049
5.5500000000 0.1747471157
5.5600000000 0.1830767269
5.5700000000 0.1920568743
5.5800000000 0.2015452026
5.5900000000 0.2114216690
5.6000000000 0.2216175622
5.6100000000 0.2321365643
5.6200000000 0.2430609677
5.6300000000 0.2545391010
5.6400000000 0.2667599182
5.6500000000 0.2799219289
5.6600000000 0.2942059751
5.6700000000 0.3097530054
5.6800000000 0.3266463745
5.6900000000 0.3448967642
5.7000000000 0.3644250773
5.7100000000 0.3850472034
5.7200000000 0.4064653014
5.7300000000 0.4282731246
5.7400000000 0.4499826395
5.7500000000 0.4710686401
5.7600000000 0.4910234634
5.7700000000 0.5094090955
5.7800000000 0.5258937834
5.7900000000 0.5402662189
5.8000000000 0.5524198071
5.8100000000 0.5623133661
5.8200000000 0.5699186007
5.8300000000 0.5751789740
5.8400000000 0.5779981884
5.8500000000 0.5782650789
5.8600000000 0.5759049644
5.8700000000 0.5709314901
5.8800000000 0.5634780079
5.8900000000 0.5537922765
5.9000000000 0.5422041683
5.9100000000 0.5290821822
5.9200000000 0.5147933074
5.9300000000 0.4996769317
5.9400000000 0.4840284332
5.9500000000 0.4680970953
5.9600000000 0.4520942413
5.9700000000 0.4362110292
5.9800000000 0.4206335228
5.9900000000 0.4055502516
6.0000000000 0.3911424322
6.0100000000 0.3775636553
6.0200000000 0.3649129357
6.0300000000 0.3532170725
6.0400000000 0.3424276976
6.0500000000 0.3324383453
6.0600000000 0.3231103312
6.0700000000 0.3143006255
6.0800000000 0.3058793299
6.0900000000 0.2977328161
6.1000000000 0.2897532965
6.1100000000 0.2818240364
6.1200000000 0.2738096874
6.1300000000 0.2655657025
6.1400000000 0.2569652698
6.1500000000 0.2479395234
6.1600000000 0.2385141387
6.1700000000 0.2288290569
6.1800000000 0.2191297532
6.1900000000 0.2097320319
6.2000000000 0.2009679000
6.2100000000 0.1931313717
6.2200000000 0.1864405994
6.2300000000 0.1810258124
6.2400000000 0.1769376849
6.2500000000 0.1741629094
6.2600000000 0.1726350087
6.2700000000 0.1722355704
6.2800000000 0.1727906672
6.2900000000 0.1740712623
6.3000000000 0.1758075122
6.3100000000 0.1777181230
6.3200000000 0.1795509832
6.3300000000 0.1811203342
6.3400000000 0.1823255878
6.3500000000 0.1831409470
6.3600000000 0.1835812623
6.3700000000 0.1836565876
6.3800000000 0.1833350138
6.3900000000 0.1825273479
6.4000000000 0.1811018852
6.4100000000 0.1789239994
6.4200000000 0.1759070694
6.4300000000 0.1720561950
6.4400000000 0.1674850845
6.4500000000 0.1623993930
6.4600000000 0.1570535830
6.4700000000 0.1516961528
6.4800000000 0.1465250532
6.4900000000 0.1416640138
6.5000000000 0.1371686148
6.5100000000 0.1330553978
6.5200000000 0.1293419747
6.5300000000 0.1260796748
6.5400000000 0.1233653178
6.5500000000 0.1213310191
6.5600000000 0.1201188962
6.5700000000 0.1198514930
6.5800000000 0.1206055805
6.5900000000 0.1223939486
6.6000000000 0.1251570243
6.6100000000 0.1287646354
6.6200000000 0.1330275653
6.6300000000 0.1377169421
6.6400000000 0.1425879189
6.6500000000 0.1474039165
6.6600000000 0.1519578662
6.6700000000 0.1560909321
6.6800000000 0.1597104583
6.6900000000 0.1628026524
6.7000000000 0.1654303779
6.7100000000 0.1677101184
6.7200000000 0.1697688577
6.7300000000 0.1716955737
6.7400000000 0.1735009253
6.7500000000 0.1750943091
6.7600000000 0.1762840411
6.7700000000 0.1767977048
6.7800000000 0.1763256871
6.7900000000 0.1745813929
6.8000000000 0.1713704681
6.8100000000 0.1666524289
6.8200000000 0.1605718840
6.8300000000 0.1534485119
6.8400000000 0.1457239755
6.8500000000 0.1378823219
6.8600000000 0.1303696834
6.8700000000 0.1235339644
6.8800000000 0.1175969083
6.8900000000 0.1126593091
6.9000000000 0.1087325697
6.9100000000 0.1057832477
6.9200000000 0.1037761234
6.9300000000 0.1027013025
6.9400000000 0.1025789380
6.9500000000 0.1034439391
6.9600000000 0.1053222924
6.9700000000 0.1082086556
6.9800000000 0.1120528590
6.9900000000 0.1167596542
7.0000000000 0.1221995306
7.0100000000 0.1282264502
7.0200000000 0.1346937639
7.0300000000 0.1414580232
7.0400000000 0.1483708553
7.0500000000 0.1552660429
7.0600000000 0.1619609597
7.0700000000 0.1682826049
7.0800000000 0.1741136167
7.0900000000 0.1794362194
7.1000000000 0.1843491710
7.1100000000 0.1890459874
7.1200000000 0.1937693367
7.1300000000 0.1987652843
7.1400000000 0.2042573534
7.1500000000 0.2104421974
7.1600000000 0.2174895849
7.1700000000 0.2255334808
7.1800000000 0.2346435716
7.1900000000 0.2447879009
7.2000000000 0.2557982839
7.2100000000 0.2673535047
7.2200000000 0.2789923100
7.2300000000 0.2901582536
7.2400000000 0.3002714259
7.2500000000 0.3088103992
7.2600000000 0.3153819384
7.2700000000 0.3197534633
7.2800000000 0.3218465827
7.2900000000 0.3217038011
7.3000000000 0.3194565676
7.3100000000 0.3153101385
7.3200000000 0.3095406869
7.3300000000 0.3024888328
7.3400000000 0.2945389151
7.3500000000 0.2860850552
7.3600000000 0.2775021103
7.3700000000 0.2691262925
7.3800000000 0.2612429003
7.3900000000 0.2540736821
7.4000000000 0.2477628456
7.4100000000 0.2423701713
7.4200000000 0.2378815443
7.4300000000 0.2342397821
7.4400000000 0.2313862235
7.4500000000 0.2292945895
7.4600000000 0.2279812460
7.4700000000 0.2274816987
7.4800000000 0.2278053175
7.4900000000 0.2288914654
7.5000000000 0.2305909754
7.5100000000 0.2326859705
7.5200000000 0.2349388633
7.5300000000 0.2371437793
7.5400000000 0.2391589223
7.5500000000 0.2409104823
7.5600000000 0.2423841537
7.5700000000 0.2436211132
7.5800000000 0.2447269990
7.5900000000 0.2458780930
7.6000000000 0.2473081025
7.6100000000 0.2492680124
7.6200000000 0.2519662338
7.6300000000 0.2555124414
7.6400000000 0.2598830551
7.6500000000 0.2649238728
7.6600000000 0.2703951786
7.6700000000 0.2760488728
7.6800000000 0.2817137547
7.6900000000 0.2873583450
7.7000000000 0.2931011244
7.7100000000 0.2991598627
7.7200000000 0.3057545165
7.7300000000 0.3129953084
7.7400000000 0.3207982579
7.7500000000 0.3288540052
7.7600000000 0.3366683055
7.7700000000 0.3436645756
7.7800000000 0.3493202205
7.7900000000 0.3532944296
7.8000000000 0.3555001990
7.8100000000 0.3561001924
7.8200000000 0.3554382280
7.8300000000 0.3539416654
7.8400000000 0.3520335044
7.8500000000 0.3500739025
7.8600000000 0.3483363184
7.8700000000 0.3470125990
7.8800000000 0.3462344592
7.8900000000 0.3460948949
7.9000000000 0.3466505320
7.9100000000 0.3479043306
7.9200000000 0.3497836985
7.9300000000 0.3521379609
7.9400000000 0.3547615501
7.9500000000 0.3574385449
7.9600000000 0.3599816304
7.9700000000 0.3622565407
7.9800000000 0.3641900191
7.9900000000 0.3657738173
8.0000000000 0.3670636138
8.0100000000 0.3681676134
8.0200000000 0.3692200415
8.0300000000 0.3703505639
8.0400000000 0.3716586822
8.0500000000 0.3732026884
8.0600000000 0.3749926218
8.0700000000 0.3769809539
8.0800000000 0.3790510428
8.0900000000 0.3810128468
8.1000000000 0.3826115183
8.1100000000 0.3835484338
8.1200000000 0.3835065999
8.1300000000 0.3821809852
8.1400000000 0.3793171772
8.1500000000 0.3747608602
8.1600000000 0.3685073919
8.1700000000 0.3607306796
8.1800000000 0.3517823983
8.1900000000 0.3421573395
8.2000000000 0.3324391906
8.2100000000 0.3232383016
8.2200000000 0.3151305858
8.2300000000 0.3086033087
8.2400000000 0.3040098397
8.2500000000 0.3015359458
8.2600000000 0.3011826393
8.2700000000 0.3027678054
8.2800000000 0.3059492115
8.2900000000 0.3102712793
8.3000000000 0.3152267635
8.3100000000 0.3203187666
8.3200000000 0.3251032962
8.3300000000 0.3292004240
8.3400000000 0.3322820369
8.3500000000 0.3340568090
8.3600000000 0.3342738400
8.3700000000 0.3327508908
8.3800000000 0.3294174810
8.3900000000 0.3243493545
8.4000000000 0.3177816558
8.4100000000 0.3100963032
8.4200000000 0.3017863146
8.4300000000 0.2934042004
8.4400000000 0.2854958384
8.4500000000 0.2785321591
8.4600000000 0.2728512308
8.4700000000 0.2686235667
8.4800000000 0.2658486255
8.4900000000 0.2643810637
8.5000000000 0.2639736495
8.5100000000 0.2643208906
8.5200000000 0.2650951183
8.5300000000 0.2659670334
8.5400000000 0.2666210283
8.5500000000 0.2667638499
8.5600000000 0.2661329677
8.5700000000 0.2645057167
8.5800000000 0.2617146179
8.5900000000 0.2576729568
8.6000000000 0.2524021203
8.6100000000 0.2460501402
8.6200000000 0.2388816565
8.6300000000 0.2312385887
8.6400000000 0.2234804322
8.6500000000 0.2159235809
8.6600000000 0.2087944183
8.6700000000 0.2022061868
8.6800000000 0.1961609150
8.6900000000 0.1905715976
8.7000000000 0.1853014765
8.7100000000 0.1802100210
8.7200000000 0.1751981279
8.7300000000 0.1702410376
8.7400000000 0.1653989550
8.7500000000 0.1608039393
8.7600000000 0.1566271967
8.7700000000 0.1530400248
8.7800000000 0.1501794624
8.7900000000 0.1481271383
8.8000000000 0.1469042831
8.8100000000 0.1464783312
8.8200000000 0.1467759672
8.8300000000 0.1476959107
8.8400000000 0.1491154190
8.8500000000 0.1508962427
8.8600000000 0.1528943612
8.8700000000 0.1549805570
8.8800000000 0.1570704933
8.8900000000 0.1591518767
8.9000000000 0.1612958770
8.9100000000 0.1636432921
8.9200000000 0.1663678935
8.9300000000 0.1696264916
8.9400000000 0.1735113101
8.9500000000 0.1780137387
8.9600000000 0.1830057647
8.9700000000 0.1882386954
8.9800000000 0.1933587354
8.9900000000 0.1979425384
9.0000000000 0.2015526099
9.0100000000 0.2038117639
9.0200000000 0.2044806974
9.0300000000 0.2035125945
9.0400000000 0.2010631549
9.0500000000 0.1974530485
9.0600000000 0.1930965173
9.0700000000 0.1884208246
9.0800000000 0.1837994653
9.0900000000 0.1795110377
9.1000000000 0.1757298265
9.1100000000 0.1725458212
9.1200000000 0.1700016340
9.1300000000 0.1681311325
9.1400000000 0.1669803770
9.1500000000 0.1666053252
9.1600000000 0.1670474133
9.1700000000 0.1683018128
9.1800000000 0.1702928516
9.1900000000 0.1728698810
9.2000000000 0.1758264224
9.2100000000 0.1789334251
9.2200000000 0.1819749378
9.2300000000 0.1847712981
9.2400000000 0.1871864592
9.2500000000 0.1891218001
9.2600000000 0.1905047012
9.2700000000 0.1912795813
9.2800000000 0.1914069754
9.2900000000 0.1908718237
9.3000000000 0.1896991061
9.3100000000 0.1879661314
9.3200000000 0.1858039681
9.3300000000 0.1833807881
9.3400000000 0.1808724878
9.3500000000 0.1784257237
9.3600000000 0.1761265346
9.3700000000 0.1739858401
9.3800000000 0.1719446085
9.3900000000 0.1698959775
9.4000000000 0.1677149751
9.4100000000 0.1652847582
9.4200000000 0.1625144086
9.4300000000 0.1593497586
9.4400000000 0.1557809911
9.4500000000 0.1518474029
9.4600000000 0.1476380552
9.4700000000 0.1432849766
9.4800000000 0.1389512918
9.4900000000 0.1348120169
9.5000000000 0.1310343202
9.5100000000 0.1277599783
9.5200000000 0.1250938271
9.5300000000 0.1231020415
9.5400000000 0.1218189369
9.5500000000 0.1212587540
9.5600000000 0.1214240459
9.5700000000 0.1223079123
9.5800000000 0.1238887623
9.5900000000 0.1261232040
9.6000000000 0.1289410613
9.6100000000 0.1322469176
9.6200000000 0.1359294307
9.6300000000 0.1398711393
9.6400000000 0.1439550901
9.6500000000 0.1480610325
9.6600000000 0.1520587038
9.6700000000 0.1558030299
9.6800000000 0.1591434844
9.6900000000 0.1619461015
9.7000000000 0.1641208077
9.7100000000 0.1656400900
9.7200000000 0.1665385587
9.7300000000 0.1668951840
9.7400000000 0.1668074087
9.7500000000 0.1663655492
9.7600000000 0.1656402677
9.7700000000 0.1646833847
9.7800000000 0.1635384548
9.7900000000 0.1622538785
9.8000000000 0.1608904130
9.8100000000 0.1595209892
9.8200000000 0.1582234185
9.8300000000 0.1570719671
9.8400000000 0.1561297948
9.8500000000 0.1554449517
9.8600000000 0.1550495994
9.8700000000 0.1549642499
9.8800000000 0.1552012039
9.8900000000 0.1557666415
9.9000000000 0.1566576158
9.9100000000 0.1578579982
9.9200000000 0.1593339610
9.9300000000 0.1610311350
9.9400000000 0.1628760764
9.9500000000 0.1647848177
9.9600000000 0.1666772071
9.9700000000 0.1684917105
9.9800000000 0.1701923010
9.9900000000 0.1717662034
10.0000000000 0.1732176511
10.0100000000 0.1745619205
10.0200000000 0.1758259608
10.0300000000 0.1770500336
10.0400000000 0.1782848638
10.0500000000 0.1795809986
10.0600000000 0.1809737335
10.0700000000 0.1824711257
10.0800000000 0.1840537238
10.0900000000 0.1856864477
10.1000000000 0.1873347261
10.1100000000 0.1889749176
10.1200000000 0.1905910124
10.1300000000 0.1921619857
10.1400000000 0.1936468258
10.1500000000 0.1949774629
10.1600000000 0.1960618132
10.1700000000 0.1967927217
10.1800000000 0.1970611302
10.1900000000 0.1967705692
10.2000000000 0.1958510966
10.2100000000 0.1942707683
10.2200000000 0.1920415209
10.2300000000 0.1892212253
10.2400000000 0.1859113544
10.2500000000 0.1822497660
10.2600000000 0.1783987849
10.2700000000 0.1745283201
10.2800000000 0.1708003461
10.2900000000 0.1673580868
10.3000000000 0.1643233410
10.3100000000 0.1617989565
10.3200000000 0.1598728964
10.3300000000 0.1586146041
10.3400000000 0.1580631926
10.3500000000 0.1582093580
10.3600000000 0.1589782048
10.3700000000 0.1602226917
10.3800000000 0.1617326765
10.3900000000 0.1632634963
10.4000000000 0.1645740696
10.4100000000 0.1654652972
10.4200000000 0.1658061008
10.4300000000 0.1655432488
10.4400000000 0.1646955245
10.4500000000 0.1633382457
10.4600000000 0.1615820198
10.4700000000 0.1595516072
10.4800000000 0.1573657091
10.4900000000 0.1551236010
10.5000000000 0.1528987670
10.5100000000 0.1507389093
10.5200000000 0.1486696634
10.5300000000 0.1466995624
10.5400000000 0.1448241351
10.5500000000 0.1430276947
10.5600000000 0.1412875585
10.5700000000 0.1395772335
10.5800000000 0.1378698012
10.5900000000 0.1361373064
10.6000000000 0.1343479666
10.6100000000 0.1324633182
10.6200000000 0.1304408804
10.6300000000 0.1282421258
10.6400000000 0.1258434391
10.6500000000 0.1232444299
10.6600000000 0.1204722871
10.6700000000 0.1175807785
10.6800000000 0.1146451623
10.6900000000 0.1117546694
10.7000000000 0.1090043137
10.7100000000 0.1064867463
10.7200000000 0.1042835409
10.7300000000 0.1024589187
10.7400000000 0.1010531798
10.7500000000 0.1000786205
10.7600000000 0.0995159493
10.7700000000 0.0993171774
10.7800000000 0.0994105025
10.7900000000 0.0997104480
10.8000000000 0.1001289216
10.8100000000 0.1005852311
10.8200000000 0.1010144669
10.8300000000 0.1013726531
10.8400000000 0.1016389062
10.8500000000 0.1018132984
10.8600000000 0.1019118611
10.8700000000 0.1019597749
10.8800000000 0.1019836947
10.8900000000 0.1020050502
10.9000000000 0.1020353301
10.9100000000 0.1020749235
10.9200000000 0.1021165524
10.9300000000 0.1021513857
10.9400000000 0.1021755629
10.9500000000 0.1021968681
10.9600000000 0.1022370838
10.9700000000 0.1023337486
10.9800000000 0.1025364017
10.9900000000 0.1029019535
11.0000000000 0.1034895748
11.0100000000 0.1043589553
11.0200000000 0.1055703398
11.0300000000 0.1071834974
11.0400000000 0.1092525642
11.0500000000 0.1118150628
11.0600000000 0.1148787956
11.0700000000 0.1184108254
11.0800000000 0.1223337052
11.0900000000 0.1265314727
11.1000000000 0.1308641840
11.1100000000 0.1351870532
11.1200000000 0.1393673004
11.1300000000 0.1432928256
11.1400000000 0.1468714984
11.1500000000 0.1500224807
11.1600000000 0.1526676887
11.1700000000 0.1547262880
11.1800000000 0.1561216901
11.1900000000 0.1567963117
11.2000000000 0.1567314927
11.2100000000 0.1559594898
11.2200000000 0.1545625179
11.2300000000 0.1526586300
11.2400000000 0.1503783087
11.2500000000 0.1478424704
11.2600000000 0.1451479891
11.2700000000 0.1423613743
11.2800000000 0.1395233046
11.2900000000 0.1366586291
11.3000000000 0.1337860847
11.3100000000 0.1309237446
11.3200000000 0.1280882850
11.3300000000 0.1252910197
11.3400000000 0.1225339906
11.3500000000 0.1198113174
11.3600000000 0.1171147861
11.3700000000 0.1144416727
11.3800000000 0.1117990433
11.3900000000 0.1092041042
11.4000000000 0.1066789395
11.4100000000 0.1042424666
11.4200000000 0.1019051509
11.4300000000 0.0996650132
11.4400000000 0.0975098622
11.4500000000 0.0954223597
11.4600000000 0.0933879819
11.4700000000 0.0914009910
11.4800000000 0.0894688782
11.4900000000 0.0876104450
11.5000000000 0.0858517376
11.5100000000 0.0842190306
11.5200000000 0.0827332496
11.5300000000 0.0814060147
11.5400000000 0.0802386686
11.5500000000 0.0792246049
11.5600000000 0.0783530400
11.5700000000 0.0776123869
11.5800000000 0.0769924241
11.5900000000 0.0764852334
11.6000000000 0.0760853162
11.6100000000 0.0757895260
11.6200000000 0.0755969703
11.6300000000 0.0755084401
11.6400000000 0.0755244149
11.6500000000 0.0756433612
11.6600000000 0.0758610539
11.6700000000 0.0761714060
11.6800000000 0.0765683084
11.6900000000 0.0770487672
11.7000000000 0.0776144389
11.7100000000 0.0782727586
11.7200000000 0.0790371713
11.7300000000 0.0799269063
11.7400000000 0.0809655271
11.7500000000 0.0821779990
11.7600000000 0.0835859451
11.7700000000 0.0852007504
11.7800000000 0.0870163622
11.7900000000 0.0890045904
11.8000000000 0.0911113477
11.8100000000 0.0932569502
11.8200000000 0.0953395013
11.8300000000 0.0972436559
11.8400000000 0.0988528470
11.8500000000 0.1000664797
11.8600000000 0.1008155810
11.8700000000 0.1010744808
11.8800000000 0.1008611719
11.8900000000 0.1002308124
11.9000000000 0.0992598541
11.9100000000 0.0980306145
11.9200000000 0.0966172858
11.9300000000 0.0950780561
11.9400000000 0.0934524685
11.9500000000 0.0917641496
11.9600000000 0.0900258559
11.9700000000 0.0882475336
11.9800000000 0.0864423281
11.9900000000 0.0846318026
12.0000000000 0.0828466467
12.0100000000 0.0811252594
12.0200000000 0.0795096677
12.0300000000 0.0780428645
12.0400000000 0.0767660451
12.0500000000 0.0757184866
12.0600000000 0.0749354908
12.0700000000 0.0744460595
12.0800000000 0.0742690129
12.0900000000 0.0744094382
12.1000000000 0.0748572867
12.1100000000 0.0755875189
12.1200000000 0.0765625295
12.1300000000 0.0777333036
12.1400000000 0.0790416534
12.1500000000 0.0804227669
12.1600000000 0.0818094095
12.1700000000 0.0831370923
12.1800000000 0.0843489878
12.1900000000 0.0854018539
12.2000000000 0.0862704993
12.2100000000 0.0869511129
12.2200000000 0.0874604700
12.2300000000 0.0878307727
12.2400000000 0.0880993164
12.2500000000 0.0882976085
12.2600000000 0.0884422000
12.2700000000 0.0885318596
12.2800000000 0.0885508304
12.2900000000 0.0884777421
12.3000000000 0.0882942644
12.3100000000 0.0879920550
12.3200000000 0.0875754685
12.3300000000 0.0870603613
12.3400000000 0.0864720823
12.3500000000 0.0858405997
12.3600000000 0.0851966685
12.3700000000 0.0845677456
12.3800000000 0.0839754205
12.3900000000 0.0834340923
12.4000000000 0.0829525160
12.4100000000 0.0825375074
12.4200000000 0.0821982134
12.4300000000 0.0819512916
12.4400000000 0.0818220539
12.4500000000 0.0818427924
12.4600000000 0.0820481804
12.4700000000 0.0824671210
12.4800000000 0.0831122061
12.4900000000 0.0839689568
12.5000000000 0.0849889034
12.5100000000 0.0860885919
12.5200000000 0.0871594768
12.5300000000 0.0880852751
12.5400000000 0.0887610873
12.5500000000 0.0891099226
12.5600000000 0.0890888861
12.5700000000 0.0886902007
12.5800000000 0.0879365858
12.5900000000 0.0868762821
12.6000000000 0.0855770559
12.6100000000 0.0841195754
12.6200000000 0.0825890480
12.6300000000 0.0810670651
12.6400000000 0.0796262755
12.6500000000 0.0783258154
12.6600000000 0.0772100372
12.6700000000 0.0763088375
12.6800000000 0.0756366613
12.6900000000 0.0751922228
12.7000000000 0.0749584395
12.7100000000 0.0749041148
12.7200000000 0.0749871074
12.7300000000 0.0751602092
12.7400000000 0.0753780549
12.7500000000 0.0756036466
12.7600000000 0.0758143764
12.7700000000 0.0760040290
12.7800000000 0.0761804611
12.7900000000 0.0763608113
12.8000000000 0.0765649936
12.8100000000 0.0768118047
12.8200000000 0.0771149087
12.8300000000 0.0774822693
12.8400000000 0.0779153637
12.8500000000 0.0784086098
12.8600000000 0.0789502817
12.8700000000 0.0795236904
12.8800000000 0.0801080259
12.8900000000 0.0806799720
12.9000000000 0.0812153738
12.9100000000 0.0816919261
12.9200000000 0.0820927345
12.9300000000 0.0824088879
12.9400000000 0.0826390032
12.9500000000 0.0827860320
12.9600000000 0.0828517574
12.9700000000 0.0828323843
12.9800000000 0.0827171784
12.9900000000 0.0824902567
13.0000000000 0.0821352570
13.0100000000 0.0816402061
13.0200000000 0.0810009165
13.0300000000 0.0802231695
13.0400000000 0.0793213121
13.0500000000 0.0783168553
13.0600000000 0.0772349291
13.0700000000 0.0761021475
13.0800000000 0.0749451787
13.0900000000 0.0737901886
13.1000000000 0.0726621135
13.1100000000 0.0715837529
13.1200000000 0.0705739390
13.1300000000 0.0696464928
13.1400000000 0.0688098381
13.1500000000 0.0680689781
13.1600000000 0.0674269911
13.1700000000 0.0668866356
13.1800000000 0.0664499323
13.1900000000 0.0661176094
13.2000000000 0.0658873886
13.2100000000 0.0657538588
13.2200000000 0.0657068880
13.2300000000 0.0657318796
13.2400000000 0.0658093956
13.2500000000 0.0659155380
13.2600000000 0.0660232545
13.2700000000 0.0661060845
13.2800000000 0.0661411121
13.2900000000 0.0661142671
13.3000000000 0.0660217890
13.3100000000 0.0658715826
13.3200000000 0.0656816906
13.3300000000 0.0654772000
13.3400000000 0.0652873999
13.3500000000 0.0651428536
13.3600000000 0.0650737764
13.3700000000 0.0651096008
13.3800000000 0.0652791895
13.3900000000 0.0656101225
13.4000000000 0.0661258547
13.4100000000 0.0668409962
13.4200000000 0.0677544741
13.4300000000 0.0688447470
13.4400000000 0.0700678686
13.4500000000 0.0713627804
13.4600000000 0.0726599979
13.4700000000 0.0738955273
13.4800000000 0.0750228583
13.4900000000 0.0760190383
13.5000000000 0.0768860876
13.5100000000 0.0776454694
13.5200000000 0.0783302692
13.5300000000 0.0789757425
13.5400000000 0.0796127495
13.5500000000 0.0802645226
13.5600000000 0.0809453340
13.5700000000 0.0816632945
13.5800000000 0.0824213429
13.5900000000 0.0832171932
13.6000000000 0.0840414856
13.6100000000 0.0848763873
13.6200000000 0.0856933795
13.6300000000 0.0864558964
13.6400000000 0.0871213508
13.6500000000 0.0876465001
13.6600000000 0.0879940910
13.6700000000 0.0881385778
13.6800000000 0.0880688031
13.6900000000 0.0877887146
13.7000000000 0.0873142836
13.7100000000 0.0866691388
13.7200000000 0.0858807539
13.7300000000 0.0849774790
13.7400000000 0.0839879506
13.7500000000 0.0829415089
13.7600000000 0.0818689924
13.7700000000 0.0808022823
13.7800000000 0.0797716341
13.7900000000 0.0788028503
13.8000000000 0.0779135997
13.8100000000 0.0771109486
13.8200000000 0.0763910137
13.8300000000 0.0757406384
13.8400000000 0.0751418552
13.8500000000 0.0745765098
13.8600000000 0.0740321283
13.8700000000 0.0735033090
13.8800000000 0.0729927662
13.8900000000 0.0725069601
13.9000000000 0.0720519017
13.9100000000 0.0716292036
13.9200000000 0.0712340076
13.9300000000 0.0708550365
13.9400000000 0.0704777900
13.9500000000 0.0700874313
13.9600000000 0.0696707749
13.9700000000 0.0692184349
13.9800000000 0.0687240462
13.9900000000 0.0681846986
14.0000000000 0.0676010570
14.0100000000 0.0669774311
14.0200000000 0.0663225620
14.0300000000 0.0656483419
14.0400000000 0.0649690873
14.0500000000 0.0642995826
14.0600000000 0.0636526261
14.0700000000 0.0630388236
14.0800000000 0.0624659111
14.0900000000 0.0619401408
14.1000000000 0.0614677685
14.1100000000 0.0610561846
14.1200000000 0.0607141143
14.1300000000 0.0604498406
14.1400000000 0.0602682816
14.1500000000 0.0601691996
14.1600000000 0.0601460157
14.1700000000 0.0601863008
14.1800000000 0.0602728564
14.1900000000 0.0603849991
14.2000000000 0.0604998481
14.2100000000 0.0605950871
14.2200000000 0.0606507648
14.2300000000 0.0606519789
14.2400000000 0.0605903585
14.2500000000 0.0604635643
14.2600000000 0.0602747616
14.2700000000 0.0600315054
14.2800000000 0.0597445324
14.2900000000 0.0594262335
14.3000000000 0.0590900589
14.3100000000 0.0587478781
14.3200000000 0.0584090404
14.3300000000 0.0580806475
14.3400000000 0.0577674292
14.3500000000 0.0574743400
14.3600000000 0.0572065756
14.3700000000 0.0569698421
14.3800000000 0.0567685817
14.3900000000 0.0566048189
14.4000000000 0.0564768492
14.4100000000 0.0563801843
14.4200000000 0.0563086089
14.4300000000 0.0562552376
14.4400000000 0.0562132172
14.4500000000 0.0561762315
14.4600000000 0.0561383895
14.4700000000 0.0560951624
14.4800000000 0.0560436606
14.4900000000 0.0559847402
14.5000000000 0.0559239817
14.5100000000 0.0558706144
14.5200000000 0.0558360295
14.5300000000 0.0558300593
14.5400000000 0.0558587693
14.5500000000 0.0559236722
14.5600000000 0.0560237866
14.5700000000 0.0561577718
14.5800000000 0.0563252959
14.5900000000 0.0565254707
14.6000000000 0.0567537209
14.6100000000 0.0569985773
14.6200000000 0.0572415806
14.6300000000 0.0574598004
14.6400000000 0.0576312241
14.6500000000 0.0577396061
14.6600000000 0.0577782224
14.6700000000 0.0577488306
14.6800000000 0.0576612549
14.6900000000 0.0575295344
14.7000000000 0.0573705275
14.7100000000 0.0572009219
14.7200000000 0.0570368516
14.7300000000 0.0568920185
14.7400000000 0.0567770067
14.7500000000 0.0566987496
14.7600000000 0.0566616060
14.7700000000 0.0566691821
14.7800000000 0.0567258136
14.7900000000 0.0568355888
14.8000000000 0.0570018338
14.8100000000 0.0572239002
14.8200000000 0.0574952302
14.8300000000 0.0578023690
14.8400000000 0.0581252491
14.8500000000 0.0584381400
14.8600000000 0.0587114965
14.8700000000 0.0589161244
14.8800000000 0.0590264444
14.8900000000 0.0590245925
14.9000000000 0.0589031041
14.9100000000 0.0586656271
14.9200000000 0.0583260079
14.9300000000 0.0579052260
14.9400000000 0.0574288225
14.9500000000 0.0569228656
14.9600000000 0.0564114872
14.9700000000 0.0559151863
14.9800000000 0.0554495117
14.9900000000 0.0550254414
15.0000000000 0.0546491883
15.0100000000 0.0543221373
15.0200000000 0.0540412359
15.0300000000 0.0537995903
15.0400000000 0.0535872899
15.0500000000 0.0533929535
15.0600000000 0.0532049112
15.0700000000 0.0530126665
15.0800000000 0.0528068157
15.0900000000 0.0525787037
15.1000000000 0.0523211233
15.1100000000 0.0520280281
15.1200000000 0.0516966812
15.1300000000 0.0513280845
15.1400000000 0.0509276002
15.1500000000 0.0505034662
15.1600000000 0.0500661319
15.1700000000 0.0496252676
15.1800000000 0.0491885086
15.1900000000 0.0487609890
15.2000000000 0.0483447881
15.2100000000 0.0479398966
15.2200000000 0.0475458649
15.2300000000 0.0471635217
15.2400000000 0.0467957208
15.2500000000 0.0464469813
15.2600000000 0.0461228238
15.2700000000 0.0458278538
15.2800000000 0.0455631492
15.2900000000 0.0453255704
15.3000000000 0.0451075210
15.3100000000 0.0448985824
15.3200000000 0.0446878008
15.3300000000 0.0444657543
15.3400000000 0.0442263466
15.3500000000 0.0439670064
15.3600000000 0.0436874598
15.3700000000 0.0433897538
15.3800000000 0.0430769095
15.3900000000 0.0427528464
15.4000000000 0.0424225483
15.4100000000 0.0420921806
15.4200000000 0.0417686798
15.4300000000 0.0414594521
15.4400000000 0.0411718589
15.4500000000 0.0409122317
15.4600000000 0.0406861793
15.4700000000 0.0404984708
15.4800000000 0.0403524102
15.4900000000 0.0402494424
15.5000000000 0.0401880983
15.5100000000 0.0401637142
15.5200000000 0.0401683452
15.5300000000 0.0401923653
15.5400000000 0.0402257552
15.5500000000 0.0402597291
15.5600000000 0.0402885421
15.5700000000 0.0403087893
15.5800000000 0.0403193877
15.5900000000 0.0403203509
15.6000000000 0.0403113135
15.6100000000 0.0402918155
15.6200000000 0.0402598032
15.6300000000 0.0402137068
15.6400000000 0.0401525460
15.6500000000 0.0400774844
15.6600000000 0.0399917505
15.6700000000 0.0399012235
15.6800000000 0.0398122677
15.6900000000 0.0397310861
15.7000000000 0.0396623513
15.7100000000 0.0396072306
15.7200000000 0.0395629879
15.7300000000 0.0395236576
15.7400000000 0.0394810957
15.7500000000 0.0394275996
15.7600000000 0.0393572984
15.7700000000 0.0392674556
15.7800000000 0.0391580921
15.7900000000 0.0390305696
15.8000000000 0.0388873494
15.8100000000 0.0387301609
15.8200000000 0.0385608356
15.8300000000 0.0383822143
15.8400000000 0.0381992881
15.8500000000 0.0380200296
15.8600000000 0.0378552484
15.8700000000 0.0377168054
15.8800000000 0.0376150383
15.8900000000 0.0375569084
15.9000000000 0.0375443457
15.9100000000 0.0375752363
15.9200000000 0.0376447212
15.9300000000 0.0377478260
15.9400000000 0.0378811830
15.9500000000 0.0380437786
15.9600000000 0.0382365590
15.9700000000 0.0384613422
15.9800000000 0.0387210421
15.9900000000 0.0390186678
16.0000000000 0.0393572115
16.0100000000 0.0397385554
16.0200000000 0.0401620493
16.0300000000 0.0406229366
16.0400000000 0.0411118318
16.0500000000 0.0416143631
16.0600000000 0.0421115003
16.0700000000 0.0425804895
16.0800000000 0.0429976019
16.0900000000 0.0433404312
16.1000000000 0.0435914999
16.1100000000 0.0437399266
16.1200000000 0.0437829622
16.1300000000 0.0437252941
16.1400000000 0.0435772934
16.1500000000 0.0433543979
16.1600000000 0.0430741441
16.1700000000 0.0427553343
16.1800000000 0.0424159063
16.1900000000 0.0420718033
16.2000000000 0.0417366014
16.2100000000 0.0414216292
16.2200000000 0.0411361619
16.2300000000 0.0408873901
16.2400000000 0.0406796448
16.2500000000 0.0405133954
16.2600000000 0.0403843917
16.2700000000 0.0402841224
16.2800000000 0.0402007720
16.2900000000 0.0401216629
16.3000000000 0.0400352560
16.3100000000 0.0399335129
16.3200000000 0.0398130044
16.3300000000 0.0396751734
16.3400000000 0.0395248500
16.3500000000 0.0393680387
16.3600000000 0.0392106082
16.3700000000 0.0390558777
16.3800000000 0.0389045284
16.3900000000 0.0387555535
16.4000000000 0.0386073871
16.4100000000 0.0384597816
16.4200000000 0.0383149676
16.4300000000 0.0381769871
16.4400000000 0.0380502719
16.4500000000 0.0379379227
16.4600000000 0.0378399093
16.4700000000 0.0377527062
16.4800000000 0.0376701670
16.4900000000 0.0375847589
16.5000000000 0.0374896472
16.5100000000 0.0373801825
16.5200000000 0.0372546993
16.5300000000 0.0371150401
16.5400000000 0.0369653897
16.5500000000 0.0368122803
16.5600000000 0.0366626940
16.5700000000 0.0365230358
16.5800000000 0.0363978337
16.5900000000 0.0362883388
16.6000000000 0.0361925319
16.6100000000 0.0361054607
16.6200000000 0.0360205423
16.6300000000 0.0359319652
16.6400000000 0.0358358507
16.6500000000 0.0357312946
16.6600000000 0.0356207739
16.6700000000 0.0355089692
16.6800000000 0.0354015216
16.6900000000 0.0353034212
16.7000000000 0.0352181498
16.7100000000 0.0351467439
16.7200000000 0.0350871673
16.7300000000 0.0350343558
16.7400000000 0.0349813213
16.7500000000 0.0349199223
16.7600000000 0.0348429563
16.7700000000 0.0347455311
16.7800000000 0.0346258387
16.7900000000 0.0344852024
16.8000000000 0.0343278999
16.8100000000 0.0341606555
16.8200000000 0.0339916330
16.8300000000 0.0338296546
16.8400000000 0.0336829235
16.8500000000 0.0335584738
16.8600000000 0.0334611663
16.8700000000 0.0333927489
16.8800000000 0.0333526594
16.8900000000 0.0333371210
16.9000000000 0.0333406798
16.9100000000 0.0333567677
16.9200000000 0.0333790505
16.9300000000 0.0334016576
16.9400000000 0.0334184732
16.9500000000 0.0334233160
16.9600000000 0.0334101425
16.9700000000 0.0333739114
16.9800000000 0.0333125000
16.9900000000 0.0332274601
17.0000000000 0.0331235789
17.0100000000 0.0330079997
17.0200000000 0.0328885415
17.0300000000 0.0327722691
17.0400000000 0.0326656465
17.0500000000 0.0325746799
17.0600000000 0.0325051800
17.0700000000 0.0324636960
17.0800000000 0.0324565276
17.0900000000 0.0324891864
17.1000000000 0.0325650157
17.1100000000 0.0326849853
17.1200000000 0.0328479419
17.1300000000 0.0330506806
17.1400000000 0.0332890275
17.1500000000 0.0335572537
17.1600000000 0.0338491367
17.1700000000 0.0341572341
17.1800000000 0.0344739780
17.1900000000 0.0347908885
17.2000000000 0.0350986128
17.2100000000 0.0353864922
17.2200000000 0.0356431829
17.2300000000 0.0358572139
17.2400000000 0.0360181011
17.2500000000 0.0361182736
17.2600000000 0.0361526948
17.2700000000 0.0361196790
17.2800000000 0.0360203088
17.2900000000 0.0358583514
17.3000000000 0.0356400495
17.3100000000 0.0353739449
17.3200000000 0.0350695730
17.3300000000 0.0347372738
17.3400000000 0.0343874498
17.3500000000 0.0340293036
17.3600000000 0.0336707233
17.3700000000 0.0333178977
17.3800000000 0.0329749722
17.3900000000 0.0326448907
17.4000000000 0.0323296776
17.4100000000 0.0320316921
17.4200000000 0.0317532570
17.4300000000 0.0314972129
17.4400000000 0.0312663137
17.4500000000 0.0310627930
17.4600000000 0.0308879766
17.4700000000 0.0307422163
17.4800000000 0.0306254680
17.4900000000 0.0305372203
17.5000000000 0.0304762249
17.5100000000 0.0304396302
17.5200000000 0.0304230142
17.5300000000 0.0304199938
17.5400000000 0.0304230529
17.5500000000 0.0304254372
17.5600000000 0.0304220823
17.5700000000 0.0304102134
17.5800000000 0.0303897314
17.5900000000 0.0303623353
17.6000000000 0.0303307765
17.6100000000 0.0302981645
17.6200000000 0.0302665831
17.6300000000 0.0302369633
17.6400000000 0.0302082690
17.6500000000 0.0301779370
17.6600000000 0.0301421016
17.6700000000 0.0300971332
17.6800000000 0.0300404688
17.6900000000 0.0299721985
17.7000000000 0.0298945724
17.7100000000 0.0298119431
17.7200000000 0.0297290017
17.7300000000 0.0296496147
17.7400000000 0.0295753161
17.7500000000 0.0295046286
17.7600000000 0.0294338264
17.7700000000 0.0293584906
17.7800000000 0.0292748759
17.7900000000 0.0291814609
17.8000000000 0.0290794348
17.8100000000 0.0289719120
17.8200000000 0.0288632607
17.8300000000 0.0287573137
17.8400000000 0.0286571335
17.8500000000 0.0285649030
17.8600000000 0.0284816681
17.8700000000 0.0284087041
17.8800000000 0.0283478883
17.8900000000 0.0283018543
17.9000000000 0.0282736315
17.9100000000 0.0282656850
17.9200000000 0.0282793461
17.9300000000 0.0283146066
17.9400000000 0.0283703492
17.9500000000 0.0284452309
17.9600000000 0.0285380186
17.9700000000 0.0286483635
17.9800000000 0.0287760032
17.9900000000 0.0289205083
18.0000000000 0.0290800568
18.0100000000 0.0292518410
18.0200000000 0.0294312602
18.0300000000 0.0296124063
18.0400000000 0.0297885819
18.0500000000 0.0299526188
18.0600000000 0.0300964109
18.0700000000 0.0302118249
18.0800000000 0.0302914585
18.0900000000 0.0303287063
18.1000000000 0.0303196124
18.1100000000 0.0302623452
18.1200000000 0.0301578351
18.1300000000 0.0300094541
18.1400000000 0.0298226253
18.1500000000 0.0296046568
18.1600000000 0.0293637232
18.1700000000 0.0291082103
18.1800000000 0.0288460795
18.1900000000 0.0285847878
18.2000000000 0.0283305418
18.2100000000 0.0280892868
18.2200000000 0.0278664196
18.2300000000 0.0276668460
18.2400000000 0.0274948741
18.2500000000 0.0273538109
18.2600000000 0.0272448250
18.2700000000 0.0271676737
18.2800000000 0.0271202248
18.2900000000 0.0270997100
18.3000000000 0.0271029600
18.3100000000 0.0271276956
18.3200000000 0.0271716672
18.3300000000 0.0272331388
18.3400000000 0.0273097062
18.3500000000 0.0273980260
18.3600000000 0.0274935145
18.3700000000 0.0275905811
18.3800000000 0.0276831316
18.3900000000 0.0277654143
18.4000000000 0.0278324789
18.4100000000 0.0278803071
18.4200000000 0.0279063933
18.4300000000 0.0279090985
18.4400000000 0.0278884372
18.4500000000 0.0278453443
18.4600000000 0.0277817508
18.4700000000 0.0277000540
18.4800000000 0.0276027511
18.4900000000 0.0274924042
18.5000000000 0.0273711788
18.5100000000 0.0272413817
18.5200000000 0.0271052227
18.5300000000 0.0269652230
18.5400000000 0.0268238788
18.5500000000 0.0266846894
18.5600000000 0.0265513207
18.5700000000 0.0264285039
18.5800000000 0.0263205872
18.5900000000 0.0262319988
18.6000000000 0.0261653308
18.6100000000 0.0261214699
18.6200000000 0.0260981907
18.6300000000 0.0260908158
18.6400000000 0.0260923701
18.6500000000 0.0260949484
18.6600000000 0.0260908150
18.6700000000 0.0260737637
18.6800000000 0.0260390325
18.6900000000 0.0259845571
18.7000000000 0.0259097875
18.7100000000 0.0258159675
18.7200000000 0.0257058037
18.7300000000 0.0255829229
18.7400000000 0.0254514290
18.7500000000 0.0253160821
18.7600000000 0.0251806775
18.7700000000 0.0250485154
18.7800000000 0.0249213956
18.7900000000 0.0248000296
18.8000000000 0.0246840688
18.8100000000 0.0245732314
18.8200000000 0.0244670197
18.8300000000 0.0243653176
18.8400000000 0.0242681345
18.8500000000 0.0241750304
18.8600000000 0.0240846068
18.8700000000 0.0239949283
18.8800000000 0.0239033222
18.8900000000 0.0238067829
18.9000000000 0.0237028373
18.9100000000 0.0235898105
18.9200000000 0.0234664846
18.9300000000 0.0233331097
18.9400000000 0.0231903548
18.9500000000 0.0230398983
18.9600000000 0.0228840523
18.9700000000 0.0227257959
18.9800000000 0.0225685911
18.9900000000 0.0224164144
19.0000000000 0.0222735447
19.0100000000 0.0221442681
19.0200000000 0.0220318688
19.0300000000 0.0219387000
19.0400000000 0.0218654335
19.0500000000 0.0218109154
19.0600000000 0.0217726151
19.0700000000 0.0217473846
19.0800000000 0.0217316961
19.0900000000 0.0217226546
19.1000000000 0.0217180782
19.1100000000 0.0217165819
19.1200000000 0.0217178696
19.1300000000 0.0217220145
19.1400000000 0.0217291192
19.1500000000 0.0217392413
19.1600000000 0.0217515749
19.1700000000 0.0217650206
19.1800000000 0.0217775469
19.1900000000 0.0217867599
19.2000000000 0.0217897412
19.2100000000 0.0217833401
19.2200000000 0.0217645670
19.2300000000 0.0217310498
19.2400000000 0.0216816117
19.2500000000 0.0216166937
19.2600000000 0.0215380500
19.2700000000 0.0214487977
19.2800000000 0.0213529722
19.2900000000 0.0212544062
19.3000000000 0.0211566399
19.3100000000 0.0210622073
19.3200000000 0.0209725790
19.3300000000 0.0208876130
19.3400000000 0.0208061937
19.3500000000 0.0207265434
19.3600000000 0.0206463182
19.3700000000 0.0205637840
19.3800000000 0.0204781929
19.3900000000 0.0203897033
19.4000000000 0.0202993136
19.4100000000 0.0202084468
19.4200000000 0.0201181096
19.4300000000 0.0200287975
19.4400000000 0.0199400730
19.4500000000 0.0198510519
19.4600000000 0.0197604384
19.4700000000 0.0196673833
19.4800000000 0.0195708566
19.4900000000 0.0194705316
19.5000000000 0.0193664388
19.5100000000 0.0192587575
19.5200000000 0.0191481462
19.5300000000 0.0190356611
19.5400000000 0.0189227679
19.5500000000 0.0188113503
19.5600000000 0.0187033150
19.5700000000 0.0186001952
19.5800000000 0.0185031397
19.5900000000 0.0184126077
19.6000000000 0.0183288043
19.6100000000 0.0182522103
19.6200000000 0.0181840642
19.6300000000 0.0181263314
19.6400000000 0.0180822651
19.6500000000 0.0180552006
19.6600000000 0.0180482211
19.6700000000 0.0180632943
19.6800000000 0.0181004581
19.6900000000 0.0181577754
19.7000000000 0.0182307707
19.7100000000 0.0183130916
19.7200000000 0.0183977990
19.7300000000 0.0184779539
19.7400000000 0.0185483620
19.7500000000 0.0186058236
19.7600000000 0.0186497863
19.7700000000 0.0186822097
19.7800000000 0.0187067951
19.7900000000 0.0187283619
19.8000000000 0.0187515425
19.8100000000 0.0187806027
19.8200000000 0.0188184753
19.8300000000 0.0188666040
19.8400000000 0.0189249321
19.8500000000 0.0189925944
19.8600000000 0.0190677791
19.8700000000 0.0191483538
19.8800000000 0.0192322207
19.8900000000 0.0193168459
19.9000000000 0.0193995894
19.9100000000 0.0194771661
19.9200000000 0.0195466093
19.9300000000 0.0196053053
19.9400000000 0.0196515140
19.9500000000 0.0196851371
19.9600000000 0.0197069791
19.9700000000 0.0197190661
19.9800000000 0.0197234300
19.9900000000 0.0197214126
20.0000000000 0.0197144110
