124000.0000000000 98.4211848334
62000.0000000000 93.9702690098
41333.3333333333 87.3837922662
31000.0000000000 79.5749573364
24800.0000000000 71.3739868800
20666.6666666667 63.3888279343
17714.2857142857 55.9857852500
15500.0000000000 49.3367241718
13777.7777777778 43.4832565946
12400.0000000000 38.3917862078
11272.7272727273 33.9920386827
10333.3333333333 30.2007584098
9538.4615384615 26.9347973052
8857.1428571429 24.1175038188
8266.6666666667 21.6812318577
7750.0000000000 19.5677716920
7294.1176470588 17.7277691748
6888.8888888889 16.1197278187
6526.3157894737 14.7089067098
6200.0000000000 13.4662662852
5904.7619047619 12.3675268201
5636.3636363636 11.3923582323
5391.3043478261 10.5236985662
5166.6666666667 9.7471878613
4960.0000000000 9.0507014244
4769.2307692308 8.4239668345
4592.5925925926 7.8582501902
4428.5714285714 7.3460988230
4275.8620689655 6.8811305965
4133.3333333333 6.4578604874
4000.0000000000 6.0715580074
3875.0000000000 5.7181294088
3757.5757575758 5.3940200848
3647.0588235294 5.0961335680
3542.8571428571 4.8217639516
3444.4444444444 4.5685393803
3351.3513513514 4.3343747563
3263.1578947368 4.1174317473
3179.4871794872 3.9160851884
3100.0000000000 3.7288945565
3024.3902439024 3.5545796332
2952.3809523810 3.3919999468
2883.7209302326 3.2401370781
2818.1818181818 3.0980794550
2755.5555555556 2.9650093685
2695.6521739130 2.8401917610
2638.2978723404 2.7229644587
2583.3333333333 2.6127297739
2530.6122448980 2.5089471848
2480.0000000000 2.4111269454
2431.3725490196 2.3188245351
2384.6153846154 2.2316358276
2339.6226415094 2.1491926342
2296.2962962963 2.0711591867
2254.5454545455 1.9972286278
2214.2857142857 1.9271201624
2175.4385964912 1.8605764578
2137.9310344828 1.7973613565
2101.6949152542 1.7372578111
2066.6666666667 1.6800660593
2032.7868852459 1.6256020343
2000.0000000000 1.5736959555
1968.2539682540 1.5241908996
1937.5000000000 1.4769417899
1907.6923076923 1.4318142546
1878.7878787879 1.3886837477
1850.7462686567 1.3474347257
1823.5294117647 1.3079597626
1797.1014492754 1.2701590110
1771.4285714286 1.2339395275
1746.4788732394 1.1992146833
1722.2222222222 1.1659036611
1698.6301369863 1.1339310382
1675.6756756757 1.1032263471
1653.3333333333 1.0737236404
1631.5789473684 1.0453612463
1610.3896103896 1.0180812938
1589.7435897436 0.9918296108
1569.6202531646 0.9665553219
1550.0000000000 0.9422106624
1530.8641975309 0.9187507148
1512.1951219512 0.8961332855
1493.9759036145 0.8743185993
1476.1904761905 0.8532692205
1458.8235294118 0.8329499009
1441.8604651163 0.8133273172
1425.2873563218 0.7943700686
1409.0909090909 0.7760484984
1393.2584269663 0.7583345967
1377.7777777778 0.7412018006
1362.6373626374 0.7246250592
1347.8260869565 0.7085806138
1333.3333333333 0.6930459598
1319.1489361702 0.6779998063
1305.2631578947 0.6634219008
1291.6666666667 0.6492930833
1278.3505154639 0.6355950993
1265.3061224490 0.6223106717
1252.5252525253 0.6094233290
1240.0000000000 0.5969174527
1227.7227722772 0.5847781574
1215.6862745098 0.5729912688
1203.8834951456 0.5615433037
1192.3076923077 0.5504214585
1180.9523809524 0.5396134289
1169.8113207547 0.5291075562
1158.8785046729 0.5188927156
1148.1481481481 0.5089582508
1137.6146788991 0.4992940191
1127.2727272727 0.4898903471
1117.1171171171 0.4807379078
1107.1428571429 0.4718279151
1097.3451327434 0.4631518451
1087.7192982456 0.4547015925
1078.2608695652 0.4464694337
1068.9655172414 0.4384479167
1059.8290598291 0.4306298926
1050.8474576271 0.4230086004
1042.0168067227 0.4155774794
1033.3333333333 0.4083302705
1024.7933884298 0.4012609516
1016.3934426230 0.3943637463
1008.1300813008 0.3876331312
1000.0000000000 0.3810638029
992.0000000000 0.3746506274
984.1269841270 0.3683887079
976.3779527559 0.3622733601
968.7500000000 0.3562999961
961.2403100775 0.3504643153
953.8461538462 0.3447620706
946.5648854962 0.3391892650
939.3939393939 0.3337419955
932.3308270677 0.3284165195
925.3731343284 0.3232092518
918.5185185185 0.3181167233
911.7647058824 0.3131355833
905.1094890511 0.3082626111
898.5507246377 0.3034946836
892.0863309353 0.2988288456
885.7142857143 0.2942621687
879.4326241135 0.2897918461
873.2394366197 0.2854152462
867.1328671329 0.2811297510
861.1111111111 0.2769328225
855.1724137931 0.2728220538
849.3150684932 0.2687950937
843.5374149660 0.2648497032
837.8378378378 0.2609837053
832.2147651007 0.2571949343
826.6666666667 0.2534813978
821.1920529801 0.2498410971
815.7894736842 0.2462721026
810.4575163399 0.2427725862
805.1948051948 0.2393407747
800.0000000000 0.2359748890
794.8717948718 0.2326732903
789.8089171975 0.2294343379
784.8101265823 0.2262564276
779.8742138365 0.2231380942
775.0000000000 0.2200778282
770.1863354037 0.2170741844
765.4320987654 0.2141257830
760.7361963190 0.2112312846
756.0975609756 0.2083893917
751.5151515152 0.2055988224
746.9879518072 0.2028583696
742.5149700599 0.2001667876
738.0952380952 0.1975229884
733.7278106509 0.1949257953
729.4117647059 0.1923741636
725.1461988304 0.1898669921
720.9302325581 0.1874032849
716.7630057803 0.1849820157
712.6436781609 0.1826022402
708.5714285714 0.1802629911
704.5454545455 0.1779633791
700.5649717514 0.1757025191
696.6292134831 0.1734795024
692.7374301676 0.1712935334
688.8888888889 0.1691437649
685.0828729282 0.1670294115
681.3186813187 0.1649496937
677.5956284153 0.1629038663
673.9130434783 0.1608912153
670.2702702703 0.1589109851
666.6666666667 0.1569625099
663.1016042781 0.1550451043
659.5744680851 0.1531581193
656.0846560847 0.1513009197
652.6315789474 0.1494728516
649.2146596859 0.1476733288
645.8333333333 0.1459017733
642.4870466321 0.1441575968
639.1752577320 0.1424402489
635.8974358974 0.1407491409
632.6530612245 0.1390837748
629.4416243655 0.1374436434
626.2626262626 0.1358281989
623.1155778894 0.1342369635
620.0000000000 0.1326694713
616.9154228856 0.1311252485
613.8613861386 0.1296038365
610.8374384236 0.1281047667
607.8431372549 0.1266276131
604.8780487805 0.1251719652
601.9417475728 0.1237373807
599.0338164251 0.1223234825
596.1538461538 0.1209298628
593.3014354067 0.1195561539
590.4761904762 0.1182019314
587.6777251185 0.1168668653
584.9056603774 0.1155505916
582.1596244131 0.1142527418
579.4392523364 0.1129729884
576.7441860465 0.1117110004
574.0740740741 0.1104664118
571.4285714286 0.1092389797
568.8073394495 0.1080283022
566.2100456621 0.1068341480
563.6363636364 0.1056561815
561.0859728507 0.1044941088
558.5585585586 0.1033476337
556.0538116592 0.1022165277
553.5714285714 0.1011004585
551.1111111111 0.0999992133
548.6725663717 0.0989125014
546.2555066079 0.0978400494
543.8596491228 0.0967816582
541.4847161572 0.0957370204
539.1304347826 0.0947059525
536.7965367965 0.0936881897
534.4827586207 0.0926835410
532.1888412017 0.0916917331
529.9145299145 0.0907125663
527.6595744681 0.0897458365
525.4237288136 0.0887913109
523.2067510549 0.0878488032
521.0084033613 0.0869181229
518.8284518828 0.0859990528
516.6666666667 0.0850913966
514.5228215768 0.0841949798
512.3966942149 0.0833095991
510.2880658436 0.0824351003
508.1967213115 0.0815712983
506.1224489796 0.0807179829
504.0650406504 0.0798750386
502.0242914980 0.0790422503
500.0000000000 0.0782194965
497.9919678715 0.0774065812
496.0000000000 0.0766033791
494.0239043825 0.0758097128
492.0634920635 0.0750254282
490.1185770751 0.0742503931
488.1889763780 0.0734844728
486.2745098039 0.0727274819
484.3750000000 0.0719793052
482.4902723735 0.0712398271
480.6201550388 0.0705088796
478.7644787645 0.0697863680
476.9230769231 0.0690721202
475.0957854406 0.0683660364
473.2824427481 0.0676679678
471.4828897338 0.0669778338
469.6969696970 0.0662954816
467.9245283019 0.0656208039
466.1654135338 0.0649536928
464.4194756554 0.0642940144
462.6865671642 0.0636416806
460.9665427509 0.0629965550
459.2592592593 0.0623585713
457.5645756458 0.0617275897
455.8823529412 0.0611035163
454.2124542125 0.0604862329
452.5547445255 0.0598756917
450.9090909091 0.0592717480
449.2753623188 0.0586743272
447.6534296029 0.0580833285
446.0431654676 0.0574986529
444.4444444444 0.0569201975
442.8571428571 0.0563479071
441.2811387900 0.0557817007
439.7163120567 0.0552214497
438.1625441696 0.0546670726
436.6197183099 0.0541185313
435.0877192982 0.0535756955
433.5664335664 0.0530385264
432.0557491289 0.0525068904
430.5555555556 0.0519807704
429.0657439446 0.0514600553
427.5862068966 0.0509446794
426.1168384880 0.0504345519
424.6575342466 0.0499296296
423.2081911263 0.0494298207
421.7687074830 0.0489350797
420.3389830508 0.0484452903
418.9189189189 0.0479604282
417.5084175084 0.0474803995
416.1073825503 0.0470051774
414.7157190635 0.0465346443
413.3333333333 0.0460687725
411.9601328904 0.0456074652
410.5960264901 0.0451507169
409.2409240924 0.0446984062
407.8947368421 0.0442505259
406.5573770492 0.0438069773
405.2287581699 0.0433677068
403.9087947883 0.0429326816
402.5974025974 0.0425018468
401.2944983819 0.0420751017
400.0000000000 0.0416524348
398.7138263666 0.0412337897
397.4358974359 0.0408190869
396.1661341853 0.0404082912
394.9044585987 0.0400013441
393.6507936508 0.0395982094
392.4050632911 0.0391988287
391.1671924290 0.0388031421
389.9371069182 0.0384111122
388.7147335423 0.0380226790
387.5000000000 0.0376378262
386.2928348910 0.0372564708
385.0931677019 0.0368785740
383.9009287926 0.0365040958
382.7160493827 0.0361329968
381.5384615385 0.0357652147
380.3680981595 0.0354007090
379.2048929664 0.0350394389
378.0487804878 0.0346813849
376.8996960486 0.0343264624
375.7575757576 0.0339746512
374.6223564955 0.0336259094
373.4939759036 0.0332801735
372.3723723724 0.0329374436
371.2574850299 0.0325976343
370.1492537313 0.0322607027
369.0476190476 0.0319266486
367.9525222552 0.0315954071
366.8639053254 0.0312669349
365.7817109145 0.0309412097
364.7058823529 0.0306181664
363.6363636364 0.0302977819
362.5730994152 0.0299799912
361.5160349854 0.0296647924
360.4651162791 0.0293521412
359.4202898551 0.0290419717
358.3815028902 0.0287342813
357.3487031700 0.0284290251
356.3218390805 0.0281261793
355.3008595989 0.0278257194
354.2857142857 0.0275276004
353.2763532764 0.0272318180
352.2727272727 0.0269383888
351.2747875354 0.0266473073
350.2824858757 0.0263585891
349.2957746479 0.0260722894
348.3146067416 0.0257884625
347.3389355742 0.0255072433
346.3687150838 0.0252287643
345.4038997214 0.0249532379
344.4444444444 0.0246809339
343.4903047091 0.0244121596
342.5414364641 0.0241472988
341.5977961433 0.0238867319
340.6593406593 0.0236308348
339.7260273973 0.0233798210
338.7978142077 0.0231337228
337.8746594005 0.0228922161
336.9565217391 0.0226546047
336.0433604336 0.0224199226
335.1351351351 0.0221869970
334.2318059299 0.0219547243
333.3333333333 0.0217222457
332.4396782842 0.0214890222
331.5508021390 0.0212548702
330.6666666667 0.0210199566
329.7872340426 0.0207846401
328.9124668435 0.0205494303
328.0423280423 0.0203148890
327.1767810026 0.0200816296
326.3157894737 0.0198502013
325.4593175853 0.0196210901
324.6073298429 0.0193947569
323.7597911227 0.0191716192
322.9166666667 0.0189521074
322.0779220779 0.0187367022
321.2435233161 0.0185259700
320.4134366925 0.0183205054
319.5876288660 0.0181207627
318.7660668380 0.0179270014
317.9487179487 0.0177390684
317.1355498721 0.0175562949
316.3265306122 0.0173775789
315.5216284987 0.0172014687
314.7208121827 0.0170265694
313.9240506329 0.0168516529
313.1313131313 0.0166759254
312.3425692695 0.0164988752
311.5577889447 0.0163202317
310.7769423559 0.0161397633
310.0000000000 0.0159572433
309.2269326683 0.0157724138
308.4577114428 0.0155852015
307.6923076923 0.0153956602
306.9306930693 0.0152040737
306.1728395062 0.0150108988
305.4187192118 0.0148167258
304.6683046683 0.0146221538
303.9215686275 0.0144278423
303.1784841076 0.0142343891
302.4390243902 0.0140424509
301.7031630170 0.0138526223
300.9708737864 0.0136655387
300.2421307506 0.0134818232
299.5169082126 0.0133021032
298.7951807229 0.0131269068
298.0769230769 0.0129566473
297.3621103118 0.0127914409
296.6507177033 0.0126311302
295.9427207637 0.0124752260
295.2380952381 0.0123229657
294.5368171021 0.0121734038
293.8388625592 0.0120256147
293.1442080378 0.0118787245
292.4528301887 0.0117318790
291.7647058824 0.0115844050
291.0798122066 0.0114357293
290.3981264637 0.0112855355
289.7196261682 0.0111338560
289.0442890443 0.0109810750
288.3720930233 0.0108279026
287.7030162413 0.0106752532
287.0370370370 0.0105241420
286.3741339492 0.0103755874
285.7142857143 0.0102304068
285.0574712644 0.0100891883
284.4036697248 0.0099520991
283.7528604119 0.0098188517
283.1050228311 0.0096888153
282.4601366743 0.0095610295
281.8181818182 0.0094345822
281.1791383220 0.0093087892
280.5429864253 0.0091833339
279.9097065463 0.0090582790
279.2792792793 0.0089339635
278.6516853933 0.0088108104
278.0269058296 0.0086891205
277.4049217002 0.0085689447
276.7857142857 0.0084500975
276.1692650334 0.0083321545
275.5555555556 0.0082145512
274.9445676275 0.0080967469
274.3362831858 0.0079783411
273.7306843267 0.0078591658
273.1277533040 0.0077393343
272.5274725275 0.0076193263
271.9298245614 0.0074998707
271.3347921225 0.0073819463
270.7423580786 0.0072666388
270.1525054466 0.0071548872
269.5652173913 0.0070472913
268.9804772234 0.0069439356
268.3982683983 0.0068442466
267.8185745140 0.0067470814
267.2413793103 0.0066509750
266.6666666667 0.0065544993
266.0944206009 0.0064565025
265.5246252677 0.0063563096
264.9572649573 0.0062537540
264.3923240938 0.0061490003
263.8297872340 0.0060424718
263.2696390658 0.0059347403
262.7118644068 0.0058264537
262.1564482030 0.0057182412
261.6033755274 0.0056106291
261.0526315789 0.0055040016
260.5042016807 0.0053985530
259.9580712788 0.0052942476
259.4142259414 0.0051908214
258.8726513570 0.0050878765
258.3333333333 0.0049849515
257.7962577963 0.0048817213
257.2614107884 0.0047781104
256.7287784679 0.0046743615
256.1983471074 0.0045710312
255.6701030928 0.0044689362
255.1440329218 0.0043689774
254.6201232033 0.0042720966
254.0983606557 0.0041791781
253.5787321063 0.0040909586
253.0612244898 0.0040080927
252.5458248473 0.0039311436
252.0325203252 0.0038605210
251.5212981744 0.0037965121
251.0121457490 0.0037390345
250.5050505051 0.0036874936
250.0000000000 0.0036405971
249.4969818913 0.0035963448
248.9959839357 0.0035522818
248.4969939880 0.0035059361
248.0000000000 0.0034553227
247.5049900200 0.0033993438
247.0119521912 0.0033379000
246.5208747515 0.0032716571
246.0317460317 0.0032018344
245.5445544554 0.0031297730
245.0592885375 0.0030566899
244.5759368836 0.0029835579
244.0944881890 0.0029110294
243.6149312377 0.0028395623
243.1372549020 0.0027694891
242.6614481409 0.0027011299
242.1875000000 0.0026347467
241.7153996101 0.0025704701
241.2451361868 0.0025081667
240.7766990291 0.0024473661
240.3100775194 0.0023873002
239.8452611219 0.0023270789
239.3822393822 0.0022659590
238.9210019268 0.0022034397
238.4615384615 0.0021393591
238.0038387716 0.0020738042
237.5478927203 0.0020069735
237.0936902486 0.0019391153
236.6412213740 0.0018704594
236.1904761905 0.0018012822
235.7414448669 0.0017319453
235.2941176471 0.0016629367
234.8484848485 0.0015948706
234.4045368620 0.0015284128
233.9622641509 0.0014642462
233.5216572505 0.0014030064
233.0827067669 0.0013452759
232.6454033771 0.0012915454
232.2097378277 0.0012422513
231.7757009346 0.0011977737
231.3432835821 0.0011584566
230.9124767225 0.0011245123
230.4832713755 0.0010959525
230.0556586271 0.0010724549
229.6296296296 0.0010532415
229.2051756007 0.0010370992
228.7822878229 0.0010224717
228.3609576427 0.0010076454
227.9411764706 0.0009909984
227.5229357798 0.0009712035
227.1062271062 0.0009473996
226.6910420475 0.0009191950
226.2773722628 0.0008866417
225.8652094718 0.0008501166
225.4545454545 0.0008102361
225.0453720508 0.0007677805
224.6376811594 0.0007236060
224.2314647378 0.0006786308
223.8267148014 0.0006337320
223.4234234234 0.0005897442
223.0215827338 0.0005474212
222.6211849192 0.0005074024
222.2222222222 0.0004701747
221.8246869410 0.0004361021
221.4285714286 0.0004053544
221.0338680927 0.0003779403
220.6405693950 0.0003537087
220.2486678508 0.0003323816
219.8581560284 0.0003136314
219.4690265487 0.0002971629
219.0812720848 0.0002828186
218.6948853616 0.0002706141
218.3098591549 0.0002607632
217.9261862917 0.0002536044
217.5438596491 0.0002495065
217.1628721541 0.0002487335
216.7832167832 0.0002513144
216.4048865620 0.0002569645
216.0278745645 0.0002650000
215.6521739130 0.0002743974
215.2777777778 0.0002838826
214.9046793761 0.0002921416
214.5328719723 0.0002980391
214.1623488774 0.0003008289
213.7931034483 0.0003002804
213.4251290878 0.0002966839
213.0584192440 0.0002907954
212.6929674099 0.0002836973
212.3287671233 0.0002765891
211.9658119658 0.0002705905
211.6040955631 0.0002665582
211.2436115843 0.0002650048
210.8843537415 0.0002660634
210.5263157895 0.0002695718
210.1694915254 0.0002751787
209.8138747885 0.0002824999
209.4594594595 0.0002911795
209.1062394604 0.0003009256
208.7542087542 0.0003114468
208.4033613445 0.0003224212
208.0536912752 0.0003334813
207.7051926298 0.0003443062
207.3578595318 0.0003547552
207.0116861436 0.0003649559
206.6666666667 0.0003753234
206.3227953411 0.0003864996
205.9800664452 0.0003992756
205.6384742952 0.0004144948
205.2980132450 0.0004330200
204.9586776860 0.0004557173
204.6204620462 0.0004833967
204.2833607908 0.0005167695
203.9473684211 0.0005564115
203.6124794745 0.0006027478
203.2786885246 0.0006560243
202.9459901800 0.0007163561
202.6143790850 0.0007836914
202.2838499184 0.0008578016
201.9543973941 0.0009382446
201.6260162602 0.0010243158
201.2987012987 0.0011149668
200.9724473258 0.0012087890
200.6472491909 0.0013039519
200.3231017771 0.0013982169
200.0000000000 0.0014890591
199.6779388084 0.0015738232
199.3569131833 0.0016500457
199.0369181380 0.0017157748
198.7179487179 0.0017699946
198.4000000000 0.0018129623
198.0830670927 0.0018464563
197.7671451356 0.0018737133
197.4522292994 0.0018991666
197.1383147854 0.0019277883
196.8253968254 0.0019643901
196.5134706815 0.0020129039
196.2025316456 0.0020760516
195.8925750395 0.0021551687
195.5835962145 0.0022503834
195.2755905512 0.0023607774
194.9685534591 0.0024846427
194.6624803768 0.0026197205
194.3573667712 0.0027632831
194.0532081377 0.0029123962
193.7500000000 0.0030640499
193.4477379095 0.0032154684
193.1464174455 0.0033643217
192.8460342146 0.0035090778
192.5465838509 0.0036492424
192.2480620155 0.0037856361
191.9504643963 0.0039204521
191.6537867079 0.0040570282
191.3580246914 0.0041992482
191.0631741140 0.0043507333
190.7692307692 0.0045139587
190.4761904762 0.0046899006
190.1840490798 0.0048778123
189.8928024502 0.0050756080
189.6024464832 0.0052804103
189.3129770992 0.0054891227
189.0243902439 0.0056988916
188.7366818874 0.0059075383
188.4498480243 0.0061137189
188.1638846737 0.0063171670
187.8787878788 0.0065188855
187.5945537065 0.0067211545
187.3111782477 0.0069274070
187.0286576169 0.0071420928
186.7469879518 0.0073702739
186.4661654135 0.0076170831
186.1861861862 0.0078870399
185.9070464768 0.0081833344
185.6287425150 0.0085072992
185.3512705531 0.0088583311
185.0746268657 0.0092343219
184.7988077496 0.0096324254
184.5238095238 0.0100498320
184.2496285290 0.0104845180
183.9762611276 0.0109354111
183.7037037037 0.0114021969
183.4319526627 0.0118845559
183.1610044313 0.0123816076
182.8908554572 0.0128917737
182.6215022091 0.0134131946
182.3529411765 0.0139447115
182.0851688693 0.0144867808
181.8181818182 0.0150415941
181.5519765739 0.0156122945
181.2865497076 0.0162016453
181.0218978102 0.0168105662
180.7580174927 0.0174376321
180.4949053857 0.0180792939
180.2325581395 0.0187311608
179.9709724238 0.0193895821
179.7101449275 0.0200524396
179.4500723589 0.0207190481
179.1907514451 0.0213891998
178.9321789322 0.0220620417
178.6743515850 0.0227348155
178.4172661871 0.0234025141
178.1609195402 0.0240574529
177.9053084648 0.0246896526
177.6504297994 0.0252867829
177.3962804006 0.0258347368
177.1428571429 0.0263179826
176.8901569187 0.0267205063
176.6381766382 0.0270274234
176.3869132290 0.0272259946
176.1363636364 0.0273065973
175.8865248227 0.0272635243
175.6373937677 0.0270961752
175.3889674682 0.0268109226
175.1412429379 0.0264229689
174.8942172073 0.0259579006
174.6478873239 0.0254513443
174.4022503516 0.0249463587
174.1573033708 0.0244878002
173.9130434783 0.0241148766
173.6694677871 0.0238544352
173.4265734266 0.0237174641
173.1843575419 0.0237002589
172.9428172943 0.0237894931
172.7019498607 0.0239699001
172.4617524339 0.0242311045
172.2222222222 0.0245714643
171.9833564494 0.0249977660
171.7451523546 0.0255205174
171.5076071923 0.0261475933
171.2707182320 0.0268791203
171.0344827586 0.0277045440
170.7988980716 0.0286026461
170.5639614856 0.0295428920
170.3296703297 0.0304871805
170.0960219479 0.0313918847
169.8630136986 0.0322098371
169.6306429549 0.0328937001
169.3989071038 0.0334010861
169.1678035471 0.0337013591
168.9373297003 0.0337810285
168.7074829932 0.0336456083
168.4782608696 0.0333158410
168.2496607870 0.0328204480
168.0216802168 0.0321889171
167.7943166441 0.0314476471
167.5675675676 0.0306204868
167.3414304993 0.0297323964
167.1159029650 0.0288140687
166.8909825034 0.0279043478
166.6666666667 0.0270483852
166.4429530201 0.0262919803
166.2198391421 0.0256744003
165.9973226238 0.0252225093
165.7754010695 0.0249483307
165.5540720961 0.0248501103
165.3333333333 0.0249158667
165.1131824234 0.0251272128
164.8936170213 0.0254623269
164.6746347942 0.0258970967
164.4562334218 0.0264060396
164.2384105960 0.0269634467
164.0211640212 0.0275459998
163.8044914135 0.0281352171
163.5883905013 0.0287179198
163.3728590250 0.0292844947
163.1578947368 0.0298256503
162.9434954008 0.0303309491
162.7296587927 0.0307897273
162.5163826999 0.0311946865
162.3036649215 0.0315447870
162.0915032680 0.0318463195
161.8798955614 0.0321089709
161.6688396349 0.0323402334
161.4583333333 0.0325405326
161.2483745124 0.0327023201
161.0389610390 0.0328137651
160.8300907912 0.0328654769
160.6217616580 0.0328561517
160.4139715395 0.0327952573
160.2067183463 0.0327004239
160.0000000000 0.0325918448
159.7938144330 0.0324861142
159.5881595882 0.0323917336
159.3830334190 0.0323072926
159.1784338896 0.0322222685
158.9743589744 0.0321207193
158.7708066581 0.0319874399
158.5677749361 0.0318145451
158.3652618135 0.0316058543
158.1632653061 0.0313764071
157.9617834395 0.0311487083
157.7608142494 0.0309481371
157.5603557814 0.0308006100
157.3604060914 0.0307325432
157.1609632446 0.0307706379
156.9620253165 0.0309398658
156.7635903919 0.0312588605
156.5656565657 0.0317355628
156.3682219420 0.0323637308
156.1712846348 0.0331225706
155.9748427673 0.0339777441
155.7788944724 0.0348835777
155.5834378921 0.0357863542
155.3884711779 0.0366295434
155.1939924906 0.0373621737
155.0000000000 0.0379494410
154.8064918851 0.0383815229
154.6134663342 0.0386753955
154.4209215442 0.0388674963
154.2288557214 0.0389996785
154.0372670807 0.0391060504
153.8461538462 0.0392063155
153.6555142503 0.0393090514
153.4653465347 0.0394204750
153.2756489493 0.0395542326
153.0864197531 0.0397367592
152.8976572133 0.0400046711
152.7093596059 0.0403968039
152.5215252153 0.0409441419
152.3341523342 0.0416621636
152.1472392638 0.0425478245
151.9607843137 0.0435815932
151.7747858017 0.0447330297
151.5892420538 0.0459670136
151.4041514042 0.0472488525
151.2195121951 0.0485466857
151.0353227771 0.0498291017
150.8515815085 0.0510613118
150.6682867558 0.0522014844
150.4854368932 0.0532023377
150.3030303030 0.0540180842
150.1210653753 0.0546142623
149.9395405079 0.0549740182
149.7584541063 0.0550968804
149.5778045838 0.0549892439
149.3975903614 0.0546531550
149.2178098676 0.0540795207
149.0384615385 0.0532531380
148.8595438175 0.0521650940
148.6810551559 0.0508277991
148.5029940120 0.0492814378
148.3253588517 0.0475908267
148.1481481481 0.0458343030
147.9713603819 0.0440926463
147.7949940405 0.0424422470
147.6190476190 0.0409538815
147.4435196195 0.0396924914
147.2684085511 0.0387151421
147.0937129300 0.0380667140
146.9194312796 0.0377745961
146.7455621302 0.0378455564
146.5721040189 0.0382655299
146.3990554900 0.0390022697
146.2264150943 0.0400103856
146.0541813899 0.0412359891
145.8823529412 0.0426207354
145.7109283196 0.0441048287
145.5399061033 0.0456300380
145.3692848769 0.0471433160
145.1990632319 0.0486016304
145.0292397661 0.0499759352
144.8598130841 0.0512547950
144.6907817970 0.0524452640
144.5221445221 0.0535717154
144.3538998836 0.0546705697
144.1860465116 0.0557812904
144.0185830430 0.0569366286
143.8515081206 0.0581551805
143.6848203940 0.0594396296
143.5185185185 0.0607816228
143.3526011561 0.0621710616
143.1870669746 0.0636044357
143.0219146482 0.0650870823
142.8571428571 0.0666295982
142.6927502877 0.0682391367
142.5287356322 0.0699123853
142.3650975890 0.0716317694
142.2018348624 0.0733661502
142.0389461627 0.0750728022
141.8764302059 0.0766973473
141.7142857143 0.0781723664
141.5525114155 0.0794167298
141.3911060433 0.0803423367
141.2300683371 0.0808694923
141.0693970421 0.0809476583
140.9090909091 0.0805723862
140.7491486947 0.0797893778
140.5895691610 0.0786832178
140.4303510759 0.0773569059
140.2714932127 0.0759110708
140.1129943503 0.0744322563
139.9548532731 0.0729903702
139.7970687711 0.0716423654
139.6396396396 0.0704368531
139.4825646794 0.0694153706
139.3258426966 0.0686107871
139.1694725028 0.0680445106
139.0134529148 0.0677213235
138.8577827548 0.0676251634
138.7024608501 0.0677159558
138.5474860335 0.0679328392
138.3928571429 0.0682035425
138.2385730212 0.0684585711
138.0846325167 0.0686444755
137.9310344828 0.0687298723
137.7777777778 0.0687041874
137.6248612653 0.0685722391
137.4722838137 0.0683528324
137.3200442968 0.0680806862
137.1681415929 0.0678123663
137.0165745856 0.0676264146
136.8653421634 0.0676150241
136.7144432194 0.0678684119
136.5638766520 0.0684591899
136.4136413641 0.0694327536
136.2637362637 0.0708070649
136.1141602634 0.0725789133
135.9649122807 0.0747330385
135.8159912377 0.0772484180
135.6673960613 0.0801009031
135.5191256831 0.0832604775
135.3711790393 0.0866833305
135.2235550709 0.0903028766
135.0762527233 0.0940243958
134.9292709467 0.0977301250
134.7826086957 0.1012981571
134.6362649294 0.1046296365
134.4902386117 0.1076761766
134.3445287107 0.1104534102
134.1991341991 0.1130340601
134.0540540541 0.1155210900
133.9092872570 0.1180123693
133.7648327940 0.1205724115
133.6206896552 0.1232201300
133.4768568353 0.1259339326
133.3333333333 0.1286656944
133.1901181525 0.1313528188
133.0472103004 0.1339238422
132.9046087889 0.1362960178
132.7623126338 0.1383700785
132.6203208556 0.1400279356
132.4786324786 0.1411414674
132.3372465315 0.1415946556
132.1961620469 0.1413151533
132.0553780618 0.1403039136
131.9148936170 0.1386495519
131.7747077577 0.1365214913
131.6348195329 0.1341450204
131.4952279958 0.1317683225
131.3559322034 0.1296295078
131.2169312169 0.1279307478
131.0782241015 0.1268213038
130.9398099261 0.1263880050
130.8016877637 0.1266478949
130.6638566913 0.1275432279
130.5263157895 0.1289393800
130.3890641430 0.1306352817
130.2521008403 0.1323918687
130.1154249738 0.1339798869
129.9790356394 0.1352367698
129.8429319372 0.1361124589
129.7071129707 0.1366876996
129.5715778474 0.1371566093
129.4363256785 0.1377803136
129.3013555787 0.1388291382
129.1666666667 0.1405333691
129.0322580645 0.1430481390
128.8981288981 0.1464364725
128.7642782970 0.1506653714
128.6307053942 0.1556117865
128.4974093264 0.1610770742
128.3643892340 0.1668104248
128.2316442606 0.1725375447
128.0991735537 0.1779894124
127.9669762642 0.1829247710
127.8350515464 0.1871418128
127.7033985582 0.1904869565
127.5720164609 0.1928627761
127.4409044193 0.1942397007
127.3100616016 0.1946637617
127.1794871795 0.1942558244
127.0491803279 0.1931994920
126.9191402252 0.1917160361
126.7893660532 0.1900270856
126.6598569969 0.1883148416
126.5306122449 0.1866889596
126.4016309888 0.1851777230
126.2729124236 0.1837470005
126.1444557477 0.1823372307
126.0162601626 0.1809044632
125.8883248731 0.1794477429
125.7606490872 0.1780193363
125.6332320162 0.1767177321
125.5060728745 0.1756662713
125.3791708797 0.1749799029
125.2525252525 0.1747330238
125.1261352170 0.1749338685
125.0000000000 0.1755191693
124.8741188318 0.1763674916
124.7484909457 0.1773359747
124.6231155779 0.1783053680
124.4979919679 0.1792215033
124.3731193581 0.1801120016
124.2484969940 0.1810693456
124.1241241241 0.1822097054
124.0000000000 0.1836245637
123.8761238761 0.1853474659
123.7524950100 0.1873457456
123.6291126620 0.1895349550
123.5059760956 0.1918008640
123.3830845771 0.1940163289
123.2604373757 0.1960451988
123.1380337637 0.1977386180
123.0158730159 0.1989363631
122.8939544103 0.1994786447
122.7722772277 0.1992359417
122.6508407517 0.1981431054
122.5296442688 0.1962285589
122.4086870681 0.1936238548
122.2879684418 0.1905508651
122.1674876847 0.1872868353
122.0472440945 0.1841199401
121.9272369715 0.1813027233
121.8074656189 0.1790143310
121.6879293425 0.1773391108
121.5686274510 0.1762646232
121.4495592556 0.1756966921
121.3307240705 0.1754882430
121.2121212121 0.1754729919
121.0937500000 0.1754928313
120.9756097561 0.1754088198
120.8576998051 0.1750964352
120.7400194742 0.1744352969
120.6225680934 0.1733068057
120.5053449951 0.1716100274
120.3883495146 0.1692890098
120.2715809893 0.1663627676
120.1550387597 0.1629386974
120.0387221684 0.1592022610
119.9226305609 0.1553806442
119.8067632850 0.1516971067
119.6911196911 0.1483307027
119.5756991321 0.1453989804
119.4605009634 0.1429611643
119.3455245428 0.1410361254
119.2307692308 0.1396176104
119.1162343900 0.1386833295
119.0019193858 0.1381982032
118.8878235858 0.1381182870
118.7739463602 0.1383969112
118.6602870813 0.1389882569
118.5468451243 0.1398461111
118.4336198663 0.1409164301
118.3206106870 0.1421305474
118.2078169685 0.1434027781
118.0952380952 0.1446343218
117.9828734539 0.1457194214
117.8707224335 0.1465517275
117.7587844255 0.1470272290
117.6470588235 0.1470493881
117.5355450237 0.1465388233
117.4242424242 0.1454470124
117.3131504257 0.1437664356
117.2022684310 0.1415285164
117.0915958451 0.1387863627
116.9811320755 0.1355921843
116.8708765316 0.1319798680
116.7608286252 0.1279650887
116.6509877705 0.1235634148
116.5413533835 0.1188178765
116.4319248826 0.1138234432
116.3227016886 0.1087364328
116.2136832240 0.1037659181
116.1048689139 0.0991519162
115.9962581852 0.0951368676
115.8878504673 0.0919414913
115.7796451914 0.0897442277
115.6716417910 0.0886683358
115.5638397018 0.0887716652
115.4562383613 0.0900407880
115.3488372093 0.0923873506
115.2416356877 0.0956523883
115.1346332405 0.0996182579
115.0278293135 0.1040337962
114.9212233550 0.1086464175
114.8148148148 0.1132387312
114.7086031452 0.1176576475
114.6025878004 0.1218301775
114.4967682364 0.1257606500
114.3911439114 0.1295116564
114.2857142857 0.1331748491
114.1804788214 0.1368406188
114.0754369825 0.1405680823
113.9705882353 0.1443626005
113.8659320478 0.1481614547
113.7614678899 0.1518333346
113.6571952337 0.1551929253
113.5531135531 0.1580292129
113.4492223239 0.1601415413
113.3455210238 0.1613766287
113.2420091324 0.1616568097
113.1386861314 0.1609928557
113.0355515041 0.1594783757
112.9326047359 0.1572712582
112.8298453139 0.1545708988
112.7272727273 0.1516021581
112.6248864668 0.1486049167
112.5226860254 0.1458260696
112.4206708976 0.1435048632
112.3188405797 0.1418484229
112.2171945701 0.1410050870
112.1157323689 0.1410442643
112.0144534779 0.1419508572
111.9133574007 0.1436404572
111.8124436429 0.1459862056
111.7117117117 0.1488477996
111.6111611161 0.1520859394
111.5107913669 0.1555558567
111.4106019766 0.1590867619
111.3105924596 0.1624639023
111.2107623318 0.1654286461
111.1111111111 0.1677011127
111.0116383169 0.1690177974
110.9123434705 0.1691739158
110.8132260947 0.1680602749
110.7142857143 0.1656857462
110.6155218555 0.1621814914
110.5169340463 0.1577837600
110.4185218166 0.1527992518
110.3202846975 0.1475591351
110.2222222222 0.1423749700
110.1243339254 0.1375052359
110.0266193434 0.1331395450
109.9290780142 0.1293933192
109.8317094774 0.1263096335
109.7345132743 0.1238590272
109.6374889478 0.1219415514
109.5406360424 0.1203955770
109.4439541041 0.1190202987
109.3474426808 0.1176147519
109.2511013216 0.1160211717
109.1549295775 0.1141593187
109.0589270009 0.1120391270
108.9630931459 0.1097449757
108.8674275680 0.1074036759
108.7719298246 0.1051484093
108.6765994741 0.1030925846
108.5814360771 0.1013190799
108.4864391951 0.0998787578
108.3916083916 0.0987961763
108.2969432314 0.0980745493
108.2024432810 0.0977008601
108.1081081081 0.0976492857
108.0139372822 0.0978837909
107.9199303742 0.0983593048
107.8260869565 0.0990236922
107.7324066030 0.0998216848
107.6388888889 0.1007014476
107.5455333912 0.1016223418
107.4523396880 0.1025649223
107.3593073593 0.1035409688
107.2664359862 0.1045979808
107.1737251513 0.1058139921
107.0811744387 0.1072793489
106.9887834340 0.1090715559
106.8965517241 0.1112304793
106.8044788975 0.1137455299
106.7125645439 0.1165569511
106.6208082545 0.1195684370
106.5292096220 0.1226613748
106.4377682403 0.1257075408
106.3464837050 0.1285786582
106.2553556127 0.1311575526
106.1643835616 0.1333543891
106.0735671514 0.1351191526
105.9829059829 0.1364470362
105.8923996584 0.1373691259
105.8020477816 0.1379335259
105.7118499574 0.1381867050
105.6218057922 0.1381629838
105.5319148936 0.1378851239
105.4421768707 0.1373705794
105.3525913339 0.1366352953
105.2631578947 0.1356935654
105.1738761662 0.1345529092
105.0847457627 0.1332091283
104.9957662997 0.1316475326
104.9069373942 0.1298501416
104.8182586644 0.1278124208
104.7297297297 0.1255614141
104.6413502110 0.1231681009
104.5531197302 0.1207448624
104.4650379107 0.1184278490
104.3771043771 0.1163475419
104.2893187553 0.1146005173
104.2016806723 0.1132306910
104.1141897565 0.1122223353
104.0268456376 0.1115052721
103.9396479464 0.1109667676
103.8525963149 0.1104696020
103.7656903766 0.1098755209
103.6789297659 0.1090739494
103.5923141186 0.1080093608
103.5058430718 0.1066992433
103.4195162636 0.1052341804
103.3333333333 0.1037591669
103.2472939217 0.1024444904
103.1613976705 0.1014550003
103.0756442228 0.1009275365
102.9900332226 0.1009562164
102.9045643154 0.1015840061
102.8192371476 0.1027936458
102.7340513670 0.1044987326
102.6490066225 0.1065387583
102.5641025641 0.1086875896
102.4793388430 0.1106793568
102.3947151115 0.1122507682
102.3102310231 0.1131873608
102.2258862325 0.1133614223
102.1416803954 0.1127508120
102.0576131687 0.1114367822
101.9736842105 0.1095831375
101.8898931800 0.1074046478
101.8062397373 0.1051305471
101.7227235439 0.1029712407
101.6393442623 0.1010947143
101.5561015561 0.0996160171
101.4729950900 0.0985967173
101.3900245298 0.0980557824
101.3071895425 0.0979841277
101.2244897959 0.0983611243
101.1419249592 0.0991697130
101.0594947025 0.1004047650
100.9771986971 0.1020739176
100.8950366151 0.1041867574
100.8130081301 0.1067379853
100.7311129163 0.1096909345
100.6493506494 0.1129668365
100.5677210057 0.1164464916
100.4862236629 0.1199800151
100.4048582996 0.1234034950
100.3236245955 0.1265576014
100.2425222312 0.1293035975
100.1615508885 0.1315337176
100.0807102502 0.1331733813
100.0000000000 0.1341793283
99.9194198227 0.1345384980
99.8389694042 0.1342696961
99.7586484312 0.1334222483
99.6784565916 0.1320675080
99.5983935743 0.1302846142
99.5184590690 0.1281445354
99.4386527666 0.1256989479
99.3589743590 0.1229775057
99.2794235388 0.1199936747
99.2000000000 0.1167556367
99.1207034373 0.1132803191
99.0415335463 0.1096046167
98.9624900239 0.1057896722
98.8835725678 0.1019159985
98.8047808765 0.0980725913
98.7261146497 0.0943456144
98.6475735879 0.0908115061
98.5691573927 0.0875364446
98.4908657665 0.0845792461
98.4126984127 0.0819953765
98.3346550357 0.0798372299
98.2567353407 0.0781505894
98.1789390340 0.0769683516
98.1012658228 0.0763043816
98.0237154150 0.0761489146
97.9462875197 0.0764670564
97.8689818469 0.0772003119
97.7917981073 0.0782707631
97.7147360126 0.0795883012
97.6377952756 0.0810595245
97.5609756098 0.0825970957
97.4842767296 0.0841260701
97.4076983504 0.0855888347
97.3312401884 0.0869453286
97.2549019608 0.0881718255
97.1786833856 0.0892586541
97.1025841817 0.0902037891
97.0266040689 0.0910045569
96.9507427678 0.0916491841
96.8750000000 0.0921123043
96.7993754879 0.0923578925
96.7238689548 0.0923486199
96.6484801247 0.0920582675
96.5732087227 0.0914818746
96.4980544747 0.0906415643
96.4230171073 0.0895854012
96.3480963481 0.0883794162
96.2732919255 0.0870928451
96.1986035687 0.0857839280
96.1240310078 0.0844918324
96.0495739737 0.0832383395
95.9752321981 0.0820374498
95.9010054138 0.0809082403
95.8268933539 0.0798831898
95.7528957529 0.0790104188
95.6790123457 0.0783491377
95.6052428682 0.0779620028
95.5315870570 0.0779051717
95.4580446497 0.0782169724
95.3846153846 0.0789070885
95.3112990008 0.0799471289
95.2380952381 0.0812652158
95.1650038373 0.0827493287
95.0920245399 0.0842588259
95.0191570881 0.0856451021
94.9464012251 0.0867776616
94.8737566947 0.0875685848
94.8012232416 0.0879880041
94.7288006112 0.0880664425
94.6564885496 0.0878795662
94.5842868040 0.0875237769
94.5121951220 0.0870901400
94.4402132521 0.0866457802
94.3683409437 0.0862278968
94.2965779468 0.0858500858
94.2249240122 0.0855150651
94.1533788914 0.0852264196
94.0819423369 0.0849947397
94.0106141016 0.0848363264
93.9393939394 0.0847702030
93.8682816048 0.0848144318
93.7972768533 0.0849878820
93.7263794407 0.0853130189
93.6555891239 0.0858185036
93.5849056604 0.0865377928
93.5143288084 0.0875021439
93.4438583271 0.0887294787
93.3734939759 0.0902127197
93.3032355154 0.0919118591
93.2330827068 0.0937503334
93.1630353118 0.0956218835
93.0930930931 0.0974015542
93.0232558140 0.0989625752
92.9535232384 0.1001926823
92.8838951311 0.1010079603
92.8143712575 0.1013589415
92.7449513837 0.1012332875
92.6756352765 0.1006543437
92.6064227035 0.0996739474
92.5373134328 0.0983639529
92.4683072334 0.0968023240
92.3994038748 0.0950600462
92.3306031273 0.0931918012
92.2619047619 0.0912320058
92.1933085502 0.0891978799
92.1248142645 0.0870942646
92.0564216778 0.0849182462
91.9881305638 0.0826626977
91.9199406968 0.0803189609
91.8518518519 0.0778815509
91.7838638046 0.0753528012
91.7159763314 0.0727476882
91.6481892092 0.0700933394
91.5805022157 0.0674265401
91.5129151292 0.0647882548
91.4454277286 0.0622189462
91.3780397937 0.0597550106
91.3107511046 0.0574263221
91.2435614422 0.0552557260
91.1764705882 0.0532597155
91.1094783248 0.0514522515
91.0425844347 0.0498485680
90.9757887014 0.0484693382
90.9090909091 0.0473415372
90.8424908425 0.0464956801
90.7759882870 0.0459601018
90.7095830285 0.0457530600
90.6432748538 0.0458742271
90.5770635500 0.0462977337
90.5109489051 0.0469698190
90.4449307075 0.0478116890
90.3790087464 0.0487297001
90.3131828114 0.0496305648
90.2474526929 0.0504360194
90.1818181818 0.0510938973
90.1162790698 0.0515810629
90.0508351489 0.0518986270
89.9854862119 0.0520628673
89.9202320522 0.0520950404
89.8550724638 0.0520139620
89.7900072411 0.0518332066
89.7250361795 0.0515634365
89.6601590745 0.0512183794
89.5953757225 0.0508214845
89.5306859206 0.0504121800
89.4660894661 0.0500480867
89.4015861572 0.0498028266
89.3371757925 0.0497598059
89.2728581713 0.0500037631
89.2086330935 0.0506112970
89.1445003595 0.0516420608
89.0804597701 0.0531307241
89.0165111271 0.0550790023
88.9526542324 0.0574462722
88.8888888889 0.0601412726
88.8252148997 0.0630179365
88.7616320687 0.0658829235
88.6981402003 0.0685172386
88.6347390994 0.0707112126
88.5714285714 0.0723022117
88.5082084226 0.0732040710
88.4450784593 0.0734164173
88.3820384890 0.0730145192
88.3190883191 0.0721242638
88.2562277580 0.0708939325
88.1934566145 0.0694706930
88.1307746979 0.0679849263
88.0681818182 0.0665434077
88.0056777857 0.0652279437
87.9432624113 0.0640967401
87.8809355067 0.0631868429
87.8186968839 0.0625173512
87.7565463553 0.0620918386
87.6944837341 0.0619015908
87.6325088339 0.0619289504
87.5706214689 0.0621493047
87.5088214538 0.0625314240
87.4471086037 0.0630360761
87.3854827343 0.0636138654
87.3239436620 0.0642074638
87.2624912034 0.0647570344
87.2011251758 0.0652084963
87.1398453970 0.0655221378
87.0786516854 0.0656766891
87.0175438596 0.0656702261
86.9565217391 0.0655165880
86.8955851437 0.0652418174
86.8347338936 0.0648797055
86.7739678097 0.0644688830
86.7132867133 0.0640477883
86.6526904263 0.0636488790
86.5921787709 0.0632942260
86.5317515701 0.0629924773
86.4714086471 0.0627390802
86.4111498258 0.0625209696
86.3509749304 0.0623208521
86.2908837857 0.0621242144
86.2308762170 0.0619227630
86.1709520500 0.0617158511
86.1111111111 0.0615100517
86.0513532269 0.0613143810
85.9916782247 0.0611393343
85.9320859321 0.0609950005
85.8725761773 0.0608929182
85.8131487889 0.0608478754
85.7538035961 0.0608812441
85.6945404285 0.0610230501
85.6353591160 0.0613117529
85.5762594893 0.0617902893
85.5172413793 0.0624957093
85.4583046175 0.0634464648
85.3994490358 0.0646307254
85.3406744666 0.0660025280
85.2819807428 0.0674866679
85.2233676976 0.0689920911
85.1648351648 0.0704271698
85.1063829787 0.0717126329
85.0480109739 0.0727893959
84.9897189856 0.0736206697
84.9315068493 0.0741921024
84.8733744011 0.0745117419
84.8153214774 0.0746074761
84.7573479152 0.0745221221
84.6994535519 0.0743047021
84.6416382253 0.0739997930
84.5839017735 0.0736394450
84.5262440354 0.0732403179
84.4686648501 0.0728083853
84.4111640572 0.0723465642
84.3537414966 0.0718622650
84.2963970088 0.0713695984
84.2391304348 0.0708889946
84.1819416158 0.0704440193
84.1248303935 0.0700593300
84.0677966102 0.0697593296
84.0108401084 0.0695685721
83.9539607312 0.0695102590
83.8971583221 0.0696041014
83.8404327248 0.0698616555
83.7837837838 0.0702815058
83.7272113437 0.0708462580
83.6707152497 0.0715220666
83.6142953473 0.0722620359
83.5579514825 0.0730116605
83.5016835017 0.0737139234
83.4454912517 0.0743128686
83.3893745797 0.0747577617
83.3333333333 0.0750094094
83.2773673606 0.0750497098
83.2214765101 0.0748894571
83.1656606304 0.0745700703
83.1099195710 0.0741565105
83.0542531815 0.0737233886
82.9986613119 0.0733393565
82.9431438127 0.0730563063
82.8877005348 0.0729028993
82.8323313293 0.0728857188
82.7770360481 0.0729937583
82.7218145430 0.0732046554
82.6666666667 0.0734897061
82.6115922718 0.0738176322
82.5565912117 0.0741567511
82.5016633400 0.0744760878
82.4468085106 0.0747472844
82.3920265781 0.0749466576
82.3373173971 0.0750591358
82.2826808228 0.0750783170
82.2281167109 0.0750064290
82.1736249172 0.0748506283
82.1192052980 0.0746198046
82.0648577101 0.0743239388
82.0105820106 0.0739739120
81.9563780568 0.0735817789
81.9022457067 0.0731596143
81.8481848185 0.0727168049
81.7941952507 0.0722587342
81.7402768622 0.0717862151
81.6864295125 0.0712977607
81.6326530612 0.0707938688
81.5789473684 0.0702815926
81.5253122945 0.0697782240
81.4717477004 0.0693093872
81.4182534471 0.0689048422
81.3648293963 0.0685907139
81.3114754098 0.0683854946
81.2581913499 0.0682961543
81.2049770792 0.0683194130
81.1518324607 0.0684415631
81.0987573578 0.0686403130
81.0457516340 0.0688861294
80.9928151535 0.0691461296
80.9399477807 0.0693882532
80.8871493803 0.0695852011
80.8344198175 0.0697174844
80.7817589577 0.0697743665
80.7291666667 0.0697550507
80.6766428107 0.0696700637
80.6241872562 0.0695418164
80.5717998700 0.0694044524
80.5194805195 0.0693004493
80.4672290720 0.0692762783
80.4150453956 0.0693759485
80.3629293584 0.0696360440
80.3108808290 0.0700830429
80.2588996764 0.0707314766
80.2069857697 0.0715816571
80.1551389787 0.0726158544
80.1033591731 0.0737914038
80.0516462234 0.0750369523
80.0000000000 0.0762556273
79.9484203740 0.0773356640
79.8969072165 0.0781708941
79.8454603992 0.0786823595
79.7940797941 0.0788366194
79.7427652733 0.0786525411
79.6915167095 0.0781983264
79.6403339756 0.0775768486
79.5892169448 0.0769087769
79.5381654907 0.0763141726
79.4871794872 0.0758980347
79.4362588085 0.0757389805
79.3854033291 0.0758801390
79.3346129239 0.0763234689
79.2838874680 0.0770279200
79.2332268371 0.0779150971
79.1826309068 0.0788832469
79.1320995533 0.0798277843
79.0816326531 0.0806611933
79.0312300829 0.0813266261
78.9808917197 0.0817993934
78.9306174411 0.0820788787
78.8804071247 0.0821757230
78.8302606484 0.0820997979
78.7801778907 0.0818554099
78.7301587302 0.0814407730
78.6802030457 0.0808543361
78.6303107166 0.0801003019
78.5804816223 0.0791952642
78.5307156428 0.0781696161
78.4810126582 0.0770664386
78.4313725490 0.0759370205
78.3817951960 0.0748375614
78.3322804801 0.0738247955
78.2828282828 0.0729536873
78.2334384858 0.0722732294
78.1841109710 0.0718245004
78.1348456207 0.0716349959
78.0856423174 0.0717161761
78.0365009440 0.0720589414
77.9874213836 0.0726310551
77.9384035198 0.0733793031
77.8894472362 0.0742347235
77.8405524168 0.0751221672
77.7917189460 0.0759728202
77.7429467085 0.0767332493
77.6942355890 0.0773714865
77.6455854728 0.0778775077
77.5969962453 0.0782584588
77.5484677924 0.0785312395
77.5000000000 0.0787131890
77.4515927545 0.0788149999
77.4032459426 0.0788341807
77.3549594510 0.0787550182
77.3067331671 0.0785513928
77.2585669782 0.0781955762
77.2104607721 0.0776673416
77.1624144368 0.0769631675
77.1144278607 0.0761012104
77.0665009323 0.0751229889
77.0186335404 0.0740892761
76.9708255742 0.0730723329
76.9230769231 0.0721453688
76.8753874768 0.0713711922
76.8277571252 0.0707927286
76.7801857585 0.0704279581
76.7326732673 0.0702697917
76.6852195424 0.0702915501
76.6378244747 0.0704552251
76.5904879555 0.0707216822
76.5432098765 0.0710595092
76.4959901295 0.0714498507
76.4488286067 0.0718874225
76.4017252002 0.0723746193
76.3546798030 0.0729123087
76.3076923077 0.0734904445
76.2607626076 0.0740822452
76.2138905962 0.0746455499
76.1670761671 0.0751298161
76.1203192142 0.0754874234
76.0736196319 0.0756854249
76.0269773145 0.0757112137
75.9803921569 0.0755739000
75.9338640539 0.0752990904
75.8873929009 0.0749206656
75.8409785933 0.0744746631
75.7946210269 0.0739929509
75.7483200977 0.0735021896
75.7020757021 0.0730249081
75.6558877364 0.0725826892
75.6097560976 0.0721989307
75.5636806825 0.0718986389
75.5176613886 0.0717050181
75.4716981132 0.0716339479
75.4257907543 0.0716892509
75.3799392097 0.0718582879
75.3341433779 0.0721131766
75.2884031573 0.0724150853
75.2427184466 0.0727203950
75.1970891449 0.0729891074
75.1515151515 0.0731915419
75.1059963658 0.0733128739
75.0605326877 0.0733546832
75.0151240169 0.0733325451
74.9697702539 0.0732728023
74.9244712991 0.0732071855
74.8792270531 0.0731660866
74.8340374170 0.0731741547
74.7889022919 0.0732456082
74.7438215793 0.0733829175
74.6987951807 0.0735790305
74.6538229982 0.0738223120
74.6089049338 0.0741033012
74.5640408900 0.0744198721
74.5192307692 0.0747788873
74.4744744745 0.0751936306
74.4297719088 0.0756769624
74.3851229754 0.0762345126
74.3405275779 0.0768583632
74.2959856201 0.0775260365
74.2514970060 0.0782003297
74.2070616397 0.0788333956
74.1626794258 0.0793709217
74.1183502690 0.0797564125
74.0740740741 0.0799378378
74.0298507463 0.0798740739
73.9856801909 0.0795408136
73.9415623137 0.0789348370
73.8974970203 0.0780741587
73.8534842168 0.0769959562
73.8095238095 0.0757523354
73.7656157049 0.0744052372
73.7217598098 0.0730224709
73.6779560309 0.0716731306
73.6342042755 0.0704224307
73.5905044510 0.0693276886
73.5468564650 0.0684332784
73.5032602253 0.0677667780
73.4597156398 0.0673370461
73.4162226169 0.0671355765
73.3727810651 0.0671407551
73.3293908930 0.0673226777
73.2860520095 0.0676475584
73.2427643237 0.0680787284
73.1995277450 0.0685753014
73.1563421829 0.0690909030
73.1132075472 0.0695767203
73.0701237478 0.0699862471
73.0270906949 0.0702801551
72.9841082990 0.0704301017
72.9411764706 0.0704184603
72.8982951205 0.0702375102
72.8554641598 0.0698901051
72.8126834997 0.0693906082
72.7699530516 0.0687661733
72.7272727273 0.0680554057
72.6846424385 0.0673038682
72.6420620972 0.0665581146
72.5995316159 0.0658591380
72.5570509070 0.0652378774
72.5146198830 0.0647124969
72.4722384570 0.0642886431
72.4299065421 0.0639628287
72.3876240514 0.0637254774
72.3453908985 0.0635662796
72.3032069971 0.0634772119
72.2610722611 0.0634550872
72.2189866045 0.0635019087
72.1769499418 0.0636242279
72.1349621873 0.0638303097
72.0930232558 0.0641266396
72.0511330622 0.0645130194
72.0092915215 0.0649773207
71.9674985490 0.0654926382
71.9257540603 0.0660168310
71.8840579710 0.0664959318
71.8424101970 0.0668698660
71.8008106543 0.0670811409
71.7592592593 0.0670850555
71.7177559283 0.0668579077
71.6763005780 0.0664011508
71.6348931254 0.0657398413
71.5935334873 0.0649171640
71.5522215811 0.0639866297
71.5109573241 0.0630047180
71.4697406340 0.0620252846
71.4285714286 0.0610956898
71.3874496258 0.0602540674
71.3463751438 0.0595298408
71.3053479011 0.0589439042
71.2643678161 0.0585111483
71.2234348076 0.0582406508
71.1825487945 0.0581357809
71.1417096959 0.0581914017
71.1009174312 0.0583917663
71.0601719198 0.0587082817
71.0194730813 0.0591017926
70.9788208357 0.0595276980
70.9382151030 0.0599437206
70.8976558033 0.0603179108
70.8571428571 0.0606331465
70.8166761850 0.0608854759
70.7762557078 0.0610779244
70.7358813463 0.0612137189
70.6955530217 0.0612901033
70.6552706553 0.0612982801
70.6150341686 0.0612264869
70.5748434832 0.0610660513
70.5346985210 0.0608162694
70.4945992041 0.0604864056
70.4545454545 0.0600947622
70.4145371948 0.0596653981
70.3745743473 0.0592229414
70.3346568349 0.0587881678
70.2947845805 0.0583752841
70.2549575071 0.0579920883
70.2151755379 0.0576416201
70.1754385965 0.0573243805
70.1357466063 0.0570398850
70.0960994912 0.0567862294
70.0564971751 0.0565589784
70.0169395822 0.0563490300
69.9774266366 0.0561428227
69.9379582628 0.0559225140
69.8985343856 0.0556699836
69.8591549296 0.0553710800
69.8198198198 0.0550201026
69.7805289814 0.0546230332
69.7412823397 0.0541976092
69.7020798201 0.0537691760
69.6629213483 0.0533660814
69.6238068501 0.0530136411
69.5847362514 0.0527291997
69.5457094784 0.0525193676
69.5067264574 0.0523783728
69.4677871148 0.0522904785
69.4288913774 0.0522315988
69.3900391718 0.0521746542
69.3512304251 0.0520947414
69.3124650643 0.0519730187
69.2737430168 0.0517998946
69.2350642099 0.0515749510
69.1964285714 0.0513043628
69.1578360290 0.0509988228
69.1192865106 0.0506705689
69.0807799443 0.0503325051
69.0423162584 0.0499997392
69.0038953812 0.0496891619
68.9655172414 0.0494188482
68.9271817676 0.0492056854
68.8888888889 0.0490625912
68.8506385341 0.0489959608
68.8124306326 0.0490056081
68.7742651137 0.0490851933
68.7361419069 0.0492248735
68.6980609418 0.0494123400
68.6600221484 0.0496336335
68.6220254566 0.0498736743
68.5840707965 0.0501155041
68.5461580984 0.0503413691
68.5082872928 0.0505321470
68.4704583103 0.0506691340
68.4326710817 0.0507352456
68.3949255378 0.0507173599
68.3572216097 0.0506078839
68.3195592287 0.0504044639
68.2819383260 0.0501103177
68.2443588332 0.0497321227
68.2068206821 0.0492803746
68.1693238043 0.0487691110
68.1318681319 0.0482152649
68.0944535969 0.0476378053
68.0570801317 0.0470563676
68.0197476687 0.0464893885
67.9824561404 0.0459522355
67.9452054795 0.0454560702
67.9079956188 0.0450086232
67.8708264915 0.0446139409
67.8336980306 0.0442747896
67.7966101695 0.0439931285
67.7595628415 0.0437714899
67.7225559803 0.0436123720
67.6855895197 0.0435171607
67.6486633933 0.0434852394
67.6117775354 0.0435146628
67.5749318801 0.0436022317
67.5381263617 0.0437445545
67.5013609145 0.0439371889
67.4646354733 0.0441726270
67.4279499728 0.0444379768
67.3913043478 0.0447140439
67.3546985334 0.0449771442
67.3181324647 0.0452034473
67.2816060770 0.0453739867
67.2451193059 0.0454790823
67.2086720867 0.0455184489
67.1722643554 0.0455008623
67.1358960476 0.0454394252
67.0995670996 0.0453481200
67.0632774473 0.0452393477
67.0270270270 0.0451227326
66.9908157753 0.0450049194
66.9546436285 0.0448914395
66.9185105235 0.0447875677
66.8824163970 0.0446993629
66.8463611860 0.0446342783
66.8103448276 0.0446003439
66.7743672590 0.0446052744
66.7384284177 0.0446551989
66.7025282410 0.0447532221
66.6666666667 0.0448993830
66.6308436325 0.0450906042
66.5950590763 0.0453208737
66.5593129361 0.0455820218
66.5236051502 0.0458634337
66.4879356568 0.0461523529
66.4523043944 0.0464361892
66.4167113016 0.0467030184
66.3811563169 0.0469438244
66.3456393793 0.0471523361
66.3101604278 0.0473235879
66.2747194014 0.0474518542
66.2393162393 0.0475301440
66.2039508809 0.0475512411
66.1686232657 0.0475097904
66.1333333333 0.0474028062
66.0980810235 0.0472314499
66.0628662760 0.0469996707
66.0276890309 0.0467134424
65.9925492283 0.0463789797
65.9574468085 0.0460023417
65.9223817119 0.0455894430
65.8873538789 0.0451470808
65.8523632501 0.0446851277
65.8174097665 0.0442164991
65.7824933687 0.0437586233
65.7476139979 0.0433313551
65.7127715951 0.0429548538
65.6779661017 0.0426461418
65.6431974590 0.0424167927
65.6084656085 0.0422706438
65.5737704918 0.0422033859
65.5391120507 0.0422025568
65.5044902272 0.0422502071
65.4699049630 0.0423245539
65.4353562005 0.0424044511
65.4008438819 0.0424721234
65.3663679494 0.0425171701
65.3319283456 0.0425370236
65.2975250132 0.0425373195
65.2631578947 0.0425282030
65.2288269332 0.0425201626
65.1945320715 0.0425197716
65.1602732528 0.0425267277
65.1260504202 0.0425329717
65.0918635171 0.0425238345
65.0577124869 0.0424825528
65.0235972732 0.0423942047
64.9895178197 0.0422505987
64.9554740702 0.0420509899
64.9214659686 0.0418021036
64.8874934589 0.0415159122
64.8535564854 0.0412064780
64.8196549922 0.0408873609
64.7857889237 0.0405702229
64.7519582245 0.0402647395
64.7181628392 0.0399773779
64.6844027126 0.0397118807
64.6506777894 0.0394683438
64.6169880146 0.0392428000
64.5833333333 0.0390279356
64.5497136908 0.0388151292
64.5161290323 0.0385965545
64.4825793032 0.0383674766
64.4490644491 0.0381274171
64.4155844156 0.0378794585
64.3821391485 0.0376301798
64.3487285937 0.0373874527
64.3153526971 0.0371596417
64.2820114049 0.0369549836
64.2487046632 0.0367810416
64.2154324184 0.0366447587
64.1821946170 0.0365526105
64.1489912054 0.0365083958
64.1158221303 0.0365125843
64.0826873385 0.0365600103
64.0495867769 0.0366403094
64.0165203924 0.0367375841
63.9834881321 0.0368338985
63.9504899433 0.0369123693
63.9175257732 0.0369608273
63.8845955693 0.0369746806
63.8516992791 0.0369577794
63.8188368502 0.0369198733
63.7860082305 0.0368747007
63.7532133676 0.0368370900
63.7204522097 0.0368203724
63.6877247047 0.0368351107
63.6550308008 0.0368884531
63.6223704464 0.0369833993
63.5897435897 0.0371182014
63.5571501794 0.0372867016
63.5245901639 0.0374783091
63.4920634921 0.0376787568
63.4595701126 0.0378729421
63.4271099744 0.0380468723
63.3946830266 0.0381898322
63.3622892182 0.0382953464
63.3299284985 0.0383611826
63.2976008167 0.0383879450
63.2653061224 0.0383778885
63.2330443651 0.0383345444
63.2008154944 0.0382624646
63.1686194600 0.0381676878
63.1364562118 0.0380576638
63.1043256997 0.0379408964
63.0722278739 0.0378245288
63.0401626843 0.0377132267
63.0081300813 0.0376071018
62.9761300152 0.0375024288
62.9441624365 0.0373924555
62.9122272958 0.0372703588
62.8803245436 0.0371301746
62.8484541308 0.0369687663
62.8166160081 0.0367845843
62.7848101266 0.0365783791
62.7530364372 0.0363513495
62.7212948912 0.0361057093
62.6895854398 0.0358448697
62.6579080344 0.0355732235
62.6262626263 0.0352962417
62.5946491671 0.0350207463
62.5630676085 0.0347543610
62.5315179022 0.0345048642
62.5000000000 0.0342801324
62.4685138539 0.0340867127
62.4370594159 0.0339298613
62.4056366381 0.0338129350
62.3742454728 0.0337373902
62.3428858723 0.0337023383
62.3115577889 0.0337053441
62.2802611753 0.0337414582
62.2489959839 0.0338041986
62.2177621676 0.0338851654
62.1865596790 0.0339746296
62.1553884712 0.0340616026
62.1242484970 0.0341341257
62.0931397096 0.0341801450
62.0620620621 0.0341888064
62.0310155078 0.0341517607
62.0000000000 0.0340643254
