0.0100000000 98.4211848334
0.0200000000 93.9702690098
0.0300000000 87.3837922662
0.0400000000 79.5749573364
0.0500000000 71.3739868800
0.0600000000 63.3888279343
0.0700000000 55.9857852500
0.0800000000 49.3367241718
0.0900000000 43.4832565946
0.1000000000 38.3917862078
0.1100000000 33.9920386827
0.1200000000 30.2007584098
0.1300000000 26.9347973052
0.1400000000 24.1175038188
0.1500000000 21.6812318577
0.1600000000 19.5677716920
0.1700000000 17.7277691748
0.1800000000 16.1197278187
0.1900000000 14.7089067098
0.2000000000 13.4662662852
0.2100000000 12.3675268201
0.2200000000 11.3923582323
0.2300000000 10.5236985662
0.2400000000 9.7471878613
0.2500000000 9.0507014244
0.2600000000 8.4239668345
0.2700000000 7.8582501902
0.2800000000 7.3460988230
0.2900000000 6.8811305965
0.3000000000 6.4578604874
0.3100000000 6.0715580074
0.3200000000 5.7181294088
0.3300000000 5.3940200848
0.3400000000 5.0961335680
0.3500000000 4.8217639516
0.3600000000 4.5685393803
0.3700000000 4.3343747563
0.3800000000 4.1174317473
0.3900000000 3.9160851884
0.4000000000 3.7288945565
0.4100000000 3.5545796332
0.4200000000 3.3919999468
0.4300000000 3.2401370781
0.4400000000 3.0980794550
0.4500000000 2.9650093685
0.4600000000 2.8401917610
0.4700000000 2.7229644587
0.4800000000 2.6127297739
0.4900000000 2.5089471848
0.5000000000 2.4111269454
0.5100000000 2.3188245351
0.5200000000 2.2316358276
0.5300000000 2.1491926342
0.5400000000 2.0711591867
0.5500000000 1.9972286278
0.5600000000 1.9271201624
0.5700000000 1.8605764578
0.5800000000 1.7973613565
0.5900000000 1.7372578111
0.6000000000 1.6800660593
0.6100000000 1.6256020343
0.6200000000 1.5736959555
0.6300000000 1.5241908996
0.6400000000 1.4769417899
0.6500000000 1.4318142546
0.6600000000 1.3886837477
0.6700000000 1.3474347257
0.6800000000 1.3079597626
0.6900000000 1.2701590110
0.7000000000 1.2339395275
0.7100000000 1.1992146833
0.7200000000 1.1659036611
0.7300000000 1.1339310382
0.7400000000 1.1032263471
0.7500000000 1.0737236404
0.7600000000 1.0453612463
0.7700000000 1.0180812938
0.7800000000 0.9918296108
0.7900000000 0.9665553219
0.8000000000 0.9422106624
0.8100000000 0.9187507148
0.8200000000 0.8961332855
0.8300000000 0.8743185993
0.8400000000 0.8532692205
0.8500000000 0.8329499009
0.8600000000 0.8133273172
0.8700000000 0.7943700686
0.8800000000 0.7760484984
0.8900000000 0.7583345967
0.9000000000 0.7412018006
0.9100000000 0.7246250592
0.9200000000 0.7085806138
0.9300000000 0.6930459598
0.9400000000 0.6779998063
0.9500000000 0.6634219008
0.9600000000 0.6492930833
0.9700000000 0.6355950993
0.9800000000 0.6223106717
0.9900000000 0.6094233290
1.0000000000 0.5969174527
1.0100000000 0.5847781574
1.0200000000 0.5729912688
1.0300000000 0.5615433037
1.0400000000 0.5504214585
1.0500000000 0.5396134289
1.0600000000 0.5291075562
1.0700000000 0.5188927156
1.0800000000 0.5089582508
1.0900000000 0.4992940191
1.1000000000 0.4898903471
1.1100000000 0.4807379078
1.1200000000 0.4718279151
1.1300000000 0.4631518451
1.1400000000 0.4547015925
1.1500000000 0.4464694337
1.1600000000 0.4384479167
1.1700000000 0.4306298926
1.1800000000 0.4230086004
1.1900000000 0.4155774794
1.2000000000 0.4083302705
1.2100000000 0.4012609516
1.2200000000 0.3943637463
1.2300000000 0.3876331312
1.2400000000 0.3810638029
1.2500000000 0.3746506274
1.2600000000 0.3683887079
1.2700000000 0.3622733601
1.2800000000 0.3562999961
1.2900000000 0.3504643153
1.3000000000 0.3447620706
1.3100000000 0.3391892650
1.3200000000 0.3337419955
1.3300000000 0.3284165195
1.3400000000 0.3232092518
1.3500000000 0.3181167233
1.3600000000 0.3131355833
1.3700000000 0.3082626111
1.3800000000 0.3034946836
1.3900000000 0.2988288456
1.4000000000 0.2942621687
1.4100000000 0.2897918461
1.4200000000 0.2854152462
1.4300000000 0.2811297510
1.4400000000 0.2769328225
1.4500000000 0.2728220538
1.4600000000 0.2687950937
1.4700000000 0.2648497032
1.4800000000 0.2609837053
1.4900000000 0.2571949343
1.5000000000 0.2534813978
1.5100000000 0.2498410971
1.5200000000 0.2462721026
1.5300000000 0.2427725862
1.5400000000 0.2393407747
1.5500000000 0.2359748890
1.5600000000 0.2326732903
1.5700000000 0.2294343379
1.5800000000 0.2262564276
1.5900000000 0.2231380942
1.6000000000 0.2200778282
1.6100000000 0.2170741844
1.6200000000 0.2141257830
1.6300000000 0.2112312846
1.6400000000 0.2083893917
1.6500000000 0.2055988224
1.6600000000 0.2028583696
1.6700000000 0.2001667876
1.6800000000 0.1975229884
1.6900000000 0.1949257953
1.7000000000 0.1923741636
1.7100000000 0.1898669921
1.7200000000 0.1874032849
1.7300000000 0.1849820157
1.7400000000 0.1826022402
1.7500000000 0.1802629911
1.7600000000 0.1779633791
1.7700000000 0.1757025191
1.7800000000 0.1734795024
1.7900000000 0.1712935334
1.8000000000 0.1691437649
1.8100000000 0.1670294115
1.8200000000 0.1649496937
1.8300000000 0.1629038663
1.8400000000 0.1608912153
1.8500000000 0.1589109851
1.8600000000 0.1569625099
1.8700000000 0.1550451043
1.8800000000 0.1531581193
1.8900000000 0.1513009197
1.9000000000 0.1494728516
1.9100000000 0.1476733288
1.9200000000 0.1459017733
1.9300000000 0.1441575968
1.9400000000 0.1424402489
1.9500000000 0.1407491409
1.9600000000 0.1390837748
1.9700000000 0.1374436434
1.9800000000 0.1358281989
1.9900000000 0.1342369635
2.0000000000 0.1326694713
2.0100000000 0.1311252485
2.0200000000 0.1296038365
2.0300000000 0.1281047667
2.0400000000 0.1266276131
2.0500000000 0.1251719652
2.0600000000 0.1237373807
2.0700000000 0.1223234825
2.0800000000 0.1209298628
2.0900000000 0.1195561539
2.1000000000 0.1182019314
2.1100000000 0.1168668653
2.1200000000 0.1155505916
2.1300000000 0.1142527418
2.1400000000 0.1129729884
2.1500000000 0.1117110004
2.1600000000 0.1104664118
2.1700000000 0.1092389797
2.1800000000 0.1080283022
2.1900000000 0.1068341480
2.2000000000 0.1056561815
2.2100000000 0.1044941088
2.2200000000 0.1033476337
2.2300000000 0.1022165277
2.2400000000 0.1011004585
2.2500000000 0.0999992133
2.2600000000 0.0989125014
2.2700000000 0.0978400494
2.2800000000 0.0967816582
2.2900000000 0.0957370204
2.3000000000 0.0947059525
2.3100000000 0.0936881897
2.3200000000 0.0926835410
2.3300000000 0.0916917331
2.3400000000 0.0907125663
2.3500000000 0.0897458365
2.3600000000 0.0887913109
2.3700000000 0.0878488032
2.3800000000 0.0869181229
2.3900000000 0.0859990528
2.4000000000 0.0850913966
2.4100000000 0.0841949798
2.4200000000 0.0833095991
2.4300000000 0.0824351003
2.4400000000 0.0815712983
2.4500000000 0.0807179829
2.4600000000 0.0798750386
2.4700000000 0.0790422503
2.4800000000 0.0782194965
2.4900000000 0.0774065812
2.5000000000 0.0766033791
2.5100000000 0.0758097128
2.5200000000 0.0750254282
2.5300000000 0.0742503931
2.5400000000 0.0734844728
2.5500000000 0.0727274819
2.5600000000 0.0719793052
2.5700000000 0.0712398271
2.5800000000 0.0705088796
2.5900000000 0.0697863680
2.6000000000 0.0690721202
2.6100000000 0.0683660364
2.6200000000 0.0676679678
2.6300000000 0.0669778338
2.6400000000 0.0662954816
2.6500000000 0.0656208039
2.6600000000 0.0649536928
2.6700000000 0.0642940144
2.6800000000 0.0636416806
2.6900000000 0.0629965550
2.7000000000 0.0623585713
2.7100000000 0.0617275897
2.7200000000 0.0611035163
2.7300000000 0.0604862329
2.7400000000 0.0598756917
2.7500000000 0.0592717480
2.7600000000 0.0586743272
2.7700000000 0.0580833285
2.7800000000 0.0574986529
2.7900000000 0.0569201975
2.8000000000 0.0563479071
2.8100000000 0.0557817007
2.8200000000 0.0552214497
2.8300000000 0.0546670726
2.8400000000 0.0541185313
2.8500000000 0.0535756955
2.8600000000 0.0530385264
2.8700000000 0.0525068904
2.8800000000 0.0519807704
2.8900000000 0.0514600553
2.9000000000 0.0509446794
2.9100000000 0.0504345519
2.9200000000 0.0499296296
2.9300000000 0.0494298207
2.9400000000 0.0489350797
2.9500000000 0.0484452903
2.9600000000 0.0479604282
2.9700000000 0.0474803995
2.9800000000 0.0470051774
2.9900000000 0.0465346443
3.0000000000 0.0460687725
3.0100000000 0.0456074652
3.0200000000 0.0451507169
3.0300000000 0.0446984062
3.0400000000 0.0442505259
3.0500000000 0.0438069773
3.0600000000 0.0433677068
3.0700000000 0.0429326816
3.0800000000 0.0425018468
3.0900000000 0.0420751017
3.1000000000 0.0416524348
3.1100000000 0.0412337897
3.1200000000 0.0408190869
3.1300000000 0.0404082912
3.1400000000 0.0400013441
3.1500000000 0.0395982094
3.1600000000 0.0391988287
3.1700000000 0.0388031421
3.1800000000 0.0384111122
3.1900000000 0.0380226790
3.2000000000 0.0376378262
3.2100000000 0.0372564708
3.2200000000 0.0368785740
3.2300000000 0.0365040958
3.2400000000 0.0361329968
3.2500000000 0.0357652147
3.2600000000 0.0354007090
3.2700000000 0.0350394389
3.2800000000 0.0346813849
3.2900000000 0.0343264624
3.3000000000 0.0339746512
3.3100000000 0.0336259094
3.3200000000 0.0332801735
3.3300000000 0.0329374436
3.3400000000 0.0325976343
3.3500000000 0.0322607027
3.3600000000 0.0319266486
3.3700000000 0.0315954071
3.3800000000 0.0312669349
3.3900000000 0.0309412097
3.4000000000 0.0306181664
3.4100000000 0.0302977819
3.4200000000 0.0299799912
3.4300000000 0.0296647924
3.4400000000 0.0293521412
3.4500000000 0.0290419717
3.4600000000 0.0287342813
3.4700000000 0.0284290251
3.4800000000 0.0281261793
3.4900000000 0.0278257194
3.5000000000 0.0275276004
3.5100000000 0.0272318180
3.5200000000 0.0269383888
3.5300000000 0.0266473073
3.5400000000 0.0263585891
3.5500000000 0.0260722894
3.5600000000 0.0257884625
3.5700000000 0.0255072433
3.5800000000 0.0252287643
3.5900000000 0.0249532379
3.6000000000 0.0246809339
3.6100000000 0.0244121596
3.6200000000 0.0241472988
3.6300000000 0.0238867319
3.6400000000 0.0236308348
3.6500000000 0.0233798210
3.6600000000 0.0231337228
3.6700000000 0.0228922161
3.6800000000 0.0226546047
3.6900000000 0.0224199226
3.7000000000 0.0221869970
3.7100000000 0.0219547243
3.7200000000 0.0217222457
3.7300000000 0.0214890222
3.7400000000 0.0212548702
3.7500000000 0.0210199566
3.7600000000 0.0207846401
3.7700000000 0.0205494303
3.7800000000 0.0203148890
3.7900000000 0.0200816296
3.8000000000 0.0198502013
3.8100000000 0.0196210901
3.8200000000 0.0193947569
3.8300000000 0.0191716192
3.8400000000 0.0189521074
3.8500000000 0.0187367022
3.8600000000 0.0185259700
3.8700000000 0.0183205054
3.8800000000 0.0181207627
3.8900000000 0.0179270014
3.9000000000 0.0177390684
3.9100000000 0.0175562949
3.9200000000 0.0173775789
3.9300000000 0.0172014687
3.9400000000 0.0170265694
3.9500000000 0.0168516529
3.9600000000 0.0166759254
3.9700000000 0.0164988752
3.9800000000 0.0163202317
3.9900000000 0.0161397633
4.0000000000 0.0159572433
4.0100000000 0.0157724138
4.0200000000 0.0155852015
4.0300000000 0.0153956602
4.0400000000 0.0152040737
4.0500000000 0.0150108988
4.0600000000 0.0148167258
4.0700000000 0.0146221538
4.0800000000 0.0144278423
4.0900000000 0.0142343891
4.1000000000 0.0140424509
4.1100000000 0.0138526223
4.1200000000 0.0136655387
4.1300000000 0.0134818232
4.1400000000 0.0133021032
4.1500000000 0.0131269068
4.1600000000 0.0129566473
4.1700000000 0.0127914409
4.1800000000 0.0126311302
4.1900000000 0.0124752260
4.2000000000 0.0123229657
4.2100000000 0.0121734038
4.2200000000 0.0120256147
4.2300000000 0.0118787245
4.2400000000 0.0117318790
4.2500000000 0.0115844050
4.2600000000 0.0114357293
4.2700000000 0.0112855355
4.2800000000 0.0111338560
4.2900000000 0.0109810750
4.3000000000 0.0108279026
4.3100000000 0.0106752532
4.3200000000 0.0105241420
4.3300000000 0.0103755874
4.3400000000 0.0102304068
4.3500000000 0.0100891883
4.3600000000 0.0099520991
4.3700000000 0.0098188517
4.3800000000 0.0096888153
4.3900000000 0.0095610295
4.4000000000 0.0094345822
4.4100000000 0.0093087892
4.4200000000 0.0091833339
4.4300000000 0.0090582790
4.4400000000 0.0089339635
4.4500000000 0.0088108104
4.4600000000 0.0086891205
4.4700000000 0.0085689447
4.4800000000 0.0084500975
4.4900000000 0.0083321545
4.5000000000 0.0082145512
4.5100000000 0.0080967469
4.5200000000 0.0079783411
4.5300000000 0.0078591658
4.5400000000 0.0077393343
4.5500000000 0.0076193263
4.5600000000 0.0074998707
4.5700000000 0.0073819463
4.5800000000 0.0072666388
4.5900000000 0.0071548872
4.6000000000 0.0070472913
4.6100000000 0.0069439356
4.6200000000 0.0068442466
4.6300000000 0.0067470814
4.6400000000 0.0066509750
4.6500000000 0.0065544993
4.6600000000 0.0064565025
4.6700000000 0.0063563096
4.6800000000 0.0062537540
4.6900000000 0.0061490003
4.7000000000 0.0060424718
4.7100000000 0.0059347403
4.7200000000 0.0058264537
4.7300000000 0.0057182412
4.7400000000 0.0056106291
4.7500000000 0.0055040016
4.7600000000 0.0053985530
4.7700000000 0.0052942476
4.7800000000 0.0051908214
4.7900000000 0.0050878765
4.8000000000 0.0049849515
4.8100000000 0.0048817213
4.8200000000 0.0047781104
4.8300000000 0.0046743615
4.8400000000 0.0045710312
4.8500000000 0.0044689362
4.8600000000 0.0043689774
4.8700000000 0.0042720966
4.8800000000 0.0041791781
4.8900000000 0.0040909586
4.9000000000 0.0040080927
4.9100000000 0.0039311436
4.9200000000 0.0038605210
4.9300000000 0.0037965121
4.9400000000 0.0037390345
4.9500000000 0.0036874936
4.9600000000 0.0036405971
4.9700000000 0.0035963448
4.9800000000 0.0035522818
4.9900000000 0.0035059361
5.0000000000 0.0034553227
5.0100000000 0.0033993438
5.0200000000 0.0033379000
5.0300000000 0.0032716571
5.0400000000 0.0032018344
5.0500000000 0.0031297730
5.0600000000 0.0030566899
5.0700000000 0.0029835579
5.0800000000 0.0029110294
5.0900000000 0.0028395623
5.1000000000 0.0027694891
5.1100000000 0.0027011299
5.1200000000 0.0026347467
5.1300000000 0.0025704701
5.1400000000 0.0025081667
5.1500000000 0.0024473661
5.1600000000 0.0023873002
5.1700000000 0.0023270789
5.1800000000 0.0022659590
5.1900000000 0.0022034397
5.2000000000 0.0021393591
5.2100000000 0.0020738042
5.2200000000 0.0020069735
5.2300000000 0.0019391153
5.2400000000 0.0018704594
5.2500000000 0.0018012822
5.2600000000 0.0017319453
5.2700000000 0.0016629367
5.2800000000 0.0015948706
5.2900000000 0.0015284128
5.3000000000 0.0014642462
5.3100000000 0.0014030064
5.3200000000 0.0013452759
5.3300000000 0.0012915454
5.3400000000 0.0012422513
5.3500000000 0.0011977737
5.3600000000 0.0011584566
5.3700000000 0.0011245123
5.3800000000 0.0010959525
5.3900000000 0.0010724549
5.4000000000 0.0010532415
5.4100000000 0.0010370992
5.4200000000 0.0010224717
5.4300000000 0.0010076454
5.4400000000 0.0009909984
5.4500000000 0.0009712035
5.4600000000 0.0009473996
5.4700000000 0.0009191950
5.4800000000 0.0008866417
5.4900000000 0.0008501166
5.5000000000 0.0008102361
5.5100000000 0.0007677805
5.5200000000 0.0007236060
5.5300000000 0.0006786308
5.5400000000 0.0006337320
5.5500000000 0.0005897442
5.5600000000 0.0005474212
5.5700000000 0.0005074024
5.5800000000 0.0004701747
5.5900000000 0.0004361021
5.6000000000 0.0004053544
5.6100000000 0.0003779403
5.6200000000 0.0003537087
5.6300000000 0.0003323816
5.6400000000 0.0003136314
5.6500000000 0.0002971629
5.6600000000 0.0002828186
5.6700000000 0.0002706141
5.6800000000 0.0002607632
5.6900000000 0.0002536044
5.7000000000 0.0002495065
5.7100000000 0.0002487335
5.7200000000 0.0002513144
5.7300000000 0.0002569645
5.7400000000 0.0002650000
5.7500000000 0.0002743974
5.7600000000 0.0002838826
5.7700000000 0.0002921416
5.7800000000 0.0002980391
5.7900000000 0.0003008289
5.8000000000 0.0003002804
5.8100000000 0.0002966839
5.8200000000 0.0002907954
5.8300000000 0.0002836973
5.8400000000 0.0002765891
5.8500000000 0.0002705905
5.8600000000 0.0002665582
5.8700000000 0.0002650048
5.8800000000 0.0002660634
5.8900000000 0.0002695718
5.9000000000 0.0002751787
5.9100000000 0.0002824999
5.9200000000 0.0002911795
5.9300000000 0.0003009256
5.9400000000 0.0003114468
5.9500000000 0.0003224212
5.9600000000 0.0003334813
5.9700000000 0.0003443062
5.9800000000 0.0003547552
5.9900000000 0.0003649559
6.0000000000 0.0003753234
6.0100000000 0.0003864996
6.0200000000 0.0003992756
6.0300000000 0.0004144948
6.0400000000 0.0004330200
6.0500000000 0.0004557173
6.0600000000 0.0004833967
6.0700000000 0.0005167695
6.0800000000 0.0005564115
6.0900000000 0.0006027478
6.1000000000 0.0006560243
6.1100000000 0.0007163561
6.1200000000 0.0007836914
6.1300000000 0.0008578016
6.1400000000 0.0009382446
6.1500000000 0.0010243158
6.1600000000 0.0011149668
6.1700000000 0.0012087890
6.1800000000 0.0013039519
6.1900000000 0.0013982169
6.2000000000 0.0014890591
6.2100000000 0.0015738232
6.2200000000 0.0016500457
6.2300000000 0.0017157748
6.2400000000 0.0017699946
6.2500000000 0.0018129623
6.2600000000 0.0018464563
6.2700000000 0.0018737133
6.2800000000 0.0018991666
6.2900000000 0.0019277883
6.3000000000 0.0019643901
6.3100000000 0.0020129039
6.3200000000 0.0020760516
6.3300000000 0.0021551687
6.3400000000 0.0022503834
6.3500000000 0.0023607774
6.3600000000 0.0024846427
6.3700000000 0.0026197205
6.3800000000 0.0027632831
6.3900000000 0.0029123962
6.4000000000 0.0030640499
6.4100000000 0.0032154684
6.4200000000 0.0033643217
6.4300000000 0.0035090778
6.4400000000 0.0036492424
6.4500000000 0.0037856361
6.4600000000 0.0039204521
6.4700000000 0.0040570282
6.4800000000 0.0041992482
6.4900000000 0.0043507333
6.5000000000 0.0045139587
6.5100000000 0.0046899006
6.5200000000 0.0048778123
6.5300000000 0.0050756080
6.5400000000 0.0052804103
6.5500000000 0.0054891227
6.5600000000 0.0056988916
6.5700000000 0.0059075383
6.5800000000 0.0061137189
6.5900000000 0.0063171670
6.6000000000 0.0065188855
6.6100000000 0.0067211545
6.6200000000 0.0069274070
6.6300000000 0.0071420928
6.6400000000 0.0073702739
6.6500000000 0.0076170831
6.6600000000 0.0078870399
6.6700000000 0.0081833344
6.6800000000 0.0085072992
6.6900000000 0.0088583311
6.7000000000 0.0092343219
6.7100000000 0.0096324254
6.7200000000 0.0100498320
6.7300000000 0.0104845180
6.7400000000 0.0109354111
6.7500000000 0.0114021969
6.7600000000 0.0118845559
6.7700000000 0.0123816076
6.7800000000 0.0128917737
6.7900000000 0.0134131946
6.8000000000 0.0139447115
6.8100000000 0.0144867808
6.8200000000 0.0150415941
6.8300000000 0.0156122945
6.8400000000 0.0162016453
6.8500000000 0.0168105662
6.8600000000 0.0174376321
6.8700000000 0.0180792939
6.8800000000 0.0187311608
6.8900000000 0.0193895821
6.9000000000 0.0200524396
6.9100000000 0.0207190481
6.9200000000 0.0213891998
6.9300000000 0.0220620417
6.9400000000 0.0227348155
6.9500000000 0.0234025141
6.9600000000 0.0240574529
6.9700000000 0.0246896526
6.9800000000 0.0252867829
6.9900000000 0.0258347368
7.0000000000 0.0263179826
7.0100000000 0.0267205063
7.0200000000 0.0270274234
7.0300000000 0.0272259946
7.0400000000 0.0273065973
7.0500000000 0.0272635243
7.0600000000 0.0270961752
7.0700000000 0.0268109226
7.0800000000 0.0264229689
7.0900000000 0.0259579006
7.1000000000 0.0254513443
7.1100000000 0.0249463587
7.1200000000 0.0244878002
7.1300000000 0.0241148766
7.1400000000 0.0238544352
7.1500000000 0.0237174641
7.1600000000 0.0237002589
7.1700000000 0.0237894931
7.1800000000 0.0239699001
7.1900000000 0.0242311045
7.2000000000 0.0245714643
7.2100000000 0.0249977660
7.2200000000 0.0255205174
7.2300000000 0.0261475933
7.2400000000 0.0268791203
7.2500000000 0.0277045440
7.2600000000 0.0286026461
7.2700000000 0.0295428920
7.2800000000 0.0304871805
7.2900000000 0.0313918847
7.3000000000 0.0322098371
7.3100000000 0.0328937001
7.3200000000 0.0334010861
7.3300000000 0.0337013591
7.3400000000 0.0337810285
7.3500000000 0.0336456083
7.3600000000 0.0333158410
7.3700000000 0.0328204480
7.3800000000 0.0321889171
7.3900000000 0.0314476471
7.4000000000 0.0306204868
7.4100000000 0.0297323964
7.4200000000 0.0288140687
7.4300000000 0.0279043478
7.4400000000 0.0270483852
7.4500000000 0.0262919803
7.4600000000 0.0256744003
7.4700000000 0.0252225093
7.4800000000 0.0249483307
7.4900000000 0.0248501103
7.5000000000 0.0249158667
7.5100000000 0.0251272128
7.5200000000 0.0254623269
7.5300000000 0.0258970967
7.5400000000 0.0264060396
7.5500000000 0.0269634467
7.5600000000 0.0275459998
7.5700000000 0.0281352171
7.5800000000 0.0287179198
7.5900000000 0.0292844947
7.6000000000 0.0298256503
7.6100000000 0.0303309491
7.6200000000 0.0307897273
7.6300000000 0.0311946865
7.6400000000 0.0315447870
7.6500000000 0.0318463195
7.6600000000 0.0321089709
7.6700000000 0.0323402334
7.6800000000 0.0325405326
7.6900000000 0.0327023201
7.7000000000 0.0328137651
7.7100000000 0.0328654769
7.7200000000 0.0328561517
7.7300000000 0.0327952573
7.7400000000 0.0327004239
7.7500000000 0.0325918448
7.7600000000 0.0324861142
7.7700000000 0.0323917336
7.7800000000 0.0323072926
7.7900000000 0.0322222685
7.8000000000 0.0321207193
7.8100000000 0.0319874399
7.8200000000 0.0318145451
7.8300000000 0.0316058543
7.8400000000 0.0313764071
7.8500000000 0.0311487083
7.8600000000 0.0309481371
7.8700000000 0.0308006100
7.8800000000 0.0307325432
7.8900000000 0.0307706379
7.9000000000 0.0309398658
7.9100000000 0.0312588605
7.9200000000 0.0317355628
7.9300000000 0.0323637308
7.9400000000 0.0331225706
7.9500000000 0.0339777441
7.9600000000 0.0348835777
7.9700000000 0.0357863542
7.9800000000 0.0366295434
7.9900000000 0.0373621737
8.0000000000 0.0379494410
8.0100000000 0.0383815229
8.0200000000 0.0386753955
8.0300000000 0.0388674963
8.0400000000 0.0389996785
8.0500000000 0.0391060504
8.0600000000 0.0392063155
8.0700000000 0.0393090514
8.0800000000 0.0394204750
8.0900000000 0.0395542326
8.1000000000 0.0397367592
8.1100000000 0.0400046711
8.1200000000 0.0403968039
8.1300000000 0.0409441419
8.1400000000 0.0416621636
8.1500000000 0.0425478245
8.1600000000 0.0435815932
8.1700000000 0.0447330297
8.1800000000 0.0459670136
8.1900000000 0.0472488525
8.2000000000 0.0485466857
8.2100000000 0.0498291017
8.2200000000 0.0510613118
8.2300000000 0.0522014844
8.2400000000 0.0532023377
8.2500000000 0.0540180842
8.2600000000 0.0546142623
8.2700000000 0.0549740182
8.2800000000 0.0550968804
8.2900000000 0.0549892439
8.3000000000 0.0546531550
8.3100000000 0.0540795207
8.3200000000 0.0532531380
8.3300000000 0.0521650940
8.3400000000 0.0508277991
8.3500000000 0.0492814378
8.3600000000 0.0475908267
8.3700000000 0.0458343030
8.3800000000 0.0440926463
8.3900000000 0.0424422470
8.4000000000 0.0409538815
8.4100000000 0.0396924914
8.4200000000 0.0387151421
8.4300000000 0.0380667140
8.4400000000 0.0377745961
8.4500000000 0.0378455564
8.4600000000 0.0382655299
8.4700000000 0.0390022697
8.4800000000 0.0400103856
8.4900000000 0.0412359891
8.5000000000 0.0426207354
8.5100000000 0.0441048287
8.5200000000 0.0456300380
8.5300000000 0.0471433160
8.5400000000 0.0486016304
8.5500000000 0.0499759352
8.5600000000 0.0512547950
8.5700000000 0.0524452640
8.5800000000 0.0535717154
8.5900000000 0.0546705697
8.6000000000 0.0557812904
8.6100000000 0.0569366286
8.6200000000 0.0581551805
8.6300000000 0.0594396296
8.6400000000 0.0607816228
8.6500000000 0.0621710616
8.6600000000 0.0636044357
8.6700000000 0.0650870823
8.6800000000 0.0666295982
8.6900000000 0.0682391367
8.7000000000 0.0699123853
8.7100000000 0.0716317694
8.7200000000 0.0733661502
8.7300000000 0.0750728022
8.7400000000 0.0766973473
8.7500000000 0.0781723664
8.7600000000 0.0794167298
8.7700000000 0.0803423367
8.7800000000 0.0808694923
8.7900000000 0.0809476583
8.8000000000 0.0805723862
8.8100000000 0.0797893778
8.8200000000 0.0786832178
8.8300000000 0.0773569059
8.8400000000 0.0759110708
8.8500000000 0.0744322563
8.8600000000 0.0729903702
8.8700000000 0.0716423654
8.8800000000 0.0704368531
8.8900000000 0.0694153706
8.9000000000 0.0686107871
8.9100000000 0.0680445106
8.9200000000 0.0677213235
8.9300000000 0.0676251634
8.9400000000 0.0677159558
8.9500000000 0.0679328392
8.9600000000 0.0682035425
8.9700000000 0.0684585711
8.9800000000 0.0686444755
8.9900000000 0.0687298723
9.0000000000 0.0687041874
9.0100000000 0.0685722391
9.0200000000 0.0683528324
9.0300000000 0.0680806862
9.0400000000 0.0678123663
9.0500000000 0.0676264146
9.0600000000 0.0676150241
9.0700000000 0.0678684119
9.0800000000 0.0684591899
9.0900000000 0.0694327536
9.1000000000 0.0708070649
9.1100000000 0.0725789133
9.1200000000 0.0747330385
9.1300000000 0.0772484180
9.1400000000 0.0801009031
9.1500000000 0.0832604775
9.1600000000 0.0866833305
9.1700000000 0.0903028766
9.1800000000 0.0940243958
9.1900000000 0.0977301250
9.2000000000 0.1012981571
9.2100000000 0.1046296365
9.2200000000 0.1076761766
9.2300000000 0.1104534102
9.2400000000 0.1130340601
9.2500000000 0.1155210900
9.2600000000 0.1180123693
9.2700000000 0.1205724115
9.2800000000 0.1232201300
9.2900000000 0.1259339326
9.3000000000 0.1286656944
9.3100000000 0.1313528188
9.3200000000 0.1339238422
9.3300000000 0.1362960178
9.3400000000 0.1383700785
9.3500000000 0.1400279356
9.3600000000 0.1411414674
9.3700000000 0.1415946556
9.3800000000 0.1413151533
9.3900000000 0.1403039136
9.4000000000 0.1386495519
9.4100000000 0.1365214913
9.4200000000 0.1341450204
9.4300000000 0.1317683225
9.4400000000 0.1296295078
9.4500000000 0.1279307478
9.4600000000 0.1268213038
9.4700000000 0.1263880050
9.4800000000 0.1266478949
9.4900000000 0.1275432279
9.5000000000 0.1289393800
9.5100000000 0.1306352817
9.5200000000 0.1323918687
9.5300000000 0.1339798869
9.5400000000 0.1352367698
9.5500000000 0.1361124589
9.5600000000 0.1366876996
9.5700000000 0.1371566093
9.5800000000 0.1377803136
9.5900000000 0.1388291382
9.6000000000 0.1405333691
9.6100000000 0.1430481390
9.6200000000 0.1464364725
9.6300000000 0.1506653714
9.6400000000 0.1556117865
9.6500000000 0.1610770742
9.6600000000 0.1668104248
9.6700000000 0.1725375447
9.6800000000 0.1779894124
9.6900000000 0.1829247710
9.7000000000 0.1871418128
9.7100000000 0.1904869565
9.7200000000 0.1928627761
9.7300000000 0.1942397007
9.7400000000 0.1946637617
9.7500000000 0.1942558244
9.7600000000 0.1931994920
9.7700000000 0.1917160361
9.7800000000 0.1900270856
9.7900000000 0.1883148416
9.8000000000 0.1866889596
9.8100000000 0.1851777230
9.8200000000 0.1837470005
9.8300000000 0.1823372307
9.8400000000 0.1809044632
9.8500000000 0.1794477429
9.8600000000 0.1780193363
9.8700000000 0.1767177321
9.8800000000 0.1756662713
9.8900000000 0.1749799029
9.9000000000 0.1747330238
9.9100000000 0.1749338685
9.9200000000 0.1755191693
9.9300000000 0.1763674916
9.9400000000 0.1773359747
9.9500000000 0.1783053680
9.9600000000 0.1792215033
9.9700000000 0.1801120016
9.9800000000 0.1810693456
9.9900000000 0.1822097054
10.0000000000 0.1836245637
10.0100000000 0.1853474659
10.0200000000 0.1873457456
10.0300000000 0.1895349550
10.0400000000 0.1918008640
10.0500000000 0.1940163289
10.0600000000 0.1960451988
10.0700000000 0.1977386180
10.0800000000 0.1989363631
10.0900000000 0.1994786447
10.1000000000 0.1992359417
10.1100000000 0.1981431054
10.1200000000 0.1962285589
10.1300000000 0.1936238548
10.1400000000 0.1905508651
10.1500000000 0.1872868353
10.1600000000 0.1841199401
10.1700000000 0.1813027233
10.1800000000 0.1790143310
10.1900000000 0.1773391108
10.2000000000 0.1762646232
10.2100000000 0.1756966921
10.2200000000 0.1754882430
10.2300000000 0.1754729919
10.2400000000 0.1754928313
10.2500000000 0.1754088198
10.2600000000 0.1750964352
10.2700000000 0.1744352969
10.2800000000 0.1733068057
10.2900000000 0.1716100274
10.3000000000 0.1692890098
10.3100000000 0.1663627676
10.3200000000 0.1629386974
10.3300000000 0.1592022610
10.3400000000 0.1553806442
10.3500000000 0.1516971067
10.3600000000 0.1483307027
10.3700000000 0.1453989804
10.3800000000 0.1429611643
10.3900000000 0.1410361254
10.4000000000 0.1396176104
10.4100000000 0.1386833295
10.4200000000 0.1381982032
10.4300000000 0.1381182870
10.4400000000 0.1383969112
10.4500000000 0.1389882569
10.4600000000 0.1398461111
10.4700000000 0.1409164301
10.4800000000 0.1421305474
10.4900000000 0.1434027781
10.5000000000 0.1446343218
10.5100000000 0.1457194214
10.5200000000 0.1465517275
10.5300000000 0.1470272290
10.5400000000 0.1470493881
10.5500000000 0.1465388233
10.5600000000 0.1454470124
10.5700000000 0.1437664356
10.5800000000 0.1415285164
10.5900000000 0.1387863627
10.6000000000 0.1355921843
10.6100000000 0.1319798680
10.6200000000 0.1279650887
10.6300000000 0.1235634148
10.6400000000 0.1188178765
10.6500000000 0.1138234432
10.6600000000 0.1087364328
10.6700000000 0.1037659181
10.6800000000 0.0991519162
10.6900000000 0.0951368676
10.7000000000 0.0919414913
10.7100000000 0.0897442277
10.7200000000 0.0886683358
10.7300000000 0.0887716652
10.7400000000 0.0900407880
10.7500000000 0.0923873506
10.7600000000 0.0956523883
10.7700000000 0.0996182579
10.7800000000 0.1040337962
10.7900000000 0.1086464175
10.8000000000 0.1132387312
10.8100000000 0.1176576475
10.8200000000 0.1218301775
10.8300000000 0.1257606500
10.8400000000 0.1295116564
10.8500000000 0.1331748491
10.8600000000 0.1368406188
10.8700000000 0.1405680823
10.8800000000 0.1443626005
10.8900000000 0.1481614547
10.9000000000 0.1518333346
10.9100000000 0.1551929253
10.9200000000 0.1580292129
10.9300000000 0.1601415413
10.9400000000 0.1613766287
10.9500000000 0.1616568097
10.9600000000 0.1609928557
10.9700000000 0.1594783757
10.9800000000 0.1572712582
10.9900000000 0.1545708988
11.0000000000 0.1516021581
11.0100000000 0.1486049167
11.0200000000 0.1458260696
11.0300000000 0.1435048632
11.0400000000 0.1418484229
11.0500000000 0.1410050870
11.0600000000 0.1410442643
11.0700000000 0.1419508572
11.0800000000 0.1436404572
11.0900000000 0.1459862056
11.1000000000 0.1488477996
11.1100000000 0.1520859394
11.1200000000 0.1555558567
11.1300000000 0.1590867619
11.1400000000 0.1624639023
11.1500000000 0.1654286461
11.1600000000 0.1677011127
11.1700000000 0.1690177974
11.1800000000 0.1691739158
11.1900000000 0.1680602749
11.2000000000 0.1656857462
11.2100000000 0.1621814914
11.2200000000 0.1577837600
11.2300000000 0.1527992518
11.2400000000 0.1475591351
11.2500000000 0.1423749700
11.2600000000 0.1375052359
11.2700000000 0.1331395450
11.2800000000 0.1293933192
11.2900000000 0.1263096335
11.3000000000 0.1238590272
11.3100000000 0.1219415514
11.3200000000 0.1203955770
11.3300000000 0.1190202987
11.3400000000 0.1176147519
11.3500000000 0.1160211717
11.3600000000 0.1141593187
11.3700000000 0.1120391270
11.3800000000 0.1097449757
11.3900000000 0.1074036759
11.4000000000 0.1051484093
11.4100000000 0.1030925846
11.4200000000 0.1013190799
11.4300000000 0.0998787578
11.4400000000 0.0987961763
11.4500000000 0.0980745493
11.4600000000 0.0977008601
11.4700000000 0.0976492857
11.4800000000 0.0978837909
11.4900000000 0.0983593048
11.5000000000 0.0990236922
11.5100000000 0.0998216848
11.5200000000 0.1007014476
11.5300000000 0.1016223418
11.5400000000 0.1025649223
11.5500000000 0.1035409688
11.5600000000 0.1045979808
11.5700000000 0.1058139921
11.5800000000 0.1072793489
11.5900000000 0.1090715559
11.6000000000 0.1112304793
11.6100000000 0.1137455299
11.6200000000 0.1165569511
11.6300000000 0.1195684370
11.6400000000 0.1226613748
11.6500000000 0.1257075408
11.6600000000 0.1285786582
11.6700000000 0.1311575526
11.6800000000 0.1333543891
11.6900000000 0.1351191526
11.7000000000 0.1364470362
11.7100000000 0.1373691259
11.7200000000 0.1379335259
11.7300000000 0.1381867050
11.7400000000 0.1381629838
11.7500000000 0.1378851239
11.7600000000 0.1373705794
11.7700000000 0.1366352953
11.7800000000 0.1356935654
11.7900000000 0.1345529092
11.8000000000 0.1332091283
11.8100000000 0.1316475326
11.8200000000 0.1298501416
11.8300000000 0.1278124208
11.8400000000 0.1255614141
11.8500000000 0.1231681009
11.8600000000 0.1207448624
11.8700000000 0.1184278490
11.8800000000 0.1163475419
11.8900000000 0.1146005173
11.9000000000 0.1132306910
11.9100000000 0.1122223353
11.9200000000 0.1115052721
11.9300000000 0.1109667676
11.9400000000 0.1104696020
11.9500000000 0.1098755209
11.9600000000 0.1090739494
11.9700000000 0.1080093608
11.9800000000 0.1066992433
11.9900000000 0.1052341804
12.0000000000 0.1037591669
12.0100000000 0.1024444904
12.0200000000 0.1014550003
12.0300000000 0.1009275365
12.0400000000 0.1009562164
12.0500000000 0.1015840061
12.0600000000 0.1027936458
12.0700000000 0.1044987326
12.0800000000 0.1065387583
12.0900000000 0.1086875896
12.1000000000 0.1106793568
12.1100000000 0.1122507682
12.1200000000 0.1131873608
12.1300000000 0.1133614223
12.1400000000 0.1127508120
12.1500000000 0.1114367822
12.1600000000 0.1095831375
12.1700000000 0.1074046478
12.1800000000 0.1051305471
12.1900000000 0.1029712407
12.2000000000 0.1010947143
12.2100000000 0.0996160171
12.2200000000 0.0985967173
12.2300000000 0.0980557824
12.2400000000 0.0979841277
12.2500000000 0.0983611243
12.2600000000 0.0991697130
12.2700000000 0.1004047650
12.2800000000 0.1020739176
12.2900000000 0.1041867574
12.3000000000 0.1067379853
12.3100000000 0.1096909345
12.3200000000 0.1129668365
12.3300000000 0.1164464916
12.3400000000 0.1199800151
12.3500000000 0.1234034950
12.3600000000 0.1265576014
12.3700000000 0.1293035975
12.3800000000 0.1315337176
12.3900000000 0.1331733813
12.4000000000 0.1341793283
12.4100000000 0.1345384980
12.4200000000 0.1342696961
12.4300000000 0.1334222483
12.4400000000 0.1320675080
12.4500000000 0.1302846142
12.4600000000 0.1281445354
12.4700000000 0.1256989479
12.4800000000 0.1229775057
12.4900000000 0.1199936747
12.5000000000 0.1167556367
12.5100000000 0.1132803191
12.5200000000 0.1096046167
12.5300000000 0.1057896722
12.5400000000 0.1019159985
12.5500000000 0.0980725913
12.5600000000 0.0943456144
12.5700000000 0.0908115061
12.5800000000 0.0875364446
12.5900000000 0.0845792461
12.6000000000 0.0819953765
12.6100000000 0.0798372299
12.6200000000 0.0781505894
12.6300000000 0.0769683516
12.6400000000 0.0763043816
12.6500000000 0.0761489146
12.6600000000 0.0764670564
12.6700000000 0.0772003119
12.6800000000 0.0782707631
12.6900000000 0.0795883012
12.7000000000 0.0810595245
12.7100000000 0.0825970957
12.7200000000 0.0841260701
12.7300000000 0.0855888347
12.7400000000 0.0869453286
12.7500000000 0.0881718255
12.7600000000 0.0892586541
12.7700000000 0.0902037891
12.7800000000 0.0910045569
12.7900000000 0.0916491841
12.8000000000 0.0921123043
12.8100000000 0.0923578925
12.8200000000 0.0923486199
12.8300000000 0.0920582675
12.8400000000 0.0914818746
12.8500000000 0.0906415643
12.8600000000 0.0895854012
12.8700000000 0.0883794162
12.8800000000 0.0870928451
12.8900000000 0.0857839280
12.9000000000 0.0844918324
12.9100000000 0.0832383395
12.9200000000 0.0820374498
12.9300000000 0.0809082403
12.9400000000 0.0798831898
12.9500000000 0.0790104188
12.9600000000 0.0783491377
12.9700000000 0.0779620028
12.9800000000 0.0779051717
12.9900000000 0.0782169724
13.0000000000 0.0789070885
13.0100000000 0.0799471289
13.0200000000 0.0812652158
13.0300000000 0.0827493287
13.0400000000 0.0842588259
13.0500000000 0.0856451021
13.0600000000 0.0867776616
13.0700000000 0.0875685848
13.0800000000 0.0879880041
13.0900000000 0.0880664425
13.1000000000 0.0878795662
13.1100000000 0.0875237769
13.1200000000 0.0870901400
13.1300000000 0.0866457802
13.1400000000 0.0862278968
13.1500000000 0.0858500858
13.1600000000 0.0855150651
13.1700000000 0.0852264196
13.1800000000 0.0849947397
13.1900000000 0.0848363264
13.2000000000 0.0847702030
13.2100000000 0.0848144318
13.2200000000 0.0849878820
13.2300000000 0.0853130189
13.2400000000 0.0858185036
13.2500000000 0.0865377928
13.2600000000 0.0875021439
13.2700000000 0.0887294787
13.2800000000 0.0902127197
13.2900000000 0.0919118591
13.3000000000 0.0937503334
13.3100000000 0.0956218835
13.3200000000 0.0974015542
13.3300000000 0.0989625752
13.3400000000 0.1001926823
13.3500000000 0.1010079603
13.3600000000 0.1013589415
13.3700000000 0.1012332875
13.3800000000 0.1006543437
13.3900000000 0.0996739474
13.4000000000 0.0983639529
13.4100000000 0.0968023240
13.4200000000 0.0950600462
13.4300000000 0.0931918012
13.4400000000 0.0912320058
13.4500000000 0.0891978799
13.4600000000 0.0870942646
13.4700000000 0.0849182462
13.4800000000 0.0826626977
13.4900000000 0.0803189609
13.5000000000 0.0778815509
13.5100000000 0.0753528012
13.5200000000 0.0727476882
13.5300000000 0.0700933394
13.5400000000 0.0674265401
13.5500000000 0.0647882548
13.5600000000 0.0622189462
13.5700000000 0.0597550106
13.5800000000 0.0574263221
13.5900000000 0.0552557260
13.6000000000 0.0532597155
13.6100000000 0.0514522515
13.6200000000 0.0498485680
13.6300000000 0.0484693382
13.6400000000 0.0473415372
13.6500000000 0.0464956801
13.6600000000 0.0459601018
13.6700000000 0.0457530600
13.6800000000 0.0458742271
13.6900000000 0.0462977337
13.7000000000 0.0469698190
13.7100000000 0.0478116890
13.7200000000 0.0487297001
13.7300000000 0.0496305648
13.7400000000 0.0504360194
13.7500000000 0.0510938973
13.7600000000 0.0515810629
13.7700000000 0.0518986270
13.7800000000 0.0520628673
13.7900000000 0.0520950404
13.8000000000 0.0520139620
13.8100000000 0.0518332066
13.8200000000 0.0515634365
13.8300000000 0.0512183794
13.8400000000 0.0508214845
13.8500000000 0.0504121800
13.8600000000 0.0500480867
13.8700000000 0.0498028266
13.8800000000 0.0497598059
13.8900000000 0.0500037631
13.9000000000 0.0506112970
13.9100000000 0.0516420608
13.9200000000 0.0531307241
13.9300000000 0.0550790023
13.9400000000 0.0574462722
13.9500000000 0.0601412726
13.9600000000 0.0630179365
13.9700000000 0.0658829235
13.9800000000 0.0685172386
13.9900000000 0.0707112126
14.0000000000 0.0723022117
14.0100000000 0.0732040710
14.0200000000 0.0734164173
14.0300000000 0.0730145192
14.0400000000 0.0721242638
14.0500000000 0.0708939325
14.0600000000 0.0694706930
14.0700000000 0.0679849263
14.0800000000 0.0665434077
14.0900000000 0.0652279437
14.1000000000 0.0640967401
14.1100000000 0.0631868429
14.1200000000 0.0625173512
14.1300000000 0.0620918386
14.1400000000 0.0619015908
14.1500000000 0.0619289504
14.1600000000 0.0621493047
14.1700000000 0.0625314240
14.1800000000 0.0630360761
14.1900000000 0.0636138654
14.2000000000 0.0642074638
14.2100000000 0.0647570344
14.2200000000 0.0652084963
14.2300000000 0.0655221378
14.2400000000 0.0656766891
14.2500000000 0.0656702261
14.2600000000 0.0655165880
14.2700000000 0.0652418174
14.2800000000 0.0648797055
14.2900000000 0.0644688830
14.3000000000 0.0640477883
14.3100000000 0.0636488790
14.3200000000 0.0632942260
14.3300000000 0.0629924773
14.3400000000 0.0627390802
14.3500000000 0.0625209696
14.3600000000 0.0623208521
14.3700000000 0.0621242144
14.3800000000 0.0619227630
14.3900000000 0.0617158511
14.4000000000 0.0615100517
14.4100000000 0.0613143810
14.4200000000 0.0611393343
14.4300000000 0.0609950005
14.4400000000 0.0608929182
14.4500000000 0.0608478754
14.4600000000 0.0608812441
14.4700000000 0.0610230501
14.4800000000 0.0613117529
14.4900000000 0.0617902893
14.5000000000 0.0624957093
14.5100000000 0.0634464648
14.5200000000 0.0646307254
14.5300000000 0.0660025280
14.5400000000 0.0674866679
14.5500000000 0.0689920911
14.5600000000 0.0704271698
14.5700000000 0.0717126329
14.5800000000 0.0727893959
14.5900000000 0.0736206697
14.6000000000 0.0741921024
14.6100000000 0.0745117419
14.6200000000 0.0746074761
14.6300000000 0.0745221221
14.6400000000 0.0743047021
14.6500000000 0.0739997930
14.6600000000 0.0736394450
14.6700000000 0.0732403179
14.6800000000 0.0728083853
14.6900000000 0.0723465642
14.7000000000 0.0718622650
14.7100000000 0.0713695984
14.7200000000 0.0708889946
14.7300000000 0.0704440193
14.7400000000 0.0700593300
14.7500000000 0.0697593296
14.7600000000 0.0695685721
14.7700000000 0.0695102590
14.7800000000 0.0696041014
14.7900000000 0.0698616555
14.8000000000 0.0702815058
14.8100000000 0.0708462580
14.8200000000 0.0715220666
14.8300000000 0.0722620359
14.8400000000 0.0730116605
14.8500000000 0.0737139234
14.8600000000 0.0743128686
14.8700000000 0.0747577617
14.8800000000 0.0750094094
14.8900000000 0.0750497098
14.9000000000 0.0748894571
14.9100000000 0.0745700703
14.9200000000 0.0741565105
14.9300000000 0.0737233886
14.9400000000 0.0733393565
14.9500000000 0.0730563063
14.9600000000 0.0729028993
14.9700000000 0.0728857188
14.9800000000 0.0729937583
14.9900000000 0.0732046554
15.0000000000 0.0734897061
15.0100000000 0.0738176322
15.0200000000 0.0741567511
15.0300000000 0.0744760878
15.0400000000 0.0747472844
15.0500000000 0.0749466576
15.0600000000 0.0750591358
15.0700000000 0.0750783170
15.0800000000 0.0750064290
15.0900000000 0.0748506283
15.1000000000 0.0746198046
15.1100000000 0.0743239388
15.1200000000 0.0739739120
15.1300000000 0.0735817789
15.1400000000 0.0731596143
15.1500000000 0.0727168049
15.1600000000 0.0722587342
15.1700000000 0.0717862151
15.1800000000 0.0712977607
15.1900000000 0.0707938688
15.2000000000 0.0702815926
15.2100000000 0.0697782240
15.2200000000 0.0693093872
15.2300000000 0.0689048422
15.2400000000 0.0685907139
15.2500000000 0.0683854946
15.2600000000 0.0682961543
15.2700000000 0.0683194130
15.2800000000 0.0684415631
15.2900000000 0.0686403130
15.3000000000 0.0688861294
15.3100000000 0.0691461296
15.3200000000 0.0693882532
15.3300000000 0.0695852011
15.3400000000 0.0697174844
15.3500000000 0.0697743665
15.3600000000 0.0697550507
15.3700000000 0.0696700637
15.3800000000 0.0695418164
15.3900000000 0.0694044524
15.4000000000 0.0693004493
15.4100000000 0.0692762783
15.4200000000 0.0693759485
15.4300000000 0.0696360440
15.4400000000 0.0700830429
15.4500000000 0.0707314766
15.4600000000 0.0715816571
15.4700000000 0.0726158544
15.4800000000 0.0737914038
15.4900000000 0.0750369523
15.5000000000 0.0762556273
15.5100000000 0.0773356640
15.5200000000 0.0781708941
15.5300000000 0.0786823595
15.5400000000 0.0788366194
15.5500000000 0.0786525411
15.5600000000 0.0781983264
15.5700000000 0.0775768486
15.5800000000 0.0769087769
15.5900000000 0.0763141726
15.6000000000 0.0758980347
15.6100000000 0.0757389805
15.6200000000 0.0758801390
15.6300000000 0.0763234689
15.6400000000 0.0770279200
15.6500000000 0.0779150971
15.6600000000 0.0788832469
15.6700000000 0.0798277843
15.6800000000 0.0806611933
15.6900000000 0.0813266261
15.7000000000 0.0817993934
15.7100000000 0.0820788787
15.7200000000 0.0821757230
15.7300000000 0.0820997979
15.7400000000 0.0818554099
15.7500000000 0.0814407730
15.7600000000 0.0808543361
15.7700000000 0.0801003019
15.7800000000 0.0791952642
15.7900000000 0.0781696161
15.8000000000 0.0770664386
15.8100000000 0.0759370205
15.8200000000 0.0748375614
15.8300000000 0.0738247955
15.8400000000 0.0729536873
15.8500000000 0.0722732294
15.8600000000 0.0718245004
15.8700000000 0.0716349959
15.8800000000 0.0717161761
15.8900000000 0.0720589414
15.9000000000 0.0726310551
15.9100000000 0.0733793031
15.9200000000 0.0742347235
15.9300000000 0.0751221672
15.9400000000 0.0759728202
15.9500000000 0.0767332493
15.9600000000 0.0773714865
15.9700000000 0.0778775077
15.9800000000 0.0782584588
15.9900000000 0.0785312395
16.0000000000 0.0787131890
16.0100000000 0.0788149999
16.0200000000 0.0788341807
16.0300000000 0.0787550182
16.0400000000 0.0785513928
16.0500000000 0.0781955762
16.0600000000 0.0776673416
16.0700000000 0.0769631675
16.0800000000 0.0761012104
16.0900000000 0.0751229889
16.1000000000 0.0740892761
16.1100000000 0.0730723329
16.1200000000 0.0721453688
16.1300000000 0.0713711922
16.1400000000 0.0707927286
16.1500000000 0.0704279581
16.1600000000 0.0702697917
16.1700000000 0.0702915501
16.1800000000 0.0704552251
16.1900000000 0.0707216822
16.2000000000 0.0710595092
16.2100000000 0.0714498507
16.2200000000 0.0718874225
16.2300000000 0.0723746193
16.2400000000 0.0729123087
16.2500000000 0.0734904445
16.2600000000 0.0740822452
16.2700000000 0.0746455499
16.2800000000 0.0751298161
16.2900000000 0.0754874234
16.3000000000 0.0756854249
16.3100000000 0.0757112137
16.3200000000 0.0755739000
16.3300000000 0.0752990904
16.3400000000 0.0749206656
16.3500000000 0.0744746631
16.3600000000 0.0739929509
16.3700000000 0.0735021896
16.3800000000 0.0730249081
16.3900000000 0.0725826892
16.4000000000 0.0721989307
16.4100000000 0.0718986389
16.4200000000 0.0717050181
16.4300000000 0.0716339479
16.4400000000 0.0716892509
16.4500000000 0.0718582879
16.4600000000 0.0721131766
16.4700000000 0.0724150853
16.4800000000 0.0727203950
16.4900000000 0.0729891074
16.5000000000 0.0731915419
16.5100000000 0.0733128739
16.5200000000 0.0733546832
16.5300000000 0.0733325451
16.5400000000 0.0732728023
16.5500000000 0.0732071855
16.5600000000 0.0731660866
16.5700000000 0.0731741547
16.5800000000 0.0732456082
16.5900000000 0.0733829175
16.6000000000 0.0735790305
16.6100000000 0.0738223120
16.6200000000 0.0741033012
16.6300000000 0.0744198721
16.6400000000 0.0747788873
16.6500000000 0.0751936306
16.6600000000 0.0756769624
16.6700000000 0.0762345126
16.6800000000 0.0768583632
16.6900000000 0.0775260365
16.7000000000 0.0782003297
16.7100000000 0.0788333956
16.7200000000 0.0793709217
16.7300000000 0.0797564125
16.7400000000 0.0799378378
16.7500000000 0.0798740739
16.7600000000 0.0795408136
16.7700000000 0.0789348370
16.7800000000 0.0780741587
16.7900000000 0.0769959562
16.8000000000 0.0757523354
16.8100000000 0.0744052372
16.8200000000 0.0730224709
16.8300000000 0.0716731306
16.8400000000 0.0704224307
16.8500000000 0.0693276886
16.8600000000 0.0684332784
16.8700000000 0.0677667780
16.8800000000 0.0673370461
16.8900000000 0.0671355765
16.9000000000 0.0671407551
16.9100000000 0.0673226777
16.9200000000 0.0676475584
16.9300000000 0.0680787284
16.9400000000 0.0685753014
16.9500000000 0.0690909030
16.9600000000 0.0695767203
16.9700000000 0.0699862471
16.9800000000 0.0702801551
16.9900000000 0.0704301017
17.0000000000 0.0704184603
17.0100000000 0.0702375102
17.0200000000 0.0698901051
17.0300000000 0.0693906082
17.0400000000 0.0687661733
17.0500000000 0.0680554057
17.0600000000 0.0673038682
17.0700000000 0.0665581146
17.0800000000 0.0658591380
17.0900000000 0.0652378774
17.1000000000 0.0647124969
17.1100000000 0.0642886431
17.1200000000 0.0639628287
17.1300000000 0.0637254774
17.1400000000 0.0635662796
17.1500000000 0.0634772119
17.1600000000 0.0634550872
17.1700000000 0.0635019087
17.1800000000 0.0636242279
17.1900000000 0.0638303097
17.2000000000 0.0641266396
17.2100000000 0.0645130194
17.2200000000 0.0649773207
17.2300000000 0.0654926382
17.2400000000 0.0660168310
17.2500000000 0.0664959318
17.2600000000 0.0668698660
17.2700000000 0.0670811409
17.2800000000 0.0670850555
17.2900000000 0.0668579077
17.3000000000 0.0664011508
17.3100000000 0.0657398413
17.3200000000 0.0649171640
17.3300000000 0.0639866297
17.3400000000 0.0630047180
17.3500000000 0.0620252846
17.3600000000 0.0610956898
17.3700000000 0.0602540674
17.3800000000 0.0595298408
17.3900000000 0.0589439042
17.4000000000 0.0585111483
17.4100000000 0.0582406508
17.4200000000 0.0581357809
17.4300000000 0.0581914017
17.4400000000 0.0583917663
17.4500000000 0.0587082817
17.4600000000 0.0591017926
17.4700000000 0.0595276980
17.4800000000 0.0599437206
17.4900000000 0.0603179108
17.5000000000 0.0606331465
17.5100000000 0.0608854759
17.5200000000 0.0610779244
17.5300000000 0.0612137189
17.5400000000 0.0612901033
17.5500000000 0.0612982801
17.5600000000 0.0612264869
17.5700000000 0.0610660513
17.5800000000 0.0608162694
17.5900000000 0.0604864056
17.6000000000 0.0600947622
17.6100000000 0.0596653981
17.6200000000 0.0592229414
17.6300000000 0.0587881678
17.6400000000 0.0583752841
17.6500000000 0.0579920883
17.6600000000 0.0576416201
17.6700000000 0.0573243805
17.6800000000 0.0570398850
17.6900000000 0.0567862294
17.7000000000 0.0565589784
17.7100000000 0.0563490300
17.7200000000 0.0561428227
17.7300000000 0.0559225140
17.7400000000 0.0556699836
17.7500000000 0.0553710800
17.7600000000 0.0550201026
17.7700000000 0.0546230332
17.7800000000 0.0541976092
17.7900000000 0.0537691760
17.8000000000 0.0533660814
17.8100000000 0.0530136411
17.8200000000 0.0527291997
17.8300000000 0.0525193676
17.8400000000 0.0523783728
17.8500000000 0.0522904785
17.8600000000 0.0522315988
17.8700000000 0.0521746542
17.8800000000 0.0520947414
17.8900000000 0.0519730187
17.9000000000 0.0517998946
17.9100000000 0.0515749510
17.9200000000 0.0513043628
17.9300000000 0.0509988228
17.9400000000 0.0506705689
17.9500000000 0.0503325051
17.9600000000 0.0499997392
17.9700000000 0.0496891619
17.9800000000 0.0494188482
17.9900000000 0.0492056854
18.0000000000 0.0490625912
18.0100000000 0.0489959608
18.0200000000 0.0490056081
18.0300000000 0.0490851933
18.0400000000 0.0492248735
18.0500000000 0.0494123400
18.0600000000 0.0496336335
18.0700000000 0.0498736743
18.0800000000 0.0501155041
18.0900000000 0.0503413691
18.1000000000 0.0505321470
18.1100000000 0.0506691340
18.1200000000 0.0507352456
18.1300000000 0.0507173599
18.1400000000 0.0506078839
18.1500000000 0.0504044639
18.1600000000 0.0501103177
18.1700000000 0.0497321227
18.1800000000 0.0492803746
18.1900000000 0.0487691110
18.2000000000 0.0482152649
18.2100000000 0.0476378053
18.2200000000 0.0470563676
18.2300000000 0.0464893885
18.2400000000 0.0459522355
18.2500000000 0.0454560702
18.2600000000 0.0450086232
18.2700000000 0.0446139409
18.2800000000 0.0442747896
18.2900000000 0.0439931285
18.3000000000 0.0437714899
18.3100000000 0.0436123720
18.3200000000 0.0435171607
18.3300000000 0.0434852394
18.3400000000 0.0435146628
18.3500000000 0.0436022317
18.3600000000 0.0437445545
18.3700000000 0.0439371889
18.3800000000 0.0441726270
18.3900000000 0.0444379768
18.4000000000 0.0447140439
18.4100000000 0.0449771442
18.4200000000 0.0452034473
18.4300000000 0.0453739867
18.4400000000 0.0454790823
18.4500000000 0.0455184489
18.4600000000 0.0455008623
18.4700000000 0.0454394252
18.4800000000 0.0453481200
18.4900000000 0.0452393477
18.5000000000 0.0451227326
18.5100000000 0.0450049194
18.5200000000 0.0448914395
18.5300000000 0.0447875677
18.5400000000 0.0446993629
18.5500000000 0.0446342783
18.5600000000 0.0446003439
18.5700000000 0.0446052744
18.5800000000 0.0446551989
18.5900000000 0.0447532221
18.6000000000 0.0448993830
18.6100000000 0.0450906042
18.6200000000 0.0453208737
18.6300000000 0.0455820218
18.6400000000 0.0458634337
18.6500000000 0.0461523529
18.6600000000 0.0464361892
18.6700000000 0.0467030184
18.6800000000 0.0469438244
18.6900000000 0.0471523361
18.7000000000 0.0473235879
18.7100000000 0.0474518542
18.7200000000 0.0475301440
18.7300000000 0.0475512411
18.7400000000 0.0475097904
18.7500000000 0.0474028062
18.7600000000 0.0472314499
18.7700000000 0.0469996707
18.7800000000 0.0467134424
18.7900000000 0.0463789797
18.8000000000 0.0460023417
18.8100000000 0.0455894430
18.8200000000 0.0451470808
18.8300000000 0.0446851277
18.8400000000 0.0442164991
18.8500000000 0.0437586233
18.8600000000 0.0433313551
18.8700000000 0.0429548538
18.8800000000 0.0426461418
18.8900000000 0.0424167927
18.9000000000 0.0422706438
18.9100000000 0.0422033859
18.9200000000 0.0422025568
18.9300000000 0.0422502071
18.9400000000 0.0423245539
18.9500000000 0.0424044511
18.9600000000 0.0424721234
18.9700000000 0.0425171701
18.9800000000 0.0425370236
18.9900000000 0.0425373195
19.0000000000 0.0425282030
19.0100000000 0.0425201626
19.0200000000 0.0425197716
19.0300000000 0.0425267277
19.0400000000 0.0425329717
19.0500000000 0.0425238345
19.0600000000 0.0424825528
19.0700000000 0.0423942047
19.0800000000 0.0422505987
19.0900000000 0.0420509899
19.1000000000 0.0418021036
19.1100000000 0.0415159122
19.1200000000 0.0412064780
19.1300000000 0.0408873609
19.1400000000 0.0405702229
19.1500000000 0.0402647395
19.1600000000 0.0399773779
19.1700000000 0.0397118807
19.1800000000 0.0394683438
19.1900000000 0.0392428000
19.2000000000 0.0390279356
19.2100000000 0.0388151292
19.2200000000 0.0385965545
19.2300000000 0.0383674766
19.2400000000 0.0381274171
19.2500000000 0.0378794585
19.2600000000 0.0376301798
19.2700000000 0.0373874527
19.2800000000 0.0371596417
19.2900000000 0.0369549836
19.3000000000 0.0367810416
19.3100000000 0.0366447587
19.3200000000 0.0365526105
19.3300000000 0.0365083958
19.3400000000 0.0365125843
19.3500000000 0.0365600103
19.3600000000 0.0366403094
19.3700000000 0.0367375841
19.3800000000 0.0368338985
19.3900000000 0.0369123693
19.4000000000 0.0369608273
19.4100000000 0.0369746806
19.4200000000 0.0369577794
19.4300000000 0.0369198733
19.4400000000 0.0368747007
19.4500000000 0.0368370900
19.4600000000 0.0368203724
19.4700000000 0.0368351107
19.4800000000 0.0368884531
19.4900000000 0.0369833993
19.5000000000 0.0371182014
19.5100000000 0.0372867016
19.5200000000 0.0374783091
19.5300000000 0.0376787568
19.5400000000 0.0378729421
19.5500000000 0.0380468723
19.5600000000 0.0381898322
19.5700000000 0.0382953464
19.5800000000 0.0383611826
19.5900000000 0.0383879450
19.6000000000 0.0383778885
19.6100000000 0.0383345444
19.6200000000 0.0382624646
19.6300000000 0.0381676878
19.6400000000 0.0380576638
19.6500000000 0.0379408964
19.6600000000 0.0378245288
19.6700000000 0.0377132267
19.6800000000 0.0376071018
19.6900000000 0.0375024288
19.7000000000 0.0373924555
19.7100000000 0.0372703588
19.7200000000 0.0371301746
19.7300000000 0.0369687663
19.7400000000 0.0367845843
19.7500000000 0.0365783791
19.7600000000 0.0363513495
19.7700000000 0.0361057093
19.7800000000 0.0358448697
19.7900000000 0.0355732235
19.8000000000 0.0352962417
19.8100000000 0.0350207463
19.8200000000 0.0347543610
19.8300000000 0.0345048642
19.8400000000 0.0342801324
19.8500000000 0.0340867127
19.8600000000 0.0339298613
19.8700000000 0.0338129350
19.8800000000 0.0337373902
19.8900000000 0.0337023383
19.9000000000 0.0337053441
19.9100000000 0.0337414582
19.9200000000 0.0338041986
19.9300000000 0.0338851654
19.9400000000 0.0339746296
19.9500000000 0.0340616026
19.9600000000 0.0341341257
19.9700000000 0.0341801450
19.9800000000 0.0341888064
19.9900000000 0.0341517607
20.0000000000 0.0340643254
