0.0100000000 9.8953149617
0.0200000000 30.5224688608
0.0300000000 49.7129205757
0.0400000000 63.7391038669
0.0500000000 73.3132388811
0.0600000000 79.8266588961
0.0700000000 84.3450153350
0.0800000000 87.5617641074
0.0900000000 89.9127345430
0.1000000000 91.6733301805
0.1100000000 93.0210009560
0.1200000000 94.0728413392
0.1300000000 94.9080229767
0.1400000000 95.5813372983
0.1500000000 96.1315321840
0.1600000000 96.5865587256
0.1700000000 96.9669474164
0.1800000000 97.2880283839
0.1900000000 97.5614216303
0.2000000000 97.7960556061
0.2100000000 97.9988771289
0.2200000000 98.1753530507
0.2300000000 98.3298310395
0.2400000000 98.4658018164
0.2500000000 98.5860938094
0.2600000000 98.6930171529
0.2700000000 98.7884733054
0.2800000000 98.8740387995
0.2900000000 98.9510288516
0.3000000000 99.0205480454
0.3100000000 99.0835291251
0.3200000000 99.1407639665
0.3300000000 99.1929287038
0.3400000000 99.2406027125
0.3500000000 99.2842853897
0.3600000000 99.3244086284
0.3700000000 99.3613475707
0.3800000000 99.3954293016
0.3900000000 99.4269398718
0.4000000000 99.4561307155
0.4100000000 99.4832232029
0.4200000000 99.5084129426
0.4300000000 99.5318731467
0.4400000000 99.5537580429
0.4500000000 99.5742049367
0.4600000000 99.5933365137
0.4700000000 99.6112624867
0.4800000000 99.6280816407
0.4900000000 99.6438827612
0.5000000000 99.6587458768
0.5100000000 99.6727431374
0.5200000000 99.6859401998
0.5300000000 99.6983964848
0.5400000000 99.7101659717
0.5500000000 99.7212976380
0.5600000000 99.7318365121
0.5700000000 99.7418233415
0.5800000000 99.7512958030
0.5900000000 99.7602882431
0.6000000000 99.7688321997
0.6100000000 99.7769564251
0.6200000000 99.7846877935
0.6300000000 99.7920506491
0.6400000000 99.7990679092
0.6500000000 99.8057605226
0.6600000000 99.8121476427
0.6700000000 99.8182474635
0.6800000000 99.8240766315
0.6900000000 99.8296503569
0.7000000000 99.8349830087
0.7100000000 99.8400884420
0.7200000000 99.8449783466
0.7300000000 99.8496650810
0.7400000000 99.8541589589
0.7500000000 99.8584700923
0.7600000000 99.8626081883
0.7700000000 99.8665820961
0.7800000000 99.8703998184
0.7900000000 99.8740693934
0.8000000000 99.8775978147
0.8100000000 99.8809922093
0.8200000000 99.8842587052
0.8300000000 99.8874033296
0.8400000000 99.8904320622
0.8500000000 99.8933502407
0.8600000000 99.8961626298
0.8700000000 99.8988742617
0.8800000000 99.9014890046
0.8900000000 99.9040120342
0.9000000000 99.9064467130
0.9100000000 99.9087968217
0.9200000000 99.9110659406
0.9300000000 99.9132577595
0.9400000000 99.9153755058
0.9500000000 99.9174218889
0.9600000000 99.9193997641
0.9700000000 99.9213118839
0.9800000000 99.9231611727
0.9900000000 99.9249497422
1.0000000000 99.9266802854
1.0100000000 99.9283543276
1.0200000000 99.9299750485
1.0300000000 99.9315433723
1.0400000000 99.9330619546
1.0500000000 99.9345322463
1.0600000000 99.9359559837
1.0700000000 99.9373348244
1.0800000000 99.9386707174
1.0900000000 99.9399648046
1.1000000000 99.9412185156
1.1100000000 99.9424336192
1.1200000000 99.9436106420
1.1300000000 99.9447516249
1.1400000000 99.9458573733
1.1500000000 99.9469290231
1.1600000000 99.9479676722
1.1700000000 99.9489747845
1.1800000000 99.9499505420
1.1900000000 99.9508967339
1.2000000000 99.9518138664
1.2100000000 99.9527023861
1.2200000000 99.9535639936
1.2300000000 99.9543990879
1.2400000000 99.9552084278
1.2500000000 99.9559927654
1.2600000000 99.9567528280
1.2700000000 99.9574892833
1.2800000000 99.9582028066
1.2900000000 99.9588940207
1.3000000000 99.9595635456
1.3100000000 99.9602119566
1.3200000000 99.9608398244
1.3300000000 99.9614472191
1.3400000000 99.9620355913
1.3500000000 99.9626045001
1.3600000000 99.9631553900
1.3700000000 99.9636877437
1.3800000000 99.9642025083
1.3900000000 99.9646996111
1.4000000000 99.9651804465
1.4100000000 99.9656444290
1.4200000000 99.9660924382
1.4300000000 99.9665248358
1.4400000000 99.9669414794
1.4500000000 99.9673437213
1.4600000000 99.9677303519
1.4700000000 99.9681032434
1.4800000000 99.9684616611
1.4900000000 99.9688064161
1.5000000000 99.9691372668
1.5100000000 99.9694550245
1.5200000000 99.9697599423
1.5300000000 99.9700517491
1.5400000000 99.9703306795
1.5500000000 99.9705975205
1.5600000000 99.9708519410
1.5700000000 99.9710947191
1.5800000000 99.9713255076
1.5900000000 99.9715450749
1.6000000000 99.9717530500
1.6100000000 99.9719496346
1.6200000000 99.9721355648
1.6300000000 99.9723104508
1.6400000000 99.9724744647
1.6500000000 99.9726277666
1.6600000000 99.9727710929
1.6700000000 99.9729040181
1.6800000000 99.9730266860
1.6900000000 99.9731392348
1.7000000000 99.9732418038
1.7100000000 99.9733345136
1.7200000000 99.9734174985
1.7300000000 99.9734908683
1.7400000000 99.9735547521
1.7500000000 99.9736092485
1.7600000000 99.9736544751
1.7700000000 99.9736899041
1.7800000000 99.9737168930
1.7900000000 99.9737342776
1.8000000000 99.9737427682
1.8100000000 99.9737424717
1.8200000000 99.9737328200
1.8300000000 99.9737145348
1.8400000000 99.9736876942
1.8500000000 99.9736517256
1.8600000000 99.9736066907
1.8700000000 99.9735533087
1.8800000000 99.9734916572
1.8900000000 99.9734211218
1.9000000000 99.9733417585
1.9100000000 99.9732536229
1.9200000000 99.9731574405
1.9300000000 99.9730525772
1.9400000000 99.9729390878
1.9500000000 99.9728170011
1.9600000000 99.9726863611
1.9700000000 99.9725472063
1.9800000000 99.9723988678
1.9900000000 99.9722427742
2.0000000000 99.9720782644
2.0100000000 99.9719046484
2.0200000000 99.9717226633
2.0300000000 99.9715316115
2.0400000000 99.9713322271
2.0500000000 99.9711245357
2.0600000000 99.9709078231
2.0700000000 99.9706820949
2.0800000000 99.9704481013
2.0900000000 99.9702051121
2.1000000000 99.9699523824
2.1100000000 99.9696914010
2.1200000000 99.9694214291
2.1300000000 99.9691424647
2.1400000000 99.9688545013
2.1500000000 99.9685567736
2.1600000000 99.9682500292
2.1700000000 99.9679342635
2.1800000000 99.9676086914
2.1900000000 99.9672732963
2.2000000000 99.9669288340
2.2100000000 99.9665745101
2.2200000000 99.9662102994
2.2300000000 99.9658361728
2.2400000000 99.9654521096
2.2500000000 99.9650572816
2.2600000000 99.9646524485
2.2700000000 99.9642375838
2.2800000000 99.9638118444
2.2900000000 99.9633759984
2.3000000000 99.9629283859
2.3100000000 99.9624705841
2.3200000000 99.9620009169
2.3300000000 99.9615209724
2.3400000000 99.9610282289
2.3500000000 99.9605251135
2.3600000000 99.9600090737
2.3700000000 99.9594817199
2.3800000000 99.9589421535
2.3900000000 99.9583903113
2.4000000000 99.9578252769
2.4100000000 99.9572478262
2.4200000000 99.9566570351
2.4300000000 99.9560528223
2.4400000000 99.9554351089
2.4500000000 99.9548038137
2.4600000000 99.9541579809
2.4700000000 99.9534975175
2.4800000000 99.9528232064
2.4900000000 99.9521331970
2.5000000000 99.9514291534
2.5100000000 99.9507083187
2.5200000000 99.9499714652
2.5300000000 99.9492193781
2.5400000000 99.9484501551
2.5500000000 99.9476636717
2.5600000000 99.9468598026
2.5700000000 99.9460384211
2.5800000000 99.9451984848
2.5900000000 99.9443398543
2.6000000000 99.9434623877
2.6100000000 99.9425659441
2.6200000000 99.9416485219
2.6300000000 99.9407108874
2.6400000000 99.9397519490
2.6500000000 99.9387715362
2.6600000000 99.9377685381
2.6700000000 99.9367427702
2.6800000000 99.9356931015
2.6900000000 99.9346202867
2.7000000000 99.9335222281
2.7100000000 99.9323987130
2.7200000000 99.9312485669
2.7300000000 99.9300715695
2.7400000000 99.9288665186
2.7500000000 99.9276331821
2.7600000000 99.9263703388
2.7700000000 99.9250767559
2.7800000000 99.9237511822
2.7900000000 99.9223943299
2.8000000000 99.9210029524
2.8100000000 99.9195777404
2.8200000000 99.9181164061
2.8300000000 99.9166176239
2.8400000000 99.9150810603
2.8500000000 99.9135043645
2.8600000000 99.9118871772
2.8700000000 99.9102271075
2.8800000000 99.9085237608
2.8900000000 99.9067736862
2.9000000000 99.9049774828
2.9100000000 99.9031306072
2.9200000000 99.9012336417
2.9300000000 99.8992830093
2.9400000000 99.8972771741
2.9500000000 99.8952145987
2.9600000000 99.8930915988
2.9700000000 99.8909055292
2.9800000000 99.8886558001
2.9900000000 99.8863365297
3.0000000000 99.8839481348
3.0100000000 99.8814846409
3.0200000000 99.8789442750
3.0300000000 99.8763220401
3.0400000000 99.8736160868
3.0500000000 99.8708213131
3.0600000000 99.8679336387
3.0700000000 99.8649478334
3.0800000000 99.8618586272
3.0900000000 99.8586628517
3.1000000000 99.8553529146
3.1100000000 99.8519244335
3.1200000000 99.8483685770
3.1300000000 99.8446807957
3.1400000000 99.8408531903
3.1500000000 99.8368766281
3.1600000000 99.8327429869
3.1700000000 99.8284429285
3.1800000000 99.8239658725
3.1900000000 99.8193033821
3.2000000000 99.8144401046
3.2100000000 99.8093661939
3.2200000000 99.8040659896
3.2300000000 99.7985247824
3.2400000000 99.7927254046
3.2500000000 99.7866516197
3.2600000000 99.7802812582
3.2700000000 99.7735953198
3.2800000000 99.7665676729
3.2900000000 99.7591730069
3.3000000000 99.7513833978
3.3100000000 99.7431659360
3.3200000000 99.7344861114
3.3300000000 99.7253043847
3.3400000000 99.7155771818
3.3500000000 99.7052580919
3.3600000000 99.6942895051
3.3700000000 99.6826155761
3.3800000000 99.6701643407
3.3900000000 99.6568630517
3.4000000000 99.6426250227
3.4100000000 99.6273518628
3.4200000000 99.6109369268
3.4300000000 99.5932531920
3.4400000000 99.5741615261
3.4500000000 99.5534996019
3.4600000000 99.5310853937
3.4700000000 99.5067072626
3.4800000000 99.4801260870
3.4900000000 99.4510666672
3.5000000000 99.4192161523
3.5100000000 99.3842153803
3.5200000000 99.3456587671
3.5300000000 99.3030844140
3.5400000000 99.2559766881
3.5500000000 99.2037666988
3.5600000000 99.1458391337
3.5700000000 99.0815508472
3.5800000000 99.0102673612
3.5900000000 98.9314213155
3.6000000000 98.8446002529
3.6100000000 98.7496934128
3.6200000000 98.6470612016
3.6300000000 98.5377631435
3.6400000000 98.4237786959
3.6500000000 98.3081478586
3.6600000000 98.1949493875
3.6700000000 98.0889795877
3.6800000000 97.9951067111
3.6900000000 97.9174235654
3.7000000000 97.8584201377
3.7100000000 97.8184910784
3.7200000000 97.7958836058
3.7300000000 97.7870562669
3.7400000000 97.7872492167
3.7500000000 97.7911413109
3.7600000000 97.7934890610
3.7700000000 97.7896629156
3.7800000000 97.7760264846
3.7900000000 97.7501181804
3.8000000000 97.7106397262
3.8100000000 97.6573159158
3.8200000000 97.5906862131
3.8300000000 97.5119452044
3.8400000000 97.4229262941
3.8500000000 97.3262905918
3.8600000000 97.2258546892
3.8700000000 97.1268747455
3.8800000000 97.0359968044
3.8900000000 96.9606962612
3.9000000000 96.9081888627
3.9100000000 96.8840694784
3.9200000000 96.8911174027
3.9300000000 96.9287118913
3.9400000000 96.9930645416
3.9500000000 97.0781812372
3.9600000000 97.1772002831
3.9700000000 97.2836080251
3.9800000000 97.3919882455
3.9900000000 97.4982161949
4.0000000000 97.5992329176
4.0100000000 97.6926772481
4.0200000000 97.7765902642
4.0300000000 97.8492920901
4.0400000000 97.9093632346
4.0500000000 97.9556701173
4.0600000000 97.9873698928
4.0700000000 98.0038555755
4.0800000000 98.0047064116
4.0900000000 97.9896146006
4.1000000000 97.9583619856
4.1100000000 97.9108245401
4.1200000000 97.8470444662
4.1300000000 97.7673531474
4.1400000000 97.6725524485
4.1500000000 97.5641389328
4.1600000000 97.4445227163
4.1700000000 97.3172061052
4.1800000000 97.1868022741
4.1900000000 97.0588873346
4.2000000000 96.9395803481
4.2100000000 96.8349216910
4.2200000000 96.7500397947
4.2300000000 96.6882844739
4.2400000000 96.6504905822
4.2500000000 96.6346560421
4.2600000000 96.6361853123
4.2700000000 96.6487146485
4.2800000000 96.6652980750
4.2900000000 96.6796085191
4.3000000000 96.6868345423
4.3100000000 96.6840885835
4.3200000000 96.6703487277
4.3300000000 96.6460286159
4.3400000000 96.6124398475
4.3500000000 96.5713309057
4.3600000000 96.5246982806
4.3700000000 96.4748373250
4.3800000000 96.4245312632
4.3900000000 96.3771675403
4.4000000000 96.3366615609
4.4100000000 96.3071270709
4.4200000000 96.2923372774
4.4300000000 96.2951015426
4.4400000000 96.3168116928
4.4500000000 96.3572671794
4.4600000000 96.4148290685
4.4700000000 96.4867581128
4.4800000000 96.5696424230
4.4900000000 96.6598094557
4.5000000000 96.7536862308
4.5100000000 96.8480308350
4.5200000000 96.9400140815
4.5300000000 97.0271479160
4.5400000000 97.1071687773
4.5500000000 97.1779611972
4.5600000000 97.2376235543
4.5700000000 97.2846373410
4.5800000000 97.3180698095
4.5900000000 97.3377123635
4.6000000000 97.3440966574
4.6100000000 97.3383567716
4.6200000000 97.3219912519
4.6300000000 97.2965789767
4.6400000000 97.2635897683
4.6500000000 97.2243703018
4.6600000000 97.1803084146
4.6700000000 97.1330658917
4.6800000000 97.0847426828
4.6900000000 97.0378214976
4.7000000000 96.9948874931
4.7100000000 96.9581873608
4.7200000000 96.9291344602
4.7300000000 96.9079325345
4.7400000000 96.8934275156
4.7500000000 96.8832943958
4.7600000000 96.8744515732
4.7700000000 96.8635429305
4.7800000000 96.8473294093
4.7900000000 96.8228656500
4.8000000000 96.7875513856
4.8100000000 96.7391476146
4.8200000000 96.6758947985
4.8300000000 96.5967461333
4.8400000000 96.5016518629
4.8500000000 96.3918526025
4.8600000000 96.2701297175
4.8700000000 96.1409214847
4.8800000000 96.0102348445
4.8900000000 95.8851894956
4.9000000000 95.7731902458
4.9100000000 95.6808164447
4.9200000000 95.6128245964
4.9300000000 95.5716459616
4.9400000000 95.5575855441
4.9500000000 95.5695181849
4.9600000000 95.6055912612
4.9700000000 95.6634843093
4.9800000000 95.7402429395
4.9900000000 95.8319728716
5.0000000000 95.9338872404
5.0100000000 96.0407516910
5.0200000000 96.1475605706
5.0300000000 96.2500749503
5.0400000000 96.3450349214
5.0500000000 96.4301050467
5.0600000000 96.5036773467
5.0700000000 96.5646424929
5.0800000000 96.6122285977
5.0900000000 96.6458920889
5.1000000000 96.6653496507
5.1100000000 96.6707430214
5.1200000000 96.6628932447
5.1300000000 96.6435375248
5.1400000000 96.6154024505
5.1500000000 96.5820433123
5.1600000000 96.5474179186
5.1700000000 96.5153053529
5.1800000000 96.4887367602
5.1900000000 96.4696102939
5.2000000000 96.4585980545
5.2100000000 96.4552650523
5.2200000000 96.4582707541
5.2300000000 96.4654668347
5.2400000000 96.4739248351
5.2500000000 96.4800275321
5.2600000000 96.4797525164
5.2700000000 96.4691561391
5.2800000000 96.4449085127
5.2900000000 96.4047658047
5.3000000000 96.3478869142
5.3100000000 96.2749717528
5.3200000000 96.1882582803
5.3300000000 96.0913692578
5.3400000000 95.9889731674
5.3500000000 95.8862653077
5.3600000000 95.7882730139
5.3700000000 95.6990878652
5.3800000000 95.6212655366
5.3900000000 95.5556478329
5.4000000000 95.5017288775
5.4100000000 95.4584203851
5.4200000000 95.4248802239
5.4300000000 95.4009679704
5.4400000000 95.3871621537
5.4500000000 95.3839763697
5.4600000000 95.3911657849
5.4700000000 95.4071208334
5.4800000000 95.4286856768
5.4900000000 95.4514674805
5.5000000000 95.4704386628
5.5100000000 95.4805827371
5.5200000000 95.4773957743
5.5300000000 95.4572317340
5.5400000000 95.4174825344
5.5500000000 95.3567269403
5.5600000000 95.2748009503
5.5700000000 95.1728212271
5.5800000000 95.0530024074
5.5900000000 94.9182751086
5.6000000000 94.7716373042
5.6100000000 94.6154263261
5.6200000000 94.4506790435
5.6300000000 94.2768002910
5.6400000000 94.0916150615
5.6500000000 93.8917142603
5.6600000000 93.6729529023
5.6700000000 93.4309472259
5.6800000000 93.1615340158
5.6900000000 92.8611924504
5.7000000000 92.5274869550
5.7100000000 92.1595640383
5.7200000000 91.7586308467
5.7300000000 91.3283165187
5.7400000000 90.8746930214
5.7500000000 90.4058919631
5.7600000000 89.9313352326
5.7700000000 89.4607462428
5.7800000000 89.0031676176
5.7900000000 88.5662054705
5.8000000000 88.1557106480
5.8100000000 87.7759654832
5.8200000000 87.4303110404
5.8300000000 87.1219148107
5.8400000000 86.8542745496
5.8500000000 86.6311991819
5.8600000000 86.4562264759
5.8700000000 86.3317746788
5.8800000000 86.2584003816
5.8900000000 86.2345316880
5.9000000000 86.2566977573
5.9100000000 86.3200881033
5.9200000000 86.4192053641
5.9300000000 86.5483978042
5.9400000000 86.7022674039
5.9500000000 86.8758614564
5.9600000000 87.0646763171
5.9700000000 87.2644638284
5.9800000000 87.4710218570
5.9900000000 87.6800723408
6.0000000000 87.8874052675
6.0100000000 88.0892224245
6.0200000000 88.2826246787
6.0300000000 88.4659812799
6.0400000000 88.6390596357
6.0500000000 88.8028004167
6.0600000000 88.9589022212
6.0700000000 89.1093357265
6.0800000000 89.2560123631
6.0900000000 89.4006976652
6.1000000000 89.5451720381
6.1100000000 89.6914796323
6.1200000000 89.8420856964
6.1300000000 89.9996745341
6.1400000000 90.1666022287
6.1500000000 90.3440821162
6.1600000000 90.5314285933
6.1700000000 90.7256302685
6.1800000000 90.9214975378
6.1900000000 91.1123576588
6.2000000000 91.2911534165
6.2100000000 91.4515614735
6.2200000000 91.5887867955
6.2300000000 91.6998322803
6.2400000000 91.7833480548
6.2500000000 91.8393372438
6.2600000000 91.8689625530
6.2700000000 91.8745553169
6.2800000000 91.8597204005
6.2900000000 91.8293429859
6.3000000000 91.7892769881
6.3100000000 91.7456905096
6.3200000000 91.7041505972
6.3300000000 91.6687804856
6.3400000000 91.6418274250
6.3500000000 91.6238906991
6.3600000000 91.6146910839
6.3700000000 91.6141005921
6.3800000000 91.6229846907
6.3900000000 91.6435427320
6.4000000000 91.6789520988
6.4100000000 91.7324344336
6.4200000000 91.8060566226
6.4300000000 91.8997018753
6.4400000000 92.0106739178
6.4500000000 92.1340942522
6.4600000000 92.2639312031
6.4700000000 92.3943061303
6.4800000000 92.5205582416
6.4900000000 92.6398098773
6.5000000000 92.7508113343
6.5100000000 92.8532249999
6.5200000000 92.9466376423
6.5300000000 93.0297542236
6.5400000000 93.1001043171
6.5500000000 93.1542910287
6.5600000000 93.1886163510
6.5700000000 93.1998179695
6.5800000000 93.1857296605
6.5900000000 93.1457506094
6.6000000000 93.0810766561
6.6100000000 92.9946842111
6.6200000000 92.8910676680
6.6300000000 92.7757801357
6.6400000000 92.6548553633
6.6500000000 92.5342081270
6.6600000000 92.4191023880
6.6700000000 92.3136795736
6.6800000000 92.2204989546
6.6900000000 92.1401918205
6.7000000000 92.0714632218
6.7100000000 92.0116103527
6.7200000000 91.9575518149
6.7300000000 91.9070287028
6.7400000000 91.8596351613
6.7500000000 91.8174418085
6.7600000000 91.7850568229
6.7700000000 91.7691798515
6.7800000000 91.7775718301
6.7900000000 91.8175833310
6.8000000000 91.8944257890
6.8100000000 92.0095920803
6.8200000000 92.1599964350
6.8300000000 92.3381300060
6.8400000000 92.5333024845
6.8500000000 92.7335849852
6.8600000000 92.9278218139
6.8700000000 93.1071845588
6.8800000000 93.2659427813
6.8900000000 93.4014052329
6.9000000000 93.5131770155
6.9100000000 93.6020539500
6.9200000000 93.6689107193
6.9300000000 93.7139626158
6.9400000000 93.7365875100
6.9500000000 93.7356751253
6.9600000000 93.7102202686
6.9700000000 93.6599158812
6.9800000000 93.5855500982
6.9900000000 93.4890697907
7.0000000000 93.3733593381
7.0100000000 93.2418091055
7.0200000000 93.0978798305
7.0300000000 92.9449482141
7.0400000000 92.7864710213
7.0500000000 92.6263541228
7.0600000000 92.4690599795
7.0700000000 92.3191423458
7.0800000000 92.1802245326
7.0900000000 92.0538781518
7.1000000000 91.9390076370
7.1100000000 91.8321248347
7.1200000000 91.7282758591
7.1300000000 91.6221054748
7.1400000000 91.5085647443
7.1500000000 91.3831015124
7.1600000000 91.2416755668
7.1700000000 91.0808957465
7.1800000000 90.8985487627
7.1900000000 90.6943690649
7.2000000000 90.4708108872
7.2100000000 90.2335051011
7.2200000000 89.9911290873
7.2300000000 89.7546140831
7.2400000000 89.5357578702
7.2500000000 89.3455515407
7.2600000000 89.1926796211
7.2700000000 89.0827058270
7.2800000000 89.0180458080
7.2900000000 88.9985281504
7.3000000000 89.0220063939
7.3100000000 89.0846957647
7.3200000000 89.1812796426
7.3300000000 89.3050726492
7.3400000000 89.4484483614
7.3500000000 89.6035150550
7.3600000000 89.7627085564
7.3700000000 89.9192011008
7.3800000000 90.0671715075
7.3900000000 90.2020731718
7.4000000000 90.3209142288
7.4100000000 90.4223836265
7.4200000000 90.5066321717
7.4300000000 90.5746579220
7.4400000000 90.6274930773
7.4500000000 90.6655575067
7.4600000000 90.6884826720
7.4700000000 90.6955926914
7.4800000000 90.6867911105
7.4900000000 90.6633934678
7.5000000000 90.6284441058
7.5100000000 90.5862815033
7.5200000000 90.5415537038
7.5300000000 90.4982158099
7.5400000000 90.4589233399
7.5500000000 90.4249852259
7.5600000000 90.3965515993
7.5700000000 90.3727088048
7.5800000000 90.3513280665
7.5900000000 90.3289808624
7.6000000000 90.3012315284
7.6100000000 90.2634333698
7.6200000000 90.2118682024
7.6300000000 90.1447745233
7.6400000000 90.0629306692
7.6500000000 89.9695214815
7.6600000000 89.8692222827
7.6700000000 89.7667311363
7.6800000000 89.6652177613
7.6900000000 89.5652559305
7.7000000000 89.4647607310
7.7100000000 89.3600257409
7.7200000000 89.2475342614
7.7300000000 89.1259291479
7.7400000000 88.9973774705
7.7500000000 88.8679027187
7.7600000000 88.7464319158
7.7700000000 88.6428156328
7.7800000000 88.5653979533
7.7900000000 88.5189129121
7.8000000000 88.5034931296
7.8100000000 88.5150422568
7.8200000000 88.5466605689
7.8300000000 88.5904407686
7.8400000000 88.6389737212
7.8500000000 88.6862579084
7.8600000000 88.7279910197
7.8700000000 88.7613763669
7.8800000000 88.7847061295
7.8900000000 88.7970082844
7.9000000000 88.7980394053
7.9100000000 88.7885612790
7.9200000000 88.7706052419
7.9300000000 88.7473508168
7.9400000000 88.7225896849
7.9500000000 88.6999284703
7.9600000000 88.6821891341
7.9700000000 88.6711021754
7.9800000000 88.6672761921
7.9900000000 88.6702316275
8.0000000000 88.6785400106
8.0100000000 88.6901423292
8.0200000000 88.7028743284
8.0300000000 88.7149762549
8.0400000000 88.7254504427
8.0500000000 88.7341654715
8.0600000000 88.7419142477
8.0700000000 88.7505013627
8.0800000000 88.7628085792
8.0900000000 88.7826880382
8.1000000000 88.8146326389
8.1100000000 88.8632749747
8.1200000000 88.9328604592
8.1300000000 89.0266668879
8.1400000000 89.1463295407
8.1500000000 89.2911322546
8.1600000000 89.4574833219
8.1700000000 89.6389017808
8.1800000000 89.8265537069
8.1900000000 90.0102703838
8.2000000000 90.1797287703
8.2100000000 90.3255918681
8.2200000000 90.4404741603
8.2300000000 90.5196736092
8.2400000000 90.5616413340
8.2500000000 90.5681580468
8.2600000000 90.5441637221
8.2700000000 90.4972387511
8.2800000000 90.4367457820
8.2900000000 90.3727042542
8.3000000000 90.3146111556
8.3100000000 90.2705436120
8.3200000000 90.2467622761
8.3300000000 90.2478671773
8.3400000000 90.2771624792
8.3500000000 90.3368469226
8.3600000000 90.4277689694
8.3700000000 90.5488790918
8.3800000000 90.6966747806
8.3900000000 90.8650629565
8.4000000000 91.0457037242
8.4100000000 91.2288037223
8.4200000000 91.4041984608
8.4300000000 91.5625350748
8.4400000000 91.6964811123
8.4500000000 91.8016777949
8.4600000000 91.8772293738
8.4700000000 91.9256035048
8.4800000000 91.9519755415
8.4900000000 91.9632023213
8.5000000000 91.9667698789
8.5100000000 91.9699992537
8.5200000000 91.9795208280
8.5300000000 92.0010542135
8.5400000000 92.0392589793
8.5500000000 92.0976561424
8.5600000000 92.1785204794
8.5700000000 92.2827254001
8.5800000000 92.4094737692
8.5900000000 92.5559604724
8.6000000000 92.7172429367
8.6100000000 92.8865110271
8.6200000000 93.0559791027
8.6300000000 93.2181255599
8.6400000000 93.3669359007
8.6500000000 93.4987623963
8.6600000000 93.6126166250
8.6700000000 93.7098882643
8.6800000000 93.7936238299
8.6900000000 93.8675708894
8.7000000000 93.9351252746
8.7100000000 93.9984414128
8.7200000000 94.0578466417
8.7300000000 94.1117541963
8.7400000000 94.1571120087
8.7500000000 94.1902375917
8.7600000000 94.2077771373
8.7700000000 94.2074995621
8.7800000000 94.1887129347
8.7900000000 94.1522840715
8.8000000000 94.1003351922
8.8100000000 94.0357979418
8.8200000000 93.9619915198
8.8300000000 93.8823262164
8.8400000000 93.8001647496
8.8500000000 93.7186372384
8.8600000000 93.6403340338
8.8700000000 93.5668031441
8.8800000000 93.4980510178
8.8900000000 93.4323708852
8.9000000000 93.3666889451
8.9100000000 93.2974465790
8.9200000000 93.2217306494
8.9300000000 93.1383520396
8.9400000000 93.0485291380
8.9500000000 92.9561001320
8.9600000000 92.8672455741
8.9700000000 92.7898350984
8.9800000000 92.7324631565
8.9900000000 92.7031717367
9.0000000000 92.7079807897
9.0100000000 92.7494328057
9.0200000000 92.8256067523
9.0300000000 92.9301242309
9.0400000000 93.0532350546
9.0500000000 93.1836815625
9.0600000000 93.3107134311
9.0700000000 93.4256851770
9.0800000000 93.5229089349
9.0900000000 93.5996919094
9.1000000000 93.6557120995
9.1100000000 93.6919936626
9.1200000000 93.7098965369
9.1300000000 93.7104751363
9.1400000000 93.6944544516
9.1500000000 93.6627009828
9.1600000000 93.6169251878
9.1700000000 93.5602159147
9.1800000000 93.4970970678
9.1900000000 93.4330731274
9.2000000000 93.3737770289
9.2100000000 93.3241199722
9.2200000000 93.2877004381
9.2300000000 93.2666840933
9.2400000000 93.2620088003
9.2500000000 93.2737867351
9.2600000000 93.3016178483
9.2700000000 93.3447168758
9.2800000000 93.4018305527
9.2900000000 93.4710075955
9.3000000000 93.5493969815
9.3100000000 93.6332886144
9.3200000000 93.7185029088
9.3300000000 93.8011073559
9.3400000000 93.8781869309
9.3500000000 93.9484568489
9.3600000000 94.0124924864
9.3700000000 94.0724240031
9.3800000000 94.1312681167
9.3900000000 94.1920860745
9.4000000000 94.2573023055
9.4100000000 94.3282739853
9.4200000000 94.4051605099
9.4300000000 94.4869218919
9.4400000000 94.5713876599
9.4500000000 94.6554012240
9.4600000000 94.7350923931
9.4700000000 94.8062793986
9.4800000000 94.8649434911
9.4900000000 94.9077082918
9.5000000000 94.9322256809
9.5100000000 94.9373381934
9.5200000000 94.9230512701
9.5300000000 94.8902604232
9.5400000000 94.8403934962
9.5500000000 94.7750961764
9.5600000000 94.6961147773
9.5700000000 94.6053738540
9.5800000000 94.5051610919
9.5900000000 94.3982279167
9.6000000000 94.2877450854
9.6100000000 94.1770988716
9.6200000000 94.0695773151
9.6300000000 93.9681752319
9.6400000000 93.8755652574
9.6500000000 93.7942701304
9.6600000000 93.7267745507
9.6700000000 93.6754309404
9.6800000000 93.6420116852
9.6900000000 93.6271629088
9.7000000000 93.6299915353
9.7100000000 93.6481136649
9.7200000000 93.6781721297
9.7300000000 93.7165602603
9.7400000000 93.7600856067
9.7500000000 93.8063387315
9.7600000000 93.8536560908
9.7700000000 93.9008077780
9.7800000000 93.9466358389
9.7900000000 93.9897967542
9.8000000000 94.0287622821
9.8100000000 94.0619856542
9.8200000000 94.0881387345
9.8300000000 94.1062970122
9.8400000000 94.1160226338
9.8500000000 94.1173350601
9.8600000000 94.1106182329
9.8700000000 94.0964623574
9.8800000000 94.0756045191
9.8900000000 94.0489198255
9.9000000000 94.0175136772
9.9100000000 93.9827871681
9.9200000000 93.9464532551
9.9300000000 93.9104613368
9.9400000000 93.8768092053
9.9500000000 93.8472334427
9.9600000000 93.8228816879
9.9700000000 93.8041610748
9.9800000000 93.7908205931
9.9900000000 93.7821975789
10.0000000000 93.7774372000
10.0100000000 93.7756061914
10.0200000000 93.7756787790
10.0300000000 93.7765812271
10.0400000000 93.7773855030
10.0500000000 93.7775966384
10.0600000000 93.7773895758
10.0700000000 93.7776020384
10.0800000000 93.7794514077
10.0900000000 93.7841280211
10.1000000000 93.7925052388
10.1100000000 93.8051724420
10.1200000000 93.8227092991
10.1300000000 93.8460028664
10.1400000000 93.8764048633
10.1500000000 93.9155909683
10.1600000000 93.9652601900
10.1700000000 94.0267906969
10.1800000000 94.1009124818
10.1900000000 94.1874655230
10.2000000000 94.2852516904
10.2100000000 94.3920449692
10.2200000000 94.5047347768
10.2300000000 94.6195436882
10.2400000000 94.7323370388
10.2500000000 94.8389859057
10.2600000000 94.9357582827
10.2700000000 95.0196783534
10.2800000000 95.0887119151
10.2900000000 95.1417652872
10.3000000000 95.1785229456
10.3100000000 95.1993273449
10.3200000000 95.2051257473
10.3300000000 95.1976641702
10.3400000000 95.1797308848
10.3500000000 95.1553412680
10.3600000000 95.1296382357
10.3700000000 95.1084010357
10.3800000000 95.0972629108
10.3900000000 95.1007328231
10.4000000000 95.1214492166
10.4100000000 95.1598088106
10.4200000000 95.2141210531
10.4300000000 95.2811330620
10.4400000000 95.3567153478
10.4500000000 95.4365792774
10.4600000000 95.5168542696
10.4700000000 95.5944970731
10.4800000000 95.6674972624
10.4900000000 95.7348503623
10.5000000000 95.7963855349
10.5100000000 95.8525007030
10.5200000000 95.9039547240
10.5300000000 95.9516723629
10.5400000000 95.9966684677
10.5500000000 96.0399598053
10.5600000000 96.0824737427
10.5700000000 96.1249814983
10.5800000000 96.1681176156
10.5900000000 96.2124350569
10.6000000000 96.2584456402
10.6100000000 96.3065665848
10.6200000000 96.3568963340
10.6300000000 96.4090140659
10.6400000000 96.4617983775
10.6500000000 96.5134967006
10.6600000000 96.5618741132
10.6700000000 96.6045011624
10.6800000000 96.6390183616
10.6900000000 96.6634032827
10.7000000000 96.6761805151
10.7100000000 96.6765504195
10.7200000000 96.6644994092
10.7300000000 96.6408094716
10.7400000000 96.6070366567
10.7500000000 96.5654099568
10.7600000000 96.5186642067
10.7700000000 96.4697348722
10.7800000000 96.4214378902
10.7900000000 96.3761461182
10.8000000000 96.3355729993
10.8100000000 96.3006465278
10.8200000000 96.2715087116
10.8300000000 96.2476203317
10.8400000000 96.2279318654
10.8500000000 96.2111404143
10.8600000000 96.1959393958
10.8700000000 96.1812068321
10.8800000000 96.1661811919
10.8900000000 96.1504869189
10.9000000000 96.1340972992
10.9100000000 96.1171683413
10.9200000000 96.0998173870
10.9300000000 96.0819270307
10.9400000000 96.0630412751
10.9500000000 96.0423151374
10.9600000000 96.0186049745
10.9700000000 95.9906103031
10.9800000000 95.9570756860
10.9900000000 95.9169546244
11.0000000000 95.8695129979
11.0100000000 95.8143103279
11.0200000000 95.7512110078
11.0300000000 95.6804962812
11.0400000000 95.6030686521
11.0500000000 95.5206887674
11.0600000000 95.4361300124
11.0700000000 95.3530656573
11.0800000000 95.2757332513
11.0900000000 95.2084266633
11.1000000000 95.1549176579
11.1100000000 95.1180547600
11.1200000000 95.0996275857
11.1300000000 95.1004922827
11.1400000000 95.1209092327
11.1500000000 95.1608327946
11.1600000000 95.2200356166
11.1700000000 95.2979775945
11.1800000000 95.3934602808
11.1900000000 95.5042726276
11.2000000000 95.6270546782
11.2100000000 95.7575656731
11.2200000000 95.8912715202
11.2300000000 96.0240346694
11.2400000000 96.1526693647
11.2500000000 96.2751868640
11.2600000000 96.3906918579
11.2700000000 96.4990987394
11.2800000000 96.6006873828
11.2900000000 96.6957942823
11.3000000000 96.7846488235
11.3100000000 96.8674262789
11.3200000000 96.9443760322
11.3300000000 97.0158942486
11.3400000000 97.0824909528
11.3500000000 97.1446028205
11.3600000000 97.2024146662
11.3700000000 97.2557876756
11.3800000000 97.3043668803
11.3900000000 97.3477785574
11.4000000000 97.3858354555
11.4100000000 97.4187043088
11.4200000000 97.4468520601
11.4300000000 97.4709512314
11.4400000000 97.4916196711
11.4500000000 97.5092328566
11.4600000000 97.5237786740
11.4700000000 97.5348569548
11.4800000000 97.5418167604
11.4900000000 97.5439982954
11.5000000000 97.5409240759
11.5100000000 97.5324666159
11.5200000000 97.5188826522
11.5300000000 97.5007284934
11.5400000000 97.4787366248
11.5500000000 97.4536417588
11.5600000000 97.4260596681
11.5700000000 97.3964521106
11.5800000000 97.3651242563
11.5900000000 97.3322741495
11.6000000000 97.2980080230
11.6100000000 97.2623909630
11.6200000000 97.2254664649
11.6300000000 97.1872959858
11.6400000000 97.1480311319
11.6500000000 97.1078997282
11.6600000000 97.0671635457
11.6700000000 97.0260472213
11.6800000000 96.9846544855
11.6900000000 96.9429416456
11.7000000000 96.9007238776
11.7100000000 96.8577209543
11.7200000000 96.8136350868
11.7300000000 96.7682253228
11.7400000000 96.7214104262
11.7500000000 96.6734316133
11.7600000000 96.6249973698
11.7700000000 96.5773951321
11.7800000000 96.5325527110
11.7900000000 96.4929225611
11.8000000000 96.4613198326
11.8100000000 96.4406491214
11.8200000000 96.4335398638
11.8300000000 96.4419330723
11.8400000000 96.4666807471
11.8500000000 96.5072471683
11.8600000000 96.5616622156
11.8700000000 96.6267674415
11.8800000000 96.6987649393
11.8900000000 96.7738041445
11.9000000000 96.8485687373
11.9100000000 96.9205839722
11.9200000000 96.9883091853
11.9300000000 97.0510177739
11.9400000000 97.1085134311
11.9500000000 97.1608365465
11.9600000000 97.2080004431
11.9700000000 97.2497739176
11.9800000000 97.2856370821
11.9900000000 97.3148066834
12.0000000000 97.3363959675
12.0100000000 97.3495743483
12.0200000000 97.3537147632
12.0300000000 97.3484429992
12.0400000000 97.3336583806
12.0500000000 97.3095430580
12.0600000000 97.2766008119
12.0700000000 97.2357318281
12.0800000000 97.1882798382
12.0900000000 97.1359850273
12.1000000000 97.0808819377
12.1100000000 97.0251638838
12.1200000000 96.9710501381
12.1300000000 96.9206838839
12.1400000000 96.8760099355
12.1500000000 96.8386771659
12.1600000000 96.8098706718
12.1700000000 96.7902192467
12.1800000000 96.7797219969
12.1900000000 96.7777248369
12.2000000000 96.7829859369
12.2100000000 96.7938307229
12.2200000000 96.8084374001
12.2300000000 96.8251777165
12.2400000000 96.8429413395
12.2500000000 96.8612962577
12.2600000000 96.8804322894
12.2700000000 96.9008933921
12.2800000000 96.9232324381
12.2900000000 96.9476743126
12.3000000000 96.9739779356
12.3100000000 97.0014427003
12.3200000000 97.0290591251
12.3300000000 97.0557059374
12.3400000000 97.0802960929
12.3500000000 97.1019518336
12.3600000000 97.1200765861
12.3700000000 97.1343818731
12.3800000000 97.1448586486
12.3900000000 97.1516721060
12.4000000000 97.1550112008
12.4100000000 97.1549684311
12.4200000000 97.1514560062
12.4300000000 97.1442125706
12.4400000000 97.1329642332
12.4500000000 97.1176349450
12.4600000000 97.0985978385
12.4700000000 97.0768886045
12.4800000000 97.0543878423
12.4900000000 97.0337909359
12.5000000000 97.0183493841
12.5100000000 97.0113777417
12.5200000000 97.0155872129
12.5300000000 97.0325351538
12.5400000000 97.0623063491
12.5500000000 97.1035679368
12.5600000000 97.1538911283
12.5700000000 97.2101710886
12.5800000000 97.2689805466
12.5900000000 97.3269081638
12.6000000000 97.3807938100
12.6100000000 97.4279819286
12.6200000000 97.4665079818
12.6300000000 97.4952051297
12.6400000000 97.5136494529
12.6500000000 97.5221060899
12.6600000000 97.5213754935
12.6700000000 97.5126998051
12.6800000000 97.4976691030
12.6900000000 97.4781347382
12.7000000000 97.4560794705
12.7100000000 97.4334346770
12.7200000000 97.4118836132
12.7300000000 97.3926622647
12.7400000000 97.3764233976
12.7500000000 97.3631906298
12.7600000000 97.3524541410
12.7700000000 97.3433389935
12.7800000000 97.3349114305
12.7900000000 97.3263898186
12.8000000000 97.3173108345
12.8100000000 97.3075300077
12.8200000000 97.2972223477
12.8300000000 97.2868061727
12.8400000000 97.2768841342
12.8500000000 97.2681838739
12.8600000000 97.2614668609
12.8700000000 97.2574670226
12.8800000000 97.2568382242
12.8900000000 97.2600921297
12.9000000000 97.2675486603
12.9100000000 97.2792502968
12.9200000000 97.2949659603
12.9300000000 97.3142521249
12.9400000000 97.3366172775
12.9500000000 97.3616858468
12.9600000000 97.3893220705
12.9700000000 97.4195789938
12.9800000000 97.4525959893
12.9900000000 97.4883783385
13.0000000000 97.5266642126
13.0100000000 97.5668605049
13.0200000000 97.6080763417
13.0300000000 97.6492066692
13.0400000000 97.6891043618
13.0500000000 97.7266878073
13.0600000000 97.7610252312
13.0700000000 97.7913784900
13.0800000000 97.8171797844
13.0900000000 97.8380338652
13.1000000000 97.8537246717
13.1100000000 97.8642397728
13.1200000000 97.8697643206
13.1300000000 97.8706560037
13.1400000000 97.8673563883
13.1500000000 97.8603217617
13.1600000000 97.8499765595
13.1700000000 97.8367292690
13.1800000000 97.8210128501
13.1900000000 97.8033478374
13.2000000000 97.7843395159
13.2100000000 97.7646690424
13.2200000000 97.7450725963
13.2300000000 97.7263187423
13.2400000000 97.7091460829
13.2500000000 97.6941821566
13.2600000000 97.6818567642
13.2700000000 97.6722586226
13.2800000000 97.6651046200
13.2900000000 97.6596883671
13.3000000000 97.6550123500
13.3100000000 97.6498891442
13.3200000000 97.6431182465
13.3300000000 97.6336293009
13.3400000000 97.6205625583
13.3500000000 97.6033180703
13.3600000000 97.5815357789
13.3700000000 97.5550650764
13.3800000000 97.5239876177
13.3900000000 97.4886723929
13.4000000000 97.4499003769
13.4100000000 97.4089635600
13.4200000000 97.3676980585
13.4300000000 97.3283437132
13.4400000000 97.2932661968
13.4500000000 97.2644968752
13.4600000000 97.2433600898
13.4700000000 97.2301936540
13.4800000000 97.2243267359
13.4900000000 97.2243330425
13.5000000000 97.2284059934
13.5100000000 97.2347648791
13.5200000000 97.2419840854
13.5300000000 97.2491672337
13.5400000000 97.2559605355
13.5500000000 97.2624354925
13.5600000000 97.2689553667
13.5700000000 97.2760413853
13.5800000000 97.2843359490
13.5900000000 97.2946124666
13.6000000000 97.3078146228
13.6100000000 97.3249811804
13.6200000000 97.3471759800
13.6300000000 97.3753118857
13.6400000000 97.4099740482
13.6500000000 97.4512748586
13.6600000000 97.4987609269
13.6700000000 97.5514300446
13.6800000000 97.6078987375
13.6900000000 97.6665779723
13.7000000000 97.7258873807
13.7100000000 97.7844131370
13.7200000000 97.8409695380
13.7300000000 97.8945858795
13.7400000000 97.9444674549
13.7500000000 97.9899363289
13.7600000000 98.0304932107
13.7700000000 98.0658480728
13.7800000000 98.0960141976
13.7900000000 98.1213555538
13.8000000000 98.1425593066
13.8100000000 98.1605733979
13.8200000000 98.1764088824
13.8300000000 98.1910100979
13.8400000000 98.2050503523
13.8500000000 98.2188640839
13.8600000000 98.2324487912
13.8700000000 98.2455999095
13.8800000000 98.2580944741
13.8900000000 98.2698431491
13.9000000000 98.2810000000
13.9100000000 98.2919532399
13.9200000000 98.3032041119
13.9300000000 98.3152238582
13.9400000000 98.3283450886
13.9500000000 98.3426863952
13.9600000000 98.3581589381
13.9700000000 98.3745160774
13.9800000000 98.3914013842
13.9900000000 98.4083668590
14.0000000000 98.4249012366
14.0100000000 98.4404489247
14.0200000000 98.4544477188
14.0300000000 98.4664026961
14.0400000000 98.4759358304
14.0500000000 98.4828419134
14.0600000000 98.4870821843
14.0700000000 98.4887319193
14.0800000000 98.4879281412
14.0900000000 98.4848101347
14.1000000000 98.4794936121
14.1100000000 98.4720937522
14.1200000000 98.4628124655
14.1300000000 98.4520230172
14.1400000000 98.4402878525
14.1500000000 98.4283509642
14.1600000000 98.4170468608
14.1700000000 98.4071882279
14.1800000000 98.3995161941
14.1900000000 98.3946210547
14.2000000000 98.3928773716
14.2100000000 98.3943967878
14.2200000000 98.3990009583
14.2300000000 98.4062470597
14.2400000000 98.4155083038
14.2500000000 98.4260567507
14.2600000000 98.4371515225
14.2700000000 98.4481134404
14.2800000000 98.4583314324
14.2900000000 98.4673481012
14.3000000000 98.4748463361
14.3100000000 98.4806970113
14.3200000000 98.4848966226
14.3300000000 98.4875132123
14.3400000000 98.4886225166
14.3500000000 98.4882658240
14.3600000000 98.4865141300
14.3700000000 98.4834778487
14.3800000000 98.4793978320
14.3900000000 98.4745973127
14.4000000000 98.4694586037
14.4100000000 98.4643379329
14.4200000000 98.4595295389
14.4300000000 98.4552296641
14.4400000000 98.4515504866
14.4500000000 98.4485293205
14.4600000000 98.4461285020
14.4700000000 98.4441993526
14.4800000000 98.4424915042
14.4900000000 98.4406604337
14.5000000000 98.4383061149
14.5100000000 98.4351087706
14.5200000000 98.4309255921
14.5300000000 98.4258500199
14.5400000000 98.4201696162
14.5500000000 98.4142372426
14.5600000000 98.4083740085
14.5700000000 98.4028419868
14.5800000000 98.3979078642
14.5900000000 98.3939498895
14.6000000000 98.3915266398
14.6100000000 98.3912804410
14.6200000000 98.3938022263
14.6300000000 98.3993876228
14.6400000000 98.4079198446
14.6500000000 98.4188631297
14.6600000000 98.4313830603
14.6700000000 98.4445429076
14.6800000000 98.4574348302
14.6900000000 98.4693204595
14.7000000000 98.4796382721
14.7100000000 98.4880531528
14.7200000000 98.4944325347
14.7300000000 98.4988339512
14.7400000000 98.5014708938
14.7500000000 98.5026376038
14.7600000000 98.5026369758
14.7700000000 98.5017532310
14.7800000000 98.5002757777
14.7900000000 98.4985766042
14.8000000000 98.4971722261
14.8100000000 98.4967681881
14.8200000000 98.4982157432
14.8300000000 98.5024113546
14.8400000000 98.5101946685
14.8500000000 98.5222300934
14.8600000000 98.5388714422
14.8700000000 98.5600693791
14.8800000000 98.5853249435
14.8900000000 98.6137031272
14.9000000000 98.6439866546
14.9100000000 98.6747916126
14.9200000000 98.7047839347
14.9300000000 98.7328225028
14.9400000000 98.7580668318
14.9500000000 98.7800248255
14.9600000000 98.7985368256
14.9700000000 98.8137273139
14.9800000000 98.8259504247
14.9900000000 98.8357072139
15.0000000000 98.8435993756
15.0100000000 98.8503034073
15.0200000000 98.8564764624
15.0300000000 98.8627607607
15.0400000000 98.8696677879
15.0500000000 98.8775762529
15.0600000000 98.8867042703
15.0700000000 98.8971439247
15.0800000000 98.9088713176
15.0900000000 98.9217883560
15.1000000000 98.9356954517
15.1100000000 98.9502702885
15.1200000000 98.9650808365
15.1300000000 98.9796107111
15.1400000000 98.9933477584
15.1500000000 99.0058753015
15.1600000000 99.0169155776
15.1700000000 99.0263757033
15.1800000000 99.0343233246
15.1900000000 99.0409136476
15.2000000000 99.0463373343
15.2100000000 99.0507348233
15.2200000000 99.0541626311
15.2300000000 99.0565913109
15.2400000000 99.0579681352
15.2500000000 99.0582705311
15.2600000000 99.0576078883
15.2700000000 99.0562451690
15.2800000000 99.0545846729
15.2900000000 99.0531244867
15.3000000000 99.0523097437
15.3100000000 99.0524454979
15.3200000000 99.0536086231
15.3300000000 99.0556877444
15.3400000000 99.0584021763
15.3500000000 99.0614080945
15.3600000000 99.0643477011
15.3700000000 99.0668920082
15.3800000000 99.0687423125
15.3900000000 99.0696196871
15.4000000000 99.0692756703
15.4100000000 99.0674869372
15.4200000000 99.0640988426
15.4300000000 99.0590421074
15.4400000000 99.0523228411
15.4500000000 99.0440506336
15.4600000000 99.0343900137
15.4700000000 99.0235875773
15.4800000000 99.0119673423
15.4900000000 98.9999474146
15.5000000000 98.9880142184
15.5100000000 98.9766689452
15.5200000000 98.9663575311
15.5300000000 98.9574042059
15.5400000000 98.9499451769
15.5500000000 98.9439482218
15.5600000000 98.9392591339
15.5700000000 98.9356615966
15.5800000000 98.9329473781
15.5900000000 98.9309717249
15.6000000000 98.9296495818
15.6100000000 98.9289175010
15.6200000000 98.9287134871
15.6300000000 98.9289205965
15.6400000000 98.9293231672
15.6500000000 98.9296593272
15.6600000000 98.9296590260
15.6700000000 98.9290978992
15.6800000000 98.9278704429
15.6900000000 98.9260346633
15.7000000000 98.9237866607
15.7100000000 98.9214739114
15.7200000000 98.9194813908
15.7300000000 98.9181381003
15.7400000000 98.9176338402
15.7500000000 98.9179614620
15.7600000000 98.9189367647
15.7700000000 98.9202787958
15.7800000000 98.9216647269
15.7900000000 98.9228244028
15.8000000000 98.9235242975
15.8100000000 98.9235749804
15.8200000000 98.9227479919
15.8300000000 98.9207638522
15.8400000000 98.9172743178
15.8500000000 98.9119275250
15.8600000000 98.9044784242
15.8700000000 98.8948680967
15.8800000000 98.8832929524
15.8900000000 98.8701518986
15.9000000000 98.8559599777
15.9100000000 98.8412370721
15.9200000000 98.8263629884
15.9300000000 98.8115579939
15.9400000000 98.7968974007
15.9500000000 98.7823713709
15.9600000000 98.7679791498
15.9700000000 98.7537578220
15.9800000000 98.7397987497
15.9900000000 98.7262597406
16.0000000000 98.7134206471
16.0100000000 98.7016902512
16.0200000000 98.6916301677
16.0300000000 98.6839457977
16.0400000000 98.6794042581
16.0500000000 98.6787576127
16.0600000000 98.6826374972
16.0700000000 98.6914709367
16.0800000000 98.7053492753
16.0900000000 98.7239744502
16.1000000000 98.7466533029
16.1100000000 98.7723882258
16.1200000000 98.7999850869
16.1300000000 98.8282313302
16.1400000000 98.8559646139
16.1500000000 98.8821859347
16.1600000000 98.9061255625
16.1700000000 98.9272455012
16.1800000000 98.9452712979
16.1900000000 98.9601327615
16.2000000000 98.9719315489
16.2100000000 98.9808966295
16.2200000000 98.9873449740
16.2300000000 98.9917156346
16.2400000000 98.9945707597
16.2500000000 98.9965741980
16.2600000000 98.9984133070
16.2700000000 99.0007248754
16.2800000000 99.0039806749
16.2900000000 99.0084108053
16.3000000000 99.0139725352
16.3100000000 99.0203867240
16.3200000000 99.0272324280
16.3300000000 99.0340598268
16.3400000000 99.0404997424
16.3500000000 99.0463402245
16.3600000000 99.0515512673
16.3700000000 99.0562308507
16.3800000000 99.0605255616
16.3900000000 99.0645384060
16.4000000000 99.0682703611
16.4100000000 99.0716181426
16.4200000000 99.0744642716
16.4300000000 99.0767292537
16.4400000000 99.0784762907
16.4500000000 99.0799306645
16.4600000000 99.0814131844
16.4700000000 99.0832719406
16.4800000000 99.0857781044
16.4900000000 99.0890382241
16.5000000000 99.0929916053
16.5100000000 99.0973909842
16.5200000000 99.1018990119
16.5300000000 99.1061450654
16.5400000000 99.1097955480
16.5500000000 99.1126060050
16.5600000000 99.1144869064
16.5700000000 99.1155167614
16.5800000000 99.1159150220
16.5900000000 99.1160149508
16.6000000000 99.1161828554
16.6100000000 99.1167077442
16.6200000000 99.1177476114
16.6300000000 99.1192686238
16.6400000000 99.1210781922
16.6500000000 99.1228873176
16.6600000000 99.1243970690
16.6700000000 99.1254044400
16.6800000000 99.1258155553
16.6900000000 99.1257000407
16.7000000000 99.1252632353
16.7100000000 99.1248125347
16.7200000000 99.1246999709
16.7300000000 99.1252580966
16.7400000000 99.1267112375
16.7500000000 99.1291159732
16.7600000000 99.1323468258
16.7700000000 99.1361001334
16.7800000000 99.1399687885
16.7900000000 99.1434828542
16.8000000000 99.1462092434
16.8100000000 99.1477700136
16.8200000000 99.1479082154
16.8300000000 99.1464949945
16.8400000000 99.1435841829
16.8500000000 99.1393604222
16.8600000000 99.1341522276
16.8700000000 99.1283743544
16.8800000000 99.1224859153
16.8900000000 99.1169265496
16.9000000000 99.1120500011
16.9100000000 99.1081174795
16.9200000000 99.1052784164
16.9300000000 99.1035935923
16.9400000000 99.1031065081
16.9500000000 99.1037722348
16.9600000000 99.1054332824
16.9700000000 99.1077887712
16.9800000000 99.1103920231
16.9900000000 99.1127263551
17.0000000000 99.1142883305
17.0100000000 99.1147014756
17.0200000000 99.1137124976
17.0300000000 99.1112050256
17.0400000000 99.1071345058
17.0500000000 99.1014925880
17.0600000000 99.0942950569
17.0700000000 99.0856106986
17.0800000000 99.0756219116
17.0900000000 99.0646254264
17.1000000000 99.0530338391
17.1100000000 99.0413223319
17.1200000000 99.0299927311
17.1300000000 99.0195317526
17.1400000000 99.0103801202
17.1500000000 99.0029689700
17.1600000000 98.9976711269
17.1700000000 98.9948197663
17.1800000000 98.9947013905
17.1900000000 98.9975626153
17.2000000000 99.0036221187
17.2100000000 99.0130171888
17.2200000000 99.0257789038
17.2300000000 99.0417711520
17.2400000000 99.0606766957
17.2500000000 99.0820062539
17.2600000000 99.1051580055
17.2700000000 99.1294641819
17.2800000000 99.1542273369
17.2900000000 99.1787443507
17.3000000000 99.2023670841
17.3100000000 99.2245271585
17.3200000000 99.2447620694
17.3300000000 99.2627463982
17.3400000000 99.2782872986
17.3500000000 99.2913446872
17.3600000000 99.3019712589
17.3700000000 99.3103010567
17.3800000000 99.3165257115
17.3900000000 99.3208023500
17.4000000000 99.3232714042
17.4100000000 99.3240369479
17.4200000000 99.3231791201
17.4300000000 99.3208206252
17.4400000000 99.3171090935
17.4500000000 99.3122542013
17.4600000000 99.3064792499
17.4700000000 99.3000456805
17.4800000000 99.2932035876
17.4900000000 99.2862162243
17.5000000000 99.2793786574
17.5100000000 99.2730248303
17.5200000000 99.2674847260
17.5300000000 99.2630111969
17.5400000000 99.2597544556
17.5500000000 99.2576678745
17.5600000000 99.2565802554
17.5700000000 99.2562378900
17.5800000000 99.2563469554
17.5900000000 99.2566788539
17.6000000000 99.2570711356
17.6100000000 99.2574776628
17.6200000000 99.2579395140
17.6300000000 99.2585915274
17.6400000000 99.2595893398
17.6500000000 99.2610719622
17.6600000000 99.2630935530
17.6700000000 99.2655721684
17.6800000000 99.2683256255
17.6900000000 99.2710695973
17.7000000000 99.2735354693
17.7100000000 99.2755200388
17.7200000000 99.2769743160
17.7300000000 99.2780051598
17.7400000000 99.2788213665
17.7500000000 99.2796849356
17.7600000000 99.2807737115
17.7700000000 99.2821236070
17.7800000000 99.2835957055
17.7900000000 99.2849489065
17.8000000000 99.2858827564
17.8100000000 99.2861502883
17.8200000000 99.2856025402
17.8300000000 99.2841906489
17.8400000000 99.2819413928
17.8500000000 99.2789262635
17.8600000000 99.2751805816
17.8700000000 99.2707332908
17.8800000000 99.2655565236
17.8900000000 99.2596779615
17.9000000000 99.2531625372
17.9100000000 99.2461510499
17.9200000000 99.2388734123
17.9300000000 99.2315550001
17.9400000000 99.2244101306
17.9500000000 99.2175972399
17.9600000000 99.2112435431
17.9700000000 99.2054630384
17.9800000000 99.2004075481
17.9900000000 99.1962796459
18.0000000000 99.1933529002
18.0100000000 99.1919150695
18.0200000000 99.1922564308
18.0300000000 99.1946189985
18.0400000000 99.1991959513
18.0500000000 99.2060997023
18.0600000000 99.2153684595
18.0700000000 99.2269145249
18.0800000000 99.2405166999
18.0900000000 99.2558259246
18.1000000000 99.2723564353
18.1100000000 99.2895426328
18.1200000000 99.3067760755
18.1300000000 99.3234754476
18.1400000000 99.3390744119
18.1500000000 99.3531173717
18.1600000000 99.3652420037
18.1700000000 99.3752250272
18.1800000000 99.3829452275
18.1900000000 99.3883775851
18.2000000000 99.3915560644
18.2100000000 99.3925664048
18.2200000000 99.3915337425
18.2300000000 99.3886417866
18.2400000000 99.3841330037
18.2500000000 99.3783410736
18.2600000000 99.3716473259
18.2700000000 99.3644480061
18.2800000000 99.3571034718
18.2900000000 99.3499047915
18.3000000000 99.3430669549
18.3100000000 99.3367530948
18.3200000000 99.3311201812
18.3300000000 99.3263313828
18.3400000000 99.3226022548
18.3500000000 99.3201497559
18.3600000000 99.3191861707
18.3700000000 99.3198738819
18.3800000000 99.3222604047
18.3900000000 99.3263094345
18.4000000000 99.3318872321
18.4100000000 99.3387879468
18.4200000000 99.3467521078
18.4300000000 99.3555057891
18.4400000000 99.3647467985
18.4500000000 99.3741776252
18.4600000000 99.3835571575
18.4700000000 99.3926625529
18.4800000000 99.4013480290
18.4900000000 99.4094803154
18.5000000000 99.4169521582
18.5100000000 99.4236818854
18.5200000000 99.4295812429
18.5300000000 99.4345614823
18.5400000000 99.4385402212
18.5500000000 99.4414534751
18.5600000000 99.4432500508
18.5700000000 99.4439558947
18.5800000000 99.4436627137
18.5900000000 99.4425994656
18.6000000000 99.4411019539
18.6100000000 99.4396063967
18.6200000000 99.4385857046
18.6300000000 99.4384966062
18.6400000000 99.4396748069
18.6500000000 99.4422875201
18.6600000000 99.4463515849
18.6700000000 99.4516857693
18.6800000000 99.4580282869
18.6900000000 99.4650352290
18.7000000000 99.4723339895
18.7100000000 99.4795820259
18.7200000000 99.4864738728
18.7300000000 99.4927484140
18.7400000000 99.4982487854
18.7500000000 99.5028896083
18.7600000000 99.5066852372
18.7700000000 99.5097297993
18.7800000000 99.5121852205
18.7900000000 99.5141884993
18.8000000000 99.5158912478
18.8100000000 99.5173659962
18.8200000000 99.5186922747
18.8300000000 99.5199163047
18.8400000000 99.5211240330
18.8500000000 99.5224219333
18.8600000000 99.5239375714
18.8700000000 99.5257661558
18.8800000000 99.5279706506
18.8900000000 99.5305347755
18.9000000000 99.5333884994
18.9100000000 99.5363743588
18.9200000000 99.5393140950
18.9300000000 99.5420075808
18.9400000000 99.5442471458
18.9500000000 99.5458236479
18.9600000000 99.5465602228
18.9700000000 99.5462923496
18.9800000000 99.5449081619
18.9900000000 99.5423285371
19.0000000000 99.5385608721
19.0100000000 99.5336928958
19.0200000000 99.5279005272
19.0300000000 99.5214613378
19.0400000000 99.5146885280
19.0500000000 99.5079110208
19.0600000000 99.5014060374
19.0700000000 99.4953714321
19.0800000000 99.4899119008
19.0900000000 99.4850713239
19.1000000000 99.4807990135
19.1100000000 99.4770434100
19.1200000000 99.4737517829
19.1300000000 99.4708843865
19.1400000000 99.4684753323
19.1500000000 99.4665790302
19.1600000000 99.4652845225
19.1700000000 99.4646813396
19.1800000000 99.4648803604
19.1900000000 99.4659391706
19.2000000000 99.4678890663
19.2100000000 99.4706942075
19.2200000000 99.4742510272
19.2300000000 99.4783605401
19.2400000000 99.4827747778
19.2500000000 99.4871826756
19.2600000000 99.4912981699
19.2700000000 99.4948805556
19.2800000000 99.4977554203
19.2900000000 99.4998770055
19.3000000000 99.5012811880
19.3100000000 99.5020999920
19.3200000000 99.5025007730
19.3300000000 99.5026732552
19.3400000000 99.5028085392
19.3500000000 99.5030035701
19.3600000000 99.5033084261
19.3700000000 99.5036773594
19.3800000000 99.5040158518
19.3900000000 99.5042146469
19.4000000000 99.5041770588
19.4100000000 99.5038740044
19.4200000000 99.5033313719
19.4300000000 99.5026302532
19.4400000000 99.5018391763
19.4500000000 99.5010135825
19.4600000000 99.5001820779
19.4700000000 99.4993044490
19.4800000000 99.4983405826
19.4900000000 99.4971947855
19.5000000000 99.4957845261
19.5100000000 99.4940064012
19.5200000000 99.4917563387
19.5300000000 99.4889228266
19.5400000000 99.4854212224
19.5500000000 99.4811869488
19.5600000000 99.4761828148
19.5700000000 99.4704475916
19.5800000000 99.4640205339
19.5900000000 99.4569554385
19.6000000000 99.4492582958
19.6100000000 99.4409004365
19.6200000000 99.4318111047
19.6300000000 99.4219256425
19.6400000000 99.4112125071
19.6500000000 99.3997434542
19.6600000000 99.3877078009
19.6700000000 99.3754203273
19.6800000000 99.3632808554
19.6900000000 99.3517537075
19.7000000000 99.3412786807
19.7100000000 99.3321737717
19.7200000000 99.3246061448
19.7300000000 99.3185567970
19.7400000000 99.3137977300
19.7500000000 99.3099672937
19.7600000000 99.3066314396
19.7700000000 99.3033597731
19.7800000000 99.2997955550
19.7900000000 99.2957049852
19.8000000000 99.2910065190
19.8100000000 99.2857367181
19.8200000000 99.2800583938
19.8300000000 99.2741916254
19.8400000000 99.2683861092
19.8500000000 99.2628788575
19.8600000000 99.2578526462
19.8700000000 99.2534700319
19.8800000000 99.2498521163
19.8900000000 99.2471067667
19.9000000000 99.2453143568
19.9100000000 99.2444934527
19.9200000000 99.2446205952
19.9300000000 99.2455674412
19.9400000000 99.2471417875
19.9500000000 99.2490866069
19.9600000000 99.2511852967
19.9700000000 99.2532544757
19.9800000000 99.2551662611
19.9900000000 99.2568840772
20.0000000000 99.2583852097
