124000.0000000000 1.5788151656
62000.0000000000 6.0297309748
41333.3333333333 12.6162076613
31000.0000000000 20.4250424550
24800.0000000000 28.6260126630
20666.6666666667 36.6111712241
17714.2857142857 44.0142133728
15500.0000000000 50.6632737576
13777.7777777778 56.5167404821
12400.0000000000 61.6082098580
11272.7272727273 66.0079562171
10333.3333333333 69.7992352016
9538.4615384615 73.0651948434
8857.1428571429 75.8824867215
8266.6666666667 78.3187569312
7750.0000000000 80.4322152051
7294.1176470588 82.2722156917
6888.8888888889 83.8802548803
6526.3157894737 85.2910736860
6200.0000000000 86.5337116730
5904.7619047619 87.6324485670
5636.3636363636 88.6076144510
5391.3043478261 89.4762712813
5166.6666666667 90.2527789421
4960.0000000000 90.9492622771
4769.2307692308 91.5759936344
4592.5925925926 92.1417069161
4428.5714285714 92.6538547907
4275.8620689655 93.1188193951
4133.3333333333 93.5420857526
4000.0000000000 93.9283843518
3875.0000000000 94.2818089406
3757.5757575758 94.6059141258
3647.0588235294 94.9037963750
3542.8571428571 95.1781614771
3444.4444444444 95.4313815198
3351.3513513514 95.6655414869
3263.1578947368 95.8824797105
3179.4871794872 96.0838213556
3100.0000000000 96.2710069454
3024.3902439024 96.4453165581
2952.3809523810 96.6078909423
2883.7209302326 96.7597483807
2818.1818181818 96.9018004452
2755.5555555556 97.0348646903
2695.6521739130 97.1596764795
2638.2978723404 97.2768978355
2583.3333333333 97.3871262802
2530.6122448980 97.4909026633
2480.0000000000 97.5887165688
2431.3725490196 97.6810123405
2384.6153846154 97.7681944545
2339.6226415094 97.8506307426
2296.2962962963 97.9286573373
2254.5454545455 98.0025809155
2214.2857142857 98.0726820774
2175.4385964912 98.1392185418
2137.9310344828 98.2024260731
2101.6949152542 98.2625221191
2066.6666666667 98.3197060343
2032.7868852459 98.3741620877
2000.0000000000 98.4260602764
1968.2539682540 98.4755570942
1937.5000000000 98.5227980546
1907.6923076923 98.5679170854
1878.7878787879 98.6110389528
1850.7462686567 98.6522792003
1823.5294117647 98.6917454920
1797.1014492754 98.7295372028
1771.4285714286 98.7657475105
1746.4788732394 98.8004630439
1722.2222222222 98.8337648728
1698.6301369863 98.8657279186
1675.6756756757 98.8964228977
1653.3333333333 98.9259157574
1631.5789473684 98.9542681695
1610.3896103896 98.9815380052
1589.7435897436 99.0077794364
1569.6202531646 99.0330433387
1550.0000000000 99.0573774765
1530.8641975309 99.0808267676
1512.1951219512 99.1034334054
1493.9759036145 99.1252371652
1476.1904761905 99.1462754827
1458.8235294118 99.1665833071
1441.8604651163 99.1861945562
1425.2873563218 99.2051403352
1409.0909090909 99.2234503010
1393.2584269663 99.2411521499
1377.7777777778 99.2582730682
1362.6373626374 99.2748377969
1347.8260869565 99.2908697706
1333.3333333333 99.3063921386
1319.1489361702 99.3214255399
1305.2631578947 99.3359908860
1291.6666666667 99.3501066709
1278.3505154639 99.3637918222
1265.3061224490 99.3770629368
1252.5252525253 99.3899368243
1240.0000000000 99.4024294562
1227.7227722772 99.4145550159
1215.6862745098 99.4263280270
1203.8834951456 99.4377619725
1192.3076923077 99.4488696562
1180.9523809524 99.4596633822
1169.8113207547 99.4701551835
1158.8785046729 99.4803554400
1148.1481481481 99.4902751789
1137.6146788991 99.4999241578
1127.2727272727 99.5093128164
1117.1171171171 99.5184501001
1107.1428571429 99.5273447953
1097.3451327434 99.5360054259
1087.7192982456 99.5444400970
1078.2608695652 99.5526561263
1068.9655172414 99.5606617744
1059.8290598291 99.5684633742
1050.8474576271 99.5760685099
1042.0168067227 99.5834833324
1033.3333333333 99.5907136769
1024.7933884298 99.5977659824
1016.3934426230 99.6046464562
1008.1300813008 99.6113597631
1000.0000000000 99.6179116343
992.0000000000 99.6243072035
984.1269841270 99.6305518129
976.3779527559 99.6366492599
968.7500000000 99.6426045738
961.2403100775 99.6484220556
953.8461538462 99.6541059522
946.5648854962 99.6596602605
939.3939393939 99.6650884170
932.3308270677 99.6703950941
925.3731343284 99.6755834138
918.5185185185 99.6806568452
911.7647058824 99.6856182581
905.1094890511 99.6904718315
898.5507246377 99.6952197231
892.0863309353 99.6998658606
885.7142857143 99.7044121928
879.4326241135 99.7088620145
873.2394366197 99.7132184596
867.1328671329 99.7174831451
861.1111111111 99.7216591077
855.1724137931 99.7257487544
849.3150684932 99.7297544363
843.5374149660 99.7336783924
837.8378378378 99.7375227997
832.2147651007 99.7412898239
826.6666666667 99.7449809268
821.1920529801 99.7485991649
815.7894736842 99.7521459406
810.4575163399 99.7556225405
805.1948051948 99.7590318173
800.0000000000 99.7623744636
794.8717948718 99.7656532119
789.8089171975 99.7688686018
784.8101265823 99.7720227864
779.8742138365 99.7751172310
775.0000000000 99.7781534448
770.1863354037 99.7811328731
765.4320987654 99.7840568958
760.7361963190 99.7869268522
756.0975609756 99.7897440399
751.5151515152 99.7925091565
746.9879518072 99.7952245740
742.5149700599 99.7978903662
738.0952380952 99.8005088001
733.7278106509 99.8030798662
729.4117647059 99.8056052005
725.1461988304 99.8080859043
720.9302325581 99.8105235825
716.7630057803 99.8129180468
712.6436781609 99.8152702310
708.5714285714 99.8175823310
704.5454545455 99.8198546234
700.5649717514 99.8220879936
696.6292134831 99.8242827197
692.7374301676 99.8264408547
688.8888888889 99.8285619813
685.0828729282 99.8306475153
681.3186813187 99.8326982363
677.5956284153 99.8347155375
673.9130434783 99.8366988404
670.2702702703 99.8386488897
666.6666666667 99.8405676582
663.1016042781 99.8424551798
659.5744680851 99.8443114374
656.0846560847 99.8461383945
652.6315789474 99.8479353697
649.2146596859 99.8497042916
645.8333333333 99.8514443886
642.4870466321 99.8531569220
639.1752577320 99.8548424423
635.8974358974 99.8565015382
632.6530612245 99.8581340134
629.4416243655 99.8597417600
626.2626262626 99.8613239338
623.1155778894 99.8628824118
620.0000000000 99.8644162535
616.9154228856 99.8659266342
613.8613861386 99.8674140126
610.8374384236 99.8688788570
607.8431372549 99.8703215936
604.8780487805 99.8717419066
601.9417475728 99.8731416872
599.0338164251 99.8745198566
596.1538461538 99.8758782857
593.3014354067 99.8772158719
590.4761904762 99.8785337729
587.6777251185 99.8798323188
584.9056603774 99.8811111224
582.1596244131 99.8823720510
579.4392523364 99.8836139262
576.7441860465 99.8848385919
574.0740740741 99.8860448942
571.4285714286 99.8872338342
568.8073394495 99.8884058138
566.2100456621 99.8895602881
563.6363636364 99.8906991415
561.0859728507 99.8918211122
558.5585585586 99.8929280589
556.0538116592 99.8940186405
553.5714285714 99.8950939725
551.1111111111 99.8961534701
548.6725663717 99.8971990154
546.2555066079 99.8982292833
543.8596491228 99.8992460785
541.4847161572 99.9002480958
539.1304347826 99.9012363232
536.7965367965 99.9022102068
534.4827586207 99.9031715715
532.1888412017 99.9041190496
529.9145299145 99.9050536595
527.6595744681 99.9059756053
525.4237288136 99.9068851198
523.2067510549 99.9077823893
521.0084033613 99.9086667608
518.8284518828 99.9095392879
516.6666666667 99.9104001669
514.5228215768 99.9112495724
512.3966942149 99.9120868497
510.2880658436 99.9129138652
508.1967213115 99.9137290849
506.1224489796 99.9145335767
504.0650406504 99.9153265843
502.0242914980 99.9161100629
500.0000000000 99.9168823867
497.9919678715 99.9176446235
496.0000000000 99.9183968989
494.0239043825 99.9191385005
492.0634920635 99.9198704648
490.1185770751 99.9205929242
488.1889763780 99.9213060133
486.2745098039 99.9220099175
484.3750000000 99.9227038446
482.4902723735 99.9233888107
480.6201550388 99.9240640690
478.7644787645 99.9247315398
476.9230769231 99.9253895626
475.0957854406 99.9260382267
473.2824427481 99.9266795275
471.4828897338 99.9273116918
469.6969696970 99.9279357976
467.9245283019 99.9285510127
466.1654135338 99.9291583774
464.4194756554 99.9297580256
462.6865671642 99.9303490953
460.9665427509 99.9309326658
459.2592592593 99.9315088036
457.5645756458 99.9320776484
455.8823529412 99.9326383297
454.2124542125 99.9331909553
452.5547445255 99.9337365336
450.9090909091 99.9342752093
449.2753623188 99.9348070570
447.6534296029 99.9353302135
446.0431654676 99.9358477132
444.4444444444 99.9363576914
442.8571428571 99.9368611853
441.2811387900 99.9373572797
439.7163120567 99.9378460927
438.1625441696 99.9383297015
436.6197183099 99.9388051345
435.0877192982 99.9392745215
433.5664335664 99.9397379012
432.0557491289 99.9401943897
430.5555555556 99.9406439937
429.0657439446 99.9410878380
427.5862068966 99.9415259883
426.1168384880 99.9419564722
424.6575342466 99.9423813819
423.2081911263 99.9427997705
421.7687074830 99.9432127152
420.3389830508 99.9436192865
418.9189189189 99.9440194980
417.5084175084 99.9444144859
416.1073825503 99.9448021640
414.7157190635 99.9451847486
413.3333333333 99.9455612041
411.9601328904 99.9459316163
410.5960264901 99.9462970511
409.2409240924 99.9466554813
407.8947368421 99.9470079704
406.5573770492 99.9473546067
405.2287581699 99.9476965180
403.9087947883 99.9480315603
402.5974025974 99.9483608591
401.2944983819 99.9486845044
400.0000000000 99.9490013982
398.7138263666 99.9493126780
397.4358974359 99.9496184128
396.1661341853 99.9499186272
394.9044585987 99.9502122557
393.6507936508 99.9504993132
392.4050632911 99.9507809575
391.1671924290 99.9510561135
389.9371069182 99.9513247977
388.7147335423 99.9515870486
387.5000000000 99.9518428614
386.2928348910 99.9520922976
385.0931677019 99.9523353750
383.9009287926 99.9525709669
382.7160493827 99.9528002297
381.5384615385 99.9530220522
380.3680981595 99.9532364429
379.2048929664 99.9534434105
378.0487804878 99.9536417802
376.8996960486 99.9538327600
375.7575757576 99.9540151685
374.6223564955 99.9541890050
373.4939759036 99.9543542905
372.3723723724 99.9545098017
371.2574850299 99.9546555708
370.1492537313 99.9547904000
369.0476190476 99.9549142257
367.9525222552 99.9550258541
366.8639053254 99.9551252541
365.7817109145 99.9552123736
364.7058823529 99.9552847928
363.6363636364 99.9553412297
362.5730994152 99.9553804309
361.5160349854 99.9554022812
360.4651162791 99.9554054887
359.4202898551 99.9553863223
358.3815028902 99.9553433987
357.3487031700 99.9552741323
356.3218390805 99.9551758887
355.3008595989 99.9550460051
354.2857142857 99.9548805710
353.2763532764 99.9546743478
352.2727272727 99.9544245157
351.2747875354 99.9541232428
350.2824858757 99.9537663567
349.2957746479 99.9533470859
348.3146067416 99.9528560657
347.3389355742 99.9522888141
346.3687150838 99.9516357336
345.4038997214 99.9508921388
344.4444444444 99.9500545214
343.4903047091 99.9491231466
342.5414364641 99.9481046338
341.5977961433 99.9470159841
340.6593406593 99.9458860113
339.7260273973 99.9447582456
338.7978142077 99.9436833620
337.8746594005 99.9427220448
336.9565217391 99.9419294765
336.0433604336 99.9413407639
335.1351351351 99.9409679720
334.2318059299 99.9407916422
333.3333333333 99.9407681030
332.4396782842 99.9408343622
331.5508021390 99.9409277044
330.6666666667 99.9409857127
329.7872340426 99.9409557730
328.9124668435 99.9407979290
328.0423280423 99.9404864985
327.1767810026 99.9400022106
326.3157894737 99.9393391430
325.4593175853 99.9384967972
324.6073298429 99.9374814841
323.7597911227 99.9362969301
322.9166666667 99.9349523492
322.0779220779 99.9334597475
321.2435233161 99.9318407604
320.4134366925 99.9301323173
319.5876288660 99.9283966238
318.7660668380 99.9267132606
317.9487179487 99.9251809933
317.1355498721 99.9238959418
316.3265306122 99.9229389503
315.5216284987 99.9223530236
314.7208121827 99.9221438270
313.9240506329 99.9222791012
313.1313131313 99.9227089578
312.3425692695 99.9233798797
311.5577889447 99.9242431834
310.7769423559 99.9252609438
310.0000000000 99.9263919995
309.2269326683 99.9275905300
308.4577114428 99.9287986656
307.6923076923 99.9299506842
306.9306930693 99.9309857023
306.1728395062 99.9318463689
305.4187192118 99.9324890303
304.6683046683 99.9328797080
303.9215686275 99.9329970644
303.1784841076 99.9328239911
302.4390243902 99.9323548056
301.7031630170 99.9315896894
300.9708737864 99.9305346550
300.2421307506 99.9292104490
299.5169082126 99.9276468426
298.7951807229 99.9258931294
298.0769230769 99.9240168929
297.3621103118 99.9220999640
296.6507177033 99.9202326308
295.9427207637 99.9184974588
295.2380952381 99.9169616908
294.5368171021 99.9156695116
293.8388625592 99.9146385785
293.1442080378 99.9138641691
292.4528301887 99.9133219536
291.7647058824 99.9129706143
291.0798122066 99.9127441872
290.3981264637 99.9125622072
289.7196261682 99.9123279400
289.0442890443 99.9119509924
288.3720930233 99.9113535191
287.7030162413 99.9104827168
287.0370370370 99.9093204078
286.3741339492 99.9078835430
285.7142857143 99.9062217335
285.0574712644 99.9044176439
284.4036697248 99.9025705654
283.7528604119 99.9007857908
283.1050228311 99.8991466426
282.4601366743 99.8977033197
281.8181818182 99.8964565597
281.1791383220 99.8953662685
280.5429864253 99.8943697015
279.9097065463 99.8934094336
279.2792792793 99.8924445341
278.6516853933 99.8914698546
278.0269058296 99.8905071660
277.4049217002 99.8895992549
276.7857142857 99.8887911094
276.1692650334 99.8881140457
275.5555555556 99.8875743035
274.9445676275 99.8871494071
274.3362831858 99.8867861327
273.7306843267 99.8864113042
273.1277533040 99.8859379605
272.5274725275 99.8852796243
271.9298245614 99.8843698071
271.3347921225 99.8831735614
270.7423580786 99.8817074277
270.1525054466 99.8800402467
269.5652173913 99.8782971624
268.9804772234 99.8766440739
268.3982683983 99.8752473244
267.8185745140 99.8742424715
267.2413793103 99.8737041457
266.6666666667 99.8736203499
266.0944206009 99.8739193191
265.5246252677 99.8744802461
264.9572649573 99.8751741304
264.3923240938 99.8758771565
263.8297872340 99.8764907940
263.2696390658 99.8769388596
262.7118644068 99.8771728508
262.1564482030 99.8771756921
261.6033755274 99.8769537698
261.0526315789 99.8765422606
260.5042016807 99.8759869502
259.9580712788 99.8753376253
259.4142259414 99.8746379575
258.8726513570 99.8739033044
258.3333333333 99.8731135460
257.7962577963 99.8722057089
257.2614107884 99.8710785330
256.7287784679 99.8696227808
256.1983471074 99.8677280288
255.6701030928 99.8653118981
255.1440329218 99.8623256919
254.6201232033 99.8587582339
254.0983606557 99.8546397975
253.5787321063 99.8500253075
253.0612244898 99.8449979717
252.5458248473 99.8396660798
252.0325203252 99.8341754699
251.5212981744 99.8287115848
251.0121457490 99.8235175465
250.5050505051 99.8188843443
250.0000000000 99.8151146677
249.4969818913 99.8124668387
248.9959839357 99.8110890324
248.4969939880 99.8109613419
248.0000000000 99.8118971304
247.5049900200 99.8135905089
247.0119521912 99.8156806409
246.5208747515 99.8178403045
246.0317460317 99.8198120947
245.5445544554 99.8214417252
245.0592885375 99.8226668244
244.5759368836 99.8234857337
244.0944881890 99.8239420309
243.6149312377 99.8240780669
243.1372549020 99.8239402836
242.6614481409 99.8235827467
242.1875000000 99.8230763075
241.7153996101 99.8225324054
241.2451361868 99.8220945011
240.7766990291 99.8219129653
240.3100775194 99.8221013243
239.8452611219 99.8227064822
239.3822393822 99.8236913218
238.9210019268 99.8249594718
238.4615384615 99.8263803686
238.0038387716 99.8278258531
237.5478927203 99.8291906405
237.0936902486 99.8303796729
236.6412213740 99.8313008877
236.1904761905 99.8318540560
235.7414448669 99.8319269598
235.2941176471 99.8314027064
234.8484848485 99.8301727715
234.4045368620 99.8281596160
233.9622641509 99.8253114078
233.5216572505 99.8216117203
233.0827067669 99.8170742259
232.6454033771 99.8117373528
232.2097378277 99.8056606863
231.7757009346 99.7989308139
231.3432835821 99.7916690982
230.9124767225 99.7840586047
230.4832713755 99.7763598743
230.0556586271 99.7689135979
229.6296296296 99.7621147197
229.2051756007 99.7563785186
228.7822878229 99.7520584727
228.3609576427 99.7494053508
227.9411764706 99.7485181128
227.5229357798 99.7493423670
227.1062271062 99.7516803446
226.6910420475 99.7552416479
226.2773722628 99.7596849066
225.8652094718 99.7646619461
225.4545454545 99.7698333219
225.0453720508 99.7748859912
224.6376811594 99.7795453745
224.2314647378 99.7835718653
223.8267148014 99.7867808771
223.4234234234 99.7890355630
223.0215827338 99.7902453703
222.6211849192 99.7903763629
222.2222222222 99.7894439010
221.8246869410 99.7875091010
221.4285714286 99.7846832523
221.0338680927 99.7811123444
220.6405693950 99.7769634418
220.2486678508 99.7723989553
219.8581560284 99.7675486203
219.4690265487 99.7624752132
219.0812720848 99.7571558939
218.6948853616 99.7514934637
218.3098591549 99.7453297640
217.9261862917 99.7384974699
217.5438596491 99.7308704112
217.1628721541 99.7224124067
216.7832167832 99.7132204862
216.4048865620 99.7035361079
216.0278745645 99.6937605021
215.6521739130 99.6844010951
215.2777777778 99.6760194630
214.9046793761 99.6691299393
214.5328719723 99.6641156282
214.1623488774 99.6611558523
213.7931034483 99.6601958088
213.4251290878 99.6609691465
213.0584192440 99.6630391904
212.6929674099 99.6658632277
212.3287671233 99.6688863647
211.9658119658 99.6716199302
211.6040955631 99.6737124884
211.2436115843 99.6749718716
210.8843537415 99.6753770090
210.5263157895 99.6750336672
210.1694915254 99.6741275898
209.8138747885 99.6728500123
209.4594594595 99.6713746723
209.1062394604 99.6698346213
208.7542087542 99.6683596103
208.4033613445 99.6670970509
208.0536912752 99.6662352711
207.7051926298 99.6659806302
207.3578595318 99.6665006580
207.0116861436 99.6678814456
206.6666666667 99.6701036916
206.3227953411 99.6730482166
205.9800664452 99.6765248727
205.6384742952 99.6803102679
205.2980132450 99.6841602783
204.9586776860 99.6878098895
204.6204620462 99.6909880463
204.2833607908 99.6934347954
203.9473684211 99.6949057483
203.6124794745 99.6951873120
203.2786885246 99.6941056330
202.9459901800 99.6915096990
202.6143790850 99.6872759224
202.2838499184 99.6813084109
201.9543973941 99.6735392529
201.6260162602 99.6639353022
201.2987012987 99.6525310704
200.9724473258 99.6394270391
200.6472491909 99.6248401769
200.3231017771 99.6091089953
200.0000000000 99.5927203077
199.6779388084 99.5763033878
199.3569131833 99.5605955184
199.0369181380 99.5464007960
198.7179487179 99.5344960133
198.4000000000 99.5255337972
198.0830670927 99.5199296721
197.7671451356 99.5177747736
197.4522292994 99.5187785955
197.1383147854 99.5223195331
196.8253968254 99.5275178470
196.5134706815 99.5334068614
196.2025316456 99.5390434287
195.8925750395 99.5436395649
195.5835962145 99.5465860003
195.2755905512 99.5474871765
194.9685534591 99.5461360739
194.6624803768 99.5424954208
194.3573667712 99.5366854891
194.0532081377 99.5289669927
193.7500000000 99.5197148839
193.4477379095 99.5094074542
193.1464174455 99.4985748516
192.8460342146 99.4877651237
192.5465838509 99.4774898083
192.2480620155 99.4681419429
191.9504643963 99.4599295209
191.6537867079 99.4528177468
191.3580246914 99.4465165780
191.0631741140 99.4405434281
190.7692307692 99.4343343357
190.4761904762 99.4273624451
190.1840490798 99.4192619861
189.8928024502 99.4098657113
189.6024464832 99.3992195083
189.3129770992 99.3875465348
189.0243902439 99.3751812395
188.7366818874 99.3625235789
188.4498480243 99.3499931585
188.1638846737 99.3379760516
187.8787878788 99.3267874602
187.5945537065 99.3166250389
187.3111782477 99.3075428188
187.0286576169 99.2994225902
186.7469879518 99.2919731413
186.4661654135 99.2847388973
186.1861861862 99.2771413686
185.9070464768 99.2685629797
185.6287425150 99.2584361300
185.3512705531 99.2463349064
185.0746268657 99.2320272070
184.7988077496 99.2154612367
184.5238095238 99.1967306714
184.2496285290 99.1759808045
183.9762611276 99.1533357514
183.7037037037 99.1288490717
183.4319526627 99.1025206216
183.1610044313 99.0743369028
182.8908554572 99.0443537012
182.6215022091 99.0127077740
182.3529411765 98.9795996445
182.0851688693 98.9451841273
181.8181818182 98.9094871563
181.5519765739 98.8723539502
181.2865497076 98.8334899817
181.0218978102 98.7925616110
180.7580174927 98.7493294469
180.4949053857 98.7037292461
180.2325581395 98.6558688195
179.9709724238 98.6059532283
179.7101449275 98.5541629188
179.4500723589 98.5005823512
179.1907514451 98.4451745395
178.9321789322 98.3878319103
178.6743515850 98.3284536201
178.4172661871 98.2670221138
178.1609195402 98.2036679273
177.9053084648 98.1387003540
177.6504297994 98.0726360959
177.3962804006 98.0062129686
177.1428571429 97.9403990779
176.8901569187 97.8763920240
176.6381766382 97.8155438765
176.3869132290 97.7592870805
176.1363636364 97.7090631771
175.8865248227 97.6662567833
175.6373937677 97.6321317414
175.3889674682 97.6076900451
175.1412429379 97.5935082709
174.8942172073 97.5895124939
174.6478873239 97.5948044852
174.4022503516 97.6075825647
174.1573033708 97.6252697204
173.9130434783 97.6448948140
173.6694677871 97.6636010786
173.4265734266 97.6791488356
173.1843575419 97.6901946333
172.9428172943 97.6963119806
172.7019498607 97.6976853930
172.4617524339 97.6946870930
172.2222222222 97.6874233500
171.9833564494 97.6754718032
171.7451523546 97.6579075740
171.5076071923 97.6335642704
171.2707182320 97.6013915118
171.0344827586 97.5607609200
170.7988980716 97.5116572029
170.5639614856 97.4547299874
170.3296703297 97.3912972315
170.0960219479 97.3233053783
169.8630136986 97.2532962115
169.6306429549 97.1842966599
169.3989071038 97.1196249231
169.1678035471 97.0624741233
168.9373297003 97.0154647811
168.7074829932 96.9802423074
168.4782608696 96.9573937819
168.2496607870 96.9466617764
168.0216802168 96.9473381722
167.7943166441 96.9586087045
167.5675675676 96.9797029950
167.3414304993 97.0098056517
167.1159029650 97.0477895202
166.8909825034 97.0919549275
166.6666666667 97.1399259301
166.4429530201 97.1888282602
166.2198391421 97.2356497065
165.9973226238 97.2776861302
165.7754010695 97.3128584211
165.5540720961 97.3398592490
165.3333333333 97.3580989591
165.1131824234 97.3675504579
164.8936170213 97.3685867241
164.6746347942 97.3618908841
164.4562334218 97.3484131697
164.2384105960 97.3293319284
164.0211640212 97.3059136781
163.8044914135 97.2793370454
163.5883905013 97.2505485744
163.3728590250 97.2202756595
163.1578947368 97.1891660880
162.9434954008 97.1579419318
162.7296587927 97.1274371118
162.5163826999 97.0984540157
162.3036649215 97.0715436764
162.0915032680 97.0468122909
161.8798955614 97.0239821715
161.6688396349 97.0026412730
161.4583333333 96.9825906002
161.2483745124 96.9640742674
161.0389610390 96.9477703342
160.8300907912 96.9345039098
160.6217616580 96.9248877893
160.4139715395 96.9190074466
160.2067183463 96.9163536091
160.0000000000 96.9159994267
159.7938144330 96.9169110717
159.5881595882 96.9182669393
159.3830334190 96.9196940070
159.1784338896 96.9213816371
158.9743589744 96.9240427655
158.7708066581 96.9286772675
158.5677749361 96.9362106997
158.3652618135 96.9471244563
158.1632653061 96.9612885573
157.9617834395 96.9780155892
157.7608142494 96.9962676849
157.5603557814 97.0148027631
157.3604060914 97.0322043297
157.1609632446 97.0468514400
156.9620253165 97.0569540126
156.7635903919 97.0607423888
156.5656565657 97.0567330424
156.3682219420 97.0440035454
156.1712846348 97.0223568196
155.9748427673 96.9924010517
155.7788944724 96.9555524606
155.5834378921 96.9139981190
155.3884711779 96.8705602655
155.1939924906 96.8283954893
155.0000000000 96.7904452625
154.8064918851 96.7588006852
154.6134663342 96.7342427415
154.4209215442 96.7162196424
154.2288557214 96.7033134355
154.0372670807 96.6939389301
153.8461538462 96.6869387750
153.6555142503 96.6817424816
153.4653465347 96.6781493445
153.2756489493 96.6758408810
153.0864197531 96.6739424703
152.8976572133 96.6708772078
152.7093596059 96.6645472385
152.5215252153 96.6527645030
152.3341523342 96.6337207518
152.1472392638 96.6063211640
151.9607843137 96.5703031764
151.7747858017 96.5261263154
151.5892420538 96.4747457239
151.4041514042 96.4173364408
151.2195121951 96.3550897875
151.0353227771 96.2892088687
150.8515815085 96.2210434642
150.6682867558 96.1523248169
150.4854368932 96.0852497445
150.3030303030 96.0223038939
150.1210653753 95.9658325737
149.9395405079 95.9176106853
149.7584541063 95.8786436331
149.5778045838 95.8493987938
149.3975903614 95.8302920075
149.2178098676 95.8221794657
149.0384615385 95.8264136520
148.8595438175 95.8444600291
148.6810551559 95.8771936041
148.5029940120 95.9243533325
148.3253588517 95.9843831766
148.1481481481 96.0547121038
147.9713603819 96.1322054392
147.7949940405 96.2135445638
147.6190476190 96.2953520490
147.4435196195 96.3742231519
147.2684085511 96.4467924824
147.0937129300 96.5099176412
146.9194312796 96.5609549283
146.7455621302 96.5980204876
146.5721040189 96.6201327102
146.3990554900 96.6272323674
146.2264150943 96.6200589478
146.0541813899 96.5999889841
145.8823529412 96.5688741420
145.7109283196 96.5289090642
145.5399061033 96.4825321494
145.3692848769 96.4322724257
145.1990632319 96.3805425492
145.0292397661 96.3294252470
144.8598130841 96.2804272567
144.6907817970 96.2343207334
144.5221445221 96.1910342078
144.3538998836 96.1497101472
144.1860465116 96.1089714044
144.0185830430 96.0673015924
143.8515081206 96.0234835824
143.6848203940 95.9768615686
143.5185185185 95.9273544579
143.3526011561 95.8751852906
143.1870669746 95.8205009409
143.0219146482 95.7631271463
142.8571428571 95.7025323872
142.6927502877 95.6380677804
142.5287356322 95.5692816575
142.3650975890 95.4961573576
142.2018348624 95.4191993856
142.0389461627 95.3394161334
141.8764302059 95.2583406881
141.7142857143 95.1781202634
141.5525114155 95.1016643078
141.3911060433 95.0325929064
141.2300683371 94.9748345075
141.0693970421 94.9318769818
140.9090909091 94.9059253532
140.7491486947 94.8973737096
140.5895691610 94.9048227670
140.4303510759 94.9256026658
140.2714932127 94.9565122017
140.1129943503 94.9944021899
139.9548532731 95.0364598048
139.7970687711 95.0802051512
139.6396396396 95.1233718442
139.4825646794 95.1638477409
139.3258426966 95.1997073643
139.1694725028 95.2293038606
139.0134529148 95.2514707354
138.8577827548 95.2657329361
138.7024608501 95.2725435478
138.5474860335 95.2733356742
138.3928571429 95.2703418616
138.2385730212 95.2661468495
138.0846325167 95.2631578525
137.9310344828 95.2632300492
137.7777777778 95.2675669140
137.6248612653 95.2768415192
137.4722838137 95.2912621888
137.3200442968 95.3105213386
137.1681415929 95.3335206080
137.0165745856 95.3581974023
136.8653421634 95.3816177841
136.7144432194 95.4004209274
136.5638766520 95.4113960412
136.4136413641 95.4119813438
136.2637362637 95.4004849315
136.1141602634 95.3760168775
135.9649122807 95.3382420569
135.8159912377 95.2871354109
135.6673960613 95.2228122810
135.5191256831 95.1455100622
135.3711790393 95.0558005196
135.2235550709 94.9549158757
135.0762527233 94.8450915602
134.9292709467 94.7296752385
134.7826086957 94.6127794095
134.6362649294 94.4985270970
134.4902386117 94.3900610639
134.3445287107 94.2887469763
134.1991341991 94.1939148158
134.0540540541 94.1033032437
133.9092872570 94.0140011438
133.7648327940 93.9234566744
133.6206896552 93.8301489105
133.4768568353 93.7337507549
133.3333333333 93.6348910835
133.1901181525 93.5348351129
133.0472103004 93.4352530619
132.9046087889 93.3382374895
132.7623126338 93.2464538092
132.6203208556 93.1633034963
132.4786324786 93.0928375608
132.3372465315 93.0392854048
132.1961620469 93.0061912886
132.0553780618 92.9954459266
131.9148936170 93.0065731710
131.7747077577 93.0365820451
131.6348195329 93.0803813806
131.4952279958 93.1315546318
131.3559322034 93.1832753859
131.2169312169 93.2291213401
131.0782241015 93.2636884502
130.9398099261 93.2830057572
130.8016877637 93.2848701213
130.6638566913 93.2691200272
130.5263157895 93.2378721916
130.3890641430 93.1954637250
130.2521008403 93.1479238343
130.1154249738 93.1018248696
129.9790356394 93.0627223080
129.8429319372 93.0336802049
129.7071129707 93.0143769376
129.5715778474 93.0011478356
129.4363256785 92.9879152798
129.3013555787 92.9676111610
129.1666666667 92.9335499437
129.0322580645 92.8805310398
128.8981288981 92.8054892326
128.7642782970 92.7077896079
128.6307053942 92.5892335409
128.4974093264 92.4538208939
128.3643892340 92.3072450645
128.2316442606 92.1561998933
128.0991735537 92.0076251163
127.9669762642 91.8680564838
127.8350515464 91.7432345497
127.7033985582 91.6378220784
127.5720164609 91.5551550561
127.4409044193 91.4969154902
127.3100616016 91.4628833110
127.1794871795 91.4508824341
127.0491803279 91.4570101827
126.9191402252 91.4761950038
126.7893660532 91.5030834832
126.6598569969 91.5330340832
126.5306122449 91.5629920406
126.4016309888 91.5918142070
126.2729124236 91.6199166784
126.1444557477 91.6484440867
126.0162601626 91.6782943233
125.8883248731 91.7094286645
125.7606490872 91.7405828003
125.6332320162 91.7693954288
125.5060728745 91.7928955788
125.3791708797 91.8082861288
125.2525252525 91.8137172204
125.1261352170 91.8089075990
125.0000000000 91.7952841614
124.8741188318 91.7756692636
124.7484909457 91.7534097887
124.6231155779 91.7313079898
124.4979919679 91.7106457440
124.3731193581 91.6908038015
124.2484969940 91.6696793396
124.1241241241 91.6446705791
124.0000000000 91.6138131793
123.8761238761 91.5765426434
123.7524950100 91.5338578773
123.6291126620 91.4879569370
123.5059760956 91.4417056773
123.3830845771 91.3982364838
123.2604373757 91.3608440079
123.1380337637 91.3330366291
123.0158730159 91.3184519933
122.8939544103 91.3205205910
122.7722772277 91.3417385428
122.6508407517 91.3828957505
122.5296442688 91.4424852373
122.4086870681 91.5166205997
122.2879684418 91.5994913837
122.1674876847 91.6843067902
122.0472440945 91.7644088629
121.9272369715 91.8343600712
121.8074656189 91.8907491192
121.6879293425 91.9325626254
121.5686274510 91.9610720572
121.4495592556 91.9793281491
121.3307240705 91.9913819716
121.2121212121 92.0014628291
121.0937500000 92.0133769277
120.9756097561 92.0303396757
120.8576998051 92.0551327946
120.7400194742 92.0903219379
120.6225680934 92.1382095268
120.5053449951 92.2003630956
120.3883495146 92.2769505798
120.2715809893 92.3661458431
120.1550387597 92.4640470700
120.0387221684 92.5652084901
119.9226305609 92.6637183080
119.8067632850 92.7543460470
119.6911196911 92.8333842692
119.5756991321 92.8988504098
119.4605009634 92.9502025234
119.3455245428 92.9877946708
119.2307692308 93.0124930792
119.1162343900 93.0254772462
119.0019193858 93.0281750409
118.8878235858 93.0221513534
118.7739463602 93.0089682520
118.6602870813 92.9901371428
118.5468451243 92.9672011093
118.4336198663 92.9419331850
118.3206106870 92.9164772133
118.2078169685 92.8933313055
118.0952380952 92.8751912617
117.9828734539 92.8647542577
117.8707224335 92.8645552720
117.7587844255 92.8768780505
117.6470588235 92.9035927803
117.5355450237 92.9458903973
117.4242424242 93.0039724450
117.3131504257 93.0769412896
117.2022684310 93.1630282163
117.0915958451 93.2601728666
116.9811320755 93.3665937646
116.8708765316 93.4810659258
116.7608286252 93.6026964118
116.6509877705 93.7302679153
116.5413533835 93.8615060503
116.4319248826 93.9926006370
116.3227016886 94.1182420907
116.2136832240 94.2321254362
116.1048689139 94.3277227831
115.9962581852 94.3991099582
115.8878504673 94.4415564669
115.7796451914 94.4519711329
115.6716417910 94.4291167046
115.5638397018 94.3737320839
115.4562383613 94.2885434050
115.3488372093 94.1781905337
115.2416356877 94.0489060509
115.1346332405 93.9079977323
115.0278293135 93.7630063101
114.9212233550 93.6207712268
114.8148148148 93.4865035585
114.7086031452 93.3632005695
114.6025878004 93.2515088589
114.4967682364 93.1501072474
114.3911439114 93.0564652713
114.2857142857 92.9677657297
114.1804788214 92.8817330209
114.0754369825 92.7973486956
113.9705882353 92.7152755380
113.8659320478 92.6379878034
113.7614678899 92.5695087505
113.6571952337 92.5147717259
113.5531135531 92.4787047729
113.4492223239 92.4652474200
113.3455210238 92.4764934699
113.2420091324 92.5121977893
113.1386861314 92.5697579536
113.0355515041 92.6446615788
112.9326047359 92.7311665111
112.8298453139 92.8229737794
112.7272727273 92.9136574087
112.6248864668 92.9969553230
112.5226860254 93.0670334405
112.4206708976 93.1189362280
112.3188405797 93.1492080672
112.2171945701 93.1564274050
112.1157323689 93.1414518527
112.0144534779 93.1072028824
111.9133574007 93.0579909267
111.8124436429 92.9986894409
111.7117117117 92.9340713981
111.6111611161 92.8686381804
111.5107913669 92.8069464739
111.4106019766 92.7540919047
111.3105924596 92.7159163013
111.2107623318 92.6986276385
111.1111111111 92.7079403800
111.0116383169 92.7480044444
110.9123434705 92.8204789316
110.8132260947 92.9239442731
110.7142857143 93.0538489212
110.6155218555 93.2029692313
110.5169340463 93.3623806799
110.4185218166 93.5227001549
110.3202846975 93.6753682225
110.2222222222 93.8136150268
110.1243339254 93.9329869571
110.0266193434 94.0313746307
109.9290780142 94.1088380842
109.8317094774 94.1673223919
109.7345132743 94.2104551132
109.6374889478 94.2432133811
109.5406360424 94.2713462245
109.4439541041 94.3004628009
109.3474426808 94.3348910696
109.2511013216 94.3767236042
109.1549295775 94.4254231238
109.0589270009 94.4781683953
108.9630931459 94.5308458319
108.8674275680 94.5791815120
108.7719298246 94.6196723811
108.6765994741 94.6500153956
108.5814360771 94.6690850756
108.4864391951 94.6767277207
108.3916083916 94.6734635829
108.2969432314 94.6602764985
108.2024432810 94.6384554910
108.1081081081 94.6094768460
108.0139372822 94.5749412310
107.9199303742 94.5365232559
107.8260869565 94.4958769087
107.7324066030 94.4544849376
107.6388888889 94.4134734026
107.5455333912 94.3733926716
107.4523396880 94.3340254415
107.3593073593 94.2942492319
107.2664359862 94.2521593704
107.1737251513 94.2054717507
107.0811744387 94.1522199082
106.9887834340 94.0914443015
106.8965517241 94.0236641911
106.8044788975 93.9508828688
106.7125645439 93.8762204597
106.6208082545 93.8033333339
106.5292096220 93.7359558188
106.4377682403 93.6775349395
106.3464837050 93.6309766713
106.2553556127 93.5983663332
106.1643835616 93.5806280785
106.0735671514 93.5774050226
105.9829059829 93.5872313282
105.8923996584 93.6080462067
105.8020477816 93.6377950853
105.7118499574 93.6748566393
105.6218057922 93.7181158767
105.5319148936 93.7668048123
105.4421768707 93.8202706578
105.3525913339 93.8779209294
105.2631578947 93.9392568610
105.1738761662 94.0039973538
105.0847457627 94.0721081753
104.9957662997 94.1435990248
104.9069373942 94.2182188751
104.8182586644 94.2949881569
104.7297297297 94.3718985442
104.6413502110 94.4459521064
104.5531197302 94.5136461304
104.4650379107 94.5717461229
104.3771043771 94.6181313852
104.2893187553 94.6523112457
104.2016806723 94.6755308553
104.1141897565 94.6905228361
104.0268456376 94.7009790690
103.9396479464 94.7109471281
103.8525963149 94.7241429716
103.7656903766 94.7432415882
103.6789297659 94.7692045255
103.5923141186 94.8008959434
103.5058430718 94.8351603411
103.4195162636 94.8674416414
103.3333333333 94.8927660255
103.2472939217 94.9067289431
103.1613976705 94.9062484253
103.0756442228 94.8899175129
102.9900332226 94.8581138346
102.9045643154 94.8129682945
102.8192371476 94.7583691689
102.7340513670 94.6998538305
102.6490066225 94.6442858633
102.5641025641 94.5990537600
102.4793388430 94.5709223874
102.3947151115 94.5647342934
102.3102310231 94.5823984931
102.2258862325 94.6225072465
102.1416803954 94.6806227807
102.0576131687 94.7501313387
101.9736842105 94.8233997788
101.8898931800 94.8929681005
101.8062397373 94.9525594775
101.7227235439 94.9977329987
101.6393442623 95.0261161165
101.5561015561 95.0371892142
101.4729950900 95.0318731306
101.3900245298 95.0119344240
101.3071895425 94.9794194463
101.2244897959 94.9362056779
101.1419249592 94.8837353905
101.0594947025 94.8230359481
100.9771986971 94.7549642286
100.8950366151 94.6806933069
100.8130081301 94.6021835687
100.7311129163 94.5224322632
100.6493506494 94.4454161887
100.5677210057 94.3756934886
100.4862236629 94.3178632342
100.4048582996 94.2759932794
100.3236245955 94.2531428551
100.2425222312 94.2511235449
100.1615508885 94.2704741873
100.0807102502 94.3106432535
100.0000000000 94.3701928129
99.9194198227 94.4469353327
99.8389694042 94.5380302604
99.7586484312 94.6402333377
99.6784565916 94.7503119124
99.5983935743 94.8654752373
99.5184590690 94.9836693229
99.4386527666 95.1035902880
99.3589743590 95.2244696636
99.2794235388 95.3456699190
99.2000000000 95.4663075517
99.1207034373 95.5849146043
99.0415335463 95.6994024652
98.9624900239 95.8072252074
98.8835725678 95.9057699115
98.8047808765 95.9927449447
98.7261146497 96.0664024234
98.6475735879 96.1255521900
98.5691573927 96.1694189419
98.4908657665 96.1975048490
98.4126984127 96.2095104806
98.3346550357 96.2054401431
98.2567353407 96.1857599999
98.1789390340 96.1515574907
98.1012658228 96.1046238015
98.0237154150 96.0474288245
97.9462875197 95.9829714513
97.8689818469 95.9145691619
97.7917981073 95.8455931414
97.7147360126 95.7791744809
97.6377952756 95.7179366557
97.5609756098 95.6637998673
97.4842767296 95.6179581256
97.4076983504 95.5808938456
97.3312401884 95.5525523699
97.2549019608 95.5324999270
97.1786833856 95.5201065680
97.1025841817 95.5148157868
97.0266040689 95.5163631636
96.9507427678 95.5248971845
96.8750000000 95.5408569726
96.7993754879 95.5646515607
96.7238689548 95.5962808058
96.6484801247 95.6350162618
96.5732087227 95.6793138545
96.4980544747 95.7269211193
96.4230171073 95.7752224868
96.3480963481 95.8216922530
96.2732919255 95.8643644307
96.1986035687 95.9020801325
96.1240310078 95.9343893746
96.0495739737 95.9611880415
95.9752321981 95.9822798394
95.9010054138 95.9970839409
95.8268933539 96.0045828510
95.7528957529 96.0035566464
95.6790123457 95.9928895761
95.6052428682 95.9719277708
95.5315870570 95.9407756827
95.4580446497 95.9005499110
95.3846153846 95.8535154914
95.3112990008 95.8030701938
95.2380952381 95.7534871414
95.1650038373 95.7094140252
95.0920245399 95.6751443009
95.0191570881 95.6538661254
94.9464012251 95.6469772746
94.8737566947 95.6537896386
94.8012232416 95.6717092438
94.7288006112 95.6968744962
94.6564885496 95.7251249154
94.5842868040 95.7529156555
94.5121951220 95.7779192150
94.4402132521 95.7991039732
94.3683409437 95.8164362669
94.2965779468 95.8303183551
94.2249240122 95.8410971954
94.1533788914 95.8488245633
94.0819423369 95.8532709812
94.0106141016 95.8541194928
93.9393939394 95.8511019598
93.8682816048 95.8440591044
93.7972768533 95.8328358044
93.7263794407 95.8172482823
93.6555891239 95.7971204377
93.5849056604 95.7724881928
93.5143288084 95.7439044847
93.4438583271 95.7127482435
93.3734939759 95.6813523530
93.3032355154 95.6529339379
93.2330827068 95.6312888028
93.1630353118 95.6202578024
93.0930930931 95.6231866663
93.0232558140 95.6423921764
92.9535232384 95.6788621395
92.8838951311 95.7321628804
92.8143712575 95.8006208018
92.7449513837 95.8815820126
92.6756352765 95.9717635672
92.6064227035 96.0677114973
92.5373134328 96.1662117173
92.4683072334 96.2647154536
92.3994038748 96.3615470763
92.3306031273 96.4558948289
92.2619047619 96.5476266596
92.1933085502 96.6369571803
92.1248142645 96.7242190619
92.0564216778 96.8097161790
91.9881305638 96.8936026290
91.9199406968 96.9757924682
91.8518518519 97.0558437146
91.7838638046 97.1328817790
91.7159763314 97.2056491681
91.6481892092 97.2727118834
91.5805022157 97.3326666086
91.5129151292 97.3843263992
91.4454277286 97.4268389959
91.3780397937 97.4597130654
91.3107511046 97.4827647378
91.2435614422 97.4960562511
91.1764705882 97.4997450166
91.1094783248 97.4939237343
91.0425844347 97.4785288240
90.9757887014 97.4533405030
90.9090909091 97.4181428482
90.8424908425 97.3729658211
90.7759882870 97.3183709364
90.7095830285 97.2556914798
90.6432748538 97.1871517911
90.5770635500 97.1158275306
90.5109489051 97.0453497338
90.4449307075 96.9794419527
90.3790087464 96.9213173841
90.3131828114 96.8731159315
90.2474526929 96.8356258730
90.1818181818 96.8083080313
90.1162790698 96.7896487915
90.0508351489 96.7776784858
89.9854862119 96.7704575869
89.9202320522 96.7663642912
89.8550724638 96.7641840843
89.7900072411 96.7629846997
89.7250361795 96.7618343344
89.6601590745 96.7595106953
89.5953757225 96.7543464269
89.5306859206 96.7441670061
89.4660894661 96.7264684118
89.4015861572 96.6987348052
89.3371757925 96.6588127684
89.2728581713 96.6052834975
89.2086330935 96.5377557065
89.1445003595 96.4570477979
89.0804597701 96.3653271043
89.0165111271 96.2661842752
88.9526542324 96.1647014185
88.8888888889 96.0673003893
88.8252148997 95.9813250352
88.7616320687 95.9141422457
88.6981402003 95.8718848764
88.6347390994 95.8581745892
88.5714285714 95.8732774434
88.5082084226 95.9139940397
88.4450784593 95.9744348791
88.3820384890 96.0472881744
88.3190883191 96.1251440225
88.2562277580 96.2015343704
88.1934566145 96.2714468221
88.1307746979 96.3314769381
88.0681818182 96.3796534434
88.0056777857 96.4151877948
87.9432624113 96.4381957913
87.8809355067 96.4494913062
87.8186968839 96.4503657792
87.7565463553 96.4424403432
87.6944837341 96.4275205222
87.6325088339 96.4074784273
87.5706214689 96.3842065733
87.5088214538 96.3596580066
87.4471086037 96.3358562410
87.3854827343 96.3148740618
87.3239436620 96.2986171500
87.2624912034 96.2885486661
87.2011251758 96.2854243622
87.1398453970 96.2891801029
87.0786516854 96.2989953486
87.0175438596 96.3134994011
86.9565217391 96.3310388307
86.8955851437 96.3498712330
86.8347338936 96.3683568419
86.7739678097 96.3850561570
86.7132867133 96.3989345041
86.6526904263 96.4094695315
86.5921787709 96.4166914780
86.5317515701 96.4210940772
86.4714086471 96.4234655803
86.4111498258 96.4246148811
86.3509749304 96.4251679800
86.2908837857 96.4254036945
86.2308762170 96.4252442270
86.1709520500 96.4243380009
86.1111111111 96.4221875177
86.0513532269 96.4183296925
85.9916782247 96.4123370777
85.9320859321 96.4038200304
85.8725761773 96.3923394382
85.8131487889 96.3773335970
85.7538035961 96.3580721086
85.6945404285 96.3336969890
85.6353591160 96.3033903437
85.5762594893 96.2666747169
85.5172413793 96.2238385974
85.4583046175 96.1762199343
85.3994490358 96.1262868321
85.3406744666 96.0773384106
85.2819807428 96.0329178809
85.2233676976 95.9961871344
85.1648351648 95.9694255858
85.1063829787 95.9538309554
85.0480109739 95.9495130119
84.9897189856 95.9556945550
84.9315068493 95.9708738789
84.8733744011 95.9930100610
84.8153214774 96.0197875905
84.7573479152 96.0488998222
84.6994535519 96.0784352446
84.6416382253 96.1071111439
84.5839017735 96.1343290661
84.5262440354 96.1599847036
84.4686648501 96.1841143161
84.4111640572 96.2065983189
84.3537414966 96.2270368944
84.2963970088 96.2448140923
84.2391304348 96.2592426184
84.1819416158 96.2696882496
84.1248303935 96.2756502138
84.0677966102 96.2767635490
84.0108401084 96.2728189915
83.9539607312 96.2638186438
83.8971583221 96.2500953440
83.8404327248 96.2324247241
83.7837837838 96.2120934081
83.7272113437 96.1908144268
83.6707152497 96.1705768491
83.6142953473 96.1533799920
83.5579514825 96.1410048790
83.5016835017 96.1348591616
83.4454912517 96.1358767570
83.3893745797 96.1443964508
83.3333333333 96.1599683116
83.2773673606 96.1811983081
83.2214765101 96.2058174010
83.1656606304 96.2310114319
83.1099195710 96.2539885754
83.0542531815 96.2725343996
82.9986613119 96.2853960871
82.9431438127 96.2923486116
82.8877005348 96.2940682191
82.8323313293 96.2917990103
82.7770360481 96.2870632994
82.7218145430 96.2813789949
82.6666666667 96.2761355778
82.6115922718 96.2725108753
82.5565912117 96.2714586396
82.5016633400 96.2736824231
82.4468085106 96.2795936571
82.3920265781 96.2892840511
82.3373173971 96.3024758354
82.2826808228 96.3186291126
82.2281167109 96.3370645717
82.1736249172 96.3570954968
82.1192052980 96.3781153321
82.0648577101 96.3995786764
82.0105820106 96.4209668123
81.9563780568 96.4418275530
81.9022457067 96.4618068124
81.8481848185 96.4807269991
81.7941952507 96.4985441890
81.7402768622 96.5152791423
81.6864295125 96.5308747308
81.6326530612 96.5450505327
81.5789473684 96.5572369060
81.5253122945 96.5666457373
81.4717477004 96.5724834648
81.4182534471 96.5741827162
81.3648293963 96.5716182442
81.3114754098 96.5651023953
81.2581913499 96.5553697975
81.2049770792 96.5433997861
81.1518324607 96.5303609850
81.0987573578 96.5174678793
81.0457516340 96.5058732174
80.9928151535 96.4965022119
80.9399477807 96.4899368087
80.8871493803 96.4863555053
80.8344198175 96.4855192178
80.7817589577 96.4868552568
80.7291666667 96.4894446821
80.6766428107 96.4921007872
80.6241872562 96.4934183692
80.5717998700 96.4919361803
80.5194805195 96.4863240463
80.4672290720 96.4755922281
80.4150453956 96.4592524543
80.3629293584 96.4373906244
80.3108808290 96.4106141723
80.2588996764 96.3800741303
80.2069857697 96.3474462978
80.1551389787 96.3149851517
80.1033591731 96.2855456749
80.0516462234 96.2623538115
80.0000000000 96.2485274260
79.9484203740 96.2464379866
79.8969072165 96.2570246787
79.8454603992 96.2794177149
79.7940797941 96.3109406715
79.7427652733 96.3475651273
79.6915167095 96.3846184937
79.6403339756 96.4176095469
79.5892169448 96.4428712431
79.5381654907 96.4579957633
79.4871794872 96.4620458070
79.4362588085 96.4555796436
79.3854033291 96.4405712737
79.3346129239 96.4201785457
79.2838874680 96.3983247588
79.2332268371 96.3790927209
79.1826309068 96.3660093468
79.1320995533 96.3614178507
79.0816326531 96.3662158303
79.0312300829 96.3799736784
78.9808917197 96.4014247175
78.9306174411 96.4290535220
78.8804071247 96.4615260550
78.8302606484 96.4978937684
78.7801778907 96.5374958788
78.7301587302 96.5797161788
78.6802030457 96.6237258594
78.6303107166 96.6683557185
78.5804816223 96.7120343609
78.5307156428 96.7529676916
78.4810126582 96.7893232124
78.4313725490 96.8194304818
78.3817951960 96.8419191458
78.3322804801 96.8558009026
78.2828282828 96.8605440130
78.2334384858 96.8561437475
78.1841109710 96.8431472203
78.1348456207 96.8227333840
78.0856423174 96.7966776744
78.0365009440 96.7672914373
77.9874213836 96.7372906879
77.9384035198 96.7094549273
77.8894472362 96.6862948196
77.8405524168 96.6696636982
77.7917189460 96.6605191385
77.7429467085 96.6588979829
77.6942355890 96.6640670924
77.6455854728 96.6748216508
77.5969962453 96.6898687455
77.5484677924 96.7081146380
77.5000000000 96.7289081193
77.4515927545 96.7521026436
77.4032459426 96.7779801525
77.3549594510 96.8069814744
77.3067331671 96.8394268195
77.2585669782 96.8751426240
77.2104607721 96.9133098426
77.1624144368 96.9523749114
77.1144278607 96.9902220356
77.0665009323 97.0244315462
77.0186335404 97.0526819720
76.9708255742 97.0731328760
76.9230769231 97.0847321505
76.8753874768 97.0874165833
76.8277571252 97.0820876138
76.7801857585 97.0704125809
76.7326732673 97.0544837799
76.6852195424 97.0364006525
76.6378244747 97.0179519373
76.5904879555 97.0003503845
76.5432098765 96.9841799824
76.4959901295 96.9695420189
76.4488286067 96.9563187544
76.4017252002 96.9445201985
76.3546798030 96.9345915770
76.3076923077 96.9274670497
76.2607626076 96.9244251081
76.2138905962 96.9267306580
76.1670761671 96.9352216848
76.1203192142 96.9499874564
76.0736196319 96.9702722184
76.0269773145 96.9946391972
75.9803921569 97.0212754861
75.9338640539 97.0483547294
75.8873929009 97.0743456824
75.8409785933 97.0981023249
75.7946210269 97.1189001682
75.7483200977 97.1362863458
75.7020757021 97.1499594079
75.6558877364 97.1596626578
75.6097560976 97.1651817843
75.5636806825 97.1664829708
75.5176613886 97.1638490879
75.4716981132 97.1580291570
75.4257907543 97.1502162538
75.3799392097 97.1419255689
75.3341433779 97.1347618994
75.2884031573 97.1301121478
75.2427184466 97.1289072219
75.1970891449 97.1314748376
75.1515151515 97.1374815128
75.1059963658 97.1460639863
75.0605326877 97.1560136029
75.0151240169 97.1660153385
74.9697702539 97.1748834803
74.9244712991 97.1817342371
74.8792270531 97.1861494683
74.8340374170 97.1881662919
74.7889022919 97.1882443526
74.7438215793 97.1871068699
74.6987951807 97.1854828025
74.6538229982 97.1839123436
74.6089049338 97.1826169492
74.5640408900 97.1815323410
74.5192307692 97.1804790880
74.4744744745 97.1794329367
74.4297719088 97.1787444612
74.3851229754 97.1792420350
74.3405275779 97.1821893398
74.2959856201 97.1890922220
74.2514970060 97.2014932698
74.2070616397 97.2207392752
74.1626794258 97.2477868049
74.1183502690 97.2830678576
74.0740740741 97.3263229941
74.0298507463 97.3765503002
73.9856801909 97.4320151075
73.9415623137 97.4904303882
73.8974970203 97.5491885751
73.8534842168 97.6056160557
73.8095238095 97.6572167991
73.7656157049 97.7018349635
73.7217598098 97.7378127290
73.6779560309 97.7640583111
73.6342042755 97.7801425107
73.5905044510 97.7863299813
73.5468564650 97.7835752476
73.5032602253 97.7734239480
73.4597156398 97.7578418312
73.4162226169 97.7389595201
73.3727810651 97.7188431081
73.3293908930 97.6993507798
73.2860520095 97.6820994560
73.2427643237 97.6685386056
73.1995277450 97.6599694556
73.1563421829 97.6574782346
73.1132075472 97.6617729430
73.0701237478 97.6730404016
73.0270906949 97.6909052513
72.9841082990 97.7145558329
72.9411764706 97.7428394586
72.8982951205 97.7743584499
72.8554641598 97.8075248789
72.8126834997 97.8405636188
72.7699530516 97.8716779432
72.7272727273 97.8992137984
72.6846424385 97.9219044229
72.6420620972 97.9390424517
72.5995316159 97.9505133300
72.5570509070 97.9567501679
72.5146198830 97.9585632727
72.4722384570 97.9569654302
72.4299065421 97.9529290963
72.3876240514 97.9472775744
72.3453908985 97.9405621446
72.3032069971 97.9330933148
72.2610722611 97.9249902926
72.2189866045 97.9163147022
72.1769499418 97.9071939517
72.1349621873 97.8979587865
72.0930232558 97.8892642594
72.0511330622 97.8821714614
72.0092915215 97.8781069832
71.9674985490 97.8786855111
71.9257540603 97.8855066448
71.8840579710 97.8998183843
71.8424101970 97.9222177596
71.8008106543 97.9524575767
71.7592592593 97.9893016570
71.7177559283 98.0306742839
71.6763005780 98.0739617383
71.6348931254 98.1163994505
71.5935334873 98.1554736063
71.5522215811 98.1891634937
71.5109573241 98.2160907112
71.4697406340 98.2354947131
71.4285714286 98.2472232368
71.3874496258 98.2515653294
71.3463751438 98.2491686342
71.3053479011 98.2408903523
71.2643678161 98.2277344986
71.2234348076 98.2108509016
71.1825487945 98.1915760906
71.1417096959 98.1714593775
71.1009174312 98.1522229267
71.0601719198 98.1356089978
71.0194730813 98.1230976838
70.9788208357 98.1156754524
70.9382151030 98.1136600744
70.8976558033 98.1166914781
70.8571428571 98.1240063599
70.8166761850 98.1347313843
70.7762557078 98.1482240587
70.7358813463 98.1641760421
70.6955530217 98.1825244792
70.6552706553 98.2032246473
70.6150341686 98.2260061817
70.5748434832 98.2502573311
70.5346985210 98.2750543292
70.4945992041 98.2993085822
70.4545454545 98.3220085672
70.4145371948 98.3423931901
70.3745743473 98.3600857351
70.3346568349 98.3750760956
70.2947845805 98.3876645017
70.2549575071 98.3982804135
70.2151755379 98.4073596870
70.1754385965 98.4153118085
70.1357466063 98.4225181214
70.0960994912 98.4294112196
70.0564971751 98.4364761891
70.0169395822 98.4442407195
69.9774266366 98.4531713594
69.9379582628 98.4635510692
69.8985343856 98.4753218199
69.8591549296 98.4880239700
69.8198198198 98.5007962280
69.7805289814 98.5125545385
69.7412823397 98.5222303633
69.7020798201 98.5290267875
69.6629213483 98.5326086957
69.6238068501 98.5331658679
69.5847362514 98.5313825592
69.5457094784 98.5283121897
69.5067264574 98.5251704469
69.4677871148 98.5231300172
69.4288913774 98.5231096055
69.3900391718 98.5256264572
69.3512304251 98.5307101133
69.3124650643 98.5379217225
69.2737430168 98.5465158320
69.2350642099 98.5556060061
69.1964285714 98.5643646475
69.1578360290 98.5720686235
69.1192865106 98.5781398937
69.0807799443 98.5821160843
69.0423162584 98.5835999192
69.0038953812 98.5823220591
68.9655172414 98.5782104699
68.9271817676 98.5714864679
68.8888888889 98.5626618494
68.8506385341 98.5525045287
68.8124306326 98.5418896656
68.7742651137 98.5316998011
68.7361419069 98.5227289268
68.6980609418 98.5156689745
68.6600221484 98.5111276942
68.6220254566 98.5096095268
68.5840707965 98.5115475486
68.5461580984 98.5172401047
68.5082872928 98.5268324519
68.4704583103 98.5402645746
68.4326710817 98.5572253888
68.3949255378 98.5771366087
68.3572216097 98.5992373228
68.3195592287 98.6226457639
68.2819383260 98.6464334391
68.2443588332 98.6697023003
68.2068206821 98.6915720213
68.1693238043 98.7112246444
68.1318681319 98.7279436693
68.0944535969 98.7411914483
68.0570801317 98.7506369302
68.0197476687 98.7562027910
67.9824561404 98.7580240431
67.9452054795 98.7563991668
67.9079956188 98.7517073562
67.8708264915 98.7443454486
67.8336980306 98.7346557006
67.7966101695 98.7229376919
67.7595628415 98.7094783972
67.7225559803 98.6946096712
67.6855895197 98.6787156199
67.6486633933 98.6622524728
67.6117775354 98.6456591882
67.5749318801 98.6293890276
67.5381263617 98.6138831572
67.5013609145 98.5996666809
67.4646354733 98.5874016243
67.4279499728 98.5778071548
67.3913043478 98.5715593299
67.3546985334 98.5690672624
67.3181324647 98.5702968522
67.2816060770 98.5747518991
67.2451193059 98.5815316722
67.2086720867 98.5895965676
67.1722643554 98.5979269868
67.1358960476 98.6057385075
67.0995670996 98.6125372613
67.0632774473 98.6180596246
67.0270270270 98.6222359045
66.9908157753 98.6250377211
66.9546436285 98.6264506730
66.9185105235 98.6264415134
66.8824163970 98.6249378493
66.8463611860 98.6219171521
66.8103448276 98.6174333526
66.7743672590 98.6116756168
66.7384284177 98.6049634529
66.7025282410 98.5977676087
66.6666666667 98.5906140406
66.6308436325 98.5840904726
66.5950590763 98.5787564109
66.5593129361 98.5751424050
66.5236051502 98.5737311257
66.4879356568 98.5748863307
66.4523043944 98.5788182064
66.4167113016 98.5855438673
66.3811563169 98.5949490043
66.3456393793 98.6068779045
66.3101604278 98.6211734232
66.2747194014 98.6377500896
66.2393162393 98.6564589666
66.2039508809 98.6770668246
66.1686232657 98.6991757651
66.1333333333 98.7222672404
66.0980810235 98.7457450584
66.0628662760 98.7690533732
66.0276890309 98.7916711583
65.9925492283 98.8131924283
65.9574468085 98.8332294497
65.9223817119 98.8514129252
65.8873538789 98.8672997094
65.8523632501 98.8803900981
65.8174097665 98.8901802438
65.7824933687 98.8962657528
65.7476139979 98.8984557929
65.7127715951 98.8968743619
65.6779661017 98.8920104161
65.6431974590 98.8846813722
65.6084656085 98.8759437635
65.5737704918 98.8669755475
65.5391120507 98.8589054049
65.5044902272 98.8526589556
65.4699049630 98.8488452286
65.4353562005 98.8476794425
65.4008438819 98.8489597289
65.3663679494 98.8521541362
65.3319283456 98.8565637398
65.2975250132 98.8615325236
65.2631578947 98.8666555901
65.2288269332 98.8718765015
65.1945320715 98.8774992475
65.1602732528 98.8840998458
65.1260504202 98.8922834838
65.0918635171 98.9025049079
65.0577124869 98.9148449445
65.0235972732 98.9289786865
64.9895178197 98.9442219831
64.9554740702 98.9597017532
64.9214659686 98.9745411798
64.8874934589 98.9880216113
64.8535564854 98.9996664025
64.8196549922 99.0092646039
64.7857889237 99.0168067892
64.7519582245 99.0224525099
64.7181628392 99.0264853028
64.6844027126 99.0292991331
64.6506777894 99.0313460876
64.6169880146 99.0330900716
64.5833333333 99.0348789990
64.5497136908 99.0368688020
64.5161290323 99.0389873147
64.4825793032 99.0409380377
64.4490644491 99.0423123020
64.4155844156 99.0426835869
64.3821391485 99.0416747090
64.3487285937 99.0390475174
64.3153526971 99.0346772480
64.2820114049 99.0285467288
64.2487046632 99.0207538771
64.2154324184 99.0114983899
64.1821946170 99.0011018806
64.1489912054 98.9900774750
64.1158221303 98.9790768472
64.0826873385 98.9688725110
64.0495867769 98.9602095111
64.0165203924 98.9536913816
63.9834881321 98.9495744541
63.9504899433 98.9477304768
63.9175257732 98.9476218103
63.8845955693 98.9484458557
63.8516992791 98.9493021403
63.8188368502 98.9494107401
63.7860082305 98.9482227294
63.7532133676 98.9454711315
63.7204522097 98.9412080975
63.6877247047 98.9356986056
63.6550308008 98.9294214879
63.6223704464 98.9230095455
63.5897435897 98.9171623121
63.5571501794 98.9126255379
63.5245901639 98.9100625919
63.4920634921 98.9099723102
63.4595701126 98.9125977082
63.4271099744 98.9178895133
63.3946830266 98.9255575089
63.3622892182 98.9351367086
63.3299284985 98.9461227408
63.2976008167 98.9580274749
63.2653061224 98.9704142615
63.2330443651 98.9828984523
63.2008154944 98.9951205280
63.1686194600 99.0067594088
63.1364562118 99.0175805806
63.1043256997 99.0274915604
63.0722278739 99.0365927875
63.0401626843 99.0451725509
63.0081300813 99.0536205316
62.9761300152 99.0623244587
62.9441624365 99.0715388120
62.9122272958 99.0813264344
62.8803245436 99.0915775689
62.8484541308 99.1020623226
62.8166160081 99.1125072298
62.7848101266 99.1226426251
62.7530364372 99.1321769494
62.7212948912 99.1408513427
62.6895854398 99.1483912821
62.6579080344 99.1545275362
62.6262626263 99.1590030720
62.5946491671 99.1616351587
62.5630676085 99.1622885194
62.5315179022 99.1609454036
62.5000000000 99.1576851660
62.4685138539 99.1527274732
62.4370594159 99.1463562277
62.4056366381 99.1389826304
62.3742454728 99.1310481974
62.3428858723 99.1230460087
62.3115577889 99.1154783130
62.2802611753 99.1088505886
62.2489959839 99.1036150527
62.2177621676 99.1002058031
62.1865596790 99.0989548807
62.1553884712 99.1001060149
62.1242484970 99.1037724530
62.0931397096 99.1098730900
62.0620620621 99.1181514732
62.0310155078 99.1280970997
62.0000000000 99.1390618945
