0.0100000000 1.5788151656
0.0200000000 6.0297309748
0.0300000000 12.6162076613
0.0400000000 20.4250424550
0.0500000000 28.6260126630
0.0600000000 36.6111712241
0.0700000000 44.0142133728
0.0800000000 50.6632737576
0.0900000000 56.5167404821
0.1000000000 61.6082098580
0.1100000000 66.0079562171
0.1200000000 69.7992352016
0.1300000000 73.0651948434
0.1400000000 75.8824867215
0.1500000000 78.3187569312
0.1600000000 80.4322152051
0.1700000000 82.2722156917
0.1800000000 83.8802548803
0.1900000000 85.2910736860
0.2000000000 86.5337116730
0.2100000000 87.6324485670
0.2200000000 88.6076144510
0.2300000000 89.4762712813
0.2400000000 90.2527789421
0.2500000000 90.9492622771
0.2600000000 91.5759936344
0.2700000000 92.1417069161
0.2800000000 92.6538547907
0.2900000000 93.1188193951
0.3000000000 93.5420857526
0.3100000000 93.9283843518
0.3200000000 94.2818089406
0.3300000000 94.6059141258
0.3400000000 94.9037963750
0.3500000000 95.1781614771
0.3600000000 95.4313815198
0.3700000000 95.6655414869
0.3800000000 95.8824797105
0.3900000000 96.0838213556
0.4000000000 96.2710069454
0.4100000000 96.4453165581
0.4200000000 96.6078909423
0.4300000000 96.7597483807
0.4400000000 96.9018004452
0.4500000000 97.0348646903
0.4600000000 97.1596764795
0.4700000000 97.2768978355
0.4800000000 97.3871262802
0.4900000000 97.4909026633
0.5000000000 97.5887165688
0.5100000000 97.6810123405
0.5200000000 97.7681944545
0.5300000000 97.8506307426
0.5400000000 97.9286573373
0.5500000000 98.0025809155
0.5600000000 98.0726820774
0.5700000000 98.1392185418
0.5800000000 98.2024260731
0.5900000000 98.2625221191
0.6000000000 98.3197060343
0.6100000000 98.3741620877
0.6200000000 98.4260602764
0.6300000000 98.4755570942
0.6400000000 98.5227980546
0.6500000000 98.5679170854
0.6600000000 98.6110389528
0.6700000000 98.6522792003
0.6800000000 98.6917454920
0.6900000000 98.7295372028
0.7000000000 98.7657475105
0.7100000000 98.8004630439
0.7200000000 98.8337648728
0.7300000000 98.8657279186
0.7400000000 98.8964228977
0.7500000000 98.9259157574
0.7600000000 98.9542681695
0.7700000000 98.9815380052
0.7800000000 99.0077794364
0.7900000000 99.0330433387
0.8000000000 99.0573774765
0.8100000000 99.0808267676
0.8200000000 99.1034334054
0.8300000000 99.1252371652
0.8400000000 99.1462754827
0.8500000000 99.1665833071
0.8600000000 99.1861945562
0.8700000000 99.2051403352
0.8800000000 99.2234503010
0.8900000000 99.2411521499
0.9000000000 99.2582730682
0.9100000000 99.2748377969
0.9200000000 99.2908697706
0.9300000000 99.3063921386
0.9400000000 99.3214255399
0.9500000000 99.3359908860
0.9600000000 99.3501066709
0.9700000000 99.3637918222
0.9800000000 99.3770629368
0.9900000000 99.3899368243
1.0000000000 99.4024294562
1.0100000000 99.4145550159
1.0200000000 99.4263280270
1.0300000000 99.4377619725
1.0400000000 99.4488696562
1.0500000000 99.4596633822
1.0600000000 99.4701551835
1.0700000000 99.4803554400
1.0800000000 99.4902751789
1.0900000000 99.4999241578
1.1000000000 99.5093128164
1.1100000000 99.5184501001
1.1200000000 99.5273447953
1.1300000000 99.5360054259
1.1400000000 99.5444400970
1.1500000000 99.5526561263
1.1600000000 99.5606617744
1.1700000000 99.5684633742
1.1800000000 99.5760685099
1.1900000000 99.5834833324
1.2000000000 99.5907136769
1.2100000000 99.5977659824
1.2200000000 99.6046464562
1.2300000000 99.6113597631
1.2400000000 99.6179116343
1.2500000000 99.6243072035
1.2600000000 99.6305518129
1.2700000000 99.6366492599
1.2800000000 99.6426045738
1.2900000000 99.6484220556
1.3000000000 99.6541059522
1.3100000000 99.6596602605
1.3200000000 99.6650884170
1.3300000000 99.6703950941
1.3400000000 99.6755834138
1.3500000000 99.6806568452
1.3600000000 99.6856182581
1.3700000000 99.6904718315
1.3800000000 99.6952197231
1.3900000000 99.6998658606
1.4000000000 99.7044121928
1.4100000000 99.7088620145
1.4200000000 99.7132184596
1.4300000000 99.7174831451
1.4400000000 99.7216591077
1.4500000000 99.7257487544
1.4600000000 99.7297544363
1.4700000000 99.7336783924
1.4800000000 99.7375227997
1.4900000000 99.7412898239
1.5000000000 99.7449809268
1.5100000000 99.7485991649
1.5200000000 99.7521459406
1.5300000000 99.7556225405
1.5400000000 99.7590318173
1.5500000000 99.7623744636
1.5600000000 99.7656532119
1.5700000000 99.7688686018
1.5800000000 99.7720227864
1.5900000000 99.7751172310
1.6000000000 99.7781534448
1.6100000000 99.7811328731
1.6200000000 99.7840568958
1.6300000000 99.7869268522
1.6400000000 99.7897440399
1.6500000000 99.7925091565
1.6600000000 99.7952245740
1.6700000000 99.7978903662
1.6800000000 99.8005088001
1.6900000000 99.8030798662
1.7000000000 99.8056052005
1.7100000000 99.8080859043
1.7200000000 99.8105235825
1.7300000000 99.8129180468
1.7400000000 99.8152702310
1.7500000000 99.8175823310
1.7600000000 99.8198546234
1.7700000000 99.8220879936
1.7800000000 99.8242827197
1.7900000000 99.8264408547
1.8000000000 99.8285619813
1.8100000000 99.8306475153
1.8200000000 99.8326982363
1.8300000000 99.8347155375
1.8400000000 99.8366988404
1.8500000000 99.8386488897
1.8600000000 99.8405676582
1.8700000000 99.8424551798
1.8800000000 99.8443114374
1.8900000000 99.8461383945
1.9000000000 99.8479353697
1.9100000000 99.8497042916
1.9200000000 99.8514443886
1.9300000000 99.8531569220
1.9400000000 99.8548424423
1.9500000000 99.8565015382
1.9600000000 99.8581340134
1.9700000000 99.8597417600
1.9800000000 99.8613239338
1.9900000000 99.8628824118
2.0000000000 99.8644162535
2.0100000000 99.8659266342
2.0200000000 99.8674140126
2.0300000000 99.8688788570
2.0400000000 99.8703215936
2.0500000000 99.8717419066
2.0600000000 99.8731416872
2.0700000000 99.8745198566
2.0800000000 99.8758782857
2.0900000000 99.8772158719
2.1000000000 99.8785337729
2.1100000000 99.8798323188
2.1200000000 99.8811111224
2.1300000000 99.8823720510
2.1400000000 99.8836139262
2.1500000000 99.8848385919
2.1600000000 99.8860448942
2.1700000000 99.8872338342
2.1800000000 99.8884058138
2.1900000000 99.8895602881
2.2000000000 99.8906991415
2.2100000000 99.8918211122
2.2200000000 99.8929280589
2.2300000000 99.8940186405
2.2400000000 99.8950939725
2.2500000000 99.8961534701
2.2600000000 99.8971990154
2.2700000000 99.8982292833
2.2800000000 99.8992460785
2.2900000000 99.9002480958
2.3000000000 99.9012363232
2.3100000000 99.9022102068
2.3200000000 99.9031715715
2.3300000000 99.9041190496
2.3400000000 99.9050536595
2.3500000000 99.9059756053
2.3600000000 99.9068851198
2.3700000000 99.9077823893
2.3800000000 99.9086667608
2.3900000000 99.9095392879
2.4000000000 99.9104001669
2.4100000000 99.9112495724
2.4200000000 99.9120868497
2.4300000000 99.9129138652
2.4400000000 99.9137290849
2.4500000000 99.9145335767
2.4600000000 99.9153265843
2.4700000000 99.9161100629
2.4800000000 99.9168823867
2.4900000000 99.9176446235
2.5000000000 99.9183968989
2.5100000000 99.9191385005
2.5200000000 99.9198704648
2.5300000000 99.9205929242
2.5400000000 99.9213060133
2.5500000000 99.9220099175
2.5600000000 99.9227038446
2.5700000000 99.9233888107
2.5800000000 99.9240640690
2.5900000000 99.9247315398
2.6000000000 99.9253895626
2.6100000000 99.9260382267
2.6200000000 99.9266795275
2.6300000000 99.9273116918
2.6400000000 99.9279357976
2.6500000000 99.9285510127
2.6600000000 99.9291583774
2.6700000000 99.9297580256
2.6800000000 99.9303490953
2.6900000000 99.9309326658
2.7000000000 99.9315088036
2.7100000000 99.9320776484
2.7200000000 99.9326383297
2.7300000000 99.9331909553
2.7400000000 99.9337365336
2.7500000000 99.9342752093
2.7600000000 99.9348070570
2.7700000000 99.9353302135
2.7800000000 99.9358477132
2.7900000000 99.9363576914
2.8000000000 99.9368611853
2.8100000000 99.9373572797
2.8200000000 99.9378460927
2.8300000000 99.9383297015
2.8400000000 99.9388051345
2.8500000000 99.9392745215
2.8600000000 99.9397379012
2.8700000000 99.9401943897
2.8800000000 99.9406439937
2.8900000000 99.9410878380
2.9000000000 99.9415259883
2.9100000000 99.9419564722
2.9200000000 99.9423813819
2.9300000000 99.9427997705
2.9400000000 99.9432127152
2.9500000000 99.9436192865
2.9600000000 99.9440194980
2.9700000000 99.9444144859
2.9800000000 99.9448021640
2.9900000000 99.9451847486
3.0000000000 99.9455612041
3.0100000000 99.9459316163
3.0200000000 99.9462970511
3.0300000000 99.9466554813
3.0400000000 99.9470079704
3.0500000000 99.9473546067
3.0600000000 99.9476965180
3.0700000000 99.9480315603
3.0800000000 99.9483608591
3.0900000000 99.9486845044
3.1000000000 99.9490013982
3.1100000000 99.9493126780
3.1200000000 99.9496184128
3.1300000000 99.9499186272
3.1400000000 99.9502122557
3.1500000000 99.9504993132
3.1600000000 99.9507809575
3.1700000000 99.9510561135
3.1800000000 99.9513247977
3.1900000000 99.9515870486
3.2000000000 99.9518428614
3.2100000000 99.9520922976
3.2200000000 99.9523353750
3.2300000000 99.9525709669
3.2400000000 99.9528002297
3.2500000000 99.9530220522
3.2600000000 99.9532364429
3.2700000000 99.9534434105
3.2800000000 99.9536417802
3.2900000000 99.9538327600
3.3000000000 99.9540151685
3.3100000000 99.9541890050
3.3200000000 99.9543542905
3.3300000000 99.9545098017
3.3400000000 99.9546555708
3.3500000000 99.9547904000
3.3600000000 99.9549142257
3.3700000000 99.9550258541
3.3800000000 99.9551252541
3.3900000000 99.9552123736
3.4000000000 99.9552847928
3.4100000000 99.9553412297
3.4200000000 99.9553804309
3.4300000000 99.9554022812
3.4400000000 99.9554054887
3.4500000000 99.9553863223
3.4600000000 99.9553433987
3.4700000000 99.9552741323
3.4800000000 99.9551758887
3.4900000000 99.9550460051
3.5000000000 99.9548805710
3.5100000000 99.9546743478
3.5200000000 99.9544245157
3.5300000000 99.9541232428
3.5400000000 99.9537663567
3.5500000000 99.9533470859
3.5600000000 99.9528560657
3.5700000000 99.9522888141
3.5800000000 99.9516357336
3.5900000000 99.9508921388
3.6000000000 99.9500545214
3.6100000000 99.9491231466
3.6200000000 99.9481046338
3.6300000000 99.9470159841
3.6400000000 99.9458860113
3.6500000000 99.9447582456
3.6600000000 99.9436833620
3.6700000000 99.9427220448
3.6800000000 99.9419294765
3.6900000000 99.9413407639
3.7000000000 99.9409679720
3.7100000000 99.9407916422
3.7200000000 99.9407681030
3.7300000000 99.9408343622
3.7400000000 99.9409277044
3.7500000000 99.9409857127
3.7600000000 99.9409557730
3.7700000000 99.9407979290
3.7800000000 99.9404864985
3.7900000000 99.9400022106
3.8000000000 99.9393391430
3.8100000000 99.9384967972
3.8200000000 99.9374814841
3.8300000000 99.9362969301
3.8400000000 99.9349523492
3.8500000000 99.9334597475
3.8600000000 99.9318407604
3.8700000000 99.9301323173
3.8800000000 99.9283966238
3.8900000000 99.9267132606
3.9000000000 99.9251809933
3.9100000000 99.9238959418
3.9200000000 99.9229389503
3.9300000000 99.9223530236
3.9400000000 99.9221438270
3.9500000000 99.9222791012
3.9600000000 99.9227089578
3.9700000000 99.9233798797
3.9800000000 99.9242431834
3.9900000000 99.9252609438
4.0000000000 99.9263919995
4.0100000000 99.9275905300
4.0200000000 99.9287986656
4.0300000000 99.9299506842
4.0400000000 99.9309857023
4.0500000000 99.9318463689
4.0600000000 99.9324890303
4.0700000000 99.9328797080
4.0800000000 99.9329970644
4.0900000000 99.9328239911
4.1000000000 99.9323548056
4.1100000000 99.9315896894
4.1200000000 99.9305346550
4.1300000000 99.9292104490
4.1400000000 99.9276468426
4.1500000000 99.9258931294
4.1600000000 99.9240168929
4.1700000000 99.9220999640
4.1800000000 99.9202326308
4.1900000000 99.9184974588
4.2000000000 99.9169616908
4.2100000000 99.9156695116
4.2200000000 99.9146385785
4.2300000000 99.9138641691
4.2400000000 99.9133219536
4.2500000000 99.9129706143
4.2600000000 99.9127441872
4.2700000000 99.9125622072
4.2800000000 99.9123279400
4.2900000000 99.9119509924
4.3000000000 99.9113535191
4.3100000000 99.9104827168
4.3200000000 99.9093204078
4.3300000000 99.9078835430
4.3400000000 99.9062217335
4.3500000000 99.9044176439
4.3600000000 99.9025705654
4.3700000000 99.9007857908
4.3800000000 99.8991466426
4.3900000000 99.8977033197
4.4000000000 99.8964565597
4.4100000000 99.8953662685
4.4200000000 99.8943697015
4.4300000000 99.8934094336
4.4400000000 99.8924445341
4.4500000000 99.8914698546
4.4600000000 99.8905071660
4.4700000000 99.8895992549
4.4800000000 99.8887911094
4.4900000000 99.8881140457
4.5000000000 99.8875743035
4.5100000000 99.8871494071
4.5200000000 99.8867861327
4.5300000000 99.8864113042
4.5400000000 99.8859379605
4.5500000000 99.8852796243
4.5600000000 99.8843698071
4.5700000000 99.8831735614
4.5800000000 99.8817074277
4.5900000000 99.8800402467
4.6000000000 99.8782971624
4.6100000000 99.8766440739
4.6200000000 99.8752473244
4.6300000000 99.8742424715
4.6400000000 99.8737041457
4.6500000000 99.8736203499
4.6600000000 99.8739193191
4.6700000000 99.8744802461
4.6800000000 99.8751741304
4.6900000000 99.8758771565
4.7000000000 99.8764907940
4.7100000000 99.8769388596
4.7200000000 99.8771728508
4.7300000000 99.8771756921
4.7400000000 99.8769537698
4.7500000000 99.8765422606
4.7600000000 99.8759869502
4.7700000000 99.8753376253
4.7800000000 99.8746379575
4.7900000000 99.8739033044
4.8000000000 99.8731135460
4.8100000000 99.8722057089
4.8200000000 99.8710785330
4.8300000000 99.8696227808
4.8400000000 99.8677280288
4.8500000000 99.8653118981
4.8600000000 99.8623256919
4.8700000000 99.8587582339
4.8800000000 99.8546397975
4.8900000000 99.8500253075
4.9000000000 99.8449979717
4.9100000000 99.8396660798
4.9200000000 99.8341754699
4.9300000000 99.8287115848
4.9400000000 99.8235175465
4.9500000000 99.8188843443
4.9600000000 99.8151146677
4.9700000000 99.8124668387
4.9800000000 99.8110890324
4.9900000000 99.8109613419
5.0000000000 99.8118971304
5.0100000000 99.8135905089
5.0200000000 99.8156806409
5.0300000000 99.8178403045
5.0400000000 99.8198120947
5.0500000000 99.8214417252
5.0600000000 99.8226668244
5.0700000000 99.8234857337
5.0800000000 99.8239420309
5.0900000000 99.8240780669
5.1000000000 99.8239402836
5.1100000000 99.8235827467
5.1200000000 99.8230763075
5.1300000000 99.8225324054
5.1400000000 99.8220945011
5.1500000000 99.8219129653
5.1600000000 99.8221013243
5.1700000000 99.8227064822
5.1800000000 99.8236913218
5.1900000000 99.8249594718
5.2000000000 99.8263803686
5.2100000000 99.8278258531
5.2200000000 99.8291906405
5.2300000000 99.8303796729
5.2400000000 99.8313008877
5.2500000000 99.8318540560
5.2600000000 99.8319269598
5.2700000000 99.8314027064
5.2800000000 99.8301727715
5.2900000000 99.8281596160
5.3000000000 99.8253114078
5.3100000000 99.8216117203
5.3200000000 99.8170742259
5.3300000000 99.8117373528
5.3400000000 99.8056606863
5.3500000000 99.7989308139
5.3600000000 99.7916690982
5.3700000000 99.7840586047
5.3800000000 99.7763598743
5.3900000000 99.7689135979
5.4000000000 99.7621147197
5.4100000000 99.7563785186
5.4200000000 99.7520584727
5.4300000000 99.7494053508
5.4400000000 99.7485181128
5.4500000000 99.7493423670
5.4600000000 99.7516803446
5.4700000000 99.7552416479
5.4800000000 99.7596849066
5.4900000000 99.7646619461
5.5000000000 99.7698333219
5.5100000000 99.7748859912
5.5200000000 99.7795453745
5.5300000000 99.7835718653
5.5400000000 99.7867808771
5.5500000000 99.7890355630
5.5600000000 99.7902453703
5.5700000000 99.7903763629
5.5800000000 99.7894439010
5.5900000000 99.7875091010
5.6000000000 99.7846832523
5.6100000000 99.7811123444
5.6200000000 99.7769634418
5.6300000000 99.7723989553
5.6400000000 99.7675486203
5.6500000000 99.7624752132
5.6600000000 99.7571558939
5.6700000000 99.7514934637
5.6800000000 99.7453297640
5.6900000000 99.7384974699
5.7000000000 99.7308704112
5.7100000000 99.7224124067
5.7200000000 99.7132204862
5.7300000000 99.7035361079
5.7400000000 99.6937605021
5.7500000000 99.6844010951
5.7600000000 99.6760194630
5.7700000000 99.6691299393
5.7800000000 99.6641156282
5.7900000000 99.6611558523
5.8000000000 99.6601958088
5.8100000000 99.6609691465
5.8200000000 99.6630391904
5.8300000000 99.6658632277
5.8400000000 99.6688863647
5.8500000000 99.6716199302
5.8600000000 99.6737124884
5.8700000000 99.6749718716
5.8800000000 99.6753770090
5.8900000000 99.6750336672
5.9000000000 99.6741275898
5.9100000000 99.6728500123
5.9200000000 99.6713746723
5.9300000000 99.6698346213
5.9400000000 99.6683596103
5.9500000000 99.6670970509
5.9600000000 99.6662352711
5.9700000000 99.6659806302
5.9800000000 99.6665006580
5.9900000000 99.6678814456
6.0000000000 99.6701036916
6.0100000000 99.6730482166
6.0200000000 99.6765248727
6.0300000000 99.6803102679
6.0400000000 99.6841602783
6.0500000000 99.6878098895
6.0600000000 99.6909880463
6.0700000000 99.6934347954
6.0800000000 99.6949057483
6.0900000000 99.6951873120
6.1000000000 99.6941056330
6.1100000000 99.6915096990
6.1200000000 99.6872759224
6.1300000000 99.6813084109
6.1400000000 99.6735392529
6.1500000000 99.6639353022
6.1600000000 99.6525310704
6.1700000000 99.6394270391
6.1800000000 99.6248401769
6.1900000000 99.6091089953
6.2000000000 99.5927203077
6.2100000000 99.5763033878
6.2200000000 99.5605955184
6.2300000000 99.5464007960
6.2400000000 99.5344960133
6.2500000000 99.5255337972
6.2600000000 99.5199296721
6.2700000000 99.5177747736
6.2800000000 99.5187785955
6.2900000000 99.5223195331
6.3000000000 99.5275178470
6.3100000000 99.5334068614
6.3200000000 99.5390434287
6.3300000000 99.5436395649
6.3400000000 99.5465860003
6.3500000000 99.5474871765
6.3600000000 99.5461360739
6.3700000000 99.5424954208
6.3800000000 99.5366854891
6.3900000000 99.5289669927
6.4000000000 99.5197148839
6.4100000000 99.5094074542
6.4200000000 99.4985748516
6.4300000000 99.4877651237
6.4400000000 99.4774898083
6.4500000000 99.4681419429
6.4600000000 99.4599295209
6.4700000000 99.4528177468
6.4800000000 99.4465165780
6.4900000000 99.4405434281
6.5000000000 99.4343343357
6.5100000000 99.4273624451
6.5200000000 99.4192619861
6.5300000000 99.4098657113
6.5400000000 99.3992195083
6.5500000000 99.3875465348
6.5600000000 99.3751812395
6.5700000000 99.3625235789
6.5800000000 99.3499931585
6.5900000000 99.3379760516
6.6000000000 99.3267874602
6.6100000000 99.3166250389
6.6200000000 99.3075428188
6.6300000000 99.2994225902
6.6400000000 99.2919731413
6.6500000000 99.2847388973
6.6600000000 99.2771413686
6.6700000000 99.2685629797
6.6800000000 99.2584361300
6.6900000000 99.2463349064
6.7000000000 99.2320272070
6.7100000000 99.2154612367
6.7200000000 99.1967306714
6.7300000000 99.1759808045
6.7400000000 99.1533357514
6.7500000000 99.1288490717
6.7600000000 99.1025206216
6.7700000000 99.0743369028
6.7800000000 99.0443537012
6.7900000000 99.0127077740
6.8000000000 98.9795996445
6.8100000000 98.9451841273
6.8200000000 98.9094871563
6.8300000000 98.8723539502
6.8400000000 98.8334899817
6.8500000000 98.7925616110
6.8600000000 98.7493294469
6.8700000000 98.7037292461
6.8800000000 98.6558688195
6.8900000000 98.6059532283
6.9000000000 98.5541629188
6.9100000000 98.5005823512
6.9200000000 98.4451745395
6.9300000000 98.3878319103
6.9400000000 98.3284536201
6.9500000000 98.2670221138
6.9600000000 98.2036679273
6.9700000000 98.1387003540
6.9800000000 98.0726360959
6.9900000000 98.0062129686
7.0000000000 97.9403990779
7.0100000000 97.8763920240
7.0200000000 97.8155438765
7.0300000000 97.7592870805
7.0400000000 97.7090631771
7.0500000000 97.6662567833
7.0600000000 97.6321317414
7.0700000000 97.6076900451
7.0800000000 97.5935082709
7.0900000000 97.5895124939
7.1000000000 97.5948044852
7.1100000000 97.6075825647
7.1200000000 97.6252697204
7.1300000000 97.6448948140
7.1400000000 97.6636010786
7.1500000000 97.6791488356
7.1600000000 97.6901946333
7.1700000000 97.6963119806
7.1800000000 97.6976853930
7.1900000000 97.6946870930
7.2000000000 97.6874233500
7.2100000000 97.6754718032
7.2200000000 97.6579075740
7.2300000000 97.6335642704
7.2400000000 97.6013915118
7.2500000000 97.5607609200
7.2600000000 97.5116572029
7.2700000000 97.4547299874
7.2800000000 97.3912972315
7.2900000000 97.3233053783
7.3000000000 97.2532962115
7.3100000000 97.1842966599
7.3200000000 97.1196249231
7.3300000000 97.0624741233
7.3400000000 97.0154647811
7.3500000000 96.9802423074
7.3600000000 96.9573937819
7.3700000000 96.9466617764
7.3800000000 96.9473381722
7.3900000000 96.9586087045
7.4000000000 96.9797029950
7.4100000000 97.0098056517
7.4200000000 97.0477895202
7.4300000000 97.0919549275
7.4400000000 97.1399259301
7.4500000000 97.1888282602
7.4600000000 97.2356497065
7.4700000000 97.2776861302
7.4800000000 97.3128584211
7.4900000000 97.3398592490
7.5000000000 97.3580989591
7.5100000000 97.3675504579
7.5200000000 97.3685867241
7.5300000000 97.3618908841
7.5400000000 97.3484131697
7.5500000000 97.3293319284
7.5600000000 97.3059136781
7.5700000000 97.2793370454
7.5800000000 97.2505485744
7.5900000000 97.2202756595
7.6000000000 97.1891660880
7.6100000000 97.1579419318
7.6200000000 97.1274371118
7.6300000000 97.0984540157
7.6400000000 97.0715436764
7.6500000000 97.0468122909
7.6600000000 97.0239821715
7.6700000000 97.0026412730
7.6800000000 96.9825906002
7.6900000000 96.9640742674
7.7000000000 96.9477703342
7.7100000000 96.9345039098
7.7200000000 96.9248877893
7.7300000000 96.9190074466
7.7400000000 96.9163536091
7.7500000000 96.9159994267
7.7600000000 96.9169110717
7.7700000000 96.9182669393
7.7800000000 96.9196940070
7.7900000000 96.9213816371
7.8000000000 96.9240427655
7.8100000000 96.9286772675
7.8200000000 96.9362106997
7.8300000000 96.9471244563
7.8400000000 96.9612885573
7.8500000000 96.9780155892
7.8600000000 96.9962676849
7.8700000000 97.0148027631
7.8800000000 97.0322043297
7.8900000000 97.0468514400
7.9000000000 97.0569540126
7.9100000000 97.0607423888
7.9200000000 97.0567330424
7.9300000000 97.0440035454
7.9400000000 97.0223568196
7.9500000000 96.9924010517
7.9600000000 96.9555524606
7.9700000000 96.9139981190
7.9800000000 96.8705602655
7.9900000000 96.8283954893
8.0000000000 96.7904452625
8.0100000000 96.7588006852
8.0200000000 96.7342427415
8.0300000000 96.7162196424
8.0400000000 96.7033134355
8.0500000000 96.6939389301
8.0600000000 96.6869387750
8.0700000000 96.6817424816
8.0800000000 96.6781493445
8.0900000000 96.6758408810
8.1000000000 96.6739424703
8.1100000000 96.6708772078
8.1200000000 96.6645472385
8.1300000000 96.6527645030
8.1400000000 96.6337207518
8.1500000000 96.6063211640
8.1600000000 96.5703031764
8.1700000000 96.5261263154
8.1800000000 96.4747457239
8.1900000000 96.4173364408
8.2000000000 96.3550897875
8.2100000000 96.2892088687
8.2200000000 96.2210434642
8.2300000000 96.1523248169
8.2400000000 96.0852497445
8.2500000000 96.0223038939
8.2600000000 95.9658325737
8.2700000000 95.9176106853
8.2800000000 95.8786436331
8.2900000000 95.8493987938
8.3000000000 95.8302920075
8.3100000000 95.8221794657
8.3200000000 95.8264136520
8.3300000000 95.8444600291
8.3400000000 95.8771936041
8.3500000000 95.9243533325
8.3600000000 95.9843831766
8.3700000000 96.0547121038
8.3800000000 96.1322054392
8.3900000000 96.2135445638
8.4000000000 96.2953520490
8.4100000000 96.3742231519
8.4200000000 96.4467924824
8.4300000000 96.5099176412
8.4400000000 96.5609549283
8.4500000000 96.5980204876
8.4600000000 96.6201327102
8.4700000000 96.6272323674
8.4800000000 96.6200589478
8.4900000000 96.5999889841
8.5000000000 96.5688741420
8.5100000000 96.5289090642
8.5200000000 96.4825321494
8.5300000000 96.4322724257
8.5400000000 96.3805425492
8.5500000000 96.3294252470
8.5600000000 96.2804272567
8.5700000000 96.2343207334
8.5800000000 96.1910342078
8.5900000000 96.1497101472
8.6000000000 96.1089714044
8.6100000000 96.0673015924
8.6200000000 96.0234835824
8.6300000000 95.9768615686
8.6400000000 95.9273544579
8.6500000000 95.8751852906
8.6600000000 95.8205009409
8.6700000000 95.7631271463
8.6800000000 95.7025323872
8.6900000000 95.6380677804
8.7000000000 95.5692816575
8.7100000000 95.4961573576
8.7200000000 95.4191993856
8.7300000000 95.3394161334
8.7400000000 95.2583406881
8.7500000000 95.1781202634
8.7600000000 95.1016643078
8.7700000000 95.0325929064
8.7800000000 94.9748345075
8.7900000000 94.9318769818
8.8000000000 94.9059253532
8.8100000000 94.8973737096
8.8200000000 94.9048227670
8.8300000000 94.9256026658
8.8400000000 94.9565122017
8.8500000000 94.9944021899
8.8600000000 95.0364598048
8.8700000000 95.0802051512
8.8800000000 95.1233718442
8.8900000000 95.1638477409
8.9000000000 95.1997073643
8.9100000000 95.2293038606
8.9200000000 95.2514707354
8.9300000000 95.2657329361
8.9400000000 95.2725435478
8.9500000000 95.2733356742
8.9600000000 95.2703418616
8.9700000000 95.2661468495
8.9800000000 95.2631578525
8.9900000000 95.2632300492
9.0000000000 95.2675669140
9.0100000000 95.2768415192
9.0200000000 95.2912621888
9.0300000000 95.3105213386
9.0400000000 95.3335206080
9.0500000000 95.3581974023
9.0600000000 95.3816177841
9.0700000000 95.4004209274
9.0800000000 95.4113960412
9.0900000000 95.4119813438
9.1000000000 95.4004849315
9.1100000000 95.3760168775
9.1200000000 95.3382420569
9.1300000000 95.2871354109
9.1400000000 95.2228122810
9.1500000000 95.1455100622
9.1600000000 95.0558005196
9.1700000000 94.9549158757
9.1800000000 94.8450915602
9.1900000000 94.7296752385
9.2000000000 94.6127794095
9.2100000000 94.4985270970
9.2200000000 94.3900610639
9.2300000000 94.2887469763
9.2400000000 94.1939148158
9.2500000000 94.1033032437
9.2600000000 94.0140011438
9.2700000000 93.9234566744
9.2800000000 93.8301489105
9.2900000000 93.7337507549
9.3000000000 93.6348910835
9.3100000000 93.5348351129
9.3200000000 93.4352530619
9.3300000000 93.3382374895
9.3400000000 93.2464538092
9.3500000000 93.1633034963
9.3600000000 93.0928375608
9.3700000000 93.0392854048
9.3800000000 93.0061912886
9.3900000000 92.9954459266
9.4000000000 93.0065731710
9.4100000000 93.0365820451
9.4200000000 93.0803813806
9.4300000000 93.1315546318
9.4400000000 93.1832753859
9.4500000000 93.2291213401
9.4600000000 93.2636884502
9.4700000000 93.2830057572
9.4800000000 93.2848701213
9.4900000000 93.2691200272
9.5000000000 93.2378721916
9.5100000000 93.1954637250
9.5200000000 93.1479238343
9.5300000000 93.1018248696
9.5400000000 93.0627223080
9.5500000000 93.0336802049
9.5600000000 93.0143769376
9.5700000000 93.0011478356
9.5800000000 92.9879152798
9.5900000000 92.9676111610
9.6000000000 92.9335499437
9.6100000000 92.8805310398
9.6200000000 92.8054892326
9.6300000000 92.7077896079
9.6400000000 92.5892335409
9.6500000000 92.4538208939
9.6600000000 92.3072450645
9.6700000000 92.1561998933
9.6800000000 92.0076251163
9.6900000000 91.8680564838
9.7000000000 91.7432345497
9.7100000000 91.6378220784
9.7200000000 91.5551550561
9.7300000000 91.4969154902
9.7400000000 91.4628833110
9.7500000000 91.4508824341
9.7600000000 91.4570101827
9.7700000000 91.4761950038
9.7800000000 91.5030834832
9.7900000000 91.5330340832
9.8000000000 91.5629920406
9.8100000000 91.5918142070
9.8200000000 91.6199166784
9.8300000000 91.6484440867
9.8400000000 91.6782943233
9.8500000000 91.7094286645
9.8600000000 91.7405828003
9.8700000000 91.7693954288
9.8800000000 91.7928955788
9.8900000000 91.8082861288
9.9000000000 91.8137172204
9.9100000000 91.8089075990
9.9200000000 91.7952841614
9.9300000000 91.7756692636
9.9400000000 91.7534097887
9.9500000000 91.7313079898
9.9600000000 91.7106457440
9.9700000000 91.6908038015
9.9800000000 91.6696793396
9.9900000000 91.6446705791
10.0000000000 91.6138131793
10.0100000000 91.5765426434
10.0200000000 91.5338578773
10.0300000000 91.4879569370
10.0400000000 91.4417056773
10.0500000000 91.3982364838
10.0600000000 91.3608440079
10.0700000000 91.3330366291
10.0800000000 91.3184519933
10.0900000000 91.3205205910
10.1000000000 91.3417385428
10.1100000000 91.3828957505
10.1200000000 91.4424852373
10.1300000000 91.5166205997
10.1400000000 91.5994913837
10.1500000000 91.6843067902
10.1600000000 91.7644088629
10.1700000000 91.8343600712
10.1800000000 91.8907491192
10.1900000000 91.9325626254
10.2000000000 91.9610720572
10.2100000000 91.9793281491
10.2200000000 91.9913819716
10.2300000000 92.0014628291
10.2400000000 92.0133769277
10.2500000000 92.0303396757
10.2600000000 92.0551327946
10.2700000000 92.0903219379
10.2800000000 92.1382095268
10.2900000000 92.2003630956
10.3000000000 92.2769505798
10.3100000000 92.3661458431
10.3200000000 92.4640470700
10.3300000000 92.5652084901
10.3400000000 92.6637183080
10.3500000000 92.7543460470
10.3600000000 92.8333842692
10.3700000000 92.8988504098
10.3800000000 92.9502025234
10.3900000000 92.9877946708
10.4000000000 93.0124930792
10.4100000000 93.0254772462
10.4200000000 93.0281750409
10.4300000000 93.0221513534
10.4400000000 93.0089682520
10.4500000000 92.9901371428
10.4600000000 92.9672011093
10.4700000000 92.9419331850
10.4800000000 92.9164772133
10.4900000000 92.8933313055
10.5000000000 92.8751912617
10.5100000000 92.8647542577
10.5200000000 92.8645552720
10.5300000000 92.8768780505
10.5400000000 92.9035927803
10.5500000000 92.9458903973
10.5600000000 93.0039724450
10.5700000000 93.0769412896
10.5800000000 93.1630282163
10.5900000000 93.2601728666
10.6000000000 93.3665937646
10.6100000000 93.4810659258
10.6200000000 93.6026964118
10.6300000000 93.7302679153
10.6400000000 93.8615060503
10.6500000000 93.9926006370
10.6600000000 94.1182420907
10.6700000000 94.2321254362
10.6800000000 94.3277227831
10.6900000000 94.3991099582
10.7000000000 94.4415564669
10.7100000000 94.4519711329
10.7200000000 94.4291167046
10.7300000000 94.3737320839
10.7400000000 94.2885434050
10.7500000000 94.1781905337
10.7600000000 94.0489060509
10.7700000000 93.9079977323
10.7800000000 93.7630063101
10.7900000000 93.6207712268
10.8000000000 93.4865035585
10.8100000000 93.3632005695
10.8200000000 93.2515088589
10.8300000000 93.1501072474
10.8400000000 93.0564652713
10.8500000000 92.9677657297
10.8600000000 92.8817330209
10.8700000000 92.7973486956
10.8800000000 92.7152755380
10.8900000000 92.6379878034
10.9000000000 92.5695087505
10.9100000000 92.5147717259
10.9200000000 92.4787047729
10.9300000000 92.4652474200
10.9400000000 92.4764934699
10.9500000000 92.5121977893
10.9600000000 92.5697579536
10.9700000000 92.6446615788
10.9800000000 92.7311665111
10.9900000000 92.8229737794
11.0000000000 92.9136574087
11.0100000000 92.9969553230
11.0200000000 93.0670334405
11.0300000000 93.1189362280
11.0400000000 93.1492080672
11.0500000000 93.1564274050
11.0600000000 93.1414518527
11.0700000000 93.1072028824
11.0800000000 93.0579909267
11.0900000000 92.9986894409
11.1000000000 92.9340713981
11.1100000000 92.8686381804
11.1200000000 92.8069464739
11.1300000000 92.7540919047
11.1400000000 92.7159163013
11.1500000000 92.6986276385
11.1600000000 92.7079403800
11.1700000000 92.7480044444
11.1800000000 92.8204789316
11.1900000000 92.9239442731
11.2000000000 93.0538489212
11.2100000000 93.2029692313
11.2200000000 93.3623806799
11.2300000000 93.5227001549
11.2400000000 93.6753682225
11.2500000000 93.8136150268
11.2600000000 93.9329869571
11.2700000000 94.0313746307
11.2800000000 94.1088380842
11.2900000000 94.1673223919
11.3000000000 94.2104551132
11.3100000000 94.2432133811
11.3200000000 94.2713462245
11.3300000000 94.3004628009
11.3400000000 94.3348910696
11.3500000000 94.3767236042
11.3600000000 94.4254231238
11.3700000000 94.4781683953
11.3800000000 94.5308458319
11.3900000000 94.5791815120
11.4000000000 94.6196723811
11.4100000000 94.6500153956
11.4200000000 94.6690850756
11.4300000000 94.6767277207
11.4400000000 94.6734635829
11.4500000000 94.6602764985
11.4600000000 94.6384554910
11.4700000000 94.6094768460
11.4800000000 94.5749412310
11.4900000000 94.5365232559
11.5000000000 94.4958769087
11.5100000000 94.4544849376
11.5200000000 94.4134734026
11.5300000000 94.3733926716
11.5400000000 94.3340254415
11.5500000000 94.2942492319
11.5600000000 94.2521593704
11.5700000000 94.2054717507
11.5800000000 94.1522199082
11.5900000000 94.0914443015
11.6000000000 94.0236641911
11.6100000000 93.9508828688
11.6200000000 93.8762204597
11.6300000000 93.8033333339
11.6400000000 93.7359558188
11.6500000000 93.6775349395
11.6600000000 93.6309766713
11.6700000000 93.5983663332
11.6800000000 93.5806280785
11.6900000000 93.5774050226
11.7000000000 93.5872313282
11.7100000000 93.6080462067
11.7200000000 93.6377950853
11.7300000000 93.6748566393
11.7400000000 93.7181158767
11.7500000000 93.7668048123
11.7600000000 93.8202706578
11.7700000000 93.8779209294
11.7800000000 93.9392568610
11.7900000000 94.0039973538
11.8000000000 94.0721081753
11.8100000000 94.1435990248
11.8200000000 94.2182188751
11.8300000000 94.2949881569
11.8400000000 94.3718985442
11.8500000000 94.4459521064
11.8600000000 94.5136461304
11.8700000000 94.5717461229
11.8800000000 94.6181313852
11.8900000000 94.6523112457
11.9000000000 94.6755308553
11.9100000000 94.6905228361
11.9200000000 94.7009790690
11.9300000000 94.7109471281
11.9400000000 94.7241429716
11.9500000000 94.7432415882
11.9600000000 94.7692045255
11.9700000000 94.8008959434
11.9800000000 94.8351603411
11.9900000000 94.8674416414
12.0000000000 94.8927660255
12.0100000000 94.9067289431
12.0200000000 94.9062484253
12.0300000000 94.8899175129
12.0400000000 94.8581138346
12.0500000000 94.8129682945
12.0600000000 94.7583691689
12.0700000000 94.6998538305
12.0800000000 94.6442858633
12.0900000000 94.5990537600
12.1000000000 94.5709223874
12.1100000000 94.5647342934
12.1200000000 94.5823984931
12.1300000000 94.6225072465
12.1400000000 94.6806227807
12.1500000000 94.7501313387
12.1600000000 94.8233997788
12.1700000000 94.8929681005
12.1800000000 94.9525594775
12.1900000000 94.9977329987
12.2000000000 95.0261161165
12.2100000000 95.0371892142
12.2200000000 95.0318731306
12.2300000000 95.0119344240
12.2400000000 94.9794194463
12.2500000000 94.9362056779
12.2600000000 94.8837353905
12.2700000000 94.8230359481
12.2800000000 94.7549642286
12.2900000000 94.6806933069
12.3000000000 94.6021835687
12.3100000000 94.5224322632
12.3200000000 94.4454161887
12.3300000000 94.3756934886
12.3400000000 94.3178632342
12.3500000000 94.2759932794
12.3600000000 94.2531428551
12.3700000000 94.2511235449
12.3800000000 94.2704741873
12.3900000000 94.3106432535
12.4000000000 94.3701928129
12.4100000000 94.4469353327
12.4200000000 94.5380302604
12.4300000000 94.6402333377
12.4400000000 94.7503119124
12.4500000000 94.8654752373
12.4600000000 94.9836693229
12.4700000000 95.1035902880
12.4800000000 95.2244696636
12.4900000000 95.3456699190
12.5000000000 95.4663075517
12.5100000000 95.5849146043
12.5200000000 95.6994024652
12.5300000000 95.8072252074
12.5400000000 95.9057699115
12.5500000000 95.9927449447
12.5600000000 96.0664024234
12.5700000000 96.1255521900
12.5800000000 96.1694189419
12.5900000000 96.1975048490
12.6000000000 96.2095104806
12.6100000000 96.2054401431
12.6200000000 96.1857599999
12.6300000000 96.1515574907
12.6400000000 96.1046238015
12.6500000000 96.0474288245
12.6600000000 95.9829714513
12.6700000000 95.9145691619
12.6800000000 95.8455931414
12.6900000000 95.7791744809
12.7000000000 95.7179366557
12.7100000000 95.6637998673
12.7200000000 95.6179581256
12.7300000000 95.5808938456
12.7400000000 95.5525523699
12.7500000000 95.5324999270
12.7600000000 95.5201065680
12.7700000000 95.5148157868
12.7800000000 95.5163631636
12.7900000000 95.5248971845
12.8000000000 95.5408569726
12.8100000000 95.5646515607
12.8200000000 95.5962808058
12.8300000000 95.6350162618
12.8400000000 95.6793138545
12.8500000000 95.7269211193
12.8600000000 95.7752224868
12.8700000000 95.8216922530
12.8800000000 95.8643644307
12.8900000000 95.9020801325
12.9000000000 95.9343893746
12.9100000000 95.9611880415
12.9200000000 95.9822798394
12.9300000000 95.9970839409
12.9400000000 96.0045828510
12.9500000000 96.0035566464
12.9600000000 95.9928895761
12.9700000000 95.9719277708
12.9800000000 95.9407756827
12.9900000000 95.9005499110
13.0000000000 95.8535154914
13.0100000000 95.8030701938
13.0200000000 95.7534871414
13.0300000000 95.7094140252
13.0400000000 95.6751443009
13.0500000000 95.6538661254
13.0600000000 95.6469772746
13.0700000000 95.6537896386
13.0800000000 95.6717092438
13.0900000000 95.6968744962
13.1000000000 95.7251249154
13.1100000000 95.7529156555
13.1200000000 95.7779192150
13.1300000000 95.7991039732
13.1400000000 95.8164362669
13.1500000000 95.8303183551
13.1600000000 95.8410971954
13.1700000000 95.8488245633
13.1800000000 95.8532709812
13.1900000000 95.8541194928
13.2000000000 95.8511019598
13.2100000000 95.8440591044
13.2200000000 95.8328358044
13.2300000000 95.8172482823
13.2400000000 95.7971204377
13.2500000000 95.7724881928
13.2600000000 95.7439044847
13.2700000000 95.7127482435
13.2800000000 95.6813523530
13.2900000000 95.6529339379
13.3000000000 95.6312888028
13.3100000000 95.6202578024
13.3200000000 95.6231866663
13.3300000000 95.6423921764
13.3400000000 95.6788621395
13.3500000000 95.7321628804
13.3600000000 95.8006208018
13.3700000000 95.8815820126
13.3800000000 95.9717635672
13.3900000000 96.0677114973
13.4000000000 96.1662117173
13.4100000000 96.2647154536
13.4200000000 96.3615470763
13.4300000000 96.4558948289
13.4400000000 96.5476266596
13.4500000000 96.6369571803
13.4600000000 96.7242190619
13.4700000000 96.8097161790
13.4800000000 96.8936026290
13.4900000000 96.9757924682
13.5000000000 97.0558437146
13.5100000000 97.1328817790
13.5200000000 97.2056491681
13.5300000000 97.2727118834
13.5400000000 97.3326666086
13.5500000000 97.3843263992
13.5600000000 97.4268389959
13.5700000000 97.4597130654
13.5800000000 97.4827647378
13.5900000000 97.4960562511
13.6000000000 97.4997450166
13.6100000000 97.4939237343
13.6200000000 97.4785288240
13.6300000000 97.4533405030
13.6400000000 97.4181428482
13.6500000000 97.3729658211
13.6600000000 97.3183709364
13.6700000000 97.2556914798
13.6800000000 97.1871517911
13.6900000000 97.1158275306
13.7000000000 97.0453497338
13.7100000000 96.9794419527
13.7200000000 96.9213173841
13.7300000000 96.8731159315
13.7400000000 96.8356258730
13.7500000000 96.8083080313
13.7600000000 96.7896487915
13.7700000000 96.7776784858
13.7800000000 96.7704575869
13.7900000000 96.7663642912
13.8000000000 96.7641840843
13.8100000000 96.7629846997
13.8200000000 96.7618343344
13.8300000000 96.7595106953
13.8400000000 96.7543464269
13.8500000000 96.7441670061
13.8600000000 96.7264684118
13.8700000000 96.6987348052
13.8800000000 96.6588127684
13.8900000000 96.6052834975
13.9000000000 96.5377557065
13.9100000000 96.4570477979
13.9200000000 96.3653271043
13.9300000000 96.2661842752
13.9400000000 96.1647014185
13.9500000000 96.0673003893
13.9600000000 95.9813250352
13.9700000000 95.9141422457
13.9800000000 95.8718848764
13.9900000000 95.8581745892
14.0000000000 95.8732774434
14.0100000000 95.9139940397
14.0200000000 95.9744348791
14.0300000000 96.0472881744
14.0400000000 96.1251440225
14.0500000000 96.2015343704
14.0600000000 96.2714468221
14.0700000000 96.3314769381
14.0800000000 96.3796534434
14.0900000000 96.4151877948
14.1000000000 96.4381957913
14.1100000000 96.4494913062
14.1200000000 96.4503657792
14.1300000000 96.4424403432
14.1400000000 96.4275205222
14.1500000000 96.4074784273
14.1600000000 96.3842065733
14.1700000000 96.3596580066
14.1800000000 96.3358562410
14.1900000000 96.3148740618
14.2000000000 96.2986171500
14.2100000000 96.2885486661
14.2200000000 96.2854243622
14.2300000000 96.2891801029
14.2400000000 96.2989953486
14.2500000000 96.3134994011
14.2600000000 96.3310388307
14.2700000000 96.3498712330
14.2800000000 96.3683568419
14.2900000000 96.3850561570
14.3000000000 96.3989345041
14.3100000000 96.4094695315
14.3200000000 96.4166914780
14.3300000000 96.4210940772
14.3400000000 96.4234655803
14.3500000000 96.4246148811
14.3600000000 96.4251679800
14.3700000000 96.4254036945
14.3800000000 96.4252442270
14.3900000000 96.4243380009
14.4000000000 96.4221875177
14.4100000000 96.4183296925
14.4200000000 96.4123370777
14.4300000000 96.4038200304
14.4400000000 96.3923394382
14.4500000000 96.3773335970
14.4600000000 96.3580721086
14.4700000000 96.3336969890
14.4800000000 96.3033903437
14.4900000000 96.2666747169
14.5000000000 96.2238385974
14.5100000000 96.1762199343
14.5200000000 96.1262868321
14.5300000000 96.0773384106
14.5400000000 96.0329178809
14.5500000000 95.9961871344
14.5600000000 95.9694255858
14.5700000000 95.9538309554
14.5800000000 95.9495130119
14.5900000000 95.9556945550
14.6000000000 95.9708738789
14.6100000000 95.9930100610
14.6200000000 96.0197875905
14.6300000000 96.0488998222
14.6400000000 96.0784352446
14.6500000000 96.1071111439
14.6600000000 96.1343290661
14.6700000000 96.1599847036
14.6800000000 96.1841143161
14.6900000000 96.2065983189
14.7000000000 96.2270368944
14.7100000000 96.2448140923
14.7200000000 96.2592426184
14.7300000000 96.2696882496
14.7400000000 96.2756502138
14.7500000000 96.2767635490
14.7600000000 96.2728189915
14.7700000000 96.2638186438
14.7800000000 96.2500953440
14.7900000000 96.2324247241
14.8000000000 96.2120934081
14.8100000000 96.1908144268
14.8200000000 96.1705768491
14.8300000000 96.1533799920
14.8400000000 96.1410048790
14.8500000000 96.1348591616
14.8600000000 96.1358767570
14.8700000000 96.1443964508
14.8800000000 96.1599683116
14.8900000000 96.1811983081
14.9000000000 96.2058174010
14.9100000000 96.2310114319
14.9200000000 96.2539885754
14.9300000000 96.2725343996
14.9400000000 96.2853960871
14.9500000000 96.2923486116
14.9600000000 96.2940682191
14.9700000000 96.2917990103
14.9800000000 96.2870632994
14.9900000000 96.2813789949
15.0000000000 96.2761355778
15.0100000000 96.2725108753
15.0200000000 96.2714586396
15.0300000000 96.2736824231
15.0400000000 96.2795936571
15.0500000000 96.2892840511
15.0600000000 96.3024758354
15.0700000000 96.3186291126
15.0800000000 96.3370645717
15.0900000000 96.3570954968
15.1000000000 96.3781153321
15.1100000000 96.3995786764
15.1200000000 96.4209668123
15.1300000000 96.4418275530
15.1400000000 96.4618068124
15.1500000000 96.4807269991
15.1600000000 96.4985441890
15.1700000000 96.5152791423
15.1800000000 96.5308747308
15.1900000000 96.5450505327
15.2000000000 96.5572369060
15.2100000000 96.5666457373
15.2200000000 96.5724834648
15.2300000000 96.5741827162
15.2400000000 96.5716182442
15.2500000000 96.5651023953
15.2600000000 96.5553697975
15.2700000000 96.5433997861
15.2800000000 96.5303609850
15.2900000000 96.5174678793
15.3000000000 96.5058732174
15.3100000000 96.4965022119
15.3200000000 96.4899368087
15.3300000000 96.4863555053
15.3400000000 96.4855192178
15.3500000000 96.4868552568
15.3600000000 96.4894446821
15.3700000000 96.4921007872
15.3800000000 96.4934183692
15.3900000000 96.4919361803
15.4000000000 96.4863240463
15.4100000000 96.4755922281
15.4200000000 96.4592524543
15.4300000000 96.4373906244
15.4400000000 96.4106141723
15.4500000000 96.3800741303
15.4600000000 96.3474462978
15.4700000000 96.3149851517
15.4800000000 96.2855456749
15.4900000000 96.2623538115
15.5000000000 96.2485274260
15.5100000000 96.2464379866
15.5200000000 96.2570246787
15.5300000000 96.2794177149
15.5400000000 96.3109406715
15.5500000000 96.3475651273
15.5600000000 96.3846184937
15.5700000000 96.4176095469
15.5800000000 96.4428712431
15.5900000000 96.4579957633
15.6000000000 96.4620458070
15.6100000000 96.4555796436
15.6200000000 96.4405712737
15.6300000000 96.4201785457
15.6400000000 96.3983247588
15.6500000000 96.3790927209
15.6600000000 96.3660093468
15.6700000000 96.3614178507
15.6800000000 96.3662158303
15.6900000000 96.3799736784
15.7000000000 96.4014247175
15.7100000000 96.4290535220
15.7200000000 96.4615260550
15.7300000000 96.4978937684
15.7400000000 96.5374958788
15.7500000000 96.5797161788
15.7600000000 96.6237258594
15.7700000000 96.6683557185
15.7800000000 96.7120343609
15.7900000000 96.7529676916
15.8000000000 96.7893232124
15.8100000000 96.8194304818
15.8200000000 96.8419191458
15.8300000000 96.8558009026
15.8400000000 96.8605440130
15.8500000000 96.8561437475
15.8600000000 96.8431472203
15.8700000000 96.8227333840
15.8800000000 96.7966776744
15.8900000000 96.7672914373
15.9000000000 96.7372906879
15.9100000000 96.7094549273
15.9200000000 96.6862948196
15.9300000000 96.6696636982
15.9400000000 96.6605191385
15.9500000000 96.6588979829
15.9600000000 96.6640670924
15.9700000000 96.6748216508
15.9800000000 96.6898687455
15.9900000000 96.7081146380
16.0000000000 96.7289081193
16.0100000000 96.7521026436
16.0200000000 96.7779801525
16.0300000000 96.8069814744
16.0400000000 96.8394268195
16.0500000000 96.8751426240
16.0600000000 96.9133098426
16.0700000000 96.9523749114
16.0800000000 96.9902220356
16.0900000000 97.0244315462
16.1000000000 97.0526819720
16.1100000000 97.0731328760
16.1200000000 97.0847321505
16.1300000000 97.0874165833
16.1400000000 97.0820876138
16.1500000000 97.0704125809
16.1600000000 97.0544837799
16.1700000000 97.0364006525
16.1800000000 97.0179519373
16.1900000000 97.0003503845
16.2000000000 96.9841799824
16.2100000000 96.9695420189
16.2200000000 96.9563187544
16.2300000000 96.9445201985
16.2400000000 96.9345915770
16.2500000000 96.9274670497
16.2600000000 96.9244251081
16.2700000000 96.9267306580
16.2800000000 96.9352216848
16.2900000000 96.9499874564
16.3000000000 96.9702722184
16.3100000000 96.9946391972
16.3200000000 97.0212754861
16.3300000000 97.0483547294
16.3400000000 97.0743456824
16.3500000000 97.0981023249
16.3600000000 97.1189001682
16.3700000000 97.1362863458
16.3800000000 97.1499594079
16.3900000000 97.1596626578
16.4000000000 97.1651817843
16.4100000000 97.1664829708
16.4200000000 97.1638490879
16.4300000000 97.1580291570
16.4400000000 97.1502162538
16.4500000000 97.1419255689
16.4600000000 97.1347618994
16.4700000000 97.1301121478
16.4800000000 97.1289072219
16.4900000000 97.1314748376
16.5000000000 97.1374815128
16.5100000000 97.1460639863
16.5200000000 97.1560136029
16.5300000000 97.1660153385
16.5400000000 97.1748834803
16.5500000000 97.1817342371
16.5600000000 97.1861494683
16.5700000000 97.1881662919
16.5800000000 97.1882443526
16.5900000000 97.1871068699
16.6000000000 97.1854828025
16.6100000000 97.1839123436
16.6200000000 97.1826169492
16.6300000000 97.1815323410
16.6400000000 97.1804790880
16.6500000000 97.1794329367
16.6600000000 97.1787444612
16.6700000000 97.1792420350
16.6800000000 97.1821893398
16.6900000000 97.1890922220
16.7000000000 97.2014932698
16.7100000000 97.2207392752
16.7200000000 97.2477868049
16.7300000000 97.2830678576
16.7400000000 97.3263229941
16.7500000000 97.3765503002
16.7600000000 97.4320151075
16.7700000000 97.4904303882
16.7800000000 97.5491885751
16.7900000000 97.6056160557
16.8000000000 97.6572167991
16.8100000000 97.7018349635
16.8200000000 97.7378127290
16.8300000000 97.7640583111
16.8400000000 97.7801425107
16.8500000000 97.7863299813
16.8600000000 97.7835752476
16.8700000000 97.7734239480
16.8800000000 97.7578418312
16.8900000000 97.7389595201
16.9000000000 97.7188431081
16.9100000000 97.6993507798
16.9200000000 97.6820994560
16.9300000000 97.6685386056
16.9400000000 97.6599694556
16.9500000000 97.6574782346
16.9600000000 97.6617729430
16.9700000000 97.6730404016
16.9800000000 97.6909052513
16.9900000000 97.7145558329
17.0000000000 97.7428394586
17.0100000000 97.7743584499
17.0200000000 97.8075248789
17.0300000000 97.8405636188
17.0400000000 97.8716779432
17.0500000000 97.8992137984
17.0600000000 97.9219044229
17.0700000000 97.9390424517
17.0800000000 97.9505133300
17.0900000000 97.9567501679
17.1000000000 97.9585632727
17.1100000000 97.9569654302
17.1200000000 97.9529290963
17.1300000000 97.9472775744
17.1400000000 97.9405621446
17.1500000000 97.9330933148
17.1600000000 97.9249902926
17.1700000000 97.9163147022
17.1800000000 97.9071939517
17.1900000000 97.8979587865
17.2000000000 97.8892642594
17.2100000000 97.8821714614
17.2200000000 97.8781069832
17.2300000000 97.8786855111
17.2400000000 97.8855066448
17.2500000000 97.8998183843
17.2600000000 97.9222177596
17.2700000000 97.9524575767
17.2800000000 97.9893016570
17.2900000000 98.0306742839
17.3000000000 98.0739617383
17.3100000000 98.1163994505
17.3200000000 98.1554736063
17.3300000000 98.1891634937
17.3400000000 98.2160907112
17.3500000000 98.2354947131
17.3600000000 98.2472232368
17.3700000000 98.2515653294
17.3800000000 98.2491686342
17.3900000000 98.2408903523
17.4000000000 98.2277344986
17.4100000000 98.2108509016
17.4200000000 98.1915760906
17.4300000000 98.1714593775
17.4400000000 98.1522229267
17.4500000000 98.1356089978
17.4600000000 98.1230976838
17.4700000000 98.1156754524
17.4800000000 98.1136600744
17.4900000000 98.1166914781
17.5000000000 98.1240063599
17.5100000000 98.1347313843
17.5200000000 98.1482240587
17.5300000000 98.1641760421
17.5400000000 98.1825244792
17.5500000000 98.2032246473
17.5600000000 98.2260061817
17.5700000000 98.2502573311
17.5800000000 98.2750543292
17.5900000000 98.2993085822
17.6000000000 98.3220085672
17.6100000000 98.3423931901
17.6200000000 98.3600857351
17.6300000000 98.3750760956
17.6400000000 98.3876645017
17.6500000000 98.3982804135
17.6600000000 98.4073596870
17.6700000000 98.4153118085
17.6800000000 98.4225181214
17.6900000000 98.4294112196
17.7000000000 98.4364761891
17.7100000000 98.4442407195
17.7200000000 98.4531713594
17.7300000000 98.4635510692
17.7400000000 98.4753218199
17.7500000000 98.4880239700
17.7600000000 98.5007962280
17.7700000000 98.5125545385
17.7800000000 98.5222303633
17.7900000000 98.5290267875
17.8000000000 98.5326086957
17.8100000000 98.5331658679
17.8200000000 98.5313825592
17.8300000000 98.5283121897
17.8400000000 98.5251704469
17.8500000000 98.5231300172
17.8600000000 98.5231096055
17.8700000000 98.5256264572
17.8800000000 98.5307101133
17.8900000000 98.5379217225
17.9000000000 98.5465158320
17.9100000000 98.5556060061
17.9200000000 98.5643646475
17.9300000000 98.5720686235
17.9400000000 98.5781398937
17.9500000000 98.5821160843
17.9600000000 98.5835999192
17.9700000000 98.5823220591
17.9800000000 98.5782104699
17.9900000000 98.5714864679
18.0000000000 98.5626618494
18.0100000000 98.5525045287
18.0200000000 98.5418896656
18.0300000000 98.5316998011
18.0400000000 98.5227289268
18.0500000000 98.5156689745
18.0600000000 98.5111276942
18.0700000000 98.5096095268
18.0800000000 98.5115475486
18.0900000000 98.5172401047
18.1000000000 98.5268324519
18.1100000000 98.5402645746
18.1200000000 98.5572253888
18.1300000000 98.5771366087
18.1400000000 98.5992373228
18.1500000000 98.6226457639
18.1600000000 98.6464334391
18.1700000000 98.6697023003
18.1800000000 98.6915720213
18.1900000000 98.7112246444
18.2000000000 98.7279436693
18.2100000000 98.7411914483
18.2200000000 98.7506369302
18.2300000000 98.7562027910
18.2400000000 98.7580240431
18.2500000000 98.7563991668
18.2600000000 98.7517073562
18.2700000000 98.7443454486
18.2800000000 98.7346557006
18.2900000000 98.7229376919
18.3000000000 98.7094783972
18.3100000000 98.6946096712
18.3200000000 98.6787156199
18.3300000000 98.6622524728
18.3400000000 98.6456591882
18.3500000000 98.6293890276
18.3600000000 98.6138831572
18.3700000000 98.5996666809
18.3800000000 98.5874016243
18.3900000000 98.5778071548
18.4000000000 98.5715593299
18.4100000000 98.5690672624
18.4200000000 98.5702968522
18.4300000000 98.5747518991
18.4400000000 98.5815316722
18.4500000000 98.5895965676
18.4600000000 98.5979269868
18.4700000000 98.6057385075
18.4800000000 98.6125372613
18.4900000000 98.6180596246
18.5000000000 98.6222359045
18.5100000000 98.6250377211
18.5200000000 98.6264506730
18.5300000000 98.6264415134
18.5400000000 98.6249378493
18.5500000000 98.6219171521
18.5600000000 98.6174333526
18.5700000000 98.6116756168
18.5800000000 98.6049634529
18.5900000000 98.5977676087
18.6000000000 98.5906140406
18.6100000000 98.5840904726
18.6200000000 98.5787564109
18.6300000000 98.5751424050
18.6400000000 98.5737311257
18.6500000000 98.5748863307
18.6600000000 98.5788182064
18.6700000000 98.5855438673
18.6800000000 98.5949490043
18.6900000000 98.6068779045
18.7000000000 98.6211734232
18.7100000000 98.6377500896
18.7200000000 98.6564589666
18.7300000000 98.6770668246
18.7400000000 98.6991757651
18.7500000000 98.7222672404
18.7600000000 98.7457450584
18.7700000000 98.7690533732
18.7800000000 98.7916711583
18.7900000000 98.8131924283
18.8000000000 98.8332294497
18.8100000000 98.8514129252
18.8200000000 98.8672997094
18.8300000000 98.8803900981
18.8400000000 98.8901802438
18.8500000000 98.8962657528
18.8600000000 98.8984557929
18.8700000000 98.8968743619
18.8800000000 98.8920104161
18.8900000000 98.8846813722
18.9000000000 98.8759437635
18.9100000000 98.8669755475
18.9200000000 98.8589054049
18.9300000000 98.8526589556
18.9400000000 98.8488452286
18.9500000000 98.8476794425
18.9600000000 98.8489597289
18.9700000000 98.8521541362
18.9800000000 98.8565637398
18.9900000000 98.8615325236
19.0000000000 98.8666555901
19.0100000000 98.8718765015
19.0200000000 98.8774992475
19.0300000000 98.8840998458
19.0400000000 98.8922834838
19.0500000000 98.9025049079
19.0600000000 98.9148449445
19.0700000000 98.9289786865
19.0800000000 98.9442219831
19.0900000000 98.9597017532
19.1000000000 98.9745411798
19.1100000000 98.9880216113
19.1200000000 98.9996664025
19.1300000000 99.0092646039
19.1400000000 99.0168067892
19.1500000000 99.0224525099
19.1600000000 99.0264853028
19.1700000000 99.0292991331
19.1800000000 99.0313460876
19.1900000000 99.0330900716
19.2000000000 99.0348789990
19.2100000000 99.0368688020
19.2200000000 99.0389873147
19.2300000000 99.0409380377
19.2400000000 99.0423123020
19.2500000000 99.0426835869
19.2600000000 99.0416747090
19.2700000000 99.0390475174
19.2800000000 99.0346772480
19.2900000000 99.0285467288
19.3000000000 99.0207538771
19.3100000000 99.0114983899
19.3200000000 99.0011018806
19.3300000000 98.9900774750
19.3400000000 98.9790768472
19.3500000000 98.9688725110
19.3600000000 98.9602095111
19.3700000000 98.9536913816
19.3800000000 98.9495744541
19.3900000000 98.9477304768
19.4000000000 98.9476218103
19.4100000000 98.9484458557
19.4200000000 98.9493021403
19.4300000000 98.9494107401
19.4400000000 98.9482227294
19.4500000000 98.9454711315
19.4600000000 98.9412080975
19.4700000000 98.9356986056
19.4800000000 98.9294214879
19.4900000000 98.9230095455
19.5000000000 98.9171623121
19.5100000000 98.9126255379
19.5200000000 98.9100625919
19.5300000000 98.9099723102
19.5400000000 98.9125977082
19.5500000000 98.9178895133
19.5600000000 98.9255575089
19.5700000000 98.9351367086
19.5800000000 98.9461227408
19.5900000000 98.9580274749
19.6000000000 98.9704142615
19.6100000000 98.9828984523
19.6200000000 98.9951205280
19.6300000000 99.0067594088
19.6400000000 99.0175805806
19.6500000000 99.0274915604
19.6600000000 99.0365927875
19.6700000000 99.0451725509
19.6800000000 99.0536205316
19.6900000000 99.0623244587
19.7000000000 99.0715388120
19.7100000000 99.0813264344
19.7200000000 99.0915775689
19.7300000000 99.1020623226
19.7400000000 99.1125072298
19.7500000000 99.1226426251
19.7600000000 99.1321769494
19.7700000000 99.1408513427
19.7800000000 99.1483912821
19.7900000000 99.1545275362
19.8000000000 99.1590030720
19.8100000000 99.1616351587
19.8200000000 99.1622885194
19.8300000000 99.1609454036
19.8400000000 99.1576851660
19.8500000000 99.1527274732
19.8600000000 99.1463562277
19.8700000000 99.1389826304
19.8800000000 99.1310481974
19.8900000000 99.1230460087
19.9000000000 99.1154783130
19.9100000000 99.1088505886
19.9200000000 99.1036150527
19.9300000000 99.1002058031
19.9400000000 99.0989548807
19.9500000000 99.1001060149
19.9600000000 99.1037724530
19.9700000000 99.1098730900
19.9800000000 99.1181514732
19.9900000000 99.1280970997
20.0000000000 99.1390618945
