124000.0000000000 9.8953149617
62000.0000000000 30.5224688608
41333.3333333333 49.7129205757
31000.0000000000 63.7391038669
24800.0000000000 73.3132388811
20666.6666666667 79.8266588961
17714.2857142857 84.3450153350
15500.0000000000 87.5617641074
13777.7777777778 89.9127345430
12400.0000000000 91.6733301805
11272.7272727273 93.0210009560
10333.3333333333 94.0728413392
9538.4615384615 94.9080229767
8857.1428571429 95.5813372983
8266.6666666667 96.1315321840
7750.0000000000 96.5865587256
7294.1176470588 96.9669474164
6888.8888888889 97.2880283839
6526.3157894737 97.5614216303
6200.0000000000 97.7960556061
5904.7619047619 97.9988771289
5636.3636363636 98.1753530507
5391.3043478261 98.3298310395
5166.6666666667 98.4658018164
4960.0000000000 98.5860938094
4769.2307692308 98.6930171529
4592.5925925926 98.7884733054
4428.5714285714 98.8740387995
4275.8620689655 98.9510288516
4133.3333333333 99.0205480454
4000.0000000000 99.0835291251
3875.0000000000 99.1407639665
3757.5757575758 99.1929287038
3647.0588235294 99.2406027125
3542.8571428571 99.2842853897
3444.4444444444 99.3244086284
3351.3513513514 99.3613475707
3263.1578947368 99.3954293016
3179.4871794872 99.4269398718
3100.0000000000 99.4561307155
3024.3902439024 99.4832232029
2952.3809523810 99.5084129426
2883.7209302326 99.5318731467
2818.1818181818 99.5537580429
2755.5555555556 99.5742049367
2695.6521739130 99.5933365137
2638.2978723404 99.6112624867
2583.3333333333 99.6280816407
2530.6122448980 99.6438827612
2480.0000000000 99.6587458768
2431.3725490196 99.6727431374
2384.6153846154 99.6859401998
2339.6226415094 99.6983964848
2296.2962962963 99.7101659717
2254.5454545455 99.7212976380
2214.2857142857 99.7318365121
2175.4385964912 99.7418233415
2137.9310344828 99.7512958030
2101.6949152542 99.7602882431
2066.6666666667 99.7688321997
2032.7868852459 99.7769564251
2000.0000000000 99.7846877935
1968.2539682540 99.7920506491
1937.5000000000 99.7990679092
1907.6923076923 99.8057605226
1878.7878787879 99.8121476427
1850.7462686567 99.8182474635
1823.5294117647 99.8240766315
1797.1014492754 99.8296503569
1771.4285714286 99.8349830087
1746.4788732394 99.8400884420
1722.2222222222 99.8449783466
1698.6301369863 99.8496650810
1675.6756756757 99.8541589589
1653.3333333333 99.8584700923
1631.5789473684 99.8626081883
1610.3896103896 99.8665820961
1589.7435897436 99.8703998184
1569.6202531646 99.8740693934
1550.0000000000 99.8775978147
1530.8641975309 99.8809922093
1512.1951219512 99.8842587052
1493.9759036145 99.8874033296
1476.1904761905 99.8904320622
1458.8235294118 99.8933502407
1441.8604651163 99.8961626298
1425.2873563218 99.8988742617
1409.0909090909 99.9014890046
1393.2584269663 99.9040120342
1377.7777777778 99.9064467130
1362.6373626374 99.9087968217
1347.8260869565 99.9110659406
1333.3333333333 99.9132577595
1319.1489361702 99.9153755058
1305.2631578947 99.9174218889
1291.6666666667 99.9193997641
1278.3505154639 99.9213118839
1265.3061224490 99.9231611727
1252.5252525253 99.9249497422
1240.0000000000 99.9266802854
1227.7227722772 99.9283543276
1215.6862745098 99.9299750485
1203.8834951456 99.9315433723
1192.3076923077 99.9330619546
1180.9523809524 99.9345322463
1169.8113207547 99.9359559837
1158.8785046729 99.9373348244
1148.1481481481 99.9386707174
1137.6146788991 99.9399648046
1127.2727272727 99.9412185156
1117.1171171171 99.9424336192
1107.1428571429 99.9436106420
1097.3451327434 99.9447516249
1087.7192982456 99.9458573733
1078.2608695652 99.9469290231
1068.9655172414 99.9479676722
1059.8290598291 99.9489747845
1050.8474576271 99.9499505420
1042.0168067227 99.9508967339
1033.3333333333 99.9518138664
1024.7933884298 99.9527023861
1016.3934426230 99.9535639936
1008.1300813008 99.9543990879
1000.0000000000 99.9552084278
992.0000000000 99.9559927654
984.1269841270 99.9567528280
976.3779527559 99.9574892833
968.7500000000 99.9582028066
961.2403100775 99.9588940207
953.8461538462 99.9595635456
946.5648854962 99.9602119566
939.3939393939 99.9608398244
932.3308270677 99.9614472191
925.3731343284 99.9620355913
918.5185185185 99.9626045001
911.7647058824 99.9631553900
905.1094890511 99.9636877437
898.5507246377 99.9642025083
892.0863309353 99.9646996111
885.7142857143 99.9651804465
879.4326241135 99.9656444290
873.2394366197 99.9660924382
867.1328671329 99.9665248358
861.1111111111 99.9669414794
855.1724137931 99.9673437213
849.3150684932 99.9677303519
843.5374149660 99.9681032434
837.8378378378 99.9684616611
832.2147651007 99.9688064161
826.6666666667 99.9691372668
821.1920529801 99.9694550245
815.7894736842 99.9697599423
810.4575163399 99.9700517491
805.1948051948 99.9703306795
800.0000000000 99.9705975205
794.8717948718 99.9708519410
789.8089171975 99.9710947191
784.8101265823 99.9713255076
779.8742138365 99.9715450749
775.0000000000 99.9717530500
770.1863354037 99.9719496346
765.4320987654 99.9721355648
760.7361963190 99.9723104508
756.0975609756 99.9724744647
751.5151515152 99.9726277666
746.9879518072 99.9727710929
742.5149700599 99.9729040181
738.0952380952 99.9730266860
733.7278106509 99.9731392348
729.4117647059 99.9732418038
725.1461988304 99.9733345136
720.9302325581 99.9734174985
716.7630057803 99.9734908683
712.6436781609 99.9735547521
708.5714285714 99.9736092485
704.5454545455 99.9736544751
700.5649717514 99.9736899041
696.6292134831 99.9737168930
692.7374301676 99.9737342776
688.8888888889 99.9737427682
685.0828729282 99.9737424717
681.3186813187 99.9737328200
677.5956284153 99.9737145348
673.9130434783 99.9736876942
670.2702702703 99.9736517256
666.6666666667 99.9736066907
663.1016042781 99.9735533087
659.5744680851 99.9734916572
656.0846560847 99.9734211218
652.6315789474 99.9733417585
649.2146596859 99.9732536229
645.8333333333 99.9731574405
642.4870466321 99.9730525772
639.1752577320 99.9729390878
635.8974358974 99.9728170011
632.6530612245 99.9726863611
629.4416243655 99.9725472063
626.2626262626 99.9723988678
623.1155778894 99.9722427742
620.0000000000 99.9720782644
616.9154228856 99.9719046484
613.8613861386 99.9717226633
610.8374384236 99.9715316115
607.8431372549 99.9713322271
604.8780487805 99.9711245357
601.9417475728 99.9709078231
599.0338164251 99.9706820949
596.1538461538 99.9704481013
593.3014354067 99.9702051121
590.4761904762 99.9699523824
587.6777251185 99.9696914010
584.9056603774 99.9694214291
582.1596244131 99.9691424647
579.4392523364 99.9688545013
576.7441860465 99.9685567736
574.0740740741 99.9682500292
571.4285714286 99.9679342635
568.8073394495 99.9676086914
566.2100456621 99.9672732963
563.6363636364 99.9669288340
561.0859728507 99.9665745101
558.5585585586 99.9662102994
556.0538116592 99.9658361728
553.5714285714 99.9654521096
551.1111111111 99.9650572816
548.6725663717 99.9646524485
546.2555066079 99.9642375838
543.8596491228 99.9638118444
541.4847161572 99.9633759984
539.1304347826 99.9629283859
536.7965367965 99.9624705841
534.4827586207 99.9620009169
532.1888412017 99.9615209724
529.9145299145 99.9610282289
527.6595744681 99.9605251135
525.4237288136 99.9600090737
523.2067510549 99.9594817199
521.0084033613 99.9589421535
518.8284518828 99.9583903113
516.6666666667 99.9578252769
514.5228215768 99.9572478262
512.3966942149 99.9566570351
510.2880658436 99.9560528223
508.1967213115 99.9554351089
506.1224489796 99.9548038137
504.0650406504 99.9541579809
502.0242914980 99.9534975175
500.0000000000 99.9528232064
497.9919678715 99.9521331970
496.0000000000 99.9514291534
494.0239043825 99.9507083187
492.0634920635 99.9499714652
490.1185770751 99.9492193781
488.1889763780 99.9484501551
486.2745098039 99.9476636717
484.3750000000 99.9468598026
482.4902723735 99.9460384211
480.6201550388 99.9451984848
478.7644787645 99.9443398543
476.9230769231 99.9434623877
475.0957854406 99.9425659441
473.2824427481 99.9416485219
471.4828897338 99.9407108874
469.6969696970 99.9397519490
467.9245283019 99.9387715362
466.1654135338 99.9377685381
464.4194756554 99.9367427702
462.6865671642 99.9356931015
460.9665427509 99.9346202867
459.2592592593 99.9335222281
457.5645756458 99.9323987130
455.8823529412 99.9312485669
454.2124542125 99.9300715695
452.5547445255 99.9288665186
450.9090909091 99.9276331821
449.2753623188 99.9263703388
447.6534296029 99.9250767559
446.0431654676 99.9237511822
444.4444444444 99.9223943299
442.8571428571 99.9210029524
441.2811387900 99.9195777404
439.7163120567 99.9181164061
438.1625441696 99.9166176239
436.6197183099 99.9150810603
435.0877192982 99.9135043645
433.5664335664 99.9118871772
432.0557491289 99.9102271075
430.5555555556 99.9085237608
429.0657439446 99.9067736862
427.5862068966 99.9049774828
426.1168384880 99.9031306072
424.6575342466 99.9012336417
423.2081911263 99.8992830093
421.7687074830 99.8972771741
420.3389830508 99.8952145987
418.9189189189 99.8930915988
417.5084175084 99.8909055292
416.1073825503 99.8886558001
414.7157190635 99.8863365297
413.3333333333 99.8839481348
411.9601328904 99.8814846409
410.5960264901 99.8789442750
409.2409240924 99.8763220401
407.8947368421 99.8736160868
406.5573770492 99.8708213131
405.2287581699 99.8679336387
403.9087947883 99.8649478334
402.5974025974 99.8618586272
401.2944983819 99.8586628517
400.0000000000 99.8553529146
398.7138263666 99.8519244335
397.4358974359 99.8483685770
396.1661341853 99.8446807957
394.9044585987 99.8408531903
393.6507936508 99.8368766281
392.4050632911 99.8327429869
391.1671924290 99.8284429285
389.9371069182 99.8239658725
388.7147335423 99.8193033821
387.5000000000 99.8144401046
386.2928348910 99.8093661939
385.0931677019 99.8040659896
383.9009287926 99.7985247824
382.7160493827 99.7927254046
381.5384615385 99.7866516197
380.3680981595 99.7802812582
379.2048929664 99.7735953198
378.0487804878 99.7665676729
376.8996960486 99.7591730069
375.7575757576 99.7513833978
374.6223564955 99.7431659360
373.4939759036 99.7344861114
372.3723723724 99.7253043847
371.2574850299 99.7155771818
370.1492537313 99.7052580919
369.0476190476 99.6942895051
367.9525222552 99.6826155761
366.8639053254 99.6701643407
365.7817109145 99.6568630517
364.7058823529 99.6426250227
363.6363636364 99.6273518628
362.5730994152 99.6109369268
361.5160349854 99.5932531920
360.4651162791 99.5741615261
359.4202898551 99.5534996019
358.3815028902 99.5310853937
357.3487031700 99.5067072626
356.3218390805 99.4801260870
355.3008595989 99.4510666672
354.2857142857 99.4192161523
353.2763532764 99.3842153803
352.2727272727 99.3456587671
351.2747875354 99.3030844140
350.2824858757 99.2559766881
349.2957746479 99.2037666988
348.3146067416 99.1458391337
347.3389355742 99.0815508472
346.3687150838 99.0102673612
345.4038997214 98.9314213155
344.4444444444 98.8446002529
343.4903047091 98.7496934128
342.5414364641 98.6470612016
341.5977961433 98.5377631435
340.6593406593 98.4237786959
339.7260273973 98.3081478586
338.7978142077 98.1949493875
337.8746594005 98.0889795877
336.9565217391 97.9951067111
336.0433604336 97.9174235654
335.1351351351 97.8584201377
334.2318059299 97.8184910784
333.3333333333 97.7958836058
332.4396782842 97.7870562669
331.5508021390 97.7872492167
330.6666666667 97.7911413109
329.7872340426 97.7934890610
328.9124668435 97.7896629156
328.0423280423 97.7760264846
327.1767810026 97.7501181804
326.3157894737 97.7106397262
325.4593175853 97.6573159158
324.6073298429 97.5906862131
323.7597911227 97.5119452044
322.9166666667 97.4229262941
322.0779220779 97.3262905918
321.2435233161 97.2258546892
320.4134366925 97.1268747455
319.5876288660 97.0359968044
318.7660668380 96.9606962612
317.9487179487 96.9081888627
317.1355498721 96.8840694784
316.3265306122 96.8911174027
315.5216284987 96.9287118913
314.7208121827 96.9930645416
313.9240506329 97.0781812372
313.1313131313 97.1772002831
312.3425692695 97.2836080251
311.5577889447 97.3919882455
310.7769423559 97.4982161949
310.0000000000 97.5992329176
309.2269326683 97.6926772481
308.4577114428 97.7765902642
307.6923076923 97.8492920901
306.9306930693 97.9093632346
306.1728395062 97.9556701173
305.4187192118 97.9873698928
304.6683046683 98.0038555755
303.9215686275 98.0047064116
303.1784841076 97.9896146006
302.4390243902 97.9583619856
301.7031630170 97.9108245401
300.9708737864 97.8470444662
300.2421307506 97.7673531474
299.5169082126 97.6725524485
298.7951807229 97.5641389328
298.0769230769 97.4445227163
297.3621103118 97.3172061052
296.6507177033 97.1868022741
295.9427207637 97.0588873346
295.2380952381 96.9395803481
294.5368171021 96.8349216910
293.8388625592 96.7500397947
293.1442080378 96.6882844739
292.4528301887 96.6504905822
291.7647058824 96.6346560421
291.0798122066 96.6361853123
290.3981264637 96.6487146485
289.7196261682 96.6652980750
289.0442890443 96.6796085191
288.3720930233 96.6868345423
287.7030162413 96.6840885835
287.0370370370 96.6703487277
286.3741339492 96.6460286159
285.7142857143 96.6124398475
285.0574712644 96.5713309057
284.4036697248 96.5246982806
283.7528604119 96.4748373250
283.1050228311 96.4245312632
282.4601366743 96.3771675403
281.8181818182 96.3366615609
281.1791383220 96.3071270709
280.5429864253 96.2923372774
279.9097065463 96.2951015426
279.2792792793 96.3168116928
278.6516853933 96.3572671794
278.0269058296 96.4148290685
277.4049217002 96.4867581128
276.7857142857 96.5696424230
276.1692650334 96.6598094557
275.5555555556 96.7536862308
274.9445676275 96.8480308350
274.3362831858 96.9400140815
273.7306843267 97.0271479160
273.1277533040 97.1071687773
272.5274725275 97.1779611972
271.9298245614 97.2376235543
271.3347921225 97.2846373410
270.7423580786 97.3180698095
270.1525054466 97.3377123635
269.5652173913 97.3440966574
268.9804772234 97.3383567716
268.3982683983 97.3219912519
267.8185745140 97.2965789767
267.2413793103 97.2635897683
266.6666666667 97.2243703018
266.0944206009 97.1803084146
265.5246252677 97.1330658917
264.9572649573 97.0847426828
264.3923240938 97.0378214976
263.8297872340 96.9948874931
263.2696390658 96.9581873608
262.7118644068 96.9291344602
262.1564482030 96.9079325345
261.6033755274 96.8934275156
261.0526315789 96.8832943958
260.5042016807 96.8744515732
259.9580712788 96.8635429305
259.4142259414 96.8473294093
258.8726513570 96.8228656500
258.3333333333 96.7875513856
257.7962577963 96.7391476146
257.2614107884 96.6758947985
256.7287784679 96.5967461333
256.1983471074 96.5016518629
255.6701030928 96.3918526025
255.1440329218 96.2701297175
254.6201232033 96.1409214847
254.0983606557 96.0102348445
253.5787321063 95.8851894956
253.0612244898 95.7731902458
252.5458248473 95.6808164447
252.0325203252 95.6128245964
251.5212981744 95.5716459616
251.0121457490 95.5575855441
250.5050505051 95.5695181849
250.0000000000 95.6055912612
249.4969818913 95.6634843093
248.9959839357 95.7402429395
248.4969939880 95.8319728716
248.0000000000 95.9338872404
247.5049900200 96.0407516910
247.0119521912 96.1475605706
246.5208747515 96.2500749503
246.0317460317 96.3450349214
245.5445544554 96.4301050467
245.0592885375 96.5036773467
244.5759368836 96.5646424929
244.0944881890 96.6122285977
243.6149312377 96.6458920889
243.1372549020 96.6653496507
242.6614481409 96.6707430214
242.1875000000 96.6628932447
241.7153996101 96.6435375248
241.2451361868 96.6154024505
240.7766990291 96.5820433123
240.3100775194 96.5474179186
239.8452611219 96.5153053529
239.3822393822 96.4887367602
238.9210019268 96.4696102939
238.4615384615 96.4585980545
238.0038387716 96.4552650523
237.5478927203 96.4582707541
237.0936902486 96.4654668347
236.6412213740 96.4739248351
236.1904761905 96.4800275321
235.7414448669 96.4797525164
235.2941176471 96.4691561391
234.8484848485 96.4449085127
234.4045368620 96.4047658047
233.9622641509 96.3478869142
233.5216572505 96.2749717528
233.0827067669 96.1882582803
232.6454033771 96.0913692578
232.2097378277 95.9889731674
231.7757009346 95.8862653077
231.3432835821 95.7882730139
230.9124767225 95.6990878652
230.4832713755 95.6212655366
230.0556586271 95.5556478329
229.6296296296 95.5017288775
229.2051756007 95.4584203851
228.7822878229 95.4248802239
228.3609576427 95.4009679704
227.9411764706 95.3871621537
227.5229357798 95.3839763697
227.1062271062 95.3911657849
226.6910420475 95.4071208334
226.2773722628 95.4286856768
225.8652094718 95.4514674805
225.4545454545 95.4704386628
225.0453720508 95.4805827371
224.6376811594 95.4773957743
224.2314647378 95.4572317340
223.8267148014 95.4174825344
223.4234234234 95.3567269403
223.0215827338 95.2748009503
222.6211849192 95.1728212271
222.2222222222 95.0530024074
221.8246869410 94.9182751086
221.4285714286 94.7716373042
221.0338680927 94.6154263261
220.6405693950 94.4506790435
220.2486678508 94.2768002910
219.8581560284 94.0916150615
219.4690265487 93.8917142603
219.0812720848 93.6729529023
218.6948853616 93.4309472259
218.3098591549 93.1615340158
217.9261862917 92.8611924504
217.5438596491 92.5274869550
217.1628721541 92.1595640383
216.7832167832 91.7586308467
216.4048865620 91.3283165187
216.0278745645 90.8746930214
215.6521739130 90.4058919631
215.2777777778 89.9313352326
214.9046793761 89.4607462428
214.5328719723 89.0031676176
214.1623488774 88.5662054705
213.7931034483 88.1557106480
213.4251290878 87.7759654832
213.0584192440 87.4303110404
212.6929674099 87.1219148107
212.3287671233 86.8542745496
211.9658119658 86.6311991819
211.6040955631 86.4562264759
211.2436115843 86.3317746788
210.8843537415 86.2584003816
210.5263157895 86.2345316880
210.1694915254 86.2566977573
209.8138747885 86.3200881033
209.4594594595 86.4192053641
209.1062394604 86.5483978042
208.7542087542 86.7022674039
208.4033613445 86.8758614564
208.0536912752 87.0646763171
207.7051926298 87.2644638284
207.3578595318 87.4710218570
207.0116861436 87.6800723408
206.6666666667 87.8874052675
206.3227953411 88.0892224245
205.9800664452 88.2826246787
205.6384742952 88.4659812799
205.2980132450 88.6390596357
204.9586776860 88.8028004167
204.6204620462 88.9589022212
204.2833607908 89.1093357265
203.9473684211 89.2560123631
203.6124794745 89.4006976652
203.2786885246 89.5451720381
202.9459901800 89.6914796323
202.6143790850 89.8420856964
202.2838499184 89.9996745341
201.9543973941 90.1666022287
201.6260162602 90.3440821162
201.2987012987 90.5314285933
200.9724473258 90.7256302685
200.6472491909 90.9214975378
200.3231017771 91.1123576588
200.0000000000 91.2911534165
199.6779388084 91.4515614735
199.3569131833 91.5887867955
199.0369181380 91.6998322803
198.7179487179 91.7833480548
198.4000000000 91.8393372438
198.0830670927 91.8689625530
197.7671451356 91.8745553169
197.4522292994 91.8597204005
197.1383147854 91.8293429859
196.8253968254 91.7892769881
196.5134706815 91.7456905096
196.2025316456 91.7041505972
195.8925750395 91.6687804856
195.5835962145 91.6418274250
195.2755905512 91.6238906991
194.9685534591 91.6146910839
194.6624803768 91.6141005921
194.3573667712 91.6229846907
194.0532081377 91.6435427320
193.7500000000 91.6789520988
193.4477379095 91.7324344336
193.1464174455 91.8060566226
192.8460342146 91.8997018753
192.5465838509 92.0106739178
192.2480620155 92.1340942522
191.9504643963 92.2639312031
191.6537867079 92.3943061303
191.3580246914 92.5205582416
191.0631741140 92.6398098773
190.7692307692 92.7508113343
190.4761904762 92.8532249999
190.1840490798 92.9466376423
189.8928024502 93.0297542236
189.6024464832 93.1001043171
189.3129770992 93.1542910287
189.0243902439 93.1886163510
188.7366818874 93.1998179695
188.4498480243 93.1857296605
188.1638846737 93.1457506094
187.8787878788 93.0810766561
187.5945537065 92.9946842111
187.3111782477 92.8910676680
187.0286576169 92.7757801357
186.7469879518 92.6548553633
186.4661654135 92.5342081270
186.1861861862 92.4191023880
185.9070464768 92.3136795736
185.6287425150 92.2204989546
185.3512705531 92.1401918205
185.0746268657 92.0714632218
184.7988077496 92.0116103527
184.5238095238 91.9575518149
184.2496285290 91.9070287028
183.9762611276 91.8596351613
183.7037037037 91.8174418085
183.4319526627 91.7850568229
183.1610044313 91.7691798515
182.8908554572 91.7775718301
182.6215022091 91.8175833310
182.3529411765 91.8944257890
182.0851688693 92.0095920803
181.8181818182 92.1599964350
181.5519765739 92.3381300060
181.2865497076 92.5333024845
181.0218978102 92.7335849852
180.7580174927 92.9278218139
180.4949053857 93.1071845588
180.2325581395 93.2659427813
179.9709724238 93.4014052329
179.7101449275 93.5131770155
179.4500723589 93.6020539500
179.1907514451 93.6689107193
178.9321789322 93.7139626158
178.6743515850 93.7365875100
178.4172661871 93.7356751253
178.1609195402 93.7102202686
177.9053084648 93.6599158812
177.6504297994 93.5855500982
177.3962804006 93.4890697907
177.1428571429 93.3733593381
176.8901569187 93.2418091055
176.6381766382 93.0978798305
176.3869132290 92.9449482141
176.1363636364 92.7864710213
175.8865248227 92.6263541228
175.6373937677 92.4690599795
175.3889674682 92.3191423458
175.1412429379 92.1802245326
174.8942172073 92.0538781518
174.6478873239 91.9390076370
174.4022503516 91.8321248347
174.1573033708 91.7282758591
173.9130434783 91.6221054748
173.6694677871 91.5085647443
173.4265734266 91.3831015124
173.1843575419 91.2416755668
172.9428172943 91.0808957465
172.7019498607 90.8985487627
172.4617524339 90.6943690649
172.2222222222 90.4708108872
171.9833564494 90.2335051011
171.7451523546 89.9911290873
171.5076071923 89.7546140831
171.2707182320 89.5357578702
171.0344827586 89.3455515407
170.7988980716 89.1926796211
170.5639614856 89.0827058270
170.3296703297 89.0180458080
170.0960219479 88.9985281504
169.8630136986 89.0220063939
169.6306429549 89.0846957647
169.3989071038 89.1812796426
169.1678035471 89.3050726492
168.9373297003 89.4484483614
168.7074829932 89.6035150550
168.4782608696 89.7627085564
168.2496607870 89.9192011008
168.0216802168 90.0671715075
167.7943166441 90.2020731718
167.5675675676 90.3209142288
167.3414304993 90.4223836265
167.1159029650 90.5066321717
166.8909825034 90.5746579220
166.6666666667 90.6274930773
166.4429530201 90.6655575067
166.2198391421 90.6884826720
165.9973226238 90.6955926914
165.7754010695 90.6867911105
165.5540720961 90.6633934678
165.3333333333 90.6284441058
165.1131824234 90.5862815033
164.8936170213 90.5415537038
164.6746347942 90.4982158099
164.4562334218 90.4589233399
164.2384105960 90.4249852259
164.0211640212 90.3965515993
163.8044914135 90.3727088048
163.5883905013 90.3513280665
163.3728590250 90.3289808624
163.1578947368 90.3012315284
162.9434954008 90.2634333698
162.7296587927 90.2118682024
162.5163826999 90.1447745233
162.3036649215 90.0629306692
162.0915032680 89.9695214815
161.8798955614 89.8692222827
161.6688396349 89.7667311363
161.4583333333 89.6652177613
161.2483745124 89.5652559305
161.0389610390 89.4647607310
160.8300907912 89.3600257409
160.6217616580 89.2475342614
160.4139715395 89.1259291479
160.2067183463 88.9973774705
160.0000000000 88.8679027187
159.7938144330 88.7464319158
159.5881595882 88.6428156328
159.3830334190 88.5653979533
159.1784338896 88.5189129121
158.9743589744 88.5034931296
158.7708066581 88.5150422568
158.5677749361 88.5466605689
158.3652618135 88.5904407686
158.1632653061 88.6389737212
157.9617834395 88.6862579084
157.7608142494 88.7279910197
157.5603557814 88.7613763669
157.3604060914 88.7847061295
157.1609632446 88.7970082844
156.9620253165 88.7980394053
156.7635903919 88.7885612790
156.5656565657 88.7706052419
156.3682219420 88.7473508168
156.1712846348 88.7225896849
155.9748427673 88.6999284703
155.7788944724 88.6821891341
155.5834378921 88.6711021754
155.3884711779 88.6672761921
155.1939924906 88.6702316275
155.0000000000 88.6785400106
154.8064918851 88.6901423292
154.6134663342 88.7028743284
154.4209215442 88.7149762549
154.2288557214 88.7254504427
154.0372670807 88.7341654715
153.8461538462 88.7419142477
153.6555142503 88.7505013627
153.4653465347 88.7628085792
153.2756489493 88.7826880382
153.0864197531 88.8146326389
152.8976572133 88.8632749747
152.7093596059 88.9328604592
152.5215252153 89.0266668879
152.3341523342 89.1463295407
152.1472392638 89.2911322546
151.9607843137 89.4574833219
151.7747858017 89.6389017808
151.5892420538 89.8265537069
151.4041514042 90.0102703838
151.2195121951 90.1797287703
151.0353227771 90.3255918681
150.8515815085 90.4404741603
150.6682867558 90.5196736092
150.4854368932 90.5616413340
150.3030303030 90.5681580468
150.1210653753 90.5441637221
149.9395405079 90.4972387511
149.7584541063 90.4367457820
149.5778045838 90.3727042542
149.3975903614 90.3146111556
149.2178098676 90.2705436120
149.0384615385 90.2467622761
148.8595438175 90.2478671773
148.6810551559 90.2771624792
148.5029940120 90.3368469226
148.3253588517 90.4277689694
148.1481481481 90.5488790918
147.9713603819 90.6966747806
147.7949940405 90.8650629565
147.6190476190 91.0457037242
147.4435196195 91.2288037223
147.2684085511 91.4041984608
147.0937129300 91.5625350748
146.9194312796 91.6964811123
146.7455621302 91.8016777949
146.5721040189 91.8772293738
146.3990554900 91.9256035048
146.2264150943 91.9519755415
146.0541813899 91.9632023213
145.8823529412 91.9667698789
145.7109283196 91.9699992537
145.5399061033 91.9795208280
145.3692848769 92.0010542135
145.1990632319 92.0392589793
145.0292397661 92.0976561424
144.8598130841 92.1785204794
144.6907817970 92.2827254001
144.5221445221 92.4094737692
144.3538998836 92.5559604724
144.1860465116 92.7172429367
144.0185830430 92.8865110271
143.8515081206 93.0559791027
143.6848203940 93.2181255599
143.5185185185 93.3669359007
143.3526011561 93.4987623963
143.1870669746 93.6126166250
143.0219146482 93.7098882643
142.8571428571 93.7936238299
142.6927502877 93.8675708894
142.5287356322 93.9351252746
142.3650975890 93.9984414128
142.2018348624 94.0578466417
142.0389461627 94.1117541963
141.8764302059 94.1571120087
141.7142857143 94.1902375917
141.5525114155 94.2077771373
141.3911060433 94.2074995621
141.2300683371 94.1887129347
141.0693970421 94.1522840715
140.9090909091 94.1003351922
140.7491486947 94.0357979418
140.5895691610 93.9619915198
140.4303510759 93.8823262164
140.2714932127 93.8001647496
140.1129943503 93.7186372384
139.9548532731 93.6403340338
139.7970687711 93.5668031441
139.6396396396 93.4980510178
139.4825646794 93.4323708852
139.3258426966 93.3666889451
139.1694725028 93.2974465790
139.0134529148 93.2217306494
138.8577827548 93.1383520396
138.7024608501 93.0485291380
138.5474860335 92.9561001320
138.3928571429 92.8672455741
138.2385730212 92.7898350984
138.0846325167 92.7324631565
137.9310344828 92.7031717367
137.7777777778 92.7079807897
137.6248612653 92.7494328057
137.4722838137 92.8256067523
137.3200442968 92.9301242309
137.1681415929 93.0532350546
137.0165745856 93.1836815625
136.8653421634 93.3107134311
136.7144432194 93.4256851770
136.5638766520 93.5229089349
136.4136413641 93.5996919094
136.2637362637 93.6557120995
136.1141602634 93.6919936626
135.9649122807 93.7098965369
135.8159912377 93.7104751363
135.6673960613 93.6944544516
135.5191256831 93.6627009828
135.3711790393 93.6169251878
135.2235550709 93.5602159147
135.0762527233 93.4970970678
134.9292709467 93.4330731274
134.7826086957 93.3737770289
134.6362649294 93.3241199722
134.4902386117 93.2877004381
134.3445287107 93.2666840933
134.1991341991 93.2620088003
134.0540540541 93.2737867351
133.9092872570 93.3016178483
133.7648327940 93.3447168758
133.6206896552 93.4018305527
133.4768568353 93.4710075955
133.3333333333 93.5493969815
133.1901181525 93.6332886144
133.0472103004 93.7185029088
132.9046087889 93.8011073559
132.7623126338 93.8781869309
132.6203208556 93.9484568489
132.4786324786 94.0124924864
132.3372465315 94.0724240031
132.1961620469 94.1312681167
132.0553780618 94.1920860745
131.9148936170 94.2573023055
131.7747077577 94.3282739853
131.6348195329 94.4051605099
131.4952279958 94.4869218919
131.3559322034 94.5713876599
131.2169312169 94.6554012240
131.0782241015 94.7350923931
130.9398099261 94.8062793986
130.8016877637 94.8649434911
130.6638566913 94.9077082918
130.5263157895 94.9322256809
130.3890641430 94.9373381934
130.2521008403 94.9230512701
130.1154249738 94.8902604232
129.9790356394 94.8403934962
129.8429319372 94.7750961764
129.7071129707 94.6961147773
129.5715778474 94.6053738540
129.4363256785 94.5051610919
129.3013555787 94.3982279167
129.1666666667 94.2877450854
129.0322580645 94.1770988716
128.8981288981 94.0695773151
128.7642782970 93.9681752319
128.6307053942 93.8755652574
128.4974093264 93.7942701304
128.3643892340 93.7267745507
128.2316442606 93.6754309404
128.0991735537 93.6420116852
127.9669762642 93.6271629088
127.8350515464 93.6299915353
127.7033985582 93.6481136649
127.5720164609 93.6781721297
127.4409044193 93.7165602603
127.3100616016 93.7600856067
127.1794871795 93.8063387315
127.0491803279 93.8536560908
126.9191402252 93.9008077780
126.7893660532 93.9466358389
126.6598569969 93.9897967542
126.5306122449 94.0287622821
126.4016309888 94.0619856542
126.2729124236 94.0881387345
126.1444557477 94.1062970122
126.0162601626 94.1160226338
125.8883248731 94.1173350601
125.7606490872 94.1106182329
125.6332320162 94.0964623574
125.5060728745 94.0756045191
125.3791708797 94.0489198255
125.2525252525 94.0175136772
125.1261352170 93.9827871681
125.0000000000 93.9464532551
124.8741188318 93.9104613368
124.7484909457 93.8768092053
124.6231155779 93.8472334427
124.4979919679 93.8228816879
124.3731193581 93.8041610748
124.2484969940 93.7908205931
124.1241241241 93.7821975789
124.0000000000 93.7774372000
123.8761238761 93.7756061914
123.7524950100 93.7756787790
123.6291126620 93.7765812271
123.5059760956 93.7773855030
123.3830845771 93.7775966384
123.2604373757 93.7773895758
123.1380337637 93.7776020384
123.0158730159 93.7794514077
122.8939544103 93.7841280211
122.7722772277 93.7925052388
122.6508407517 93.8051724420
122.5296442688 93.8227092991
122.4086870681 93.8460028664
122.2879684418 93.8764048633
122.1674876847 93.9155909683
122.0472440945 93.9652601900
121.9272369715 94.0267906969
121.8074656189 94.1009124818
121.6879293425 94.1874655230
121.5686274510 94.2852516904
121.4495592556 94.3920449692
121.3307240705 94.5047347768
121.2121212121 94.6195436882
121.0937500000 94.7323370388
120.9756097561 94.8389859057
120.8576998051 94.9357582827
120.7400194742 95.0196783534
120.6225680934 95.0887119151
120.5053449951 95.1417652872
120.3883495146 95.1785229456
120.2715809893 95.1993273449
120.1550387597 95.2051257473
120.0387221684 95.1976641702
119.9226305609 95.1797308848
119.8067632850 95.1553412680
119.6911196911 95.1296382357
119.5756991321 95.1084010357
119.4605009634 95.0972629108
119.3455245428 95.1007328231
119.2307692308 95.1214492166
119.1162343900 95.1598088106
119.0019193858 95.2141210531
118.8878235858 95.2811330620
118.7739463602 95.3567153478
118.6602870813 95.4365792774
118.5468451243 95.5168542696
118.4336198663 95.5944970731
118.3206106870 95.6674972624
118.2078169685 95.7348503623
118.0952380952 95.7963855349
117.9828734539 95.8525007030
117.8707224335 95.9039547240
117.7587844255 95.9516723629
117.6470588235 95.9966684677
117.5355450237 96.0399598053
117.4242424242 96.0824737427
117.3131504257 96.1249814983
117.2022684310 96.1681176156
117.0915958451 96.2124350569
116.9811320755 96.2584456402
116.8708765316 96.3065665848
116.7608286252 96.3568963340
116.6509877705 96.4090140659
116.5413533835 96.4617983775
116.4319248826 96.5134967006
116.3227016886 96.5618741132
116.2136832240 96.6045011624
116.1048689139 96.6390183616
115.9962581852 96.6634032827
115.8878504673 96.6761805151
115.7796451914 96.6765504195
115.6716417910 96.6644994092
115.5638397018 96.6408094716
115.4562383613 96.6070366567
115.3488372093 96.5654099568
115.2416356877 96.5186642067
115.1346332405 96.4697348722
115.0278293135 96.4214378902
114.9212233550 96.3761461182
114.8148148148 96.3355729993
114.7086031452 96.3006465278
114.6025878004 96.2715087116
114.4967682364 96.2476203317
114.3911439114 96.2279318654
114.2857142857 96.2111404143
114.1804788214 96.1959393958
114.0754369825 96.1812068321
113.9705882353 96.1661811919
113.8659320478 96.1504869189
113.7614678899 96.1340972992
113.6571952337 96.1171683413
113.5531135531 96.0998173870
113.4492223239 96.0819270307
113.3455210238 96.0630412751
113.2420091324 96.0423151374
113.1386861314 96.0186049745
113.0355515041 95.9906103031
112.9326047359 95.9570756860
112.8298453139 95.9169546244
112.7272727273 95.8695129979
112.6248864668 95.8143103279
112.5226860254 95.7512110078
112.4206708976 95.6804962812
112.3188405797 95.6030686521
112.2171945701 95.5206887674
112.1157323689 95.4361300124
112.0144534779 95.3530656573
111.9133574007 95.2757332513
111.8124436429 95.2084266633
111.7117117117 95.1549176579
111.6111611161 95.1180547600
111.5107913669 95.0996275857
111.4106019766 95.1004922827
111.3105924596 95.1209092327
111.2107623318 95.1608327946
111.1111111111 95.2200356166
111.0116383169 95.2979775945
110.9123434705 95.3934602808
110.8132260947 95.5042726276
110.7142857143 95.6270546782
110.6155218555 95.7575656731
110.5169340463 95.8912715202
110.4185218166 96.0240346694
110.3202846975 96.1526693647
110.2222222222 96.2751868640
110.1243339254 96.3906918579
110.0266193434 96.4990987394
109.9290780142 96.6006873828
109.8317094774 96.6957942823
109.7345132743 96.7846488235
109.6374889478 96.8674262789
109.5406360424 96.9443760322
109.4439541041 97.0158942486
109.3474426808 97.0824909528
109.2511013216 97.1446028205
109.1549295775 97.2024146662
109.0589270009 97.2557876756
108.9630931459 97.3043668803
108.8674275680 97.3477785574
108.7719298246 97.3858354555
108.6765994741 97.4187043088
108.5814360771 97.4468520601
108.4864391951 97.4709512314
108.3916083916 97.4916196711
108.2969432314 97.5092328566
108.2024432810 97.5237786740
108.1081081081 97.5348569548
108.0139372822 97.5418167604
107.9199303742 97.5439982954
107.8260869565 97.5409240759
107.7324066030 97.5324666159
107.6388888889 97.5188826522
107.5455333912 97.5007284934
107.4523396880 97.4787366248
107.3593073593 97.4536417588
107.2664359862 97.4260596681
107.1737251513 97.3964521106
107.0811744387 97.3651242563
106.9887834340 97.3322741495
106.8965517241 97.2980080230
106.8044788975 97.2623909630
106.7125645439 97.2254664649
106.6208082545 97.1872959858
106.5292096220 97.1480311319
106.4377682403 97.1078997282
106.3464837050 97.0671635457
106.2553556127 97.0260472213
106.1643835616 96.9846544855
106.0735671514 96.9429416456
105.9829059829 96.9007238776
105.8923996584 96.8577209543
105.8020477816 96.8136350868
105.7118499574 96.7682253228
105.6218057922 96.7214104262
105.5319148936 96.6734316133
105.4421768707 96.6249973698
105.3525913339 96.5773951321
105.2631578947 96.5325527110
105.1738761662 96.4929225611
105.0847457627 96.4613198326
104.9957662997 96.4406491214
104.9069373942 96.4335398638
104.8182586644 96.4419330723
104.7297297297 96.4666807471
104.6413502110 96.5072471683
104.5531197302 96.5616622156
104.4650379107 96.6267674415
104.3771043771 96.6987649393
104.2893187553 96.7738041445
104.2016806723 96.8485687373
104.1141897565 96.9205839722
104.0268456376 96.9883091853
103.9396479464 97.0510177739
103.8525963149 97.1085134311
103.7656903766 97.1608365465
103.6789297659 97.2080004431
103.5923141186 97.2497739176
103.5058430718 97.2856370821
103.4195162636 97.3148066834
103.3333333333 97.3363959675
103.2472939217 97.3495743483
103.1613976705 97.3537147632
103.0756442228 97.3484429992
102.9900332226 97.3336583806
102.9045643154 97.3095430580
102.8192371476 97.2766008119
102.7340513670 97.2357318281
102.6490066225 97.1882798382
102.5641025641 97.1359850273
102.4793388430 97.0808819377
102.3947151115 97.0251638838
102.3102310231 96.9710501381
102.2258862325 96.9206838839
102.1416803954 96.8760099355
102.0576131687 96.8386771659
101.9736842105 96.8098706718
101.8898931800 96.7902192467
101.8062397373 96.7797219969
101.7227235439 96.7777248369
101.6393442623 96.7829859369
101.5561015561 96.7938307229
101.4729950900 96.8084374001
101.3900245298 96.8251777165
101.3071895425 96.8429413395
101.2244897959 96.8612962577
101.1419249592 96.8804322894
101.0594947025 96.9008933921
100.9771986971 96.9232324381
100.8950366151 96.9476743126
100.8130081301 96.9739779356
100.7311129163 97.0014427003
100.6493506494 97.0290591251
100.5677210057 97.0557059374
100.4862236629 97.0802960929
100.4048582996 97.1019518336
100.3236245955 97.1200765861
100.2425222312 97.1343818731
100.1615508885 97.1448586486
100.0807102502 97.1516721060
100.0000000000 97.1550112008
99.9194198227 97.1549684311
99.8389694042 97.1514560062
99.7586484312 97.1442125706
99.6784565916 97.1329642332
99.5983935743 97.1176349450
99.5184590690 97.0985978385
99.4386527666 97.0768886045
99.3589743590 97.0543878423
99.2794235388 97.0337909359
99.2000000000 97.0183493841
99.1207034373 97.0113777417
99.0415335463 97.0155872129
98.9624900239 97.0325351538
98.8835725678 97.0623063491
98.8047808765 97.1035679368
98.7261146497 97.1538911283
98.6475735879 97.2101710886
98.5691573927 97.2689805466
98.4908657665 97.3269081638
98.4126984127 97.3807938100
98.3346550357 97.4279819286
98.2567353407 97.4665079818
98.1789390340 97.4952051297
98.1012658228 97.5136494529
98.0237154150 97.5221060899
97.9462875197 97.5213754935
97.8689818469 97.5126998051
97.7917981073 97.4976691030
97.7147360126 97.4781347382
97.6377952756 97.4560794705
97.5609756098 97.4334346770
97.4842767296 97.4118836132
97.4076983504 97.3926622647
97.3312401884 97.3764233976
97.2549019608 97.3631906298
97.1786833856 97.3524541410
97.1025841817 97.3433389935
97.0266040689 97.3349114305
96.9507427678 97.3263898186
96.8750000000 97.3173108345
96.7993754879 97.3075300077
96.7238689548 97.2972223477
96.6484801247 97.2868061727
96.5732087227 97.2768841342
96.4980544747 97.2681838739
96.4230171073 97.2614668609
96.3480963481 97.2574670226
96.2732919255 97.2568382242
96.1986035687 97.2600921297
96.1240310078 97.2675486603
96.0495739737 97.2792502968
95.9752321981 97.2949659603
95.9010054138 97.3142521249
95.8268933539 97.3366172775
95.7528957529 97.3616858468
95.6790123457 97.3893220705
95.6052428682 97.4195789938
95.5315870570 97.4525959893
95.4580446497 97.4883783385
95.3846153846 97.5266642126
95.3112990008 97.5668605049
95.2380952381 97.6080763417
95.1650038373 97.6492066692
95.0920245399 97.6891043618
95.0191570881 97.7266878073
94.9464012251 97.7610252312
94.8737566947 97.7913784900
94.8012232416 97.8171797844
94.7288006112 97.8380338652
94.6564885496 97.8537246717
94.5842868040 97.8642397728
94.5121951220 97.8697643206
94.4402132521 97.8706560037
94.3683409437 97.8673563883
94.2965779468 97.8603217617
94.2249240122 97.8499765595
94.1533788914 97.8367292690
94.0819423369 97.8210128501
94.0106141016 97.8033478374
93.9393939394 97.7843395159
93.8682816048 97.7646690424
93.7972768533 97.7450725963
93.7263794407 97.7263187423
93.6555891239 97.7091460829
93.5849056604 97.6941821566
93.5143288084 97.6818567642
93.4438583271 97.6722586226
93.3734939759 97.6651046200
93.3032355154 97.6596883671
93.2330827068 97.6550123500
93.1630353118 97.6498891442
93.0930930931 97.6431182465
93.0232558140 97.6336293009
92.9535232384 97.6205625583
92.8838951311 97.6033180703
92.8143712575 97.5815357789
92.7449513837 97.5550650764
92.6756352765 97.5239876177
92.6064227035 97.4886723929
92.5373134328 97.4499003769
92.4683072334 97.4089635600
92.3994038748 97.3676980585
92.3306031273 97.3283437132
92.2619047619 97.2932661968
92.1933085502 97.2644968752
92.1248142645 97.2433600898
92.0564216778 97.2301936540
91.9881305638 97.2243267359
91.9199406968 97.2243330425
91.8518518519 97.2284059934
91.7838638046 97.2347648791
91.7159763314 97.2419840854
91.6481892092 97.2491672337
91.5805022157 97.2559605355
91.5129151292 97.2624354925
91.4454277286 97.2689553667
91.3780397937 97.2760413853
91.3107511046 97.2843359490
91.2435614422 97.2946124666
91.1764705882 97.3078146228
91.1094783248 97.3249811804
91.0425844347 97.3471759800
90.9757887014 97.3753118857
90.9090909091 97.4099740482
90.8424908425 97.4512748586
90.7759882870 97.4987609269
90.7095830285 97.5514300446
90.6432748538 97.6078987375
90.5770635500 97.6665779723
90.5109489051 97.7258873807
90.4449307075 97.7844131370
90.3790087464 97.8409695380
90.3131828114 97.8945858795
90.2474526929 97.9444674549
90.1818181818 97.9899363289
90.1162790698 98.0304932107
90.0508351489 98.0658480728
89.9854862119 98.0960141976
89.9202320522 98.1213555538
89.8550724638 98.1425593066
89.7900072411 98.1605733979
89.7250361795 98.1764088824
89.6601590745 98.1910100979
89.5953757225 98.2050503523
89.5306859206 98.2188640839
89.4660894661 98.2324487912
89.4015861572 98.2455999095
89.3371757925 98.2580944741
89.2728581713 98.2698431491
89.2086330935 98.2810000000
89.1445003595 98.2919532399
89.0804597701 98.3032041119
89.0165111271 98.3152238582
88.9526542324 98.3283450886
88.8888888889 98.3426863952
88.8252148997 98.3581589381
88.7616320687 98.3745160774
88.6981402003 98.3914013842
88.6347390994 98.4083668590
88.5714285714 98.4249012366
88.5082084226 98.4404489247
88.4450784593 98.4544477188
88.3820384890 98.4664026961
88.3190883191 98.4759358304
88.2562277580 98.4828419134
88.1934566145 98.4870821843
88.1307746979 98.4887319193
88.0681818182 98.4879281412
88.0056777857 98.4848101347
87.9432624113 98.4794936121
87.8809355067 98.4720937522
87.8186968839 98.4628124655
87.7565463553 98.4520230172
87.6944837341 98.4402878525
87.6325088339 98.4283509642
87.5706214689 98.4170468608
87.5088214538 98.4071882279
87.4471086037 98.3995161941
87.3854827343 98.3946210547
87.3239436620 98.3928773716
87.2624912034 98.3943967878
87.2011251758 98.3990009583
87.1398453970 98.4062470597
87.0786516854 98.4155083038
87.0175438596 98.4260567507
86.9565217391 98.4371515225
86.8955851437 98.4481134404
86.8347338936 98.4583314324
86.7739678097 98.4673481012
86.7132867133 98.4748463361
86.6526904263 98.4806970113
86.5921787709 98.4848966226
86.5317515701 98.4875132123
86.4714086471 98.4886225166
86.4111498258 98.4882658240
86.3509749304 98.4865141300
86.2908837857 98.4834778487
86.2308762170 98.4793978320
86.1709520500 98.4745973127
86.1111111111 98.4694586037
86.0513532269 98.4643379329
85.9916782247 98.4595295389
85.9320859321 98.4552296641
85.8725761773 98.4515504866
85.8131487889 98.4485293205
85.7538035961 98.4461285020
85.6945404285 98.4441993526
85.6353591160 98.4424915042
85.5762594893 98.4406604337
85.5172413793 98.4383061149
85.4583046175 98.4351087706
85.3994490358 98.4309255921
85.3406744666 98.4258500199
85.2819807428 98.4201696162
85.2233676976 98.4142372426
85.1648351648 98.4083740085
85.1063829787 98.4028419868
85.0480109739 98.3979078642
84.9897189856 98.3939498895
84.9315068493 98.3915266398
84.8733744011 98.3912804410
84.8153214774 98.3938022263
84.7573479152 98.3993876228
84.6994535519 98.4079198446
84.6416382253 98.4188631297
84.5839017735 98.4313830603
84.5262440354 98.4445429076
84.4686648501 98.4574348302
84.4111640572 98.4693204595
84.3537414966 98.4796382721
84.2963970088 98.4880531528
84.2391304348 98.4944325347
84.1819416158 98.4988339512
84.1248303935 98.5014708938
84.0677966102 98.5026376038
84.0108401084 98.5026369758
83.9539607312 98.5017532310
83.8971583221 98.5002757777
83.8404327248 98.4985766042
83.7837837838 98.4971722261
83.7272113437 98.4967681881
83.6707152497 98.4982157432
83.6142953473 98.5024113546
83.5579514825 98.5101946685
83.5016835017 98.5222300934
83.4454912517 98.5388714422
83.3893745797 98.5600693791
83.3333333333 98.5853249435
83.2773673606 98.6137031272
83.2214765101 98.6439866546
83.1656606304 98.6747916126
83.1099195710 98.7047839347
83.0542531815 98.7328225028
82.9986613119 98.7580668318
82.9431438127 98.7800248255
82.8877005348 98.7985368256
82.8323313293 98.8137273139
82.7770360481 98.8259504247
82.7218145430 98.8357072139
82.6666666667 98.8435993756
82.6115922718 98.8503034073
82.5565912117 98.8564764624
82.5016633400 98.8627607607
82.4468085106 98.8696677879
82.3920265781 98.8775762529
82.3373173971 98.8867042703
82.2826808228 98.8971439247
82.2281167109 98.9088713176
82.1736249172 98.9217883560
82.1192052980 98.9356954517
82.0648577101 98.9502702885
82.0105820106 98.9650808365
81.9563780568 98.9796107111
81.9022457067 98.9933477584
81.8481848185 99.0058753015
81.7941952507 99.0169155776
81.7402768622 99.0263757033
81.6864295125 99.0343233246
81.6326530612 99.0409136476
81.5789473684 99.0463373343
81.5253122945 99.0507348233
81.4717477004 99.0541626311
81.4182534471 99.0565913109
81.3648293963 99.0579681352
81.3114754098 99.0582705311
81.2581913499 99.0576078883
81.2049770792 99.0562451690
81.1518324607 99.0545846729
81.0987573578 99.0531244867
81.0457516340 99.0523097437
80.9928151535 99.0524454979
80.9399477807 99.0536086231
80.8871493803 99.0556877444
80.8344198175 99.0584021763
80.7817589577 99.0614080945
80.7291666667 99.0643477011
80.6766428107 99.0668920082
80.6241872562 99.0687423125
80.5717998700 99.0696196871
80.5194805195 99.0692756703
80.4672290720 99.0674869372
80.4150453956 99.0640988426
80.3629293584 99.0590421074
80.3108808290 99.0523228411
80.2588996764 99.0440506336
80.2069857697 99.0343900137
80.1551389787 99.0235875773
80.1033591731 99.0119673423
80.0516462234 98.9999474146
80.0000000000 98.9880142184
79.9484203740 98.9766689452
79.8969072165 98.9663575311
79.8454603992 98.9574042059
79.7940797941 98.9499451769
79.7427652733 98.9439482218
79.6915167095 98.9392591339
79.6403339756 98.9356615966
79.5892169448 98.9329473781
79.5381654907 98.9309717249
79.4871794872 98.9296495818
79.4362588085 98.9289175010
79.3854033291 98.9287134871
79.3346129239 98.9289205965
79.2838874680 98.9293231672
79.2332268371 98.9296593272
79.1826309068 98.9296590260
79.1320995533 98.9290978992
79.0816326531 98.9278704429
79.0312300829 98.9260346633
78.9808917197 98.9237866607
78.9306174411 98.9214739114
78.8804071247 98.9194813908
78.8302606484 98.9181381003
78.7801778907 98.9176338402
78.7301587302 98.9179614620
78.6802030457 98.9189367647
78.6303107166 98.9202787958
78.5804816223 98.9216647269
78.5307156428 98.9228244028
78.4810126582 98.9235242975
78.4313725490 98.9235749804
78.3817951960 98.9227479919
78.3322804801 98.9207638522
78.2828282828 98.9172743178
78.2334384858 98.9119275250
78.1841109710 98.9044784242
78.1348456207 98.8948680967
78.0856423174 98.8832929524
78.0365009440 98.8701518986
77.9874213836 98.8559599777
77.9384035198 98.8412370721
77.8894472362 98.8263629884
77.8405524168 98.8115579939
77.7917189460 98.7968974007
77.7429467085 98.7823713709
77.6942355890 98.7679791498
77.6455854728 98.7537578220
77.5969962453 98.7397987497
77.5484677924 98.7262597406
77.5000000000 98.7134206471
77.4515927545 98.7016902512
77.4032459426 98.6916301677
77.3549594510 98.6839457977
77.3067331671 98.6794042581
77.2585669782 98.6787576127
77.2104607721 98.6826374972
77.1624144368 98.6914709367
77.1144278607 98.7053492753
77.0665009323 98.7239744502
77.0186335404 98.7466533029
76.9708255742 98.7723882258
76.9230769231 98.7999850869
76.8753874768 98.8282313302
76.8277571252 98.8559646139
76.7801857585 98.8821859347
76.7326732673 98.9061255625
76.6852195424 98.9272455012
76.6378244747 98.9452712979
76.5904879555 98.9601327615
76.5432098765 98.9719315489
76.4959901295 98.9808966295
76.4488286067 98.9873449740
76.4017252002 98.9917156346
76.3546798030 98.9945707597
76.3076923077 98.9965741980
76.2607626076 98.9984133070
76.2138905962 99.0007248754
76.1670761671 99.0039806749
76.1203192142 99.0084108053
76.0736196319 99.0139725352
76.0269773145 99.0203867240
75.9803921569 99.0272324280
75.9338640539 99.0340598268
75.8873929009 99.0404997424
75.8409785933 99.0463402245
75.7946210269 99.0515512673
75.7483200977 99.0562308507
75.7020757021 99.0605255616
75.6558877364 99.0645384060
75.6097560976 99.0682703611
75.5636806825 99.0716181426
75.5176613886 99.0744642716
75.4716981132 99.0767292537
75.4257907543 99.0784762907
75.3799392097 99.0799306645
75.3341433779 99.0814131844
75.2884031573 99.0832719406
75.2427184466 99.0857781044
75.1970891449 99.0890382241
75.1515151515 99.0929916053
75.1059963658 99.0973909842
75.0605326877 99.1018990119
75.0151240169 99.1061450654
74.9697702539 99.1097955480
74.9244712991 99.1126060050
74.8792270531 99.1144869064
74.8340374170 99.1155167614
74.7889022919 99.1159150220
74.7438215793 99.1160149508
74.6987951807 99.1161828554
74.6538229982 99.1167077442
74.6089049338 99.1177476114
74.5640408900 99.1192686238
74.5192307692 99.1210781922
74.4744744745 99.1228873176
74.4297719088 99.1243970690
74.3851229754 99.1254044400
74.3405275779 99.1258155553
74.2959856201 99.1257000407
74.2514970060 99.1252632353
74.2070616397 99.1248125347
74.1626794258 99.1246999709
74.1183502690 99.1252580966
74.0740740741 99.1267112375
74.0298507463 99.1291159732
73.9856801909 99.1323468258
73.9415623137 99.1361001334
73.8974970203 99.1399687885
73.8534842168 99.1434828542
73.8095238095 99.1462092434
73.7656157049 99.1477700136
73.7217598098 99.1479082154
73.6779560309 99.1464949945
73.6342042755 99.1435841829
73.5905044510 99.1393604222
73.5468564650 99.1341522276
73.5032602253 99.1283743544
73.4597156398 99.1224859153
73.4162226169 99.1169265496
73.3727810651 99.1120500011
73.3293908930 99.1081174795
73.2860520095 99.1052784164
73.2427643237 99.1035935923
73.1995277450 99.1031065081
73.1563421829 99.1037722348
73.1132075472 99.1054332824
73.0701237478 99.1077887712
73.0270906949 99.1103920231
72.9841082990 99.1127263551
72.9411764706 99.1142883305
72.8982951205 99.1147014756
72.8554641598 99.1137124976
72.8126834997 99.1112050256
72.7699530516 99.1071345058
72.7272727273 99.1014925880
72.6846424385 99.0942950569
72.6420620972 99.0856106986
72.5995316159 99.0756219116
72.5570509070 99.0646254264
72.5146198830 99.0530338391
72.4722384570 99.0413223319
72.4299065421 99.0299927311
72.3876240514 99.0195317526
72.3453908985 99.0103801202
72.3032069971 99.0029689700
72.2610722611 98.9976711269
72.2189866045 98.9948197663
72.1769499418 98.9947013905
72.1349621873 98.9975626153
72.0930232558 99.0036221187
72.0511330622 99.0130171888
72.0092915215 99.0257789038
71.9674985490 99.0417711520
71.9257540603 99.0606766957
71.8840579710 99.0820062539
71.8424101970 99.1051580055
71.8008106543 99.1294641819
71.7592592593 99.1542273369
71.7177559283 99.1787443507
71.6763005780 99.2023670841
71.6348931254 99.2245271585
71.5935334873 99.2447620694
71.5522215811 99.2627463982
71.5109573241 99.2782872986
71.4697406340 99.2913446872
71.4285714286 99.3019712589
71.3874496258 99.3103010567
71.3463751438 99.3165257115
71.3053479011 99.3208023500
71.2643678161 99.3232714042
71.2234348076 99.3240369479
71.1825487945 99.3231791201
71.1417096959 99.3208206252
71.1009174312 99.3171090935
71.0601719198 99.3122542013
71.0194730813 99.3064792499
70.9788208357 99.3000456805
70.9382151030 99.2932035876
70.8976558033 99.2862162243
70.8571428571 99.2793786574
70.8166761850 99.2730248303
70.7762557078 99.2674847260
70.7358813463 99.2630111969
70.6955530217 99.2597544556
70.6552706553 99.2576678745
70.6150341686 99.2565802554
70.5748434832 99.2562378900
70.5346985210 99.2563469554
70.4945992041 99.2566788539
70.4545454545 99.2570711356
70.4145371948 99.2574776628
70.3745743473 99.2579395140
70.3346568349 99.2585915274
70.2947845805 99.2595893398
70.2549575071 99.2610719622
70.2151755379 99.2630935530
70.1754385965 99.2655721684
70.1357466063 99.2683256255
70.0960994912 99.2710695973
70.0564971751 99.2735354693
70.0169395822 99.2755200388
69.9774266366 99.2769743160
69.9379582628 99.2780051598
69.8985343856 99.2788213665
69.8591549296 99.2796849356
69.8198198198 99.2807737115
69.7805289814 99.2821236070
69.7412823397 99.2835957055
69.7020798201 99.2849489065
69.6629213483 99.2858827564
69.6238068501 99.2861502883
69.5847362514 99.2856025402
69.5457094784 99.2841906489
69.5067264574 99.2819413928
69.4677871148 99.2789262635
69.4288913774 99.2751805816
69.3900391718 99.2707332908
69.3512304251 99.2655565236
69.3124650643 99.2596779615
69.2737430168 99.2531625372
69.2350642099 99.2461510499
69.1964285714 99.2388734123
69.1578360290 99.2315550001
69.1192865106 99.2244101306
69.0807799443 99.2175972399
69.0423162584 99.2112435431
69.0038953812 99.2054630384
68.9655172414 99.2004075481
68.9271817676 99.1962796459
68.8888888889 99.1933529002
68.8506385341 99.1919150695
68.8124306326 99.1922564308
68.7742651137 99.1946189985
68.7361419069 99.1991959513
68.6980609418 99.2060997023
68.6600221484 99.2153684595
68.6220254566 99.2269145249
68.5840707965 99.2405166999
68.5461580984 99.2558259246
68.5082872928 99.2723564353
68.4704583103 99.2895426328
68.4326710817 99.3067760755
68.3949255378 99.3234754476
68.3572216097 99.3390744119
68.3195592287 99.3531173717
68.2819383260 99.3652420037
68.2443588332 99.3752250272
68.2068206821 99.3829452275
68.1693238043 99.3883775851
68.1318681319 99.3915560644
68.0944535969 99.3925664048
68.0570801317 99.3915337425
68.0197476687 99.3886417866
67.9824561404 99.3841330037
67.9452054795 99.3783410736
67.9079956188 99.3716473259
67.8708264915 99.3644480061
67.8336980306 99.3571034718
67.7966101695 99.3499047915
67.7595628415 99.3430669549
67.7225559803 99.3367530948
67.6855895197 99.3311201812
67.6486633933 99.3263313828
67.6117775354 99.3226022548
67.5749318801 99.3201497559
67.5381263617 99.3191861707
67.5013609145 99.3198738819
67.4646354733 99.3222604047
67.4279499728 99.3263094345
67.3913043478 99.3318872321
67.3546985334 99.3387879468
67.3181324647 99.3467521078
67.2816060770 99.3555057891
67.2451193059 99.3647467985
67.2086720867 99.3741776252
67.1722643554 99.3835571575
67.1358960476 99.3926625529
67.0995670996 99.4013480290
67.0632774473 99.4094803154
67.0270270270 99.4169521582
66.9908157753 99.4236818854
66.9546436285 99.4295812429
66.9185105235 99.4345614823
66.8824163970 99.4385402212
66.8463611860 99.4414534751
66.8103448276 99.4432500508
66.7743672590 99.4439558947
66.7384284177 99.4436627137
66.7025282410 99.4425994656
66.6666666667 99.4411019539
66.6308436325 99.4396063967
66.5950590763 99.4385857046
66.5593129361 99.4384966062
66.5236051502 99.4396748069
66.4879356568 99.4422875201
66.4523043944 99.4463515849
66.4167113016 99.4516857693
66.3811563169 99.4580282869
66.3456393793 99.4650352290
66.3101604278 99.4723339895
66.2747194014 99.4795820259
66.2393162393 99.4864738728
66.2039508809 99.4927484140
66.1686232657 99.4982487854
66.1333333333 99.5028896083
66.0980810235 99.5066852372
66.0628662760 99.5097297993
66.0276890309 99.5121852205
65.9925492283 99.5141884993
65.9574468085 99.5158912478
65.9223817119 99.5173659962
65.8873538789 99.5186922747
65.8523632501 99.5199163047
65.8174097665 99.5211240330
65.7824933687 99.5224219333
65.7476139979 99.5239375714
65.7127715951 99.5257661558
65.6779661017 99.5279706506
65.6431974590 99.5305347755
65.6084656085 99.5333884994
65.5737704918 99.5363743588
65.5391120507 99.5393140950
65.5044902272 99.5420075808
65.4699049630 99.5442471458
65.4353562005 99.5458236479
65.4008438819 99.5465602228
65.3663679494 99.5462923496
65.3319283456 99.5449081619
65.2975250132 99.5423285371
65.2631578947 99.5385608721
65.2288269332 99.5336928958
65.1945320715 99.5279005272
65.1602732528 99.5214613378
65.1260504202 99.5146885280
65.0918635171 99.5079110208
65.0577124869 99.5014060374
65.0235972732 99.4953714321
64.9895178197 99.4899119008
64.9554740702 99.4850713239
64.9214659686 99.4807990135
64.8874934589 99.4770434100
64.8535564854 99.4737517829
64.8196549922 99.4708843865
64.7857889237 99.4684753323
64.7519582245 99.4665790302
64.7181628392 99.4652845225
64.6844027126 99.4646813396
64.6506777894 99.4648803604
64.6169880146 99.4659391706
64.5833333333 99.4678890663
64.5497136908 99.4706942075
64.5161290323 99.4742510272
64.4825793032 99.4783605401
64.4490644491 99.4827747778
64.4155844156 99.4871826756
64.3821391485 99.4912981699
64.3487285937 99.4948805556
64.3153526971 99.4977554203
64.2820114049 99.4998770055
64.2487046632 99.5012811880
64.2154324184 99.5020999920
64.1821946170 99.5025007730
64.1489912054 99.5026732552
64.1158221303 99.5028085392
64.0826873385 99.5030035701
64.0495867769 99.5033084261
64.0165203924 99.5036773594
63.9834881321 99.5040158518
63.9504899433 99.5042146469
63.9175257732 99.5041770588
63.8845955693 99.5038740044
63.8516992791 99.5033313719
63.8188368502 99.5026302532
63.7860082305 99.5018391763
63.7532133676 99.5010135825
63.7204522097 99.5001820779
63.6877247047 99.4993044490
63.6550308008 99.4983405826
63.6223704464 99.4971947855
63.5897435897 99.4957845261
63.5571501794 99.4940064012
63.5245901639 99.4917563387
63.4920634921 99.4889228266
63.4595701126 99.4854212224
63.4271099744 99.4811869488
63.3946830266 99.4761828148
63.3622892182 99.4704475916
63.3299284985 99.4640205339
63.2976008167 99.4569554385
63.2653061224 99.4492582958
63.2330443651 99.4409004365
63.2008154944 99.4318111047
63.1686194600 99.4219256425
63.1364562118 99.4112125071
63.1043256997 99.3997434542
63.0722278739 99.3877078009
63.0401626843 99.3754203273
63.0081300813 99.3632808554
62.9761300152 99.3517537075
62.9441624365 99.3412786807
62.9122272958 99.3321737717
62.8803245436 99.3246061448
62.8484541308 99.3185567970
62.8166160081 99.3137977300
62.7848101266 99.3099672937
62.7530364372 99.3066314396
62.7212948912 99.3033597731
62.6895854398 99.2997955550
62.6579080344 99.2957049852
62.6262626263 99.2910065190
62.5946491671 99.2857367181
62.5630676085 99.2800583938
62.5315179022 99.2741916254
62.5000000000 99.2683861092
62.4685138539 99.2628788575
62.4370594159 99.2578526462
62.4056366381 99.2534700319
62.3742454728 99.2498521163
62.3428858723 99.2471067667
62.3115577889 99.2453143568
62.2802611753 99.2444934527
62.2489959839 99.2446205952
62.2177621676 99.2455674412
62.1865596790 99.2471417875
62.1553884712 99.2490866069
62.1242484970 99.2511852967
62.0931397096 99.2532544757
62.0620620621 99.2551662611
62.0310155078 99.2568840772
62.0000000000 99.2583852097
